418 4422074 -2769901
877
-2418573 6649274
5322941 5785619
7058357 7507992
-2899827 5108591
-8067385 -629848
5298801 6398128
9315925 7827911
-6040720 -8452700
-7205029 3873415
5840206 3757848
-8861205 5270849
-9877781 5286933
3769695 -9365455
4566563 -6484950
453476 9367571
-1466803 4313014
98633 551255
-1940753 -6143861
1481082 9673342
-956505 -2324227
6590253 3413697
-6242040 6858648
922300 5906178
-7704055 -2282759
-8524911 3717271
-1011879 652503
-4060564 -7386116
5764782 -8373308
7658094 9709131
1593054 -7152303
7160711 -1888430
8662826 2642604
6498743 9775696
9449038 9238425
9430550 -9503823
-3573773 -8991115
7867533 6020803
-5556667 184187
417780 -8693815
5023457 9255630
-91867 1892869
-2976894 6527930
670974 5847569
-1926948 -7212112
-4364415 -1670932
-1043010 2182459
-5174937 5312648
5088344 -9863832
9374594 3840158
-3147313 4537382
5546268 8805144
-2657700 3278914
5979454 -4069847
-2763661 1785633
-6442384 -3602766
806456 4776148
1304078 3465749
-8170329 345914
3133802 4491404
-7179528 -97277
4601534 1285739
9114739 1777462
-5570017 1942949
-4216893 4203083
-8743183 -6195423
5126073 -4847853
8431061 6803085
5249591 4984725
-3229641 -3073133
3324102 5002282
-221570 327975
6310076 6646910
-3007176 3598860
-1909736 8139747
-9441177 2642978
6445069 910736
5204550 5160357
-2896693 5559808
-237109 9634533
5955462 -4597234
554913 -6463940
2855498 -6402112
8582613 -8497673
-9054454 -1894911
-6892629 7869324
-9286349 -3214000
-6567090 -4597847
9001013 7023728
5163475 -7057914
5585064 -2908723
518365 5722298
-6600992 -5453515
-9893707 8239267
7873801 502315
-1578567 -7614464
-4078403 -3654385
-7540145 1492699
-4488622 8777095
9398536 -8957531
1428145 -3543076
3242925 -7494093
-9575588 2141797
-834475 6675835
9617922 9425425
-3483298 6845352
-4915997 -2280662
2265824 -448581
-2209314 -1516989
8985326 -5111531
-2725994 8180839
-5473545 9923111
1415810 -4288045
7005402 -3013690
-9454869 -556460
5900465 6403938
1426197 1973277
6631426 -856610
8335577 1850609
1276034 -4203049
5158655 469851
705542 309088
2376859 -9757342
-1274331 5487718
-9623813 -9832455
8348385 -9772653
-9849541 -9833455
-4121500 5391192
4893854 -5917379
3526162 -7116098
1804192 5438986
9928615 -8057021
-6397279 -6769611
5080998 6560041
4873344 -8061702
-5075498 8873384
-8301176 -7451649
-7208990 -1853604
-6365886 4075683
-3240419 -5966969
-5739621 -5989699
-5823153 -4892034
-9500842 6927190
3526163 -7428301
-4544398 -2090636
5864702 9568677
-8488344 7259794
3006536 5793317
-5130290 -4885623
9569028 -9396114
1993623 2259406
4807758 7009882
-4843722 3692447
-9715517 115120
4148151 -1209608
-4682955 -2955936
2152030 924882
-2147928 -506108
2065592 -4832460
-4406744 3894588
3463265 37546
9813692 -8542041
-232372 4974922
2605651 2820228
3424115 4637339
-3103255 2174679
-815439 -4582262
1626537 4220855
-5664025 4340839
5647583 1911020
1471436 1000479
-8074639 -9035371
-7025127 6139818
3823710 -7706214
6188374 -2443183
110715 9416967
-9125074 -348361
7142913 -75592
5260988 642554
7796245 -251435
4439596 -1314897
-3380807 -5307009
1430198 -6375842
481349 762083
-7326897 -1717474
9283005 8645285
2126266 -3339108
-7199290 3724718
6018504 5101139
5174309 6624421
6041388 -5276770
-3108778 -4714976
-2274216 -567334
-9924780 6550487
-3700948 -7013227
-5811772 7871466
5080809 -9261351
6879159 -6676226
4085857 9027359
-2690115 -2639492
-3994207 -724688
5936204 9109242
2833961 648411
-4250449 8736915
-2122312 -8631183
-3907952 3440212
1241588 6435428
-4131906 -4500378
-7949891 8967373
4470498 -4056686
6331132 -1650838
-8395837 8658726
-8017500 1411941
-7044347 8483322
8360182 -1415291
7860022 265538
-625219 6882328
-2469261 3796226
-4950507 -7791258
-6422441 -4203358
9236854 2927181
-8121039 -7814041
-2314419 478443
-8037832 -2252945
-3793278 -7747957
-6882443 6432666
-2392256 -7462146
-3533852 -5278280
5721394 -7893403
691306 -578199
2203691 -3402072
5996608 -1448672
4863907 -8421528
6303566 6043700
-8159658 2429752
7873286 2397478
4583437 3593549
6588344 9752247
-2500697 4785371
7037414 8550512
-2500470 3706025
-1239769 -9845029
7393043 5107274
-269777 -2257269
7164532 -4369211
-5254931 2937882
-8510790 -631776
-6536952 -9258322
6785378 -1130531
-8700778 9766615
-5319555 1142072
-5264379 9172508
8924755 9263882
-3434395 3840317
-5092819 8940410
-4837213 6119371
-1209306 2406711
-9969662 3923019
-8334250 8700089
-5669122 -7723087
5214795 1346635
3231211 -924052
-7666022 -779642
8089827 -789389
-1022774 9119356
-7222220 1905401
1077909 -3825977
7954258 -9970246
3870071 -7480983
3975779 -5480137
3155587 8777253
-6299684 9138567
-4422062 -8053719
-9353629 -6269346
-3992432 -2756312
1106675 7493601
9085901 3738715
-7040927 6854238
-3935150 3936231
-4428061 -8951099
-4529346 -2441572
3732452 -1650280
-1620526 6548564
1583933 1686710
-1277075 -7750455
3543150 -4440288
-5301721 -8121488
-6175206 7243467
3490473 276217
36258 6987517
-3002530 2014393
-4246891 3659285
513524 8599724
2535955 -1287818
-7722565 6578374
6653154 8107895
8973967 -2251910
-5703346 385606
4588668 -2646559
-7880662 -1603061
-3526997 -6688406
-4809894 5662489
2905956 1171283
3963852 -8468748
1035121 -3603571
8410823 6516462
175748 548944
-851332 -5836068
-4607534 3205624
-7699650 4200975
-5174778 -2330098
5417992 8953504
-8144537 -6200811
1152630 2230998
-9372063 6444131
9755725 3271969
-8549190 -2899060
788575 7462184
1509788 4356766
3269547 7268780
3785242 -7455090
-4389794 -5803278
-9122994 6477342
-317034 -2724774
3992553 -3730527
3939375 1983316
-6546827 8817776
-7383035 -8126281
4104717 -4691364
-8247233 -3714052
2074269 -2750994
-3133702 4024845
-5996619 3525079
-9601803 171226
-2559994 5513169
574431 -3815904
380819 3741600
218943 -1299011
5976215 1257825
7527298 2418261
-5598422 -31231
-8697103 -6016975
-4143256 -9628897
-4320261 6436214
-7277838 2477813
2243171 9948858
-3509945 -2687217
3354214 1625822
4313400 493436
8522958 -3731237
2452860 4269758
-1988642 -8386259
314731 -7166321
4091504 746653
-6835085 8807298
-8707581 -5864845
-9365468 -9917155
-9546052 -7404684
9031531 9007629
-5998206 8650039
8598897 -8246307
-8417171 6244966
-9612860 7605305
-9384907 4937043
3722159 4700540
-1029702 9138051
3268145 -3824981
-8474950 -501992
2761014 -6417124
4906526 5616554
2268061 5925929
-1474874 6198946
8794262 -4581054
-5573425 -8504574
2661817 7825793
2095839 -1571631
7189687 -6222934
-8617629 3678668
-8867937 93179
7310071 -8002535
3651868 4854222
3545593 -3719631
-1705270 -3079987
-6980759 5070643
-6796450 -8944256
-501975 7925768
4124714 -2012037
3406909 539503
2034929 2918976
-6738878 349836
8778206 7213098
-9009836 5356961
-8448019 -1515755
1093777 -7627464
6886353 -7315956
54619 -1596152
-2799430 538221
7458235 6116564
1187208 5495300
6551044 2993828
919596 4390758
4895073 -3950931
6588572 -4955690
479639 -1698017
8651819 -8860147
8352951 3740761
-902278 -53623
946975 9343115
4232003 649703
-4149901 -7959248
444600 1118356
4172930 -1578930
-5462365 7645170
-4343178 -5852483
7141345 -1758805
5148305 -7792134
-1743065 -1939058
-4378396 43378
8345361 7361859
8501712 6101243
-7641644 6997181
9459910 -628985
-1285869 1456078
4622133 406885
-5036011 5462486
9097195 -9527767
-8590345 -2075058
-4429888 -4213523
-66006 -4052710
4188485 1226935
-4048847 -2924661
-2347367 -8146858
1896521 -3275559
-5913700 -4209410
-8108167 241882
9755415 5104365
-5524620 -5749810
-1777380 9215326
-7861437 -4294137
-8831650 -7155246
5833339 -2897447
5027495 2781897
8568374 7242994
5706637 3113959
6857246 -1497632
-1905941 -7588526
-5735383 -7191600
-467159 -1736955
4053635 6161138
8919372 -3864507
-8760142 5945468
2712010 8674788
406466 -4284761
1421102 -9065369
6295737 -4938619
-5319714 -4894196
7887701 -5354572
-8111578 9707781
-4661907 6456075
7474795 111411
-4960762 4711691
7520091 -4431145
3831900 -696145
7981345 9569284
8221130 -2114465
6347355 6900717
-1908143 9460988
7692579 -8424282
-7489651 1014675
6076057 -886318
-3264162 1322438
5967866 3272695
2980477 -5376460
3595967 372640
3000404 834922
-4453387 1070763
6639618 8039642
9859849 5583057
-2331307 -7012130
-6610243 7841194
-2741737 -4110177
7867164 9737112
-8687170 -2133527
8881148 5559743
-5326575 6339531
-9821679 -2526443
3262605 -6074384
-1450844 6146187
-3481172 -3756918
-405644 4661475
-4267762 9519232
75226 -2342679
-6759622 4888208
392430 -64925
-9707379 -6574576
-684753 3782187
-3964348 -2449116
5417357 -2817589
5258507 9864834
6204366 -3185142
-3195233 2448284
6373900 6382687
-4954773 -9932628
8826806 7439408
2100884 -5919593
6115991 -9062486
-1405164 7833122
2721331 -3808783
6126292 -5648434
-2223010 -6886239
-587699 6418913
6486149 -391410
-692647 5447953
5312787 -5580141
-6248931 -5434140
7014145 -5966495
2932545 -6927812
5655913 3388045
827454 7977772
4574531 -3000929
-2063414 -7071662
3277812 690522
-601909 -952226
-4084308 8515495
4145609 -4475617
4459648 3692683
5817625 -6442090
9005863 -6537851
-2117992 -4875022
-7792809 -3164998
868508 -5850571
-2778382 9221336
-4874267 6317405
4295177 5393883
-7607046 -1530461
-6085771 -1130292
2076582 -7154108
1893666 7192042
5707537 -8525327
9515408 7809359
-5981606 -146854
-4072592 -3508592
-46443 2352371
7477349 7449623
-5715374 351918
-2982301 2200892
-6061420 -2330514
-6013109 4239317
-7850448 -935686
50205 798420
2184480 -5457493
-2611601 3964435
1156477 -5738938
-4264265 1798418
-7875871 9380366
-8250135 -4748857
1742551 8658875
1011246 -2322727
-4873103 4212460
7080730 -8995053
3205840 -8072125
-402639 -5901570
854099 7144420
8725086 -3899396
-584624 3003652
62511 -1224708
-7260273 -8400144
-4139082 7450910
-8234320 -3587444
8309274 -5886995
-8119500 6406161
5065036 -9940861
-9747235 -3860597
2868215 8592634
9597582 -4620338
9823889 -51054
4047376 2803422
-7535806 -8062398
-1961794 -5098525
421479 -8810719
-7519075 -30066
1569790 -9516010
451253 -4779348
-5850440 -52940
-3423583 2216933
-8860553 -7541166
5034326 -1543083
4596320 -1279165
-2686530 5287091
-9333247 -2535465
-70167 -3088948
2230826 3006994
4944596 -6022791
-8604963 4695020
-1599347 -7017198
2952736 1816516
2300507 881578
-1381418 7038878
-3014062 5268112
-9998603 -4715506
-2256671 -3921293
4535624 -8859156
-138320 5294007
581098 -8351704
-8370817 7175150
-5913798 -6235797
6771197 1559017
-1947422 -1166620
-6471600 1715793
-2785053 -552385
3780484 -5554594
5326984 2684035
-277087 8597343
3865455 6461919
-8253587 -774797
5303910 3866852
-2475951 -510258
-5216251 -7644114
-5995818 7385729
-2922769 -2118801
1645402 8149717
-7774914 -6320215
2513165 -1583401
2648744 277665
2241632 -1442083
3003323 9863691
2547726 8538468
7135811 -9153340
7308579 4786991
6528546 -6482382
-99177 9054992
-8938913 -5651192
9221046 7424872
-2673047 8361188
-3757612 5741580
3891298 4404184
8083969 404142
1337094 6116384
8910401 597134
9155051 -6014162
-6150470 1152034
-309498 2158375
-4478613 -1086392
6216952 9342666
5376636 -7170034
-8115042 -4738150
-389341 -4722541
5218683 5462397
3823586 -1168295
-5426714 -7454364
6949820 2582326
-7013532 980936
-2902680 5033789
-4369077 -3160086
825753 -3992278
-323892 7302327
-539298 -2808365
-1378405 1882962
1225628 -2501559
328407 -5161453
-7383250 9118617
-5603924 -5270283
-9807885 -5256239
-3908182 9614760
-7839604 -3467947
1630731 665104
4162392 1626569
-3339642 -2866449
3973466 3776065
2300139 2291282
-406391 -5200781
-5492794 -8023753
3859209 1570663
1585456 3128801
483701 7601190
6719807 -8086137
-3356420 3100451
7844212 3632235
-4236653 9352047
8400452 -6063970
-2882513 -9559904
2066665 31183
-318913 -8720121
-2427704 8727023
-6465343 -6345447
-9029876 9872435
-8151318 -4355382
-268367 -4522670
8606131 -1775756
8341786 -8682911
5747304 -8393816
4706635 -2422055
3726532 4907237
4259284 -4932801
-8480418 9489880
2446328 -4823911
5207272 -8846579
4949652 -5487007
5756368 7404711
-8940736 -7478051
-7605616 1807378
-31652 -7970612
-9976930 6759419
7500015 2216334
-3950225 1145554
2751738 5841801
5936098 -8202920
6704317 9974726
7558277 -337370
-8331138 -6520047
-1343958 9077859
2747632 4115190
1144535 6379667
3784378 -2302715
-7264414 9417256
-6259014 4843643
-610617 7646322
4405741 -3774314
8442020 -8071194
3074360 1905756
-9736091 -5508204
8805228 -4173902
8317176 6200007
8378990 -1974103
1505850 5875454
-2530335 -9952148
-3320605 2678245
-942088 -9782702
-9569065 7823930
-242462 -7157710
202285 5682873
3329195 3498524
9724211 2108021
-3446821 -2265063
2157045 682583
-2309269 9627539
7969989 -5062693
3653666 -3504041
-2961792 -1196482
-5321028 2032656
-5403139 1060411
-6261344 -5335011
7398639 1276256
-8383462 2796568
-1844790 345926
-3971201 1374077
7388953 873848
5498221 9357995
9609284 -370484
-9687900 -7948600
4195291 1766329
-780012 -1997169
-2984857 -5318368
3485150 -7126345
-2577337 -3430297
7630114 8164122
5345464 2019524
5812132 -8631230
-3318310 2744103
-6909970 7428671
-8680900 -2646747
743453 -881171
-1523176 8708053
-9146078 8758026
3325778 -9397540
2368790 -8833978
-8314795 -2478931
-5280947 4105130
6978785 -8783300
-2213596 8204204
-1115322 6917801
-1062675 -4583482
9301641 -5769858
6974246 -5250542
4694481 8499683
-4147064 2580628
4215809 6013581
-2762014 -887259
-2129233 -7307366
5811446 -1908092
-8225718 3712897
-8766034 -9303412
4801719 5975840
7192540 8469372
6673576 -5703144
-8785343 7495296
5428167 -4441746
-211603 151983
-2582207 4729808
-4254157 9278995
-5624025 4628626
642207 1598780
3227873 8591784
3800770 396545
1004806 3614993
-2672110 -387783
308805 2779088
-1245072 -8921791
9547581 -4889476
-592619 8463821
5959117 6221157
4295763 622038
3290373 1387284
8633444 6600512
5879507 -9291834
-2146856 -5620712
-1505580 -9744518
8847267 8495351
-8591751 -8277707
-2146362 2648037
-7739746 2413055
7708495 5181529
6259738 -4914588
195936 -3536576
7443597 -1676329
7061180 2119669
-7258292 3402714
7306351 1356943
-2042544 -1451567
-8227048 5939795
-9680917 6353315
6608798 -373904
-1878552 -8670145
-6947851 -2027583
3136806 -7953951
4459104 905787
8603668 -2086587
2998825 -5316049
-6336273 -2620242
5703429 5711113
-2169217 -8892676
4510039 2764609
6637905 -6911157
1637276 1816390
-9727463 -5404639
-9051324 3410228
-6963675 -9408379
-8078524 73826
562595 -6325875
-4279826 7489977
-9087883 -6300598
-5870833 2695630
7379581 9515785
9411896 7127992
-4644543 -8956691
4666985 5115325
-9603713 3186240
6275083 -8306624
3509766 7034192
4145905 -2087640
-8677412 -3701344
-3109723 5094581
7684760 6875265
-9450610 -8671895
1334435 -1752645
-5536891 8785916
1481546 2246552
-5721311 -1407724
8236620 -8622520
4937141 -6309415
1322263 -6407922
6778318 -395874
1297503 -5765098
-8730906 -4430246
3482114 7323621
-6377723 -2068649
5542284 -2678946
-5803680 -6971094
6873364 3227044
3990752 7262062
6047979 -1792201
2970703 8453861
-2953862 -9954123
3939709 -234256
-4027318 -4717242
-1125164 -8606798
997329 -188703
4046199 8169507
