60 6939405 4730540
559
4848648 9798456
8139404 -3425633
1795410 5201053
2057474 -8918717
-1491952 -5059024
-4564889 -5789520
1797766 -8442976
5950849 -9134252
-1088590 -5602466
-5707744 -8614240
9101654 -7914700
8460704 1707018
-2037291 8871815
-7476328 -589446
8866311 6498619
-1186572 7254212
-6171421 -3768689
-8567636 -3047168
-9449533 -1859659
3081317 -3993809
216671 -941485
-6868109 1032781
1898529 4530789
8928323 9082741
2984853 -9190060
-7104760 5736932
-2556050 2086507
958322 3872296
5799202 -2076989
-5578369 -4001654
5768910 4665514
-9103175 3235059
-9812109 2113841
-9745818 4845542
-9148267 -9261642
-7686775 -4148148
6884633 -6415244
8115545 -4554883
7044210 -1216838
-7890546 7043868
-4702848 -7454585
4631922 7521046
1393343 2741103
-9335886 8106596
6621295 -2807455
4374411 7602097
837156 2390205
-5495953 5271237
-7366869 -6458601
6796109 -5241771
-6873567 6001216
9585972 9109335
7070804 2527418
-8689419 7701517
-2738263 -3368634
-823219 5936387
3457434 2558890
-4700007 6325055
4431651 7367129
-5440326 8480459
6082557 1052946
5959504 8934086
-3278325 9436065
-7022535 -9536449
7738132 -8128842
7872374 2289926
1399261 -9135434
3391984 -25302
-2323785 -9013583
-2382217 -2781083
5671657 -2545696
-9986806 6794564
-4364029 -870909
9012572 7829539
-1173649 -9932377
-6363079 -6427754
5022684 -5091092
6861325 9596425
-9940024 4260711
-1351779 2355142
-5354931 314461
1179027 -3479405
-988355 6044330
-452900 7087363
6822633 6687860
6658517 7164883
-3524200 2494290
4139733 6671711
-2982397 2111771
-5304254 3152305
-759097 5843954
3269214 -1667332
-2070907 6779940
-6442997 -7353109
5002034 -9494578
819883 2205225
1242172 9647103
-1792215 4515262
-5881023 -9746182
-541970 7754885
-2563879 -9058390
-4047748 -3883453
5304611 -3571727
8540044 -9908015
-4239358 -7677786
682520 -6764209
-5915189 5001546
-5702162 6468086
9114977 -5469744
7552030 -2145159
-9939934 -3366637
-3719534 -1628087
5403527 1302239
1556057 -2995396
7275841 2038857
2980467 -8985913
9646987 -5288038
1140235 1449072
-5942591 4951598
-209836 -7803368
7948775 -181948
7335950 2989036
-542878 -7966414
9080194 -8366212
-511371 -8911549
-2278185 6632225
7520490 -7934952
3367287 -3481367
3523237 2924018
7479227 7439696
970135 -6684569
-1972607 459694
4425118 617122
-4431280 1683981
-3603035 8482528
-1699420 -2124764
-9135728 -5654260
8895678 8152882
9786670 -7162254
-6073802 7975872
4608097 -8208349
-6143301 -5835635
-6800650 -5355060
85310 -259662
-2819966 6722588
2554371 -2435463
8024231 666522
-8716356 -9418236
-5217903 -5034298
-6551770 9368717
-2756047 1179062
-1958846 -5734838
-7581956 -9375422
-6537676 -3063168
7429057 4721066
6512717 9904874
6585591 2037154
6682094 2885769
-7373893 9784942
-976118 9283756
-3151707 -7677506
-4494632 -8421747
4676369 7388877
-7645421 -3210988
8674081 9458467
-6846119 -4197191
67971 8434387
9058965 1195036
648220 2486015
9723433 5037641
-2541132 -1922723
2630784 6236150
-8361729 -5955541
6345753 -687122
-1403365 6780731
1619577 -4630365
9464240 -2038720
-4649843 7124945
-6086043 4140610
-3884571 -2295264
-3976103 5104391
3538778 -8214338
-4502950 6091868
-8905765 2597743
-2364616 6145271
-5777452 -9182332
-429829 5094252
1655064 6853332
8682563 1208442
-9494475 -1999183
-4113195 9795550
-2243170 2125102
-749953 -4648955
2008007 3106988
3328076 -4319643
-9215252 639788
2425451 9351974
5443842 4323526
9437621 7922501
-3415876 -945570
-7611550 9589357
-2800038 806673
-2339995 1958621
5683416 8855026
9372195 8858920
8654470 6188941
-9169604 -4741000
-6873602 -3588699
2034641 -7403205
-1722848 -2349243
8290546 -4637283
-5285309 -8421748
-1581870 -6767651
3671202 2674886
4245668 -9627897
9961461 -9744673
1062000 6634118
-8890908 -2838577
8532801 1238357
97278 -691140
-4502199 7904996
5680349 -1248252
-2320599 8844549
-8558655 1323099
8973856 2230394
7593112 -7765151
-6186898 -219246
-4470545 4824155
-9984607 -5252416
-4880312 9200658
9455985 -3222587
-6588468 -4918851
-5241076 -6965663
-3210954 7036976
-3654164 -6708275
3713073 -597324
670777 -5640011
-6795461 -606578
-9283479 8350178
580573 -5354116
9397085 2206730
-8012516 -9309963
-1969456 -6789813
-9525876 -2483060
9233950 -1954062
4823351 -4406188
-6808687 1206287
4240624 751235
-2211789 -2049763
-6241686 3546022
-7051301 4134047
8494037 7471387
-3135190 3619476
-5513994 4214928
1377164 -9902317
2304413 -2417069
-1727032 774249
3984437 -3191750
4325190 6303513
6865803 -3025087
-4914923 -3924508
7281779 -5794494
-2526906 -1723610
-1257021 -5961245
7584777 5261305
-8088295 2501293
-27320 3049828
-3330696 2922094
-2862978 -646158
-8032122 1155311
8738242 8514186
-711565 -3211357
3596893 9527563
-1652572 5789224
-7235863 -9561565
-3486073 7729583
-8064911 -2150786
-1358044 -6204294
-9649187 -591817
7185841 7384935
-7597420 7935591
985419 1613898
-5464008 -5108387
-3238193 171076
-8673613 -5810634
-7296448 -1270315
-1965319 2580981
-5375104 -5491661
2813916 -8368426
4586362 2972324
701907 -1905595
-1540028 3616641
-71300 -4846651
4561532 7101928
-2996784 279513
-1784896 -5736275
5877623 -8077852
-3186239 1716876
-8112048 2929967
7119333 3575569
4821606 5730691
-9171976 2339237
-636071 5372639
7004214 -4547079
8425245 -7822155
272250 -5893072
7723569 -8356495
-3203146 8732222
-1649497 -2347731
448135 -8641614
8138464 5353719
7275867 8663239
-7103533 -3467561
1978759 6605981
-7302098 7300771
3031462 -8385556
3953682 35860
-4591500 -3624161
1828760 -6682389
8011808 4929066
9035994 -7229643
-5586138 -1715942
9532633 -724085
6928185 1210716
-4914545 -2116864
5753207 9892672
1072263 5740271
4789062 3029074
-7848593 3968731
1269502 -3232179
-1617734 -5150691
-2598478 6817317
5709508 -7664052
8169911 2810022
-2260912 -9945380
-7175023 6181719
6982129 -3224918
-1432651 9755192
-6517740 6514762
6914250 8011886
7904558 -8915933
6824338 2667457
8212884 -1023178
-7054447 1613401
8381222 -9635709
7729953 -3268593
6065076 9279840
-8384212 -4868525
7941497 1774584
1829204 2302051
-8999878 8196937
7488371 -2829466
9442078 498604
9529718 -3944280
-5932393 -7075662
-5991594 6443969
-888574 -8027835
948987 3349096
-5037503 9840662
2721306 -3589108
-4341348 5860072
5139912 451259
-1900914 4240080
-3985335 -727947
4090456 -3959417
6753872 360221
47107 -2393069
8105535 4242243
-9702037 -510815
-5070124 7635253
-3404426 6881922
8854088 -8545366
4803730 -1776647
-1935985 -7680573
-8753328 2282580
-9340996 -9214679
1236580 -3094676
-8854596 5798916
7587321 9335666
7892601 9676421
-7447005 -5805870
1801061 -2837175
-8594932 -4883546
-2878008 -93404
-9941799 4219384
1101306 2051868
-3977146 9170128
-2606519 -44606
-5208826 -9173416
3109164 5457496
6242818 -3962154
2943170 3768168
-7916563 9995750
1847769 -3395074
8797700 2187110
6381240 -7743278
-580452 -8649305
8983501 -1817699
605249 -6659032
7560352 -3894507
673713 -6820197
-7650069 -1338341
1133405 6696567
39504 -256588
7717260 5924579
-8037575 -6851332
-566811 3960078
-3527819 -2578053
-3456774 -5967022
6220088 836302
-4390624 -4659074
9207973 -4882319
3299982 5028924
886245 707826
6813320 6421584
2117739 -1553403
-375392 -9996615
6699953 4467670
6727434 -9241986
-801055 -3260543
-7595523 4444694
-9078875 -6322277
-6383978 -5645982
-9096652 9909658
745960 159248
-1983474 -360211
4757470 6355336
-6099387 9740851
448678 -9426196
-488260 4786858
5749807 9778350
9781735 -8370521
6097149 -4625584
-3867570 6481688
5737497 2824583
9785630 -2152273
1525450 658327
-2471303 -9293245
-9383587 5141473
7817073 -1567954
8071835 1362373
-9765939 -4166400
8090803 -4654343
8435813 -5865326
1437884 -1460519
-1682169 -2052446
-422967 -2812308
2562108 -1900433
7097607 -4325817
1015118 1210890
9058617 -4648543
6009784 800748
-5976145 -6899580
758245 6054833
-5513121 -5359732
-1481007 -1424682
-3074730 5075066
2937075 -1246945
-4595919 -4983926
-3928093 1372889
9320443 -641682
6546010 4389739
5005658 -1102524
-2911989 -8375530
-4648288 -5380383
-28926 619482
3936582 6926681
-9972899 8497210
4552044 7960438
5117058 785346
1877017 1555275
9146694 -6363948
-5094541 8802287
6334713 2083769
-6543342 -7174108
2184210 -7593379
-687288 5293453
6707282 -8753428
-7128958 6834722
-8545661 6311645
9447479 -9260894
7665788 -6058234
-7561024 3384062
-6139148 7692889
-9005412 -492628
3579000 1494262
-2353334 2871605
1673892 2725694
7325815 -4931523
-2105630 -1991394
-7068421 3298826
-1407721 2594932
-3642143 2244291
-920987 7815913
4127559 -8254749
-7515642 -6950296
-3008530 -3908610
9475452 -9849854
7843035 -8053201
-6029477 5852656
-2653081 8837623
1709228 7549523
275217 4993585
-9937937 5899473
6424431 -9882615
3416211 -9527215
-4415931 9356010
-5883347 4524842
2340756 1941926
3687178 -4287982
-1238278 8984667
-4923943 6171536
6321682 -1730455
216344 7067862
2920518 -3318931
8035045 4186867
1736391 2783789
-9706273 -7739375
8160098 4527960
-2838303 2872142
3344927 -2899119
8973243 -9422092
5102751 1445348
-6612725 -6910104
-8681734 9959859
8944526 -409195
-4237659 -7403659
865886 -5979417
-8911555 4600375
-8718556 -8917770
-2214551 -3474684
9309105 1832841
4093467 2038192
9082505 9602832
-5008674 2253565
1870799 -3755798
-3177889 8336253
-7702046 844042
-3549709 4441214
4401073 8201581
-2207614 -2231443
364898 -4138049
-7601114 -3928921
-9328546 3747136
4829366 -6512668
-7471000 4469250
-3697908 5131168
-2830640 -8161895
3957290 -9604441
-4834524 -3748135
2496068 8948616
-198778 -447373
-9603330 1834531
8792097 -5384472
-7182891 9363313
9648222 -4290478
1571473 609495
6680574 13121
6276609 3970359
