3 -611260 4716798
214
-6376500 5185347
8589640 -2411392
-7485487 -28764
-2850325 -5563939
-1986322 5716719
-8153846 -7650848
-2529573 -4490075
-6194295 -3403769
5670962 -8258757
1894612 -5268676
937648 -7337315
-6923627 -3829762
-1915987 1383935
9292252 -5795552
3593188 9875578
-2422722 4009050
-8402342 -266959
9704277 -3833082
-6880669 6628523
2345243 9370304
4235808 -6350639
-840713 4191397
3303980 4222587
-1519818 -4518656
212668 -8508706
6670331 -9625206
-3454968 3666668
-4949396 9746704
-6048848 -2854603
9537328 -5657144
8351906 60693
2310086 -2885394
-4202124 9949564
-905560 2014363
-6098981 -1082792
-4917079 -8560317
-1852568 8136827
-5124234 4242208
2239904 3967764
5459058 3355949
-3752905 -7547428
-1364407 -5354259
6908798 -4691520
2453877 3686197
545405 3376302
-6563005 -5492443
1622163 -8586337
3879579 -1736567
-9722204 7420040
8853600 -7025981
-5586298 6695167
-2651654 -6063479
695082 -4922514
9045250 2224113
-4419938 -7065014
7903911 -2979340
-5817246 1827157
7135637 -3460496
2742053 -8908448
4467854 -7894133
-3386576 5803810
7217473 421202
8684635 751940
-9311668 1097052
4071072 1478784
-1826049 2058284
5994805 1001126
6078613 -1961350
-9737237 9206239
4657578 -2359785
4660876 -4157175
186334 2561489
1617345 8843630
2451534 9838324
-8055809 6875750
2679560 -3080612
7340590 -8926033
1825907 -102967
-9005915 -1458422
-9979638 -4969409
7088875 -2418491
1098988 -9289335
-1250685 3083681
-5193728 -2822399
-2665832 -987922
-2628745 9463850
2025339 -8004956
3355026 7557590
7395914 6159036
3034786 -4193440
-4757699 1856457
2930424 -4285654
5611379 -7417109
1124469 7272684
-7696725 -878183
6703326 -6338817
-5628151 9392151
-5007816 -2197686
-2503733 3121164
4649595 -7685192
-8221341 4830436
-658168 -7979150
2094792 -3679650
-7520613 5213211
3536123 -7992942
3863515 -1969475
3744872 8778424
3877668 9310292
6582976 -8127397
994420 7518489
-8820327 1402603
-6688894 -9785901
-9467235 -4448478
8672686 -9180358
-6865549 -9454615
-2107827 3322281
-2140516 7429462
-6250188 7234005
-5036432 9954276
-8038665 8745551
-3223923 8499692
-205532 -1658798
-2348506 -9479051
4909904 -6327864
-8809374 6750822
-9330222 -4095675
8634776 -7629701
-2078179 6497236
7316879 9167541
2229278 9110859
-5050507 2967682
397144 -9878549
-128191 -4674671
-4720395 -3336692
-4591140 4835377
-4148579 9757292
-9385153 2184937
-4777762 5645890
1834378 -9217307
49868 -9867858
8552819 3025004
5395303 719646
-2783118 7187595
-1128511 5833476
-2539312 7050113
-7465853 3617119
3738571 -5073467
251862 -4552357
2110952 -6389620
962109 -1952181
-9678536 7519812
-7778899 -670117
-5024227 -9063689
-8280996 9959691
2608185 6810151
-7648492 1768872
5004870 1161005
-9135048 263163
8612992 4738105
1788218 -7747207
5869913 8590032
-6483435 -3161282
2286361 -391516
-4264784 -3715221
4332598 6913665
4433477 -786323
8543560 4654062
5590373 -829070
-8353027 6035685
-4637811 -174270
-8405398 4255159
-4583836 -2286303
7976860 6599473
1337578 8797468
-8949738 6589852
-2303764 5642148
4997218 6920175
-3471341 1212801
7497580 -2716420
-5802755 -5219773
3993904 -5653469
9000593 1147075
2834357 2537465
-1426850 -2892681
-550599 4481331
-8747158 -3548309
4165388 -6439645
2676180 9185358
7982826 -5341399
3764805 6530110
2172259 9033088
-1530385 -8538958
2673843 9685829
9485761 -2485374
2294853 -7312224
-2965693 6199359
9862786 -3711242
1342575 8551252
8174923 2697143
9694826 2432077
8883769 -9859324
-6298968 3464020
2649378 3049157
224110 6377212
2907323 -6851443
-7818355 -6011084
-4550042 7595934
7281763 -6832387
682239 640153
-4155719 6767525
2966884 -7022907
-8217797 -4605060
6462545 2829670
8043165 3124778
