250 958726 -9439514
927
8654132 -1930514
-4793357 7812439
-4113501 2295714
8795048 3518205
-3875109 5799351
4676516 8176058
1092289 5198489
5147559 455473
9969986 -2682966
1793716 7203259
8488646 -4808345
7047062 4375364
-1851835 4927328
9418331 4515667
7990746 -7450909
618578 9978817
7791256 6644878
-1059407 -1658427
4376131 6194108
1993459 -2264359
8428051 -9498978
5699512 -3330025
-358200 -479660
-646274 -6636577
3083034 -388213
-2680206 -8852558
5522806 1571681
9015361 -5633143
1398876 6187323
8736415 950044
928861 -610378
-3965499 -8128655
212918 -8763530
7430578 -2508554
5227087 -5410951
-4909928 -8059611
-1389636 3655138
5691830 3305936
-814289 8252164
-9619697 -4954444
8709351 -7731254
-3643221 -9783550
7099659 -3251491
-7064167 -4627860
-1161463 -1501465
7888158 -8327752
6059945 2283750
3520220 -6077341
-6069543 -3727137
-6621735 -6532850
7923891 9157544
-4670966 -9015311
4290625 -3465745
7302772 3537216
8582772 5992688
777786 199427
415877 7292123
6556985 -349083
-2460590 -2484464
-1469576 9492818
3681418 6377947
-1338303 -3581418
-7142407 -258637
6014226 4698270
681772 -3211950
8461946 9392491
2893532 -1394336
5139919 6307332
-155452 -2815843
5693198 -5040957
5158471 -1572680
8235796 -3529016
6121902 8090700
8122589 4792781
-3198049 -6338688
2555611 -3346987
-4412053 -9516631
224732 -8782692
5915578 -9038108
-2250058 8755310
664154 -3402649
5203015 8728240
5035572 -6442314
-6741804 -7140714
-9665318 -5119880
-4176208 8951394
7938730 5493153
-3899795 6575940
-6114927 -3423016
-7245352 6739146
-6607841 687024
-6313255 5310259
6527568 -8503542
-7541650 -3572171
-4816860 -5040502
1556849 -7275356
-8547116 -1636354
-5562316 9276216
-7864497 -995192
3884928 -2304120
9163626 -7529815
479690 2225073
-8682635 -381291
6195693 -903753
-4164606 -4797561
5889463 1466694
9293305 -772447
-6759636 9576209
-3995962 5820873
-9219628 -4301286
-1576641 -6296470
-5416472 -5146427
-5870210 -123757
8881052 -978787
6717093 -3734707
-8748170 -4717668
23757 -1602928
8015781 1731520
-9172233 1341123
6543562 -3272174
710872 -3336839
-1592933 -5050623
7041938 4178
8341403 -5836217
-137503 5562329
1782211 1638127
6491701 8285856
-9321548 6365740
-4613047 3137843
9403136 2075856
-125460 4620398
-6982530 3171318
7419190 9898298
1239421 3549603
2793782 8246957
7426471 -9700665
7765064 -6495346
-3974816 8349890
-7486327 4807003
-7114316 -5633412
6004715 -5107478
-6821621 4667895
1033635 -4987232
8150611 6373183
-1550961 6420588
1040987 70099
-6758583 8323579
738229 -3425191
2640765 -9339393
1423917 4494002
-2690311 -4565453
-8544447 -8633260
2232982 -4925246
2398109 9997090
-5636322 -2736993
2155529 5283793
-48312 2884745
7897514 -2149740
-5776557 -9014676
7405912 -1435523
8634577 -4811166
6028766 -9036749
-9945587 4392346
5052954 9283347
3777350 2695178
646077 8993223
-9640037 -8912961
8678145 -5382018
-5384928 -4890703
2372304 1076254
-3639953 -8504898
4379848 -5472167
-5105554 6311736
7297060 -5206286
3358191 -8365759
-3176924 -2780676
-9301072 -5490880
8901467 5368194
4651541 -9246659
3448519 -3529227
-4536004 -1571109
-7967717 6610948
-8771070 8340311
5965960 -9289572
1786683 -4155997
-2660895 -1661736
-4617551 8146730
-3025182 -8281047
9029019 276895
1911137 -5728122
-5992445 -5096437
-587317 1250565
-3381241 -5293517
-4540176 -1685850
-2698725 3786652
-7784456 1424695
-1964357 -4718377
-6378066 6764179
7474607 -735427
-2375072 9587894
-9557490 -8222358
2440725 4964034
-800661 -4175040
-1381793 9415543
6203774 -1771641
3131922 -9470656
-5703739 -9788671
7434164 5060957
5891460 -6568628
7218025 5410340
9351387 -6807265
-1525641 1949921
-1285900 -2612970
-832045 -5387355
6716892 8705059
-9517298 6792884
-5726730 7159402
5500714 -4560221
-5144678 -4011039
4217320 -5881078
7164618 -8940904
3786777 9865594
-2557096 -8539120
-5107748 1220941
9147633 -6665636
9043451 -7889723
4060198 8499020
8402402 -2482190
-5353192 5290650
3995710 -2429642
6879594 -8636300
1039454 -3005236
2434543 3669216
9658177 -3459831
659091 -193783
-6618334 -3608150
8773796 -9659939
-8199059 -315205
3422089 -3783300
-448936 9209546
3836175 2569722
1068743 -1405484
-1371322 -9587274
5703376 -528855
-442145 3275486
-2844462 -7784562
-8273446 8953801
-4860631 8194993
-5264838 4161097
6483667 -5202453
1189397 -2089395
-1749334 9865333
-449872 -7520455
-1303754 -7432040
4293858 -7027783
-1941708 763662
1874530 -1869967
-8940889 9127035
-8885468 -9496791
-3704953 6762488
1494278 -6811260
4658893 -4033062
-5838069 3220833
9898282 9798263
-5404190 -8586555
-675950 6381949
-1236366 -1698441
781104 91068
2659028 830115
-3681316 1993702
-7242635 -3047114
-2400728 4376976
-3979637 4631895
-2348544 -1341617
7937223 9651248
-7160012 -3537144
2429794 -568498
-7347665 7498881
-186504 -891923
521522 -7449383
1448919 -3074342
5227217 2361924
-7547008 -9787447
1042668 8524674
-6965272 -2371627
-2902389 -122295
-5745319 -4207907
2940341 4696883
5871619 275045
-7557355 -9408203
-2945347 3808842
5756696 -4717367
5297866 2000799
-8891124 8409031
3476001 -4888637
2037021 1630398
6508674 -5075080
7653825 9780591
821617 8961667
9106392 -8787154
1090551 3856345
9648439 -3795997
3417239 5345232
8136629 2588780
-4303071 -8194790
-1869596 -9420726
8378259 -4732065
7268734 -6112899
4812484 3676126
1303841 893963
5040713 -1711515
-4270243 -6659138
5637805 1549388
-6972593 5899935
7112781 -3540578
-9684232 -7866201
-1662198 -1796668
6064916 2480559
7585691 4271393
6076603 -3282102
9813524 -6717380
-8933093 -5792992
-1905891 8191784
-5615738 8335642
-770395 5422945
-6288569 5688103
1545317 6786670
-1663942 -8042460
7857475 9699475
-3841103 1363465
3497264 -2513392
-1793708 8991017
1471576 4351419
-8860836 -5728791
989107 -8426381
-5143760 7215768
-8577224 -6681017
-8489233 -4076853
6775141 -7966763
7456182 -4104971
4099484 8521098
5307769 3683965
-1842142 8161154
7860629 6160179
-9960003 8531685
-3981706 -5980474
5526896 3537261
-9594968 4224586
1012147 9514824
-8911556 -8455803
1276317 4517606
7836590 8461036
6900535 2699093
-2751318 9347357
7758739 -3807971
-5286873 -5295136
905182 -5625425
-7464271 2537248
-1302572 9063040
7594725 -9603642
6932237 -1262575
4791038 6129371
353958 -5024515
-5509691 -2287577
-8227028 3882457
-1599936 8095105
-927507 3049289
8264734 -3763346
8100363 -4026971
2165058 -4486584
-7265368 -1624546
2750030 -605463
-8068214 3639814
2702854 -2197889
-9285178 -6854434
-5600657 -7186068
8943303 163411
5138896 9190381
9419156 -8186387
5696071 2145557
240663 -8807872
-3242231 -5903865
-7150859 9313156
7802537 -4977497
-6947729 3465856
4357663 -32405
1878485 -4213096
1943070 9624045
-2573844 3810271
-527811 7162277
9976209 -9342670
820741 3871532
-4421735 1435864
3249478 -4040363
621547 -5002578
8705902 -8538099
8074388 3378562
2691718 -4536328
486175 -9076471
-3094263 -6989392
2978203 3538447
1841703 -8736600
-9112555 -5143312
1183311 -6215227
-9052950 -9170046
-8512716 -9344500
-2956616 3439611
-5124524 -5175622
-6699633 2621650
7619072 8124954
9586855 3921914
-2699524 6324974
-8211354 7661243
1101124 2508547
5519155 -5208826
8329621 523213
1786614 -8986290
8386751 -7312324
-3527551 -4809589
8536717 -429938
-7258085 9935852
3375463 2540354
7364732 -214701
4923301 8250939
-1107755 -9334901
4587014 2542373
-8616300 -1520900
8656695 4403842
-3087611 -6827654
-9520128 -7725829
2797385 -7568456
-6554745 1325845
4013521 7100351
4807114 4348358
-6081580 3002323
2938175 3343832
-4115814 9176687
-8521661 -3686362
-5435422 5765270
6430369 6401640
-8539634 3456823
4452276 -6466265
7937578 -7155934
8532764 -4374677
-2100505 7366319
2314216 9012637
338482 3213232
313583 5759471
107829 -5647996
7354327 -4879303
980881 -3457399
8235641 -7191146
-877508 6865067
-4853311 2230332
-1368028 3687070
9660246 -8422941
7627146 92338
-4547244 -3371126
2254197 -1918924
-4552604 -6014479
5514510 2670044
-4116724 7761612
-3962565 -4147008
-7278652 -1286789
3833909 -1338384
-2279431 2592027
5400881 -5185210
4196210 8472562
702894 -5476626
726796 1859251
3436310 1851219
4459909 -7096606
-467732 -6420191
1660885 9912666
6414539 -8213534
-3027138 -375367
9902597 1929049
7782041 2856139
4085702 8456384
-2882000 3019742
-4388231 -2080389
-4749246 -2645078
-4172516 3529003
568729 1963316
-6177433 -953269
-9102050 -8704475
6715272 -224770
-4128609 5357859
-2213123 -3752460
-9449642 48628
9673262 -5798584
6130465 -2476779
2895712 2092211
548596 -3571141
9448601 -3018586
-2582622 182948
7537870 7576722
1105725 -4815516
-335848 5881707
-5071562 4190806
5486332 -3996929
-1705347 8342740
3700599 2201604
965496 4166044
-5785327 -8512523
-4311107 1515855
1555428 6404287
-8987150 4335711
-9235430 6967492
6465258 1561446
4260747 2729523
306245 6398988
-8416528 -5685031
-9803324 3928323
-1880871 -6236024
-7716600 7641466
5984206 6121813
-9160231 578053
7260450 -7798842
6204987 1805266
5837473 -8524877
395762 4410232
-1254057 9909253
6876745 1408612
5486411 -7973135
4756388 3342003
-259008 -252842
4062127 7578986
1507309 -6159184
-9878855 -3224844
-5583378 2142790
-1735396 -7595455
2982598 2917181
5118339 -8379275
3425991 243048
-5765477 -6160322
8249910 -8220184
-8310931 -2853363
1071602 -3004146
-977281 1082166
-5575830 -3441987
-1178477 6295460
3874446 -3318486
-6961318 5400002
-7824842 7898107
40897 5676179
8080724 9108133
2025314 821853
2442579 -6420325
-3660925 9660005
6016035 8384922
-9835261 -6910049
236588 4265945
-8738201 4370160
-4547673 -8691810
-9617445 -7199129
9096331 -7607151
-8409285 -8279570
7120433 2970777
868884 -5370603
-9694423 9295591
8403724 3426133
-5752013 902653
-3001320 -7054610
5121747 -793082
-2408160 3337756
6427707 1137782
7920080 -9727069
-2840556 9180647
3005190 9181879
4499102 -4871877
-2479028 -4095903
-2375472 -3888215
9082562 -8371961
8773788 -5255039
-5959448 -7532202
-1589716 1595717
-7501629 4960629
422371 2658271
4381541 -502949
5351159 8060471
-8285395 4489733
4762665 1778866
-6524134 9634685
8816565 4438461
9566584 -1002592
4901505 -4167981
1943805 9603908
-8768053 -7473967
-2729006 -6457281
8526870 -9994265
1601453 -6172101
1304880 -3062846
2111777 -3383824
6113227 -8272749
9787722 -3506682
-9016949 1464387
5759605 -8497672
-8862987 -1737932
-7299471 1751823
-9250769 2469930
818302 4783465
4387373 5650737
693122 -7237893
-3695174 -1864328
-1858592 480469
4308368 7348048
-5714798 2259213
8875389 -4386752
9856851 6396979
5406649 -2495032
1485707 2160926
3663254 6389701
7168121 9761665
1513488 -2683381
2302902 2385003
-2831532 -5220928
-9570191 -6878796
8399663 4072194
-7792134 -6360717
4119752 7220841
4568890 -7134374
5124839 -1571880
-3442280 8854092
-2232576 4000228
-8494803 -3585428
8575498 -6825927
2080126 -4492744
-4731079 -5244896
-5411925 -751752
4149603 6782410
4077834 6890977
2528533 3834423
-2093383 4507643
8146926 928196
-9334610 -7369164
-4503538 -5216969
3211151 5234280
4088372 -9378698
4621530 2285224
8699796 4372148
7546222 -1356921
-3333312 -208354
-2936898 -373652
1390948 1935609
-8765629 1651177
-8941493 8056903
1891327 5312205
-7663800 -3896608
7031589 2314296
4945132 2999479
7782510 7696979
-4552389 -9558405
-8937103 -6489987
5795237 9535983
3908132 -1799221
-639789 -2988615
-680617 -6029294
-3886594 6026899
-2037492 6382485
-1966337 20707
-1922390 -8286768
7025437 -8391478
-2288086 2485289
-5200414 1877990
-5122531 7259855
-2526814 9744718
-9813687 -7340021
-3830008 2920797
-5026867 3765562
-8033658 4481582
-8507033 1397617
5368323 1326553
9869804 812351
9711188 -8518271
-5981212 -9651336
-7938104 -9738797
-8130275 2096399
-5418312 1603686
-6518324 -7902008
9357847 -8102374
-8357655 -1640855
-6464524 -3168966
9751831 -8171342
-1889427 -7778180
6703402 -5275036
6122581 76915
3919820 712722
4041425 -5992744
8005338 -3694024
-3345360 3752613
4013817 -7975874
-3363123 -8767111
2836575 -1600106
497886 -6265082
-4367456 -1165397
-289900 -144266
6686768 -2725111
-8380100 3245576
5467396 -1045049
-3803732 -269527
2323740 -5312849
5399873 4835201
8842458 8759912
-4934112 -558702
5710263 6847796
1388274 1720528
-4530231 -275920
8123975 8025152
-8239930 8306344
9657299 -8861787
993947 -2607386
-2816144 -632601
-7387025 -9802933
-8331629 -8679892
-6433067 596724
5283875 -2135361
-7300160 5890673
-2833063 683748
2641398 4058650
-6577202 2232825
6469705 -1648339
592094 4811073
2836225 -8060525
2762171 -8767579
-7629366 4596295
4505261 2419471
-8213130 3364582
-3921999 4205469
5525577 6916198
-2487078 -2253628
-1872637 1608862
-9984113 -7203203
-4003103 -6656444
-81442 -2817176
9415649 1154647
9506308 3341357
-1847570 -1598293
341182 -7385246
-6152825 -9011345
-1898698 5619705
-1960824 -3782190
2098744 5122915
-671615 -7657601
9258597 693097
955822 7370314
-1020823 -3228481
-7915332 9083185
4943093 -1004936
6177889 -9402083
-5731084 -5138348
8203009 -1890110
6511597 6291576
8906331 8871791
2376798 9369131
4988837 -7246494
-8512332 -9521900
-1882633 5544365
7886764 3586412
-5720490 -37896
-2667581 -338287
6433232 -2248316
-3165131 6311596
7823012 1034252
-5851479 -8222037
9155967 -3482747
-2856504 -1582563
-5290986 7358976
6230767 -6344907
5540577 -6384655
8885203 -8876083
4118369 -6954234
8590131 -9627128
-3524364 -7764264
2197841 -1006752
8654961 -6728502
1023182 9530260
-1641792 -2395454
8638798 374404
-5331281 8697572
-4785174 5303672
-6278891 -6175314
-8816338 2358322
-1470233 -9053525
7078172 -69219
-6428950 6586696
9632462 5963376
-1147400 7689419
9925155 8222594
-2784158 5328236
1116087 -5360652
6685960 8387155
-4008299 -7860731
2513673 -4955832
6258093 -5369500
2450524 7182392
3523430 3989271
8863945 6171633
-365539 -2776556
7154225 -2606288
6496761 -3287367
5192361 -9274725
8414694 6129223
-3131831 -5955039
1889550 856202
5495550 -3399637
-5012481 -6994363
-4855094 2181511
-257969 979220
-1873928 174932
9873676 -3999876
2505747 -9423404
-735418 3397107
-9379449 1369692
1279757 8899043
-4388324 291129
-6467244 -2223482
6422093 -9195962
7365351 4463803
-4679995 -6709737
-7593022 -745099
2260538 3331907
-4486582 -2605503
8373718 -78203
-9903271 -2228198
-3711722 -3500210
9592739 9970405
-4116136 8794026
-7319930 -1142679
-2243636 -3495584
6795545 3959827
4252697 3368040
-3311570 -9671699
4792104 674791
-3518594 -5946218
-4174965 2628461
-4039631 -1111616
6282882 8085574
-1992629 -6009861
1761941 -2827048
-3810906 -9379548
3107209 8050220
-639402 -4218167
4639154 8991074
-4504510 2040668
-3999504 -7604482
-1720089 4807387
-2347960 2769545
-6555664 -2515307
-5945173 4960497
-2411042 -7557906
-6153169 -120137
-9518211 -3934321
55819 -9870287
9819017 -8994488
-8374036 4334112
2384332 -3991889
-5693703 4733173
3724247 -8255070
3785599 1461803
-3626326 1736089
9059828 2302447
-4928008 -2830063
4654630 -3288131
-8327634 -8967319
5991127 1225810
3622025 -738676
-2156644 9837958
2484023 4103814
5109326 7899175
2233287 2303040
827504 -748358
-6015185 7133972
1395254 -2349847
9111956 225415
4477856 7697205
-348 -4514370
2655567 3537685
-9750446 -2412003
-8862970 9826550
1052360 -8078080
-6300404 7128157
6966116 -5325615
1294551 1542952
-8041521 -8033509
4269532 -3596123
-1828129 -3291881
-6157909 7613388
-4736459 2156686
4898453 5237345
-4549097 -5624503
-7622520 -623690
5430347 5450555
5554904 5033047
4859597 5679901
118173 6691934
-3663556 8428309
-6897306 -3665879
7877074 5818912
7785403 -3086403
-4166174 2351905
9060024 2054935
-7815325 4005697
8678736 5418467
655813 -2551784
-5659934 3577189
5469851 6106716
-5926377 -3282454
4266945 900198
9096451 9628528
-1163186 -873457
-9928796 -8269024
-1934902 5173258
-6491478 5690251
-7396152 8458524
810429 -8706074
-4134787 -1562325
-7556628 -7613194
7805273 -1950111
-1985543 3638460
-2784350 -1538914
7084154 -5129125
1588421 5201853
8618404 3674130
-4180990 -4144633
-2501738 231207
1962184 -2827824
