97 4479213 5419825
192
-1541254 -3357240
-439579 7469415
-8034166 9251580
-4796326 -5132247
-5666756 -4851983
-9011384 172808
-7078418 -9536855
-4683378 -9387424
-3973335 -9794440
3414910 -6464473
5078707 3235466
9311298 -1382541
-9676814 -570071
-5177264 -5141854
9337359 4516377
-8840863 -9757439
228328 -9687543
9564037 -6764089
-1896336 2194162
-141468 7284064
-2543128 -5046740
-4583594 847148
-6023924 -7105194
-6899634 -6750620
-3215093 -7480907
5754559 -968372
7649088 -8136385
1293544 -2417791
-5043293 488626
7521355 -1367368
-8608455 -5705934
7122875 1196844
4432755 1619874
6330388 6686912
-3512672 5052772
-9993968 8705272
-7931228 -3539448
-644642 7938790
-8811830 8561200
-8919707 -5027924
-3479943 -2026922
-7646955 -648796
6933413 6685497
9690475 -3837059
-2688074 4406472
8700538 7211830
-1591326 -1296529
2839697 5823413
-4973322 5357782
410554 -8313562
-9608290 1514006
490911 -7067062
-9128271 -7539517
3538035 2362621
7334698 -7940101
-7450671 4618329
-6030467 6371107
-4427044 7418726
-6418332 3419299
-2174229 -4736569
4991613 893594
2113417 9042662
4866075 -6599713
1274421 7469467
9155905 2409105
6439464 -8315025
-5382086 2063967
-2959198 -3069625
9292996 8005995
-9934106 -9421162
5197167 -855954
8031505 5131576
2550302 1683052
7618703 -6395539
-8615756 6131970
9541916 -4555525
-5512863 6375857
2292497 -5828314
-8358847 1869564
6795022 6083270
7768246 -9202942
-4622623 -4249162
-4802435 4902512
2908507 2418180
-4486630 -5509439
-3849040 -4509247
3138681 3226889
-5090059 6698817
2819631 -4311016
4337306 5044997
-9510528 4203875
-6903915 -3604425
567261 7492961
-8121123 -2095066
-6011796 2208414
-4478176 1190251
6941089 4272802
-824686 899201
5833733 -7861346
9145568 4600173
2607279 -8652897
-2909656 7812880
4511697 -4254040
1434944 -5483362
9561635 -2668672
4051556 8288603
-5315822 2567459
60420 -336007
7568927 5251439
-2540147 -5544351
-1837747 4073483
-1653714 2981677
6397230 -4896658
9758349 37952
-5361874 2230964
-3905581 8903917
-766851 -238243
5507717 3184764
7701402 -6255154
-6407473 9459014
7747617 -220611
-7653152 160435
2340780 4948147
-7284062 -5076380
-8104379 -90293
-6016810 175791
5673820 57874
5161217 -5154172
4883781 -5412598
6818366 -2564082
8856187 2038259
-8199984 5429138
-8869746 -1910664
-5649466 -175915
-716901 1348008
-8872603 -9540587
-6863800 9547068
-2988433 -6525755
-9085783 5476980
-4613313 -272495
2419648 -7190162
2867713 -8113770
-3267942 -1906532
2680871 -9454718
-9502448 4132191
-3829550 -7984411
-38921 9353739
-2556925 -9513182
310904 1091333
-7560659 -5690039
7285727 2110355
1657424 6083090
2073687 -9578073
5898908 1185343
-9087151 2987904
-1685905 3801947
5688177 3332497
3942318 -8818192
4243442 4936588
-931221 -3376811
-8844870 4740994
4094733 -2244418
-1757600 -6367438
4723895 4054160
880473 8553304
663660 -320411
-4237321 -1833800
-1411872 4837436
-3977221 7836367
824271 -5512964
8288983 -3064372
-9731874 9138366
2836526 -3506487
3946453 -3273204
3349985 9596320
4337314 -6984768
770814 -2978533
654029 -9051601
-2481089 1529567
82871 7894277
-2426134 8399385
9081937 -9253469
-1899681 3336545
1172912 -9813583
-5326547 4123099
3575079 4513536
-3831746 5478789
4488654 -3640443
3086353 1521133
1117453 -1564893
-6033309 8952690
8490510 7971120
