130 6828202 974374
843
-9779074 8058692
-2174690 -4563579
2320831 8617551
-3683233 -7691889
7175735 -8605373
6627937 -8960767
4127996 5370718
7603902 -6414404
6204923 -4109668
-5586162 -5781126
-2601001 -4329086
88941 464400
263827 -6572550
256153 -3364503
5980051 -3099978
-5041286 -8769473
9183300 6200977
4818529 2784025
-2391512 -5979517
-4584889 -8864704
4690881 -5215777
2671294 -7956952
8144997 -8664771
9741914 -7208452
-2989578 -3133728
-4946462 -5844248
-2863496 4409421
7836871 5142479
4294328 7400332
6816706 -9390623
-8160096 274379
-3524643 -8224580
4559445 3539557
7560040 3810238
-2538114 -7832066
9468509 -7024849
7534552 -7847233
6004349 2139803
4931351 -1804099
5062173 5746263
2418367 4458126
-1132453 -9884288
-2225457 9554872
-528444 9220771
9830148 4585224
7375955 -3711738
-1936318 4186404
-2274039 6367664
177902 5139480
7307414 -4713998
-9222495 7639788
2308908 -707725
-8567921 828409
9024310 -1686743
6575872 -1120218
-6662092 -3397164
9234900 -1005761
-1450889 -5278192
-6057421 -2990557
4111019 8020667
-5691071 6289079
475483 1486975
-2145361 -5111036
-9971556 717797
-1479849 548894
-1811318 -147790
9144485 -702344
-9873934 3013942
-8672801 3092916
-8027301 1666728
8269564 7903071
-3102689 7826959
-7451233 7504464
7030260 -2037226
8499794 9007698
5296777 1141279
5144606 -7191277
-9785961 8288613
-8477238 5515598
-3935508 2758835
-7388955 42913
1856921 -3230474
9783469 -8244469
-2635201 -5500661
-1317580 3627020
-5953556 -662502
9680810 -3048016
6972801 943755
1422881 -7770423
3753628 4003061
7660692 -77325
-4752249 -8433243
2371722 -4678349
-9162751 -4538210
8220626 3894484
6453749 -3098259
3671267 3348023
-2380094 -9172977
7842714 -4028912
9598109 4984706
-5677796 -3474866
3477119 -6355447
-2895340 -5996986
8748944 -7033728
6969333 8527541
-9033431 2502572
4069329 -2853623
-5015620 -3785680
-5807538 -3558948
2851888 -4178371
-4760278 4929440
-1722536 -694362
-7350987 1427342
7398430 5897370
882076 -9508273
-2983138 6996539
3157444 -2279367
-5760001 -9506019
-6539747 -9737896
1305998 -7011057
-1992133 2945938
2608667 2272567
8486887 4593549
3550953 7593048
5931029 -7320651
125142 -3597159
-1775169 -8829248
-4885554 8402606
-3183672 873844
1365572 -7487124
2025768 7698405
7935390 898786
-6090881 -4816788
7961669 -7824611
7680685 9885724
2831662 -732333
-8459766 8204904
2798453 7956681
-1933919 -9972879
5222822 -3650594
-4731400 6513463
7684215 7864316
6266922 -3990217
6883628 5315013
7827889 5599603
-4185640 -9234448
1664338 -7629991
-9930426 -6250250
8441491 5573457
5459181 8031243
-2701090 6122176
-3156567 -9192805
1280228 -1160856
-8617383 9641886
8507645 1862662
-1623875 -878209
-3013892 6292597
-7697620 8576692
3891705 5769382
1368985 1702360
-5015736 -5764054
-3394044 7183345
3449447 6648602
-5261589 -3324470
-5293227 1890939
-9470533 2713944
-3962509 -5477965
3361179 -2627100
9531139 7317720
-819618 -2739852
6381939 555136
-3152267 7556507
6133199 5884399
1653782 -8333535
3368826 24904
-3222798 5539119
2722465 8353090
-2481955 3383158
2575040 -3828088
579203 -5227192
7486753 -201835
4320200 1108671
8481571 -6475756
3358316 -9802269
-2542121 529062
-8915802 -7461302
2611557 -6160181
9724218 -9551717
-7885251 -1255244
1286012 1378000
-3082880 -2000073
8869369 579567
-6037275 2155937
844201 8903766
-6323425 -945882
8852283 -8576595
2532076 -8836672
7203924 -4311164
-4113433 -6470001
4059062 562241
-4382709 3344447
7184266 5143260
-1892104 8228849
9489957 -575164
3319189 222645
738924 -6707678
3871889 2752661
-5091402 -7875355
-8971588 350966
9405084 -1730849
-307444 -5295013
8384667 773720
-1021092 4740984
787336 -1895057
1183536 4865475
-1790078 -5153602
2506010 6800828
5029677 7910540
9851729 -9386094
-6647097 -2964014
328308 3170918
-4076421 -3391821
-1267175 -5799803
4551164 -6651471
-5865968 -238763
-3017424 -3527400
7246320 -3657059
-8916075 7883595
8504890 -3774772
3607056 -5612387
-765989 -311573
-3510745 4333330
-5239777 4256374
-2613368 4035284
-8928730 -5388048
299222 739536
-135933 1399579
-1883872 -1260847
2087682 8596892
-9125519 5183644
-8343755 -1261934
5081007 -9626591
773356 1418917
160498 -1318715
3068898 -721753
1483026 -6232446
617236 4819262
-8408012 488633
-5476083 5377459
2505763 -1021380
2234508 8111539
-7972530 -7195015
1544138 -7901424
3211820 143599
-4672757 6148172
-5113761 4086302
-3023937 -3016512
918758 2483598
-8835117 7749420
9544019 -8920744
7363162 -3249866
-8430604 1027045
-8484322 -2019602
-6642142 -6838616
-5343644 8555947
6667486 5863621
1184959 6890865
1505793 8694957
-8645092 -7270903
8877270 -5282387
1320267 -3317849
-3818008 6279861
-1236541 8296331
6045751 -382898
696358 -7555305
-805171 -1893878
9133167 -1940480
-1443730 -6719423
8958313 3165197
1721144 -5569520
-9705898 -6385331
3021886 -9095018
9599939 -6004587
-3275490 -5472321
-754707 3471199
-9846649 8118132
4397993 -9434440
1378243 8851695
-1531203 -6838547
-4393852 9940346
-1953532 1681507
2257379 -2682671
597906 -2820365
2861184 -9186351
-4755870 -443781
-4312760 -5417672
-4512689 8054584
-7950003 8709127
-6763194 7603602
1074802 -1225493
-3107360 -5001549
8080364 -6255495
-7403800 3806985
-515210 -541393
-601046 -6418651
5262856 -2392710
4924619 7445422
7141410 -2479765
-9149764 -4477475
-2404904 2594
-2898725 -3905634
-5851050 3282337
-5492184 2588586
-7291460 8715299
-2510193 -9739026
-4740574 3783342
7527847 -3101201
3222136 5856142
-4685251 2640399
-1261900 -7293073
314217 -2769945
7191830 6517308
-5962457 -4761163
-6722286 4333240
6852186 7404132
-6501502 872811
6671500 -6046539
-941601 -9836199
8879100 -8820684
3956642 1766940
-4449718 8885259
-4215942 9216068
5072210 5594482
-1765119 9006195
4229474 2903312
2649719 6972982
3490290 -5456309
-217472 -158451
-5825211 44186
9964670 -4423405
-1034242 3543328
7496789 -6536832
-6373031 -4362742
9332926 -3444811
8322129 5022422
3907681 3289568
-4978011 6388763
1983245 2208092
-6269361 2610551
-4486137 -9781873
-292539 7960113
-7496196 8163583
-9478516 5714103
8274641 -5197315
379280 7212626
755954 8239311
4218832 9345038
7498648 -1747257
-2675716 362153
-4615425 -652074
-7362506 8162765
4551529 1808609
-5983299 -9824165
2786387 -3465226
9269253 -2252660
8223805 816602
-8503463 -8506934
7207170 3243961
8046646 -7981978
9230648 -2001837
8753827 -9057722
2803668 -13398
755697 2972659
-6665188 -7181332
2166594 8079982
-1240901 -8764260
3044349 -2679559
-2503724 -6689372
-154597 -422598
7324742 -9717337
-6384382 -8368992
-6875925 5548547
-1207492 -4887845
-2869823 2847597
-9154240 9355507
2814137 -3639175
-1136221 9599587
2572246 -4382194
-9047174 9619477
215811 -1576589
-340849 3119421
-9560138 8974910
-7714461 5219852
-5202746 -9547510
3251506 -5352706
-3721698 4638348
-7296753 6867124
-8020721 -597623
-7750026 -5987893
-6632386 -8374191
-2013366 5612087
5211674 -1301896
-3167738 6850414
-1013757 -9699727
-8759964 -2214912
-9095491 9202054
8176964 -6584461
8635391 3860723
4313214 2978855
7626149 5948997
587345 -9918928
6948196 6420804
8339533 3290592
7302699 1443827
3069636 -9410492
-1282053 3186666
-8115230 -8943729
423037 6445973
6746246 -8766616
-981528 9409280
8611334 7986282
3918173 -7560666
6300057 -695350
-7716494 2553564
-1497439 -6870377
-6789305 9909655
-1153189 1606258
-5103150 2675243
-5880929 -2813655
-9707795 4715902
-9581080 7188707
761330 -989848
-4543875 4820042
6053426 3700719
-4373649 4718724
-4778642 -4928102
-2488768 6754037
-3941312 9139532
-5790552 6327642
1973617 -1657806
-9231799 2712010
6834620 -2299335
-9624092 -7868635
-682290 4247823
-8519923 -5505021
4200039 -390085
8620067 -8101003
6719039 7477721
-6305207 6592544
1311268 -4711183
360715 -678856
-3924818 6532627
-1811489 388300
9232294 2133870
2992416 2397959
7626321 1205911
8906576 -3723031
-1591666 4460942
-1291235 1798837
-1189832 7726044
9852311 188842
-5395809 5526559
3004281 8472378
5064923 -8676770
-3387953 6699074
8536570 8892543
-2058478 -510886
2393766 -5388248
-738026 6130033
-1472007 1626060
5348324 4770742
3564064 -3845686
3131608 -3228748
8570089 4488750
-5268853 -8159627
-5454433 9896610
5423169 -5416542
-6944163 -850242
-7010660 -1572550
7642876 637112
-470345 -7882261
-5876794 -1304201
3307551 7471178
-3882437 6516972
-9340615 5085878
-7627028 4645556
3316223 6007709
5295313 5937036
-7057861 -3552169
-1711795 3865403
3762013 -2326714
2256744 -4649876
4499883 -8298466
128985 -2171067
982397 5575
2123315 -9711787
-1015988 3028405
-6984065 6246521
-4720155 4807916
-7589854 -866502
-6220945 -4060770
4463291 -5216882
3236507 -388370
6059461 -241395
6140360 6178646
-6148068 -5652334
-7785857 -7581275
-5879741 -1374972
6453962 -769622
9235953 -3234404
9570162 9952711
2981116 -6124380
2638493 -1445826
5878442 5997051
7646902 7918339
6373921 8288588
5588059 3942309
-6446061 837213
3112170 -1175434
-4996788 9613400
6477419 -747470
-5812393 -1144856
-3476 8691562
-2078060 -9175782
-2410185 8966838
8919550 -2842107
1033514 -2840023
-1769497 1900666
-9585930 -6327993
4106698 6625298
-2569762 577324
-5480367 480620
-8682167 -6981703
1842863 -1926428
-2313028 -3053645
6198885 6846075
8217571 -5835609
5372305 2902844
3727062 -1785904
9697286 -6705755
-7031509 -8683123
-9006794 8616836
-6966145 -3481643
-7293284 -8259938
8365360 5964277
-3458399 6813415
-2705965 -4204402
-8669752 1061234
9134806 -8871780
-9409073 3173111
-7464461 9338130
6018874 6789812
-7790992 3269462
-8516442 1391179
-2798223 5936070
7252948 3697197
2314033 170268
6688625 762506
2502568 5347888
-6171483 1911693
-1274892 -6615720
-8303769 370118
-8568648 -1464505
-7819933 -6973521
6199590 3082510
-5063007 -7229006
2077158 1251481
-5479056 -9044133
-5136602 4286166
222237 8520854
2218051 2065175
4751795 9991537
-6729605 -5467915
2396325 -6043228
5868466 -1710684
1673596 6224843
-3405039 7109926
-4354578 -4113821
-1087342 -9457334
-3858472 -9658159
-6887164 7628601
-1119918 1078521
-5449260 -2293654
-8007487 3401026
1921881 -585861
3995666 -5268898
-5277361 6656284
-8811631 -1252538
-4779414 -9490614
-1201298 -3898953
-7674110 -8910948
8198979 2988651
8874830 -8562797
4496221 6360753
6702594 -9696159
7932442 -9362250
1716271 2331782
-9961871 9328876
-4753745 -1216636
8197503 -7969358
-3238256 -315512
-3659228 -5290479
3456983 -5999265
7026473 -9954506
-3853459 8677570
2282974 -4174824
8813827 -1527569
-7574014 481953
9359058 7688657
7992498 6922208
7559958 6061653
-1606565 -1558708
-2229831 -8207419
575945 -1568436
-7021442 -4467224
5217264 -8710200
-4000678 -7743346
8773741 -8441964
-8396470 1972657
-6833421 5800215
-8374609 -2249929
-1261146 5449554
8447859 -9560782
644227 1164841
-1912951 7806918
-3615077 -8846922
-405630 8163359
9955940 4778358
5726275 -119109
5413667 -6951762
-5661962 8704833
-9038512 -6852717
-5294680 -7146288
4826370 9735229
-1948204 8825202
9091626 509301
8475207 -322813
-7367243 -2169520
1511673 6923067
-2753663 -4206663
-3053585 2115074
278433 -3852388
-9074030 -942863
1454381 -7249274
-4201036 6652245
-2126569 9384400
-7468316 -7346646
-4492933 -8648729
3602852 9753356
8578558 2849789
5875442 -8345351
-6151812 7670184
8017017 4350650
-6209931 -3519054
-5209365 -7954958
4160117 1036406
-299630 -5746598
-4173109 -5561450
-2810724 626340
9794938 7281272
-817975 -4495408
-1842053 -9815279
-8464008 1713709
1467065 -3818634
9031155 5138844
-690155 -7438025
2748512 4906597
-8226401 3158034
2155332 -6718119
-4673077 -4436332
-883574 -537681
3715721 9487040
-6074409 8816796
-8040511 9542612
-659763 -6368781
-864188 -8245573
-8060852 8522262
235971 7293759
5991477 5991492
-6353312 4219388
-702285 -2461016
-7554419 2956534
8630920 -7953773
-4671892 6735533
-7700799 786252
-9751429 655032
142072 1415628
-7251224 -3519356
-3976744 -3415985
215235 -5291735
-3537308 -2120155
-3597893 1867399
-8322490 -9081808
-573964 -845570
5890170 7668987
-4792029 3072725
8545611 -4812114
-2765887 -9830096
6905437 7176531
-9520865 -4921426
5733606 9204639
-6863381 3244058
9724702 8392030
-5023954 -4114605
593661 8264310
-3855844 -2292367
9575032 -427295
-6992750 -4937385
4217046 -8747458
8921529 -5050362
8022363 107216
-2188546 6645852
6815756 -915674
8777209 5045568
2640494 -3762454
7958537 9256344
-4983246 -9109548
9282482 -8904844
9496903 7257808
-1961529 6774880
-5517487 -7393084
-5304026 -3301021
1761594 6573897
342791 -2296776
2652862 8494992
-8881439 -8219328
8426524 -6808422
2275904 -1069985
6491935 -2241367
3996179 1053114
-7174190 -867571
22881 1954716
-4433776 -2157435
7616725 -8178284
8596596 7579479
-9813604 -4344804
2354175 5595462
-5314289 -5117630
-4898054 6632122
5127114 5028503
6809175 7754808
3462738 -1237973
7692043 5235700
5510685 -4261357
-691891 -3299670
5832760 -493136
3977932 -5349729
-4990812 8371993
-9806291 2060508
-360013 -7374086
-1718890 1306658
9418472 -173617
-2774895 3151638
-7699888 -5895817
9132686 2327051
-7401788 7427226
-3810746 -1541786
6210266 6060950
4315945 6397649
-6902021 1720951
3744167 -6375946
-1725674 1447091
-180915 -9761549
2298959 3283514
-1574220 -7470854
-3647844 -8061054
-5718318 -776757
4891233 -4229372
-7608836 1506787
-6166161 7191345
-2865077 4040202
-7501584 -3567949
-7506999 -4159471
-7761822 8708682
-7054015 -674701
2949353 7852510
-700399 6690152
6928603 3740031
9539898 1635038
4164185 -8256086
-6317139 -9517970
-294727 3032693
8803322 -2035457
1987682 -5403494
-8212149 3710838
-2248960 5821521
4769924 -8560873
-2720344 249457
-8525509 -220722
9104577 -482165
9886697 -5579523
3626981 -5429718
826666 -813702
-9178663 -6928063
-5184149 366564
-6635054 -2498126
-9465433 -8984936
-8504041 3070220
183078 1854241
-4434921 3483642
-8178485 -5512718
-4073591 3316120
6081929 6591440
8887070 3206065
5240252 7556420
4493249 7991647
-7438071 5126949
-5686752 -9363417
-6291480 3388595
6271511 7650937
-4847189 -8959277
-7944212 9636458
-4776970 8203730
57972 -6448253
-448259 5406108
2409742 -1860597
3971875 -6110391
-9518951 8336151
-5941431 53804
-9873423 1884471
-123882 9298821
4425771 -2863822
-2227239 2438047
8342995 1255371
-8577340 1481281
-4961643 4614506
-3232684 9091823
7295553 -2905855
-6837756 1990346
9912807 9869877
-9474367 -4769662
-880053 2322549
658701 4497508
7067665 -7882652
4001819 4717270
-3467557 -289406
6846772 -6122063
-1167664 3474566
7246289 7135886
-1382833 -2824669
4306190 8668949
7760772 -3828124
3266021 3589858
