124 5263108 7807668
727
-7129965 -8777078
-8826462 7517112
-2414783 -8552840
-4452448 -4353115
1893590 5265998
1400133 -7053196
-3812167 -4334131
7829552 3366581
-6415524 -4182760
8782502 1221840
-4163400 -803506
-1254878 -78578
-7087398 2786968
4211639 3734998
-1001894 -2244672
-8505398 -5464340
-7947228 -5615507
8348006 5184492
-9168623 -362010
7420340 -6104442
9358715 2724967
907188 -8663175
4703406 8062900
-6119860 -1263260
9958581 804234
-9999271 5178994
-4899584 8311533
-6385147 -1254149
4997201 -1986982
-1715302 342845
-2605143 -6004693
-9103847 -220700
-5036207 -552371
1601971 9244159
5656069 -4204830
1036490 -8461337
-7124511 5014784
-4405964 -8056322
680419 95247
3415834 -8009471
7169523 -6844648
3983237 3416563
4678766 4786292
-7200690 7598090
-9542713 -324032
-3812373 1084009
3379661 -2147856
-183874 -2916220
8844291 8343454
-5861375 -8581903
5473113 4500361
-7968503 -2308533
-364855 864954
-9039799 -2374466
-383937 2831916
-1496380 -3107613
-9691050 9301938
4088230 5003209
-4882348 -2495931
-303611 -596107
3004254 -4425061
-4056564 -1599632
-1999499 -3616085
-5272630 5759562
-305989 -3155208
-8654847 -8617653
-926186 -4832876
6032078 5893003
-6481463 1225311
6573580 -491368
6401019 -4349048
-5047110 7593552
2596762 -773678
-753257 1557473
-9038634 7714414
5805705 8943132
-2656500 3965620
-9650465 -8250859
7508703 5344001
4705146 7593257
1491956 -2797285
-5113809 -1433349
-5540346 3082122
-5692566 -9081730
-7056746 -9505457
-3854505 3397366
990918 1860625
-8913053 -6385262
5172211 -6412320
3818446 -7149958
-8206826 -1350071
-7384451 -375848
1373293 -8346973
-486620 5481436
3074694 -1118003
-1398936 -5781474
2785178 -5433350
7648773 3487255
-3078123 7244832
7739376 4472559
-9613723 -7618517
4242109 6401223
-9984039 1377195
-2518772 -2154592
695451 -2295476
6354453 -8700326
923826 -4995023
-3341996 1486354
-3032209 4813472
6211821 -1312263
2906263 2558837
-358161 -5187115
816492 -4308559
5452626 9806964
-3204125 254722
2636205 -4291646
-7890423 -2817848
8559348 9394666
9756427 4641891
-7653585 -3959424
9856602 -7031770
-2026793 1217221
-7296425 -6703219
8110253 -2852436
5835301 -7812282
4746555 4322074
1651311 -1258436
-3050642 -5611605
6711711 -7532197
-4761123 4918336
-9373310 -6492413
689739 7875083
-213899 -7263733
-105490 -8234561
-9677633 -457472
2510758 -5242722
5974499 -9821030
-6524249 3000318
-9852118 1194426
-4101503 4102356
-1575570 -1500465
-242549 -9354948
7549799 -9924259
5059896 -776839
-5858503 -3222137
285450 -9701226
690209 -5231813
-9979193 -9024811
-7259371 -9523690
-7464809 -7568331
-2811053 -6937004
5758318 5045949
-9437381 5679798
9390577 9234069
-4147223 3226853
-8273612 -4710926
8450478 4277207
-3130700 1483840
3223353 -1483370
5294493 4445549
4744323 7364851
-7866962 -4420057
9071484 7950884
8427194 4670197
7101867 4328465
7391462 3478737
-1475313 6807166
2486965 -4333868
7416554 -8396342
4830512 1877542
-317032 -6730669
62891 6556900
-9442908 -1866554
-833572 6932191
-6105908 3780446
1145297 -5539079
-7442784 8638415
6589299 -4205313
2981237 4145053
-1526482 -2467154
-8988417 -7400544
9406622 8381332
-5952535 -7947378
-6343719 1893587
6287481 -8535981
-5266650 8486793
-2439955 -4029551
-3379752 4796241
-5755215 -9366510
4413936 5786676
2763950 -1861123
9293645 8075585
6386624 -2162482
-8017429 -1600704
-1551506 -8115787
-5516331 456090
-8646226 -539922
-5970948 -6109708
-1699769 -4598761
9381610 -9798315
1204830 7104065
5590866 6631313
1427554 1281228
1914718 -7788886
514143 -1811309
-1156079 8845006
6920591 5794445
-6368037 -9346082
-946786 -4176433
-2292219 -4385465
-1413023 7501709
9478139 -5292198
-1401906 -59249
-2141657 6023543
6225229 -585322
-3481257 9756305
6387618 9946411
1227639 -7890391
6837076 -9668475
-1479784 -6857643
-8012637 9867571
5662016 -119511
534407 1424306
-235774 1810331
-58782 9587622
-394317 -11641
4696161 8528195
-9014701 -8399826
7623717 5810608
-4774714 -8640006
-8883701 -3634702
-3688290 -5739619
-3630010 7503918
7835443 7539349
3198059 5723418
5590989 8872011
-1247499 5185422
9126081 -6230643
5579689 9286908
1390882 -1109693
8878666 -4479093
6565455 -9003435
5113091 3574827
-614565 7550754
1427100 2736809
1618459 -2872927
1387454 2543399
-7436331 7930169
-2014129 273797
-4002785 2915464
1787476 -8816070
-1114296 4104557
7873914 -9460023
2343237 -1988215
-581556 -4030045
1490863 -6265880
7247037 -1702890
4388290 -1943682
8123424 -5123519
129642 6290077
5933503 -7933124
-2873373 -8251899
2194623 -2679043
111106 -309703
-7394239 -9819506
3880776 -1375326
-7270769 -3090411
9965918 5282832
5810970 3119497
1605805 2309156
-1440372 -4770586
-3957123 -6903332
-6330662 8323017
-6800502 2947519
-762404 4309114
-1107658 -4154508
-2406406 -4828901
-4991591 6018969
8225618 9788217
2485063 -2364133
6260541 3347732
-9742679 8882191
4165023 1506124
7141974 -9776760
-4951252 -7507655
-2278240 -1252221
-5639201 -3875272
6964097 3764637
-3287844 -9453511
4855603 2679948
8525440 -1533896
-3846444 6264297
2283266 -3880966
8423603 -6321683
1314184 508885
-6143383 908666
-7692791 -2425274
9080850 6630290
-630118 -1011415
1480930 6222824
7486955 4418630
3059710 9202690
-4516321 -8152246
-7605757 23808
-7296244 -5287813
-4305356 -233802
-3969505 -8770804
-2651769 1848200
5526517 8313762
-8661001 8288186
-803147 -3159299
-3068221 7711968
4342258 -5979586
3008999 8528982
4751806 -6287859
647123 -5510070
6208972 -5244886
-3397132 -6293166
3730642 -8307348
8921191 -8486536
1279662 6434398
7663594 -5384165
-1019613 -173490
-9343376 7528177
5816364 7023256
6380310 -8004377
2223943 7529569
4066335 -6687911
-8158929 -3433799
-7205306 -2924665
-5918383 -890770
3864344 3441818
-334996 -9709411
4499593 2983564
4497028 -6604354
2346396 3420785
552972 -4223309
-1880447 -7473658
-9945480 2049712
-927032 -1223823
-6711848 -1612764
8433157 -4546722
-1234632 5512095
4594648 2499492
9574827 -6877209
2232021 7389343
-6652487 -6343556
6463386 -3903635
9079930 3012517
-1075485 962979
6900116 -3906690
-5613647 -8729089
6313605 9969441
2019153 2505906
-8717917 6368125
7271713 -8907879
-3454600 -5429765
-9917670 5704870
-9279285 -2172880
949911 -2806669
-5417326 2811894
6468339 -6818067
-8205350 -9553461
-4024592 -4551923
6411056 3390932
9484243 4899923
-1312814 -4172475
-4203034 -6129404
6376503 -4999209
3885269 7816119
8908240 174938
4745174 -6326666
1894557 7969992
-4202888 -2656144
4537187 2615272
-4572834 -736624
-5038339 1636213
-5400896 4411857
9859934 9272663
-4820052 574512
7990787 -1212657
4614868 -5335809
-8948861 9194325
6711469 2928186
744305 -56006
2635285 -6886910
-3213576 -7831103
-9861110 9896811
-2759333 1197333
-6187395 8452354
-9767918 4294207
8446772 -8243876
-1315667 -4806257
6982759 -6954123
3620389 -8939380
-152037 -7837293
-3173102 -5872471
-6678146 6979183
-92631 -9605611
-7145264 -9966677
-6853587 3168026
5336923 5490021
5386832 -7550810
3646523 -2007835
8960872 5143851
-561942 -24519
1731605 9192954
6903050 -9598817
-6552940 2932290
3992910 3885809
6048516 -416199
3711330 -6159127
3336408 5391766
-1697493 7033185
-417140 5760129
-8555493 1157243
9163616 2729274
-2305184 6781431
7289948 4550448
-7789348 -8658661
-6166828 6250820
-2039873 -5834938
-5433755 -1918871
-8986580 -5136823
1265338 -1986695
7597107 5006330
1363556 9830206
-2261676 1308437
-9142026 -5300036
2976446 6040831
9714427 440835
5686461 4420953
-6281264 8878043
-4055156 -6618723
7238968 -8991315
-224143 -1844504
2320558 3588493
-8330378 252336
-2368135 6886804
7416461 -7316958
7689373 8897203
8727409 5013568
8838358 -8430719
8785597 8982085
5022917 9696332
-7346481 1762043
8699349 4737344
-3868261 856332
-3246039 -7581915
5943122 2076583
2748431 6509282
97775 8235332
-1512332 7585342
4472146 1767397
-3033208 6119534
-2466911 1888607
9418528 7172517
8741798 -3739501
7758936 773238
469570 7527395
-710561 2781853
-9964451 -4360558
6495774 -9494860
-7076775 8683641
-6723424 -6750264
9759018 1382700
-381968 6025008
3610350 -143207
4140542 622052
-3258414 -9401152
-4996193 -8892666
796203 4274676
3051527 -5577665
-2288075 -461999
-2934603 810463
6108669 8181496
6337290 -1128812
-8107320 6144218
4827859 2833064
-1400848 7332257
-1285043 8104436
-3354204 -9125478
731315 849341
-8528606 2772498
3371346 7388210
1011896 -9270668
5004008 8375153
5313841 -8191900
-6137547 -9428113
1382351 -6974234
3723614 -6555798
-5168258 -2508980
6151590 -7422744
-2073327 -3275578
-5943320 -6504198
4116590 6525825
7400348 -4712011
6137331 -9237614
3534884 -9351985
552577 7608725
854409 9422582
314087 -8435526
5888926 -4141582
-3569695 -4372072
-8829953 9751379
-6804418 329008
336380 -2589987
-7496378 -1972676
4751747 9004323
-7499875 430295
9472472 1324779
6612768 6616715
-104547 6872820
37188 2750099
-7124824 -6569663
5369271 -9410235
-7845761 3729586
2104356 -4316642
-6172361 8043165
310897 1051013
3896374 7514038
-5075949 3506479
4050155 -5767246
-6762923 9944025
374320 -1198098
-9873319 8253554
-2613379 -153207
9235965 -744198
-7994099 7282074
3228763 -726847
-7620729 7397430
1127016 -1401966
4281393 -5466490
5093028 5747724
-3201263 625384
-1860578 -4596075
1426756 -9304889
7444218 -4420175
-4476149 -4523089
-3204834 3197647
1451202 5898171
8261316 9438199
-1305999 8837823
-1363750 7497282
9286787 -6783745
-9386315 -8134987
-7020600 -8333942
8715921 -5742947
-9995223 -222855
-9597471 -3674699
-5754422 9319866
2531330 -1458049
4121776 5672334
3665597 -24452
-6826805 2161979
-9423497 -9539237
9898963 -2859251
-4021427 8837819
-1148547 -8890684
-5674429 4614823
-1003812 -1861759
-195701 -5060744
-8287339 1975588
-8247267 -8963428
-2638127 -8282562
3553657 -7844738
-6786435 1607451
-2720215 -3915013
-1423113 -148306
-7986327 -9054617
3922498 -5733566
1407184 -7409824
-8572004 3821461
-2552870 -97891
7033284 279449
934042 1772701
6711958 -3970528
521413 3254694
4291266 940971
2658410 2274146
-3054239 -8346860
-4223057 8728419
-5186594 -7324322
2527372 3056729
-3481536 -4093355
173079 4541046
7131222 2957314
-3221224 -8419737
1482372 8559218
-8644980 4225906
8514959 -8967992
-2938519 2289062
8060108 -2256731
8684241 99246
-7626608 2351375
-3479133 -6140997
-7412578 -8164495
-5488816 2297810
7870891 9917180
-4176175 7038556
1579602 6905707
-136978 5996904
93520 -8772823
2302747 -841850
5900408 4092244
5124253 3657767
8463182 4415367
-7841363 4702086
-5198668 6523290
-8608983 -9157122
-5298119 9691076
-8473418 -9571764
2726047 9805655
9722835 8554118
-1890974 -6886710
-9981002 8063012
4059916 2204981
3432158 -117980
1556522 6669788
762033 -4265095
1909025 -2543070
-8127703 -4113714
-9411628 -7111441
1928201 6547286
-93484 7906056
7597132 3319219
3747455 -2875251
-3069596 1640066
194184 8989854
-7896855 9169591
7232603 819563
-6975456 4638495
7036867 -6191128
-9521340 -1026946
-2775689 -1406611
6050319 1240693
-356669 9133336
-7978105 438968
-3013745 -7251945
-9345889 3950097
9785668 -590877
6533873 8251244
-108690 3533123
-4960670 -6535723
5150221 2601847
-6578590 9658827
4297322 2382824
6191696 8962306
-2064640 1334189
9927578 6670357
-9572598 5159671
-3190640 -1505751
8933217 -7412914
-4664859 -1168745
5297704 8435824
-9638700 8505605
-726799 5083372
-8867152 6895173
2875802 9164511
-5717290 8688530
8347357 -1973977
-9591152 -9779528
9182778 2644679
-6021132 -883104
-4212747 9634490
-2689486 6422798
7433399 8731008
-8681906 4119874
-7048871 6366616
-2681207 9169587
7675192 765186
8364910 -2319907
7091618 -3051607
8629257 2014110
702640 -32580
509796 5428319
5648792 -950003
-8305324 918644
-9964460 -2652078
-3017587 8189896
-2870954 8339146
7070154 4292927
-1587199 -5437555
3445414 904600
74187 -6119718
-2838180 3280559
-9039348 -9734268
-2785875 -4473269
7540841 568622
-9463958 8359734
3788054 -1756518
-190169 1045838
4480834 -563154
6784768 -5979140
4727108 -2967273
-4628127 6283533
-6907188 -8143845
-3581400 4958379
-4137021 -5978035
-9581400 2380366
-4339075 -1546482
-1280750 -2419580
-4376497 9137929
-293449 5933376
4293110 -6835655
-6075821 -7241054
-3678864 -9402484
34362 -3749638
271222 -9198029
-9648950 9335483
-1864632 -5001669
-3145514 -4277077
3197654 1228181
-2233502 -4210562
8169805 1576985
-9969497 -1814902
5765519 6347082
5485012 -1250246
7199482 -8610978
7069719 -4808437
-9533139 -5991056
-5393539 3510250
9760613 -3212002
-9893679 -2842825
9009010 31835
5030166 -9542629
8696646 -2855621
