269 7671494 3774586
277
9159968 1591889
4214930 -34248
6900805 1788051
4971504 1719644
-2141652 5897345
-4180081 3126392
-730168 -8882294
1584637 3695239
-9177464 -3492587
3170215 8079253
8725884 110179
-7376025 6987923
-8845203 7960146
-428864 -4347827
5840019 8255073
-7636686 5862075
8344179 4999987
9304391 6578244
-1702112 5244984
-6341318 -3207753
9918639 6156236
7273943 -8005047
5690192 -811528
5695885 -8625068
1970537 -970920
9139260 -1133900
8370376 696421
-8827081 4279587
9931760 9525173
296599 744056
9122483 5771779
-6711881 2659913
-8245490 7466662
-4772002 -7407490
-615243 52398
8724987 -1113320
881633 -696603
1008221 -1484718
-7593434 9088178
-1882742 -3295894
5570207 -3106545
106228 9772870
4052457 -3543065
8498460 1279148
4539556 -3499431
-7727651 -1204941
3971325 3662039
1128701 8076820
3185682 5725835
8294585 6356699
7759732 5086791
6906540 -464076
8051206 -8842283
-9754105 -2085239
4618868 2974124
2383931 -9120494
-9347624 -7294573
-8321286 -7509840
-3714340 -2778814
3721755 -9822826
-1027766 -9174784
4487255 -1489544
-3412724 -7056441
8669394 8132308
-2994641 2289310
-2623898 -519669
9016256 7281443
8439161 -5717358
2197404 -416186
-7442061 8685056
9564562 9332624
4554403 4941870
-51618 2733291
9954477 6233117
6410291 6234042
7059258 -3807416
4703041 7898877
-9157564 -5937135
4711525 3806669
8612332 2028182
-8491486 -8283115
8998328 -4011566
-7212572 -9475230
108584 -46159
-1361102 -2498816
-3166192 -4817125
2641098 -9280188
-4030545 -8611789
7621328 -7410520
8823523 8440284
-5367131 -3452028
-5553151 -1600867
-5021649 1852262
8175283 7805638
-166180 9689876
3923113 6787615
5292401 -6141314
6899808 -4562206
5391635 8079830
-4418986 -2991607
-5292380 6546885
7266698 -5068825
8835738 7348718
9938199 5752505
4192790 -1026581
5521391 1278074
2193559 1342011
-6805727 2484592
290230 7171910
6861787 3885908
-6810124 2640403
6499089 784900
6222694 8482277
-921541 -4084750
2923643 -5869318
-9322433 -2824174
2107001 147615
-2503666 460617
-3786877 942739
9916158 9950885
1228959 2922265
-5735724 -2046099
-9561506 -6577482
-9405571 9974901
3860809 -6754924
5885479 -27432
-9242532 -432963
-1950685 -5099079
816171 -503485
3627197 -355874
-663696 6256166
-3596219 -3178884
7281734 3959657
-5097603 3900115
-3632648 -6505143
6417122 7334907
7805161 7596311
3535182 3197750
3172651 760007
4005083 -3354037
6618531 9549812
-883150 -109437
-2692164 7375999
9388866 -317483
9326643 8124007
4380173 -4467585
2353532 -8820700
5138957 3300306
9716774 -7848382
-4353525 2557706
-107386 -3915874
6196790 4579949
-2222301 -9785873
974134 -268028
6377935 3466702
3016514 -5020783
-2613868 2996466
-7111183 -7866636
-5667767 4693968
2817975 -7722316
-9673549 6175229
7354529 9714500
3014807 2679983
4831601 2493486
-4948807 -4752067
1332059 2994428
-9909271 -2539841
-2325714 -2471151
7260821 -9615220
-3632166 8648420
6143989 -3844892
9151574 9384349
4034065 -6469878
8224090 -7959608
6834428 8366299
4541528 -6441582
-6727082 -322769
4873567 1896057
-5610457 -1195923
4052010 -294832
5215949 -8042912
-582753 7900422
-4570729 -2176970
-9275837 7091533
-1743695 5206445
-8638447 -2908003
-3523654 -5599705
-9553231 3029480
5069872 3026764
1393063 8670859
-7770723 -5579348
4097883 8450943
-7136648 8018548
-3177375 -1028550
1192971 9769247
-8273664 3390988
1291410 8925272
9264654 1143583
-9248531 6720681
-5556522 9988817
-2919185 -8475874
8440773 -4194968
8834512 -3926487
9100277 8887542
7558402 -3579264
-6642260 -6990308
3976987 2304031
322579 -28025
8943426 6840339
6609587 -338443
-6947455 -7347251
-8421979 852275
-8004142 4343955
-6419012 3359027
3347845 5263679
6787806 -1975533
-3654149 -9571340
-3497827 5228579
-3367526 7696715
-5882549 8118803
3644847 -5809124
-988741 9991543
-36482 -2378165
-5537826 9333839
-1004604 -1093056
-5923955 3588113
-5559612 -5435707
8908248 8170418
1529446 8952599
4216278 -7510764
-6969945 -5122709
7822303 -6479564
1265368 -624094
-2927379 6840828
4959631 7897842
-7911282 -6293576
-6302033 -8879169
-1257334 -6383671
-7049832 3661486
5084782 -4278808
9309306 -5538084
-973791 9160828
-152402 -6250306
-7297707 -2065543
-7059954 -8622956
8770687 -565076
2955360 8486453
-2137640 6592990
-4049829 -5779272
-7881430 -2548667
1157758 3426154
4546985 6723640
-9660030 -2627923
3549915 -6710349
-989156 5806490
2784759 -1365302
-9688122 -9163498
-5413804 -8189032
-7738222 159476
-5947127 9804842
-760234 7718176
6204629 -7176440
1932903 4711478
1448559 -5933011
-5965325 7883074
1309228 -3916519
5323474 -2291215
5080862 8372566
-8337783 -1820204
-6013714 -1369222
7265476 -6810587
-5974085 6771045
1098366 93706
2769534 -8871536
-9066694 3360144
1078320 6822407
2162320 -7310576
