563 3184063 5663313
603
-601873 7749930
2470180 -2504754
1282590 -3132080
-7015382 -3898792
-6153166 -988762
2824786 -72116
-8078037 805561
7336649 -5867651
9121272 -5439836
-7332603 2421076
2149984 -3403656
700920 694061
2527910 -3983335
9921646 6857691
-7441893 4674864
-5058854 5584959
5596558 1956234
1340506 -72322
6028886 -3120852
5890386 4325124
6769360 9875721
-6802366 -8768476
-4636127 8691323
5767840 3050635
-4528289 -5514855
-6402159 951589
-8354350 7621695
6154713 4298762
-6327195 -3310088
3881128 6076359
-5822330 8747264
703498 1338626
-8733695 2290580
9169728 -7955995
-1114519 7295191
-312736 -2423533
-1192009 -4345158
6862517 2884899
8451886 4171865
1173362 2630357
-6418053 -6076402
4061645 -2712444
4102670 7743949
6950214 -7267290
8809069 291827
-960908 -6652306
4686321 5503092
-2206328 2258942
4302947 5952626
-4235831 9479753
9572572 5704781
3875975 5451434
-9147315 -1619437
5068780 -6745156
5885202 9304571
5744521 8758495
-3953949 1983501
-7756198 -7677481
-4944771 2665073
-7043100 1710368
-2425585 6380651
1883743 -5487656
6771287 -7739264
729714 2193767
1673520 -6409414
9295367 6493883
1945317 1246092
2143008 -4312306
-1057461 -4685646
7135278 9728140
8486635 7344093
-8156054 2879799
-2281330 7049038
-7769537 -5912252
-1685531 2773900
-8329097 -4812636
-300292 5888884
665972 3554646
-4251587 8987347
-7422066 -8604314
7889569 -61714
3700730 4389653
-9922652 -7648761
-2334407 -4156262
-4428121 -980113
-3636020 -5199129
197023 6574866
3623905 -1792074
-5187974 7915693
-6794055 -1629280
3558084 -4357153
-8468269 -5123152
947846 5774145
4761492 2197703
3593389 -787388
9150898 -144222
-5754568 -6000689
-3649450 2851628
1211719 -5677220
-4140981 -3467505
-6150281 6783598
-4125184 2222999
2947277 4046742
-5521213 2015073
-9614206 275655
5918503 -2315267
2561581 -3539770
-7765625 7450234
-7835710 -6490572
2722040 -487780
9367998 -1725969
2273342 -5610710
-242730 6129782
-9547438 8623892
-4843612 -9031011
268939 8827933
-6432716 -8477541
5569201 6143756
-1841171 6514561
9306569 -9952012
-2267279 -8939025
-2478794 5225072
2675306 2810655
-1163565 -244419
9267801 -2644052
5629980 4074827
8464117 1152152
-2718066 -2096678
9043567 -1778613
-809623 -9749151
9078782 6716307
8238766 9459316
-1880576 -7353933
1676980 3807967
-3627693 -1205394
-144419 983549
-3791379 -3378619
9432036 7376787
9648721 1400280
1272580 -9215177
4859650 1432874
-7414974 -3097440
-2677765 3323767
-8454846 -133039
-7365838 -3634198
-6917891 -6748117
5227552 -8287056
6875363 -8679125
-2354806 -6653024
2141582 -8931304
-5431403 4017501
3155234 4513516
1890303 -6706429
-2789797 2587270
-4111555 1539024
-7028101 8482783
7901696 -9251905
4071862 8073277
-9543410 -4776069
1589733 -1866631
-6098396 -6909248
7320049 4671842
-1490931 9129156
4992485 -3288236
-2219540 -1329385
-7311884 9650419
4163935 2349058
5642629 -1640297
-9053027 -3945761
109615 5369184
3851967 9351771
-9900134 -4402134
-6328856 1753663
6977594 -3311919
4821450 -5872266
9734839 -8916321
5755521 8723054
368563 7054888
6283004 6780942
-4548443 -4638952
-4988533 -5936535
-1071125 -9343974
-984271 9175403
7745994 7087856
2457040 -7520946
-8169175 -9628039
-4030172 8825359
579023 -8069308
-1381227 -7842676
8801410 -9927031
-8843351 5956575
-2804019 1052601
-9376159 -571478
8725817 7564544
-7074408 6906846
-9029689 -5822626
-5166600 -2062940
9628815 -7584462
9503394 -3634519
-1155464 7374809
7746770 -5523214
-6697855 675361
-4877595 6232950
906626 -3602480
8986842 -3742470
4730457 -291963
-9239362 -9856509
-7911635 -8073561
9490983 3900832
807678 -9185818
7507909 4932928
5386340 1777989
-3290121 -7658691
-8776857 5015155
-5093684 -3786727
-6793589 67679
3259392 -7346914
1402389 9024908
-4577571 898150
7155680 -7690985
-5466596 -5590729
7069114 -5597510
-3671071 7810395
1711227 9157479
2488014 8336264
-4214456 -7481095
-3186754 -4077
-5146416 -8828116
6187039 -3960523
-5230898 -3923273
-1339242 -8906645
6262794 -2024487
-2999579 -8079849
-4665347 -9818465
5006902 -5060798
-651527 -7509667
9409175 2056659
-7616594 8933939
607771 -4261896
6590721 -3389015
-870110 -6904215
-4391940 -7623735
6064502 -1540512
4498965 461644
-945276 2251541
-4138751 9268067
9759932 7715482
2151985 4640395
-2661718 -3239647
1699556 7486638
2493324 -7654816
-3081805 3564381
-4985327 1902499
156956 -698399
5912586 5622444
1234581 9264029
-8359706 7558828
8534668 6842641
9820637 221148
-7527310 3033633
-5181948 -8608287
1623548 -9149709
-1992962 7094336
-6145310 -6224467
3778524 5345320
206856 -1929402
4151331 8788200
690699 7125052
-3573347 9166004
4788448 3364007
2628036 4855592
2414420 8539381
5382022 -3215317
7005831 949089
6499074 -2280988
-889275 1994873
-4638484 3833479
927815 -9265727
7026159 -4115094
-8769774 -2701143
-2114193 -6678965
-7890765 -6046565
3594839 -7962861
3719495 -4683714
8680294 2537844
-2606564 -8975704
9563677 -6175318
609365 2324209
-6726702 -2537948
5181064 -9868451
2126422 2288724
-3877797 6808141
58767 4291
5889197 -433629
6865228 9601278
-7077687 -364224
3589211 -5248964
9304527 -4968452
347834 9700402
2238246 3024022
4048318 -8455520
-4630837 9631683
1955892 -3871652
3590400 -1505120
-8857219 -2254458
-9965734 -8712184
8095957 -4214444
5789847 8672822
-1760807 -1845276
-9727646 1679044
3831172 7620773
4888161 -6805333
-1773785 -2579617
9637137 -3290960
2249415 1090402
-4848766 1875384
-5976581 -3702267
-5057567 520397
1531630 5979311
6241205 8532833
9820649 2674411
8459967 -1208177
-2535355 432959
1104035 -3233834
8445211 -1779810
8357316 1376390
4571057 -5207265
-5270529 3245477
9954518 5313625
8920379 -5633392
6241992 2203933
1018018 -5928387
-2891637 -9734589
-1238926 -1523196
-2990363 8639993
-6169244 -4997721
3794103 9346639
-220402 -7709276
-943110 3775100
4511643 -9116367
2260023 -9981547
-5188811 2868959
-3885564 9347433
4661058 -7942988
-3576380 8585306
-6694409 3581437
169402 -7334387
5447376 -3160038
5316766 7277765
5917758 -5791549
-8272918 -7673597
4189394 9748515
4555591 -1962463
-8187362 -6031008
7368978 6128833
-1336361 6324281
-806760 -7854647
-8507214 -4008820
-1951808 -2175972
8925687 -1329804
4767985 4471812
-346223 -7768722
-928760 -5062612
-7784847 7617506
-8174043 -5611994
9230762 649264
-7085869 6069391
-5893071 -4063492
-7578147 -13926
-3885093 8435919
-2723448 9790831
4452536 -2705102
3286078 -1013856
6810172 -1538325
7131871 3850622
-1677565 -1747789
483490 -5583791
-8130051 492564
-1889930 2071082
-1024559 6601454
-2749282 -7547621
8521771 -9277445
-3340937 -7318799
2667275 5145052
3580971 -919084
-8611901 1298535
8593433 -9142477
-7639981 -1643012
6818663 1879512
-4269866 1686543
9938755 -3533114
883095 -3431079
-422162 422245
5009679 2753044
-645501 7687908
2656640 -6014880
7224027 -878431
1802771 1178411
8839815 -6116909
-4519641 6986398
-1715067 2420786
-4205339 9384811
-2258201 -3121633
1274231 -1845320
9841223 -5439538
1027348 -479283
-1394009 9779978
-7281425 4426796
9696192 8183829
-1611911 244607
4229727 -8432957
-6795035 -8955271
-5260508 -6029893
-2146802 -2475912
-5489514 -6420693
-1483555 -4150091
-4765280 2795420
2190139 4311106
4982138 -4507129
53333 -6535630
2985087 4823362
-2880308 3597034
-9459818 4107430
2291259 -7645380
2599227 2752726
4319770 -9320651
4240430 9345306
-6684587 41087
7565175 8979923
5075582 -6315037
-7948775 -7924339
4871081 -6407972
7903134 9802297
-4704831 -2938780
-6958058 2885273
-9775013 5348502
-8538112 -1456618
-7349188 9861031
4732003 -7997930
4754797 -2541576
-9345875 9847582
9192889 -8409081
1632006 4894555
-3609170 5024654
1225970 -802819
-6210806 -8533587
-4941559 3277195
3079492 8660276
8237848 5477927
-9120448 891013
-3760484 3796143
-7660475 -8895461
3481923 -9782244
4736179 7506689
-5034887 -1786074
-1938491 -7992672
6114599 -4380762
-9486206 9770750
-2688244 -2253395
-539862 9420976
-9112611 8537726
-5668727 -4234316
-5574040 -4054170
-8576242 -72882
-9181869 5180161
-1023696 -7696690
5924202 9573999
9791756 -6167819
-8661130 -8077523
-7347245 -2955713
-948385 -3696016
-5560426 -6769384
-6998634 -4833786
-4570829 7469720
6890697 -7170525
-8632799 -2594339
3171345 7778086
6240269 8214827
-1858055 113658
-4706181 180379
-4999959 -8523572
-8949572 -3213525
-6864992 -9075757
5363072 3358536
-9597177 -5526122
-6705786 8015828
-8753556 -545562
-2862996 -2266211
7719861 6764163
9593638 2566175
2488188 4610558
-5095003 3477191
1692018 -4340467
5773191 -8854734
1325645 2350315
3826744 3583362
2886189 -1157962
-233718 4877172
-9247940 6021197
3011428 7645706
5661534 -8845117
-6874327 6305642
6555783 6907979
-3811506 262677
5345204 4275645
-8597445 -4217868
1775675 -2166608
3492925 -3692448
-2547182 5984046
-1665639 -8217531
5365831 1294815
-9863146 4677457
-7929019 -9231627
6789570 -7580512
-9934806 -7176959
-6022076 -7682650
1139345 -1756919
7667412 -2896403
7366274 -9788520
4487125 -6144094
-7845610 2711478
3061222 -1593967
4713585 3930065
-85889 -3445852
-1663383 4682756
8493923 764825
-4557718 6218800
6987173 1147129
-3917031 -2486736
336305 -3706904
-8873202 -3851836
-3092403 -3169418
3934179 2266143
2477624 -5424991
-9052733 -6183194
-955364 9481101
-2112866 -6898343
-451926 -7894141
-8823641 5117072
-200172 1978538
-7256637 -7970672
8248128 -9189897
1957233 -1814355
-1784739 -2248346
-3438898 8040202
6704718 8551567
7898501 -2312100
2470396 6128667
-9296324 1832680
-1834162 -5051980
6945473 -8349057
7268952 7210475
1832686 7348960
2466032 -3182973
8795565 3009045
-2445275 4782212
5592315 4055280
4757277 8319205
-3929141 -9934100
8106103 -7027461
4040458 -4851687
-4647434 -2672827
-6544159 1938959
6287991 7822962
5287334 6675869
843165 -5546170
4180657 -5250841
-7901881 -1887883
-2554504 8529695
-5944908 4564151
-653637 -3758939
2812693 1609817
-70978 7455031
7520931 -2430029
542510 -1483766
3664547 -1856614
5470560 -5417032
6521927 1533465
-8127221 1442753
-1881378 2809918
-219900 -323535
4425625 8961787
-2926095 -6039243
-7509548 6523744
-6395752 -2964247
3276815 -3454456
671713 2950611
405642 -3910492
3659479 -9399264
-883030 -9557074
-1413688 6718341
-8698691 5297869
9347687 -5943128
-1984023 339588
5665859 -8779534
-6586716 6134600
-2387261 7962311
4439421 7838909
-3120995 -2797004
4238750 6929873
5991770 483253
5950217 -9968083
-3878575 -3336517
