426 6452102 -2593320
472
-8145258 9357711
6804541 -5783187
690571 -4238570
-9111156 -3680234
-3830300 9019100
9233513 -8052081
-7383367 -4844465
-7103105 -1278978
8109254 6702047
-5339054 -223045
-6840431 -6989793
4147309 1794092
6901209 8060826
-8767466 6333369
2785471 3938680
-4187257 -1360786
-4627621 4640213
2917995 5133637
-8546597 -1420698
-2401597 -3676809
-1728889 -9860545
-4705010 -3168084
-1930710 -6595904
-9893857 -9291762
485193 -3821455
-8294896 7283442
-922466 -3838886
6738292 5852413
-5297866 -4021257
2433776 487178
1642744 3957
7160523 8246519
3380156 7015123
-4405574 -7405130
-1081938 -2650088
-2510633 -4290819
-4942551 -294475
3109621 -4699290
8525300 3126740
1821637 3215764
-6984442 -989507
-2312041 -3956907
-8104494 2093093
588188 -5573748
4913430 9113993
-882050 5538316
-3698812 9072527
6087650 8794825
-8610304 2197696
2063960 4198428
2423961 -7175890
2529635 2069680
-113258 7481411
-6875497 -4360744
1371372 -1587958
7422535 4946140
3505585 -3096717
8996376 7626846
4569450 5401091
-2968564 -7899084
155585 -8000767
-8928240 -1334261
-2539436 6456773
-1345531 -324238
-6125809 -8633388
-5809278 3234782
-4695538 -1185496
-3704085 -763291
4875965 5191204
-6396754 -579582
6882910 8763690
-4333027 3542133
-6314669 388495
8305939 7179701
1796969 8254782
-9745985 7853727
-3480534 -8047446
8409327 -8674225
1001537 3980031
-2137005 9580149
2814931 -2607920
-1277063 2053718
-8709573 635745
-4173051 5018852
6955623 -1317255
-2553565 -8053453
-1994968 3838533
6743381 -4370240
-7190539 1690363
-54855 -2434328
-4580601 4606430
6558985 -7284488
6557639 1938866
8435249 -2515336
-2935187 -9924471
9983961 -3701756
868314 2396096
-6968159 -1293102
-6274249 2158742
3357839 -8624858
-6678311 3197726
9552611 -9195726
8950386 1326721
5533437 6295992
-6138336 -8240153
-1117371 7994934
-9289553 -8202584
3736282 -4558386
-4557369 7268086
7343615 -5312117
986127 2507444
7419893 -156071
8550827 -8145558
-3470464 -9548266
-8173123 4792930
-2009344 2403727
3208001 7664918
-8492008 -2456732
6355612 2158387
-3565414 7041429
5036363 2733629
4531045 5317215
3275182 5746810
-4468751 -9216321
-4528438 8717813
-6258391 5391216
-4764855 -1025959
-6655165 -8838498
4129589 -6214027
8578903 -125629
-7721902 -1527182
-3862264 9085912
-3370820 -1997549
2677190 -2354272
7203509 -7015208
5718421 1628128
-3054656 2239873
-9496965 249466
-6450503 2736878
1454691 -3965716
3941853 -978941
7995101 -2287348
-1125845 9176998
5479323 -8660064
-6269340 -6996256
-6007086 -3425421
-4339509 8525110
9043914 130650
292731 2289671
-2209185 -5762544
-1618063 -2503760
9736113 -6490763
-3724945 -2156367
-9419489 2755501
8789785 -175447
1361964 -5448446
2264206 -4752010
-5575011 -8126583
5729706 -8861639
6658457 2420664
8995243 9460366
501828 -9348629
-6701626 7172086
-8021891 -7937906
8815903 3591105
3603697 -231075
-4205486 -2802160
5041473 -4143837
8611664 -5414079
-3073174 -1861664
2689890 -82199
5165792 8288791
-9837792 -5045904
8608810 2107133
7044149 5891914
-2131368 -2216381
-9048657 6039393
-4272169 886813
-4534741 -5750283
357174 -2294059
-8782 -5718838
-6004646 6477223
-7666614 5785732
-9628347 1553179
9691515 3461402
-6620796 -2701520
8103623 -5102243
-7631794 1061348
-6831519 8265831
-3325902 -9022984
-8723013 2728982
-8715273 4542730
7945895 -7771670
8994399 -2987441
4718500 -6588845
-9791331 -8132075
8345149 -5290282
3011802 -5795976
5757203 -9321465
-3343710 -4100193
3198287 -2034929
2862828 35494
3613194 -6181738
-7915906 5231034
-1275598 -701973
-7972991 -8725456
-1666374 -7482258
-5253928 -6688263
324296 -3720478
-7792971 6256824
8124749 7559148
-7731134 -7584302
-3380278 6469898
-335214 -2202980
3696827 4893278
-7141651 6321076
8872922 9411467
-6770271 -1762471
5984916 2486116
-8215857 7830175
9104719 7225670
9743412 -6188848
-2877111 9954698
-3765780 7005837
3262661 -36463
-2477315 -1558751
856947 1387410
-9626339 -7692097
104923 -6978
7402652 -7445201
1392227 6318103
5729570 2777353
-8985118 265149
5267617 8959299
-694173 -483850
9258173 7051760
3379264 -9073102
-9118404 9001585
-1476226 3018506
-7017957 -2884184
-1926583 -8213565
-4309802 504729
-4671016 1446717
3956091 8580211
-8864990 5433908
1752011 1358743
-5863904 2527237
5308738 9997933
1473584 7667330
-2816519 576355
-9855533 -9220589
-8293690 -3558346
7959591 3523731
9058589 5104258
-7779925 -3516634
-9213847 -7959367
-4938286 -7190156
4256561 8992703
7572914 -7092950
857310 -9270996
2087747 8707924
-6248487 5125673
5123606 6223843
3891174 9060251
-7847042 -3402809
9892954 3591007
2549013 -7702575
-1662491 4115616
-780125 508604
-491678 -2603902
-8046917 -6043698
-3233854 294476
-712821 9531149
-7561800 3539060
4268064 9376446
600722 3295510
-1578816 -3644188
5096007 4352236
-4071161 -6455210
-7341667 -8496467
5094540 -1918202
379223 -7448712
6666904 -2356447
8152158 1233084
8629183 8403131
-7640567 -9823168
471308 3098618
2629768 -874420
5180992 2274840
1651286 -2415680
3396182 -550944
-1678780 -7747992
-879404 -8182634
7878509 5933580
7437113 5049436
-6868766 3053194
-1879166 2531654
-9824793 -3973191
7259894 7304091
5707222 843717
1020550 -1594571
-8495953 8066656
9708588 4008210
8799402 -3349833
-3249161 4889580
6854988 450688
-4780951 -9852978
4480740 -4823791
-8890211 4339645
-8094567 2359249
7928796 8546902
-6405092 7553019
-6420171 -3950370
-6646279 6286468
-2869815 3356075
-8238496 9060944
-356048 667087
7191650 5781903
4948423 -647460
-5757880 5991052
-3558259 4215614
4362636 3613460
8789669 -5822858
1033139 -1156623
3718978 2415810
-6520935 2938573
491592 1647774
7697405 -2926027
5876793 -3412227
9943848 3567478
-4855226 -6993021
-3809582 4221704
-7480040 4788726
-5858734 -6617932
9373121 -15265
-5799651 -9100262
4513199 8331214
-7491644 1079338
9922715 -4180780
751383 3541495
8996420 -3841955
7805820 4230448
3820773 -511987
-1407862 -1980423
-8412945 -302433
-4779102 -1464013
5274043 -3268170
4036908 -6072332
-2690263 310355
-9704910 694527
1594265 -3317142
7530424 -5504560
-1908870 8623816
-5556963 -9961220
-3903373 -1986155
-3311758 -2289228
4457572 -4906952
4581061 -5505938
-4970009 -9205303
492264 -6826801
-5774462 9133399
8381581 -1770486
2157183 2015934
-7673711 2418489
-6886984 1983272
1182482 -7378620
9633172 -2776366
-4152550 -1287094
-8731962 -2275698
-1745501 -7193161
517611 -2635335
2457713 4942741
1953156 7491535
8286233 -2961226
-7271674 6983147
-1367102 -8705151
-475636 9470216
1486150 -2985521
1949321 4197899
8697523 3812440
-1049828 -2421311
4802323 -119995
8592911 -8900304
-1176002 3166126
5972965 9860949
-2774386 -405151
-5462410 9006929
6498464 2199680
1754806 -992902
8506598 4784697
6079547 4483132
-3530299 -2860504
-3329672 8120263
-5165486 7955851
-5715357 8619649
8714690 -6467963
3412042 3234815
4334511 3517014
-3316860 -5478695
6898606 5674861
7786062 5172457
-3304262 6640572
-1159748 4840005
-6152897 -6805797
495252 -9404941
-2405457 -7646299
-7990450 -3425201
7211414 4064244
-5463552 -8803770
2332231 -7954072
-4422035 -8662557
4572259 1046921
-5436065 1506359
6027664 -8576878
-385664 -6236573
8935885 2926270
-433157 -2599602
-7759597 -4368377
-8657822 923447
1518506 8603859
3473912 1837431
928582 1629402
8209998 -2000186
-803956 -9343651
-7297723 -7253554
-5916110 -8471725
2575197 -9203405
2302954 1172501
-4888025 -344516
-4064736 -1669381
3773241 -2757337
-2840586 7387501
5535476 5856436
-3220116 -8083831
-9479972 6877655
-8768562 814742
4960496 3993941
4510107 -5323628
-4667279 3170495
-1566707 -6293848
-4765573 -9448649
3864298 -4966465
-1277612 325976
9981461 -3832748
-2985777 3834364
3593379 8433077
5820578 -9212535
-839747 -9247207
-7331037 1356054
-9249939 5940137
9271232 -6811009
-300716 -8018501
9174224 4231728
-2597777 -5790608
-2084456 7023297
7574648 -1648131
3385404 -4333677
5992300 -6044702
122551 -7892207
-1541491 -1509887
9439542 7136774
440591 -7948112
-7195318 5260120
-3383826 9600845
-1942666 -4526355
-8821012 -2633764
-8135913 -2671434
4076647 -6605375
-2395983 -8961689
8061609 3995222
-7652909 -1964087
-3781412 -1847391
