676 2964784 7874653
837
6638392 4434359
-4497985 5752722
9216299 -5901997
1814400 7912802
-5677872 2802380
5642372 -8209248
-398552 8034596
-8742671 6245781
-5480149 -399848
-4870730 4158434
-4593680 9892591
-3767025 2530123
-625033 4749915
-7199269 -841863
4639273 6664803
-6384486 3191736
-8539190 -6205983
-9591627 -8366118
2063036 -9322890
-4004158 2222773
-3470123 6385164
-3063888 -8361786
7883996 6131326
8247830 -1806559
4868227 4920199
4812790 5893452
-1576425 2790899
-2459186 3562117
5236607 314894
9496049 -7142102
-1434014 -7607768
-3813750 -6888437
-5254555 26797
-6779741 -3405377
1333748 -675167
8226349 -783899
-6629332 7863625
-3488697 -4837539
3355902 3771016
-1308785 7275485
3168937 -9259519
3531381 -6495995
-417525 4108864
-5576242 3588547
6446445 -5180918
-2788686 -6080193
9547723 7528784
-2444419 3397564
2508539 6809520
-3865646 -6707808
2508293 -6157713
4222265 -5639297
-7960483 5878961
-350023 -9266432
8009054 -2088229
-1347747 8341192
4361550 -6305657
7803208 -7816366
-1711467 -6055975
-8720541 -7773034
8663126 7251331
4780115 -1509227
4404690 727201
-2463279 4852048
8144240 -3086771
-6728131 -3812573
-6935517 -6831115
9047847 7494134
744054 -4896000
3015771 -8785824
2071721 -8730540
-5036196 -8331976
6368010 -3566729
-7106352 5283364
7510330 -5343456
-8092125 6689459
-4819768 -1310192
9417009 -795658
-5943610 2101274
1530856 -3046269
3141158 4716982
7885867 4802725
-5186789 -1278007
3825993 -549934
664243 -1926383
-8140570 -3158235
-8973859 -7264036
-8314413 9339586
4622950 7394152
4567048 7095587
3785046 2133280
3339441 -1008725
8195617 1481630
6099257 2756450
2226533 4768359
-7998307 -2369887
-7567162 7884044
-3393963 9887560
-662373 9762401
-9647630 -9567969
9790148 2518222
-2229462 -7788200
-8448614 -9183711
8210441 -8027523
9068064 6174336
-9176031 2777489
4285116 -4630538
-632556 4163410
9436212 2480733
9765444 -4533299
3096814 1662746
-7936858 -8232863
-8345302 -1953996
-9675243 -1330821
-8382438 -6491323
-1456749 -9322872
-7111072 -8592290
-7776000 6313789
8286266 -5559685
3131003 2950793
8244635 -129318
5240144 3954972
-9365266 2529751
7526837 7123940
-7409358 2587299
6766397 7292281
9059419 5687456
6249813 8829539
-9984930 3230469
-744502 6574570
7251698 -8367367
5556695 7798749
-3371110 -9859373
7097294 7780695
731489 -5084844
-2697810 228297
6699622 -1023876
4022227 -7457666
9666274 -149292
-7561993 1549064
-1158654 4773268
-7022923 9204404
550295 -9582883
-3836062 9226890
5801460 565366
2197999 -2064212
8250889 -4430489
-4289862 -2245306
8051742 -5120221
-7688713 5323784
8068433 -8700417
-7207941 -386523
-5327837 -2715593
7135116 6814286
-1636649 6854789
1628058 2089475
-6189768 -278951
-7345482 4605135
3832025 4360527
-5074107 -8665192
-729404 -7850163
-2280652 -359756
-88709 -9962163
-5082384 -4054162
-8730378 -9520615
-8221032 9745255
-641268 1854408
9138815 7087379
3901665 4030895
-6597964 -1209717
3396111 4781368
7018769 5030094
-7848419 7206343
-5916778 9673287
3524447 5983606
649796 -8474532
1165712 -7204957
5349232 8369144
-5685017 3593355
-3410908 -9733152
-9987897 8100957
-7528283 -1631940
7971791 -8112813
5918082 -8389467
-7082832 1873457
9171177 1836471
-3133435 6313279
-3964026 6189947
-1620414 -981853
7518105 119197
-5838983 -8095966
7215429 -1832099
-3462954 -2156919
-8563563 2564662
-4652138 -6631619
3985690 -1974471
-1090058 7876318
9763505 6457408
584293 -3118267
1271542 -1802060
-9965589 3501461
-7668907 442720
9149019 9417328
-1564525 -9116581
-6481032 -9955043
4465343 -4046419
-3362166 -2320015
5523067 -5802875
6761787 -4308768
-940387 -524144
7501385 4626001
2502319 5561656
2019064 8927679
8325765 -5217823
2980117 -7396643
-1378830 -402693
2556379 -4469120
-5051792 952263
-5647965 -5778250
-5733292 3383684
1853617 -2128997
5550989 1248403
5445528 8491451
-5817316 1074056
-9450088 -5276333
9349669 -4241351
-8679695 567649
-7988319 -5631660
-849483 -4144279
-9024570 -9662554
-7548895 4646986
-9822134 -403399
3065216 -2476163
-5738061 7642427
-6457537 7417251
-4711745 -8955001
2293403 5396080
-3596117 -9160756
-5570348 -2261069
2462599 -6897081
-8622079 -5020436
-1936435 -5671380
-1303040 5214578
-8929700 75246
-7070956 363830
7527168 4562082
-5841317 -4619850
-4579661 7705035
-2136186 -259748
-2842497 -317722
727278 1406277
-3197643 -5037890
8317706 -6979319
-6724036 -4277408
-1174488 -7252642
-9756726 5738563
2583535 -7280215
7934363 -1693160
898438 3796848
-5839322 1521015
-3916902 3827483
9207633 -8312154
1909233 -7241867
2498385 -5372028
4310250 9773047
1179324 2172241
7134351 7553880
-9425439 498033
-1263022 5452058
715768 -6149474
2105441 7562490
2798627 959043
1782235 7205329
1002177 732990
-7745994 -7319327
6508156 5162855
-632947 -9146544
-6388411 -1767859
-4623535 3792639
-3917962 -1373673
-9201432 2203068
-243052 -222285
2792100 449271
-4098671 -7152138
9214740 -8470922
9091568 -866550
2608845 1320181
-1474490 -5593453
5139538 6907432
9588105 9527687
-2793106 -90104
763352 -1387386
-638893 -909700
5399291 -3108707
5517620 4737573
-3059359 -8518671
-6224604 6316188
-3234540 -786059
2061803 6567497
8096575 -4816859
-3167057 1276543
5113077 -295504
4111043 1958140
-1134428 6154939
-1801021 -749419
1676829 -9029970
-417356 -2077775
7012525 4956533
-8152173 1460103
-3802324 2411816
-3590502 -118201
8714340 -4345331
-2615037 184894
-3247609 7996152
5695645 9446766
-6760338 7365319
-2930185 -7471411
4486729 8352739
4507678 -8819142
-7052208 5868654
6838684 5223009
-6854765 -2859027
-7902493 8937680
397783 2674112
-4914071 6461686
-3656515 6595460
4766481 -5988221
-3286975 7574177
5570329 -7848556
4114563 -4018231
-6652912 1265975
-3689084 7354225
-1776684 416903
-5885887 3313997
-817349 5247346
470356 9578257
-3280769 8537687
7475367 3615591
-3710297 -1183262
-4721576 -2126849
6984963 -6108016
-9579885 -5861739
-8287561 -5732204
-3580759 -2866859
3114910 -200880
3581447 3050156
-7079267 -1021650
9395253 2408715
8239065 1144049
8907747 6025718
5603976 9938068
8475756 -8105545
5510046 -7676793
-6343703 5951123
-6175726 4316102
724438 -8548927
8105686 3325589
7593386 -6339094
-6689601 2334477
-7866402 -5987373
-420865 -1058339
7920011 -1768603
-9359887 2499868
6160269 -168384
8373686 8879178
8817246 5068016
6962472 3977662
-1182779 7293002
-4239522 -5011130
1821324 -5010130
8957295 -415248
-7089658 5062115
8723021 7062982
-602541 -9496272
7032707 4549772
-6508567 -5952591
2278807 9128194
1628062 3927796
-6240588 2918920
-5685550 -2211669
-7143653 -7866902
-1372887 -6868304
2941051 9818819
7324042 -39314
4950557 8701529
-9197367 -854634
-5792519 3907852
-6512814 6229327
-750593 5446854
-3374 2884646
6932055 8798466
7926660 -3995589
9932207 -8272786
4646134 -7928926
-140595 6207971
857422 1476936
-2875015 -4767895
7567276 9484535
-8038427 -9933964
1283917 4891318
-5963315 6912130
-6663665 -5397098
3348582 -9239482
-1276275 9339873
2224519 5114341
3912808 1236703
7241115 -8327073
-6599859 -5644180
-3573105 7173322
-4102354 562628
4555916 6286300
-8481595 6755068
-1244045 -8319099
-8253063 1602034
-3506648 717528
-9853989 -4452794
-7333539 -6953611
6323260 -6517654
-7177781 6015043
1129384 -4953015
6283688 -2436909
-8247630 7558544
-8085635 -3958845
-6785522 7668863
-9252157 -9142388
7143912 -8371524
8383544 5303760
6984661 1178670
-7219296 -2860501
7857027 1247951
-688491 -8209592
-5163202 8003038
4001736 1977970
-9490635 -8839942
8723395 -659692
-580249 1638750
-8286354 5007083
-8951761 1172121
-8642664 -6371989
-5514377 6779069
8407545 -7894820
7408940 4145888
7840910 -692559
6446940 -3090047
8157904 3137966
4928374 4303967
-5176642 9985766
1963736 2281524
-4042066 8825094
-9318246 2473102
6628204 -5318671
2204765 101505
3789978 858202
-2997434 -4230644
5064777 5147315
7252495 -5995459
8150429 -4011326
5296115 -2822213
4087740 -1492309
4162009 1743055
8563374 -5238003
-5252237 -909616
3888260 -6613268
4728179 -772149
4217305 9846195
7043876 5409933
8027791 -6638139
4220064 -751359
-2465651 1817769
-3034916 -8777370
-4772829 -7400874
-8895848 6733931
-6088282 5893953
6917996 6400267
-9340326 515811
-2205840 1080006
2686742 9223049
5126133 -4941725
-3197522 -3424998
8937549 -145688
7780598 -8980216
6897997 5981426
7746419 -1675259
-9857490 1118061
-5142957 7797121
-9603753 9623947
6357878 -7399433
8494520 4016752
417019 2785949
5818112 5412516
9008874 1076694
299743 6128624
-8813101 1695616
786971 7942228
-9687107 -9494271
4041865 -7759128
8222298 609843
8934584 939863
4574276 -1514930
-3717809 1593446
1217393 9431320
4548239 9194790
3211542 -9908376
2877573 3042759
-9028373 6144914
-2778392 -8787963
7340661 2496854
-5807530 37703
-9503717 1043912
1549641 -2504207
-263334 -9190824
1419019 8107859
-952278 -9524684
-1039614 353603
-8052950 -6378002
5569670 -2241071
9470072 -4319205
-4227581 117909
5677020 -4802034
-8657120 1166344
2378381 -835000
4178206 -8919160
-6365105 -7764606
-4204342 8370676
8382822 -5868821
-5059645 -138348
-2030489 -1880512
-8888844 6359375
9229330 -466415
3155583 71543
346824 3692732
9373528 -8758394
-6124133 -7666752
-2468785 -4854053
-1171356 2069240
3750592 -8609553
-7528712 -8792975
5958772 -2071202
8815826 8622535
-7246286 4270782
-5867566 7198648
7834488 -2305930
6569797 -5381703
4151882 8945645
-8466460 -1684521
-7991788 9823818
-8934576 -5603284
-3270035 3898092
1560391 7457643
-7956765 -3222468
-1832021 -9610965
4112413 5793827
6238977 -6844381
-8221845 71185
6858319 -2428844
7286156 7048221
-5257709 -9009246
-4390949 5120645
-3417358 3828440
4660272 2277286
2101104 -9367466
-4970750 6668484
-6917072 -4317120
-6859477 1759215
1053099 4643319
5032355 7700111
-3989710 9221079
4893050 -8338880
-5751343 -7750732
-179576 -812443
-3764221 -8893024
-7902270 -2893420
4743577 -6505578
7322863 -9776866
2500420 3842571
4475105 1983135
-8832029 7117876
-7199244 9504356
-6220077 6767251
1410570 8457631
6157742 4833023
4054102 8959277
-9379603 -7831967
6933653 -8536496
651062 -5130946
-4023969 9270429
8893361 6886841
-9618737 -9409887
3329599 -3846709
9995862 220478
4719965 8346371
5464247 4470968
3975324 -1595712
-4828461 781355
-761013 7755247
2588270 -901538
-1942261 7913081
-9918886 9158724
3138581 -8805511
-3936457 -468881
-1198452 -6210357
-9323516 -5444074
7662392 -9788738
-3635447 3574099
-6205422 -6491657
-8145285 -3639585
-9168617 8514543
-3081168 -164686
-9383330 -2676941
7594659 -5393277
3705185 -7627991
-9714910 182929
-8141994 -8237075
5473766 2882557
-7586324 4996587
1302582 -8462691
8609588 -6268423
6459191 -5504582
8069517 -1211668
2296675 -7176256
-8299489 -8135905
2894991 -3332258
-980591 -7468105
-7628694 2330175
-546750 -7847569
-5475560 9965965
-7334753 -6841564
7437713 7325882
208439 -5476747
2036192 2911479
-3034860 -4861532
-1129955 -6661226
-2165808 -4425272
4363060 -4670764
-9330668 8420061
2800509 9176088
-4156170 -7630157
7418090 8211852
542027 -2620409
-467978 9789397
9755362 9995277
5670065 4056462
1382345 4936961
1976566 3107778
-3980743 4107136
9245604 -5987242
9867884 2984398
1075478 -9367999
8477589 -9781572
1154842 7954891
7130979 9146921
-8483235 -6044649
-7832797 5491161
-7129247 1451207
1240604 -4774418
7737211 2402775
8975590 -6487681
8449280 3407277
-3484945 -7125713
-502225 425847
-3045043 -4949335
551415 -1256620
-624619 9339194
9557622 -8373107
2098136 -2147029
9516244 712464
-2815833 -770885
7236629 3549361
-4999431 -648630
4576952 2623734
7542861 -1242475
2269844 2314164
8237793 -965197
1909090 -6764523
3661324 -5247152
-7680135 -8593134
-7333402 3132633
2471827 2871280
-2985474 -5441669
-5072346 -5454198
-2225382 9112662
-9141870 -5556101
7993260 4958786
6826508 8094759
-6765155 5510181
-5732293 1403461
6233977 -9222294
-187490 6537551
9773028 4471770
1740970 4237952
5644818 -4049296
9083338 -3422812
9448468 827768
5386100 -5928483
-1382681 -3537006
8092009 2830106
7274005 6391938
1350724 8950139
-438750 -2216382
5810151 -9306416
2097045 2796095
3573801 -9922142
-868238 -9152626
-2164504 -6613689
7624264 -8578858
-2628153 2092819
8670007 -4214566
-870445 8971537
-6956946 634827
-385826 -5484345
-137887 1660374
-9431336 -2293817
9172674 9652471
-2563911 -5564260
-4870676 -1266076
-8469981 5762592
5840451 -257278
-6893552 -2379828
1006484 -5027787
8909707 941945
5551116 -8852900
9448886 -3718446
7769443 -3262525
7372302 -1421559
-4389552 -9187502
-5010776 9502828
-2790989 5472562
5125033 -4442112
-7490020 8898037
-2368039 5077474
840066 -2360696
-101622 -8321668
-701495 9196869
6685434 3004827
-6053228 2821341
-3515207 5595142
-8123304 2014240
8751715 -4066321
4512121 2162492
2974990 6124017
5626846 2638921
-1888517 480566
-1445194 5352209
-3233401 -6763484
830342 1064786
1220442 4398560
-1406755 4186761
3383630 -8881179
4123648 408102
-6770557 69065
-4335793 586772
-7398988 -285764
-1835733 -9942745
2219747 -8647273
-6904 -7323612
5315310 7711089
-9291993 8136294
-3995144 5943145
1696014 -737187
2843951 2771455
9686367 -7473644
6713117 -5935606
-4816785 -1720388
8687714 -7386900
2682165 1823215
-7590013 4433509
6664097 862724
919979 7527351
1396430 -5171635
-9978895 5656079
3367168 -8610474
9525821 -2147233
-6204087 4075176
5854341 -4469323
8302132 5491927
534635 -1301707
2762687 7988499
8784464 9764105
-7622795 462254
4801821 -11470
-5577960 -2424278
8438446 -271840
-2744489 -8913863
-4085498 -641575
7530856 1168293
2557819 -4064392
3788375 898025
7489553 -5400008
130669 100640
8108919 3343894
4558539 -9050847
1454005 -1356445
-9075988 9837578
-7183816 -7245179
2743351 -6698783
876939 7618005
9862517 7165391
767881 -684615
1190162 9634380
802673 6682383
5134343 -1278981
2135396 -6639507
-2039515 -8560929
1539711 -7858699
-1998453 607507
-5926988 -351369
808538 -7439913
-7602335 -1956631
798190 1732550
-2449881 -4786150
5348207 -6458458
3223285 943410
-9741205 5210725
4845105 -6008834
-9326450 -6034691
-4797320 8164131
-8475376 -1675755
-236684 -145572
1995729 -7998539
-4874680 3819380
-6531989 9997277
5073716 -8285315
-241946 -3207099
1041803 7471381
5201583 3072597
6614139 8591922
-464668 -6933857
793220 -7646224
-3655057 -7689521
8792140 8154677
6318808 9534845
-2140910 -6005179
-3634399 359784
-5122402 138759
-6041861 8361331
874960 2918
1717603 9942502
