310 7668561 8933990
978
5081140 -5476730
-58583 9530295
-9321115 -9962076
170572 -5326350
-8349008 4063961
6325993 -5745005
-7454835 -4440884
-2330817 9299337
7412727 797525
-8293849 3711446
-8331069 1927098
-701693 -6880623
6727746 -652812
4995445 -56218
-9871304 -649924
3873346 -3554213
8492435 5209836
-2235888 6331115
3521117 9171320
-4248366 451036
4706031 5172110
3247578 -7922373
-8623036 -232452
-9434926 3433114
-2855440 1306043
-6766859 -7728775
7906955 -1186509
8160680 2531449
4991583 -2848947
6501129 -4327523
2118264 5120279
-7153533 -7109172
1738295 610699
-217980 -6873069
3577967 -4740587
2947875 5533654
127633 -9199650
567899 8711805
2144919 -5979051
-2156656 1132973
-4079450 1805832
-9380677 1076485
6124286 6343857
6011263 1296355
6968832 -6367778
1268853 2512392
-2080428 -8396551
2214148 4115321
-241396 9657868
7433633 4512520
-7437474 -6663428
6653274 -7102140
4126017 -4793489
-772540 -2778827
870498 8787289
593121 -412844
3179994 -692599
8167610 -6271204
-2458496 -695720
2936502 4178873
9207618 7026688
8630137 6721708
-6646619 -2872810
9301410 844286
7873158 3111985
-1035091 -748605
-5334393 -9564315
-4357804 -4381816
-4644291 8791625
7578914 -2613991
6973165 -1257440
8049961 -9311613
-5582817 153159
1973792 -1266077
-7087203 1958687
-8498272 7426646
4148354 4636767
4280309 -9868135
-6507497 7501735
-6869927 3581720
5349467 -8634338
4317699 2094982
7713166 -9984925
8806700 9959895
9862256 5585228
-5672212 6385614
-409647 -648226
9504933 4894101
-6371976 4007536
8482576 -6004923
-8578276 9057173
-3789708 9984304
2632521 -1913570
8104518 -9509398
4072322 6125025
7039 -8765409
3329573 -8061859
-8046784 -5675262
6800985 -6440908
9144320 -9240084
-338118 6663242
-3984984 5988460
882561 9252235
-4223876 8036301
-7968621 -2973063
8600463 6775052
-724292 5969455
6572237 -5189245
-4698643 -8091771
8033254 4676755
-1572302 1890031
3828173 -1959707
-5118617 -8242728
7832716 5781389
-942342 -8317631
8345611 -506612
-4518152 1235892
488128 6876979
4913280 -1119239
-1575950 -1219396
-4444344 -538989
-4569534 -2975487
-5648379 4831364
6739593 -7997296
-804189 -347022
-8456990 -2710800
-2154155 7623510
1897134 -2112465
6185276 2727229
4409598 -270150
1739590 -4757066
6478827 -4728439
-7851460 7221438
8618551 9483307
-9219737 7061820
-3477168 -2957399
-3416533 -3664081
3683635 -5530350
8988706 935088
-9411934 -7060420
228780 -1815482
8324380 4647428
5051315 8074626
-6681793 221514
2467716 1236592
-1004122 7727805
-7000634 -5792694
3945096 -4525295
7474364 -4852094
4726078 -4920001
2122600 8254627
-5409454 3765262
751265 8706067
-7842493 790533
3730114 -7743677
-7042807 5261926
-90646 -6041106
4549872 -8718427
-5980561 7477022
-1286386 7868079
-1887764 6487155
3210813 7709492
5700550 1111602
-1224140 9672261
-5247740 3174914
-6054106 6018291
-7700095 6874861
-1902720 -8947208
1843326 3051170
5307494 254788
-4483286 -4426560
-7951314 8264687
2062613 -2057580
7935794 6598559
-3017010 6082052
-4914440 -3350592
6875253 5095227
8723181 8296373
7968635 -4907845
783421 -9984606
-1449963 5237247
2112108 4729315
5782108 849942
6417465 2725741
5496881 -9858214
-4284774 -5758689
5022350 3529947
3988719 -9719736
-604825 -2915037
5683368 1924514
1090274 6378166
-6010255 -9231072
1581653 -9518121
-4425966 5229278
5244672 -7933360
7303888 6357456
1086771 -6205291
-2838996 -8067652
-2825559 9385231
9527017 -6421531
-9663868 -7328678
-1282379 7758595
8038860 5358482
4959798 -7293659
4630855 -2565965
6328553 643166
-6071554 8237481
8719361 -9681702
-1936071 -1973549
-7390556 -5706605
-9349149 -6691399
9619663 9913332
4362032 -5746025
-6360794 -3219333
-7124512 -8463526
6724148 5682576
3441171 -6788380
8570102 -4558230
-1851889 1480031
1430419 3529900
6689418 5295318
3532799 -2241028
-9406377 -9382136
-8839332 -5231488
-938092 -1342448
-5517495 -6229888
6199796 -7770889
8999438 -5897832
-6600813 561828
-5385346 5154997
837573 -3725325
-7997353 -8661197
9296925 -5721256
-1724872 -9427250
-3380998 9961388
5256706 9705547
9980871 5824773
6442637 -8694143
-3925630 -9425506
-8251602 119657
3889769 -2347370
-7601907 -3769096
333072 89565
-9348606 -8602468
6552529 -3751388
2523287 7782400
1637555 9906454
6701550 4525935
-2384963 934480
-6587780 -5023322
7198577 -3249609
-7424836 8668926
2491136 -304199
-7213353 1534154
-8346189 1081858
1250840 -5464954
765950 5543581
-4366854 3648933
-2437183 3615374
9863986 8800892
-900355 6631698
6538152 -5096374
1945913 -9262800
-5811967 3239703
732733 2077302
1344045 -2399747
8785532 -9552337
143464 3919210
7969716 -6206980
4874878 2930111
-18491 9623527
-2316540 8642070
-5192645 -9252541
-3120814 -4167041
7150203 2370173
-998129 9259524
6679502 -3750152
9503401 8056376
-6187569 -8858233
3219069 -6308566
1291687 -2938484
-2490821 -5436885
998677 77219
3870239 168995
5615459 -1031607
-8891728 -8738531
9903539 -4403032
8860780 -8691915
9657396 -5289105
-402580 8256318
7515842 6807599
5573800 1115643
-8311629 4195345
5337112 5077201
8768635 -4499198
2562319 -8927466
8152001 -7423326
-4829754 2587850
5273198 -849322
635423 1556837
2818307 888657
-998023 1743695
-4431868 -4761802
-7534555 -9620891
8635427 -4774472
4549480 -5420783
5694861 -1332378
5379319 123280
7716833 7383232
5400387 -6767217
6821669 6485468
1578494 -9520942
3066908 4973670
-5875652 6748740
-1694422 -1659894
1745115 -2723877
1536171 3640237
1394787 3263445
-3841094 7104303
-7670168 -3623415
-6527846 7310686
8494660 -604336
9518944 1683367
-8417048 3873979
-376886 7235777
-3762403 6983339
7462397 -3555216
-8581546 7816091
-2918816 -6954343
-6097884 8059155
-4664722 -2096886
4059703 -1836417
3943380 6871449
-3507895 7970842
6863779 -9897713
7412973 -8661711
733953 -9664066
2019301 5907633
-7702036 252897
-9994974 3602253
-6898056 1921078
8365862 8758975
-908582 -9435659
6126351 2300669
359824 6172602
6592068 -9971533
-9291598 -1788546
7599256 -6831877
-8861034 4651783
4754070 -5908639
-4570350 8002745
855031 -5316605
3107380 6163603
8932852 -7125667
-1007062 5405344
9842774 8937878
213205 2094883
-4824424 724989
-6974342 9304623
-2006422 -8698073
3846746 -4098166
-3370360 -5414354
-2246230 4555149
-793068 -5771104
-1679743 -8590912
1928185 6477354
-8839251 -3733741
-7570138 -7216783
8173902 4268129
-7810175 3879066
-4666704 -2833160
1778075 -7967401
2757588 5546501
4851125 6953652
771931 -1700402
4201432 -7155297
9946701 7135030
1690179 -9168927
-4940031 -9783177
-8374089 3413463
-109183 -4103421
2162838 -3929551
-1146334 -6432082
7836047 -2890947
-9011881 -2972432
-3289240 -9974128
4574823 8837768
4384269 1005188
-2041160 -2667588
-1851638 -8248254
7112801 1247123
-1617847 -7650205
5697220 7059503
7276326 2588684
8518499 3273541
9170120 1418590
7489039 -1590684
1977234 -6150689
-6525284 8859057
8402977 -7670367
4871857 6979187
5816955 -4886263
6118925 -553319
-704555 -7282423
-5530677 6594117
-9642407 7443807
2309954 -8417875
8641628 -8743902
-3638865 -9476474
3797068 -1565694
9852896 -5120366
-4194697 -4516460
-8150797 -141713
-1282656 298889
2628523 -4676081
-7696893 -2879679
-5249589 -9983268
-8020235 636414
3353991 3385688
-7503842 -6208438
3751722 7823315
1921792 5370103
6626201 -3938324
-3414797 563420
1514078 5503688
-9616677 2898623
8382163 -6116673
3741614 8704978
-996133 -9768633
-4444714 4975311
4611984 4148742
4165475 -9625255
-6472488 1878747
-4735564 6145240
2453155 6881503
-2778830 -9723054
5647049 -3795123
-5217095 9142962
-7777266 -5210398
-9706709 -6115540
6783083 3736813
136492 3192966
1897944 5165247
5396614 6394458
1369769 -9098189
5050554 3468252
-3640650 -4018246
7860501 -8267619
393973 -113138
9284717 5641289
5918235 -7152872
-947995 9022240
681554 -5918364
-1128761 3834911
7719371 2904289
9157454 -8319118
4873848 4502455
-7815946 -706054
-4311596 -3228208
-9810045 97020
-6434728 -425474
-1927368 -2243139
-510758 -7559026
-5155812 8449485
4090775 9883216
-7269656 6645258
5667498 -7474638
9123351 -5701298
8133613 -3650948
1769693 -2005410
-7808176 -1630664
5388143 -6556501
-4746203 7065672
6353816 7572197
-2330783 942202
3033080 -939877
6816985 -6249158
8708168 -8894288
9555197 -3693773
8705795 -6447643
-9802385 -3837676
-8795961 3952492
8251194 -1618535
-2753131 -9672610
-9161668 -1098841
7270495 1532915
4976414 -6969844
2612180 2658639
-7252812 -9769788
-6311234 -8517652
542471 -7067242
-3316400 6721846
343910 -2640544
-3817964 -4608232
-8539523 -7584541
-8905864 -5112169
1356675 4174444
-7444091 -7701825
5141917 -392131
1025380 -7680869
3852046 5980249
1526757 -1704124
3470867 -1171540
-8424976 -5861063
-4378715 6218055
9150813 -4736210
4501988 6163756
6039565 8350765
6258886 7362250
9777710 -7778399
9625784 7719363
-5589840 -9128154
5686373 -6501188
3106681 9482421
-8198448 828290
9324891 -5867938
-5055710 5653598
6998411 851648
-2493063 931509
9665916 8573435
6353578 3128222
-8191670 1333082
-316153 -6628082
-9265831 364247
-4897800 8459085
-1305199 -9488121
3900077 -5272015
-9256851 3104961
2587382 -7897198
2931092 -3633818
-6985404 -3094713
-7441115 -5227665
5623983 -2041114
8890395 2073648
-6836564 -6869080
-1224506 1072664
-7594254 2033366
5405284 583824
-9051928 -5394055
-6934969 6139453
-832316 -3949728
-6705391 1759832
-5135207 -6932239
-4829437 6554110
-7079707 -31473
6873814 618007
-2093306 -4065111
3893776 1949052
6539052 -6469323
9177949 -4699477
6373187 9702488
-5747794 -2046557
1053620 1295285
5901231 9657491
5796944 -5481956
-6915332 8966262
726094 7480981
-9451258 8895630
5449740 -1892761
8075766 8235658
-8629983 886385
6821275 -2534067
9414985 -723288
-4676259 -6768597
-8951722 5954037
-1827122 -5498309
-5028514 7421466
-1283249 2425084
2082575 -1458542
-4424146 7134334
6100596 -9604128
7876853 -8823125
-9927495 9343042
-2549719 941947
-8306043 -1961403
8924983 8042400
8024685 -6936025
-5142961 -1737390
1494013 7439670
-4089941 180780
4682471 2542291
-7519891 4082937
9024374 2170310
3228120 -6286787
-9152453 -6376699
6535525 8803975
9980850 6948144
6291186 4412378
7870678 -9946645
-9391696 6257820
-3183428 9564635
5144962 2049639
-9687751 -5158743
4797279 -9997999
-7300866 1806262
6864906 -9292662
-2693372 -102043
-7931733 9345015
-6941772 -3668998
-45697 5296388
4100363 -6094224
3370272 -3510171
3418559 -3402435
9167272 -338542
8435630 -6194411
5886577 9775576
1825216 -4747798
-7390189 1031539
-6450107 -5346183
6460080 7407090
8114429 -3750973
6146984 -4158662
-4813647 -4578943
-5731589 731604
-3972008 -1755418
-5333290 -3260934
3228895 2644707
9242272 8036982
-9785208 9163807
-7030604 8409544
701472 8650423
6418977 8855973
-7596135 5043040
9696858 9028789
6435879 8470110
7235489 -1326710
4514628 -2933340
-4995931 3382473
6630429 2217333
-9538085 -727520
6011547 5174773
-2180520 7644977
5681959 -8243206
-9079399 9578104
504000 5896752
-2936473 6406350
-2221325 -8794527
-1235135 -6517496
-7488707 -7301108
-8830998 -1538277
-348635 1463525
1046537 8404491
-5696683 -5834007
6383327 6050607
7839439 -9066254
-1375128 -638406
-2993428 -3632662
-9359515 6444352
-1461191 5204883
1101635 4077438
483788 9042809
2764634 8165162
-8352333 778816
3477708 -8470500
-8777 6675312
-9344811 -2836937
8083906 2158941
6324934 1701727
-9731314 4903575
-1646326 -4775387
-2897440 8108125
-5524536 6978546
3422898 4109132
-8169633 -4884051
9193387 4478059
3520869 2932003
-6386483 -7806472
2972344 8801855
-9668645 7777536
4452849 8966404
-3870533 -7161069
4997872 5108038
9326117 6729726
1633301 -6160842
-8419876 9594803
7702929 9986975
6965521 -1317316
5308168 4694745
2327046 -7095228
7382831 7138535
70538 -5963215
8746665 -6579948
-7778092 -3799592
-6022056 -5764639
-6798234 -7446737
7908546 8430793
-3944816 -8152415
8577311 2906418
-738071 -4618699
7492457 -7273035
-7286060 842053
9524737 -2288262
-7593517 2195814
-2383062 4832905
-5512208 -2750119
-6196982 -5000231
-9063826 -2925317
3275091 -7450316
-3214955 -6841918
8227697 7253035
-1799819 -7496837
6867101 6136244
-8440986 -3228283
-5330630 -2039236
687729 820943
-8337004 -7838173
-126435 -4081978
630188 3704085
-8946658 -5203600
-5437367 8247126
5763247 -4458865
-4867830 -1634348
-6568312 -784227
2373855 8407261
5660296 216733
-4763751 -6882095
1770501 6376829
-6851454 4619702
-7419534 -4154133
6666811 -2182083
-20256 -4215452
1702570 846159
7066597 2369662
7166062 4849110
3096236 8119939
6177426 -8271304
94348 -8624165
591609 -8690404
9716857 3526036
6259121 5481816
1116073 -2106494
-5729665 4011722
-1368576 -7113426
-1267558 -2581118
-2246849 1211891
-487209 7915605
-8721884 7732895
102557 -8784639
-1419177 8344713
6464653 9784972
-8486332 4193411
5569246 -4841569
-3531972 -5875632
166756 8677207
4159024 -3815115
-3405257 8942229
2953952 -4724903
-9321976 -6618569
800313 4101728
-4686381 -8073182
9842423 1069816
-1197289 -2657238
-1441877 3636891
1981605 1421621
-6277055 -344702
-6151291 -9037390
-3878959 -4763387
-8122667 9417956
8095163 2589069
1290307 -5439559
-6497330 -5229461
45637 7885050
-8733519 6456622
558351 -6759987
-4833169 -5416854
-1830686 -1611678
5731085 7525606
1162497 -511622
-9090001 6805560
8977211 5660454
6623064 7149296
4902261 -7174080
4760228 5260458
-9634121 6779594
-8659965 2855392
142283 1656186
-7942411 -5157295
3815680 2704272
5944285 5840422
2939921 6890383
7795057 -8888884
1153074 -8890765
-6886035 -3957506
5364407 -7684428
7976026 6540316
3689612 4341618
-316110 -2884557
-7624099 -1408127
7887819 -5555881
7299511 5258132
-3085681 9227854
6586912 9958146
2662419 -8511740
-154966 -7081056
2325679 -1393296
-7765827 5301307
-1073105 120736
-1320417 3387247
-1780829 2040860
-1418823 -5956010
901960 -3804802
-4173007 -7729211
-6620985 -9414150
-4970031 -9280754
5977378 -8733166
-9505311 4845832
4803979 5408049
-587339 -402047
2516897 -2533602
-1410546 9257696
-2924645 -5157424
-2520336 -6660021
6727227 6002250
-9440537 6159247
2719589 7462750
6174300 -8343008
-6072219 6137901
6723752 -7998707
-7279461 9823148
-8910017 4270073
-8367742 1214270
-3377681 4101024
-6301023 6436237
6418987 6034981
-2190971 -1267774
-3908846 7524793
-9135227 4884384
-6597013 -3912830
4762770 108352
-2428898 6478802
8135794 9998711
6136613 -6254597
8263048 -7936425
4403076 -4623283
9646790 3499940
-5285790 5493059
-405917 -8720952
231637 -6147119
9887862 -4190588
-2942010 9166976
6691770 -9786757
-2386020 3149144
1752666 72895
-9818753 1016967
-9987879 -3484564
-3485852 -9731299
6530456 8147915
2727842 -7349239
-9456170 4793505
-9190203 -2869082
-7376023 -9809380
3986021 -4475993
-623112 -5265588
543824 -5782342
5900987 -8218897
-8005654 7601814
-6732690 2592757
5182004 -391674
3141645 5019977
4051765 5363251
-1851696 3153766
-6181967 -9434087
5733026 7195113
-5495030 6545876
-6323206 6276856
-1016171 -4685233
-6644874 8817124
-6448464 -7030150
9703860 2732014
-2970531 4095361
-5786473 5604847
-9286044 -8459832
-6335154 -2519162
5017167 5895960
-6224437 -677156
4992962 -931068
-7848802 1923868
-8364667 8810996
5356872 7884224
-3322567 -3859697
1455070 1550018
367142 5661262
1147464 4810196
-9941438 3918679
-9469608 851324
8972524 -2911968
-8855448 -5256081
-5258891 2202832
-1901207 -5190602
4132242 9758276
-8656439 -5609292
-1169072 -874795
-9547447 -6505241
3895335 466261
6606564 5809425
-2640557 -9427232
-1249618 -1938366
5388182 242938
-5838383 9897846
-6734477 5446745
5051129 -5307991
-8047720 4754399
-3042769 6195681
3521431 -3306610
8968018 -2427624
1963085 -9829974
-704769 -9688421
6322690 -9205987
1260275 -252216
8073561 218026
-6692854 -2133161
-1555174 7949356
-1807706 2057529
-5528273 -6166992
9279753 -5129737
-7921376 -2262750
-7508351 -3152766
-6957085 -5969095
-6759353 -8034767
-462391 -919301
-749275 4725017
5036597 -8499306
4811060 1062308
3326444 -6124361
-3389983 -3928665
-3545474 1400005
-8134287 -82836
4491045 4899352
8732361 58008
-2555377 8962772
-3299977 528466
7375701 -476752
-3929495 -8291976
6189609 2934968
4532019 -8172496
6552521 -4272781
9744265 -6217256
4845052 -5894530
-2018890 4555325
3143012 -1828504
2087853 -2892521
7024643 9597539
-2986757 3953567
6527927 1515688
-7005187 -4254396
-1209577 -6027450
-3987850 -7788812
-6080788 8682476
-5866204 2082655
3910159 -9891178
8352393 8665816
-7551440 -7020967
-2915497 8096658
-4831664 7293613
7981461 -2418035
4689445 8311348
7908887 69315
-5977118 -5769560
-1737519 7438483
5700439 3067161
7039711 1257294
3468482 -5509138
-6826662 -6948138
5134517 -95954
-7470780 -2692865
-4027049 -8438971
7056414 3397965
-5989024 -9062137
747828 6657269
6755587 -820688
-2509340 -1270710
1314957 -6038616
-1808176 7915900
5354383 -2145809
-9078648 -1029343
2744303 1054822
-1937963 7961063
3529277 8729137
