328 -1084379 111125
643
-2099660 -51146
5101452 -1026888
-25236 -5835306
-4088012 812159
9538914 7783763
7794739 9379167
-7309918 -6108172
3194434 4385587
-7967329 2406861
-9667199 4150798
-1420892 -5470232
-4187877 2772464
1000766 -3908738
1560380 -4716764
4198857 -2541592
-76386 -8328494
-6839030 -7900802
-3736108 -4974934
5837226 3135734
-6564150 -5307767
6587752 -2107508
-5699327 3746941
-1867471 1794187
-5798952 7495107
1645905 -7318448
9727672 7050201
-177334 2741366
8832628 -4460205
823032 -9176568
-9201808 -7090639
-5419133 -4978111
9637439 721806
-1736775 -2258163
3393924 -4098668
593565 6616803
-5490705 -653874
5609419 -2818683
8975504 -1190032
8821427 6258300
8939852 5692904
2743106 467333
-6791301 8667524
6723672 5082124
-1578092 4557679
7467040 -9936944
7601297 -779900
2458258 4564259
-7693903 7238737
-6859931 3237835
-145362 -1783627
7562499 -3750014
-4052345 -3119714
-1793394 3171918
-569781 -5076840
3132416 -2971966
11719 -9113577
2070300 8391874
3473998 -4263230
-9705551 -8689676
-8626620 -8104094
-6367642 7761490
-5157899 8974677
6213414 -1393031
-8155196 -2851802
5364571 1869835
8119821 1699443
1096081 -4556578
1131693 -5932523
-8493011 9302687
-3669279 3078264
-3518961 -2844243
-4452368 6342440
-7920790 8551339
2378015 1537982
-4049759 4890012
-4832146 3751395
-4757575 -417401
8189568 9955
-325494 -8544161
-4157973 2550725
6766520 -4960923
-7001148 -6038152
-9454323 -2137399
-2834712 4130545
9725161 -7947334
-791576 -3987638
-7645198 -3793800
7273892 -2727592
8810390 6950365
-5643271 -348093
5919655 -5239369
-3140417 -475417
9534538 -8837920
5134271 7565503
116228 -790956
-3235526 -9023702
-5061853 -3117252
4745349 -7720322
6410223 8000176
-9947157 4426990
-9560648 -1348264
4857936 -8222381
-8433621 5310506
2260871 -5351820
4300088 -9623231
7653753 6617600
8658535 219743
-6101825 -5486664
-7921161 709426
9918470 9032446
-9991255 -5288580
1594168 9199296
-8521026 7463244
5463420 8855870
3282860 405549
9057285 -1967385
-7673414 3722212
-967282 -3568426
1079754 -6107035
6786087 3809942
-7056106 7896194
-1884063 4439840
1469528 -8397570
2311856 2014112
-6437089 -3935281
776139 -5253322
-6054025 -6428344
3551252 4886660
3742530 7941301
-1653149 -985328
-436360 9541742
3263954 9920488
8868414 1890226
-1700456 4813024
-8860682 -51831
-2155637 -4914369
9525471 -5916787
8201995 -1523347
3007117 -6488649
-423930 -6969797
-2223119 6570028
2658036 -9647790
-2244778 -5760792
4696862 -3790712
-2259687 4014104
3555846 5560065
5480553 7303953
-8289469 9336152
-3334472 4348968
6813489 10075
5095706 -2195153
1888060 7174204
-4349143 -2862471
648880 -7393593
-4363390 1174327
-2255645 -9775049
3093513 3413491
169052 -9597608
9128032 3365087
-2620809 -5134086
-9574021 -3131655
6688650 -9064963
2787541 -1577116
5288204 8399182
-1590743 9453069
9774268 -5381955
-8207750 6021316
-6841155 1662328
-3214913 9959459
1133786 -3675922
9065381 2421697
8351541 1394494
-5686762 2158894
-4476019 -8963055
-4097141 -6558730
309616 -4580476
8870913 8845190
9784426 -3001734
7913800 1658454
-6372125 5072631
9690676 8839410
4860726 -6597856
-2419176 3999278
3958738 535923
-623647 4365912
9303961 7608876
-996630 -1558266
3116980 7655502
8692447 3316608
-725769 1157313
6576837 7111658
-1526800 9583847
9098465 5447750
9622556 -1742373
-6669742 7012266
-1631972 5766784
9168928 5537286
-463435 -6771246
-3718971 9266104
3632016 6011655
3620531 5657383
6615469 2935978
-6892168 5140254
-1543138 -267550
-9110237 4316632
-6055358 247445
-7652356 -17047
7947055 2417843
-9324530 -8553890
974728 7569612
-4147252 -5994272
2059366 1859108
-2395786 -4978324
-5712220 -8404069
7607586 3885243
-7941022 436149
5888479 1228118
8884724 1190800
-9076750 8996311
-4170705 9857938
105384 4329365
-5687682 -226062
-7808219 2453028
-3584510 4775726
2345338 -7132749
9389331 -93430
-8234322 714438
5736114 1448697
-4439019 -630108
5771488 2540246
-7023605 5684919
9429389 346818
-8462382 1381226
-7106110 8314113
8172052 -7539132
-693414 -1276815
1013475 -1722564
-9269536 -3864744
-9089018 3205256
-1411141 9662307
-431123 -4227328
6487110 -9505458
-5540408 -6149092
3220800 2223224
7279823 -7463075
8221844 -8491360
1855459 2772570
-5846203 7651234
5965347 3393077
-1629702 -2952313
-1712776 4137399
4931187 7676884
6328492 9300700
-4977692 -1821996
-2159689 7239475
-6987853 -3872480
-3377938 -74460
3776448 9499258
-5761166 1081654
3618579 9513601
3538593 4035009
-3192420 -5643224
-7991990 -4605948
1303482 -6522271
525416 489709
-5372891 9673780
-132984 1328992
-6853956 2074648
-9747348 -3804492
5951335 -1831647
4295873 -1907037
534856 8963483
979093 3434287
7032294 6827656
6341257 -2265721
-8230711 -6832775
-2475999 -7603797
-2209745 -8906779
-5429050 -467989
-9978279 9093737
1283869 -2387282
1458062 7165182
-760170 3667237
2379098 4604107
-7227540 -7991165
101798 -1669567
9810268 -415315
-6981028 3153006
-19337 -6694287
-6443655 -9948734
-6781508 8838272
-8765525 7841986
1451559 742493
2790857 -8458917
3151172 6022509
6151579 -4671070
-7505888 -5564958
618631 -2390359
-7786252 -5749706
-3740871 5514081
6360867 7502560
9603597 -1122720
-7969714 6171135
1993201 -7377430
-7326164 -5472699
-6634426 -1934102
-4092116 8408680
-848826 7116401
8657484 7359443
-4101696 -8057969
9787313 1808657
-1239949 4566235
-7824124 -7718575
9048071 9378682
4892764 6905977
-3075111 -4692799
-3299167 1253631
9941118 -3471513
-848943 -1268881
-4225227 -5549329
2516569 -5658755
-7250074 -859653
8773100 940805
-9183400 -5582548
8875835 7430585
-760758 -3285096
3797491 8663148
-9055427 515645
-105673 5973368
-4604303 2508996
7816197 7303443
-8926574 2320586
1365425 -5482970
-4235498 3530897
7981568 3032834
7374080 1539275
3195974 -6985510
-3528353 2640358
7057810 1969074
-8083989 -2711752
-3480496 5933645
4596793 -6328395
4187250 -9683004
-1193284 -1942282
-9433286 6597930
3901373 4202413
9039351 899264
-2067354 -2508848
-8977951 -7078871
5953963 3697148
7752775 1519969
-2949189 3328043
8484753 948749
-7082176 3522459
-9189293 5542563
-6007440 -5166165
-1494559 9846563
-9836441 8589353
9163423 5209043
1806973 -1029725
5689040 9730138
-6854246 8224699
-4284149 -2755256
165873 1078400
-5224451 9254252
-6709427 -3880164
1964232 -7471676
-4006574 341385
-6136156 448985
8507901 -8572398
8777789 7190903
-446182 -7499539
3606167 9799582
5008626 -7766270
-6279643 2769590
-4983920 -3184401
7556650 9409398
-3345858 -1838166
1756587 -6727499
5043105 -663633
5456203 -951512
-5906836 8333679
-1324936 9936787
385773 86590
1514192 -4944740
4762515 -8589974
-6089513 -7191666
-7392084 -5683667
-3449937 7516654
-7197403 7616542
6948494 270421
-7803829 -2181323
-1503136 4505144
293998 -8633335
703032 -9746549
-698061 -4662897
-6329218 8675587
8612375 3395103
5998046 2345846
-82542 -8485500
-7075474 -2487762
320572 -5320027
-1003693 9351365
6868020 -4555159
5577735 -1937278
8333143 9670617
-9994354 2526229
9547726 3045666
4412331 -8981138
-8727687 -7641924
-2304821 -4884637
6307303 -6909396
-997940 -6117686
-1255488 4919678
-1049470 -4999894
-4971304 8661971
-6658056 -5608592
-6257227 -2134379
3310462 -5145397
-4566322 3127145
-4685886 -1111803
3930779 6283173
-671160 -4680239
-3661377 -4005143
-1647067 -6258829
-8627113 -9872711
5734245 -1435536
2446778 196542
7632572 -5263695
-263589 -8808709
9853262 -3416898
974510 4765108
5147081 5711558
3082514 -2766365
-9639219 -1542457
-137908 8516192
4799365 -4325105
-6488992 6309223
4820432 -5871795
-9614271 -150368
-7506727 -6826635
-5745818 4274968
-5528490 8227518
-7036176 6700960
7892251 -7895918
-8796464 -4783413
2498047 261865
8489776 -5305602
1928033 -2354872
6102671 1572290
-7395166 2288814
7963710 8481116
4790339 7404199
4048757 -8525282
-6159298 -389228
-4699511 -3049162
3742158 8850327
7077846 -445329
8771984 8213668
2834102 2558022
7774609 6664235
9442453 4037638
8732036 272657
7917785 448581
-7979129 660069
5465236 -3463191
-4982075 -5374295
4546256 -4054702
9936368 2324616
-8064612 -8888635
-1937797 -6222929
-7372602 9752230
-693099 -8195639
2534381 2221596
-5220382 -1921115
7259473 -4631517
1922473 -7445772
2826885 -781722
9666859 654509
3830931 -6738978
-202169 4204082
1346139 -703833
5241465 4815756
-2859627 -4107605
-2996239 -2305815
-6012392 -8407887
3860695 -2417684
-613322 -3384993
1352955 -6832403
-6237166 4437411
9805895 6132574
8686802 3538659
5273289 1728368
4899230 -5969961
-2708939 4940148
-8339418 -1269839
542680 -394755
-5578999 3006721
8899117 8300497
-4005318 -5922274
8186192 8419230
-3998454 -17709
-886350 2046887
-2269164 -2095424
-7658012 -9533395
-884469 -5989977
65034 4664235
-3607397 -2197667
-5651276 -4661676
2794824 3808185
-7461654 -5843862
3761383 4455407
-2537872 -4402622
-6102125 698736
-2707185 8877597
-186821 -107442
2391201 7995359
42246 5814726
6235654 -8495149
4487808 289435
-3184190 8577642
3241877 -6396660
-6077975 6880844
4735520 2150833
-4040982 -9212898
-5056760 -2469655
4502104 -8986283
-3388905 1220975
4436063 4480584
-4125466 508971
2917881 4245230
2240589 5687713
1502439 7825434
1846637 4799188
-4911377 -2261906
8832088 -3665555
-7545863 1904433
-8698371 -5409682
-742497 -3623837
-2836735 6037150
6083847 -2267127
-1253410 -5377143
-1639816 585951
-4933465 -2125962
899361 -7203753
7041478 -6542579
9145135 6333594
4159028 -717933
6597607 -6836074
902020 -3994335
-5143538 -8313770
-3892985 -7749539
9357131 -2689400
3686763 -2591355
5962147 -1385366
6347507 3366380
7989237 2045994
-7368055 7610450
8000840 8865773
-8337980 -9785168
-6327746 -1099799
-4766205 1219850
3018270 -7182611
-4018685 1909175
431192 -384123
-6181540 -600312
-5833499 5287654
-7401746 -74525
-149528 -6476368
-5345382 -1198631
4684101 -4187381
7858613 3518477
1128927 -4810310
-5944537 3006910
-4261905 -8353881
546320 -4282516
-546314 -589651
-5255910 -1703533
2721994 -7528044
2087834 -6758243
-4842203 -6846814
8440841 5906294
8348121 -8159350
-4635718 3555447
4873169 -1801406
-3472435 -7464748
6053730 -442730
4746961 6902531
-90559 9699009
-8654871 8802424
7036260 5647536
7574237 -5592199
-4779379 9006299
-8521745 -7681673
8076437 7942615
-8904198 -3917559
4505087 5750586
7591237 2052995
8124794 -4630439
3568155 5471871
8007124 2997963
5071586 2612072
-485397 -3422794
-3723785 -7665101
3653675 9424045
-2412067 -9862304
7061850 -6793712
-7787413 -4837829
9996850 -7717529
-9774914 6207194
-7710364 589639
-3659774 -8679112
-4109765 -688925
4680636 -6068537
9403334 -5984970
-470655 -9234857
3377216 -73190
6504016 7117283
9452182 5408171
4832216 5296584
5434280 -4377790
-1171502 4936502
2615025 2496130
4778601 1041085
9764631 2611875
-6798485 -2479960
-8642720 -7945733
-6118305 -7941907
-4010444 -2752484
-6221102 8562331
1843827 7909242
-2163947 -4175405
-7058121 -4778957
-9370786 -5659931
9636653 4910413
3048975 -2022217
5430637 -2412714
2599768 -8122527
-4565090 -1954338
-9342463 -2621630
4898410 -4800458
9770161 6375404
8433497 6255690
