495 -6483074 5943611
908
-1196704 3843958
-4355649 -4631075
-1973022 6047490
-1605256 1871974
-9888980 -9674273
8799394 -3471911
-4546683 8721051
5543047 7384756
3337990 -5425375
-7123267 9511756
3709696 8506337
2155357 3481164
5677363 9789819
3202689 -1500791
2016135 5955270
-7684420 -8337348
-2968423 3335783
-8100375 -2040069
2348258 5058555
-2099366 294370
-661189 -5024370
-6303318 -3299972
6601136 4792129
9366754 1756081
-6215811 -7544522
-9038185 4759839
-1758996 7493886
-199943 -4366475
-3350914 -6081633
2389989 5519098
7181750 8665221
-5482643 -2778079
-2301796 -5786673
1788234 -3583018
6711352 2562814
7538445 2205220
1421600 -3949836
3358645 3751479
-4492440 -1977263
478215 2725399
-9998409 -8191899
1818339 -6043617
-7893740 -9241053
7193666 -8381604
7137494 -1244654
9936919 -7899993
-678072 -3164404
1048923 -5545724
-6612389 -463516
-7900701 5353509
-9924919 -9901037
8665479 2154096
-4094425 1496682
2035771 2024124
7265876 -6070513
-4262412 -7486014
8986721 7267467
8026414 7555928
9174324 3609333
4881031 -2263568
-163561 -1171829
5663767 4817951
1788579 1674719
-8788797 9229043
-2901096 5176190
-2208494 5826854
-2019050 -2826014
1187020 -3543015
8481110 3886525
7816012 -6777209
8253129 -1736662
-4469195 -6446399
3625881 -243797
-6634464 6073571
-6189997 -4683443
4144728 8246568
-4419129 3646442
-4678839 -7675152
4070243 -114198
-4938007 9048716
4875571 -8830853
-9140515 -4630149
1826836 -7143479
6743047 2046505
-2214352 -7175702
1087636 -2924589
-6854636 -3961222
5794981 -865207
-4791636 6771245
-7912197 1676869
-76563 -8465281
-2302487 -1251117
1073731 -1979340
7906463 -4464974
-5416257 -4856026
8829474 5484808
-9145341 9459314
4832187 9688959
-5748183 -4802153
-1977854 -5908414
1166998 2037465
592595 1626134
-9239072 4312362
1083608 -3612424
580798 8485644
-9979636 -4312237
4436646 3020587
-8958752 -9765771
-4230744 -4489622
-6829296 1464063
-3051129 352999
-7671335 -7999822
4205490 -9680118
-4482271 7160852
-8747561 8457307
-6988876 3539875
7682362 -5064211
9248151 3603720
2507648 8443290
6928934 -7151889
-1464126 -6911554
-1374614 -534350
-300120 -7027479
-9000749 -7817014
3647049 5469136
8338487 -5830045
8686486 3112272
3432154 -9332848
344356 2891976
-6134365 8949883
-4993889 -5886853
-951064 -3123241
2996831 -7311527
3648115 -9186560
-6338449 8020832
3625630 -6906599
2559052 2197426
-2313701 -7748984
-5565998 4775284
-7239228 -1314450
-4628143 8081051
-6290325 -8900741
4282763 -5941657
-533329 7141829
-1391935 7143471
3772971 3332306
2725418 3614176
-1180999 -7178093
-6364653 8238601
6259433 -7532884
-4439483 9813251
2010677 -7598584
-5347568 635921
-4588795 2213328
-9101122 -8397213
2200190 -9311671
4303940 -3729265
-7154569 5909866
3051695 -1413297
8246527 2312102
8160761 -8340240
-2209712 2019498
-2642243 -6597469
-8358868 6609289
1592757 993105
-6677292 416918
2818334 7153275
-9694452 5333385
-9936935 -12882
1589905 8233106
8921435 -9038057
9749030 -6209904
9699962 3225376
4328431 5110813
-2577084 -4731991
9444122 2574958
7110808 8100029
-8497440 9750762
-1123596 -5531434
-2021977 5660044
-3923038 -9530839
138788 1300731
9150468 1411648
-8601233 444337
-1322557 9213533
2691828 2988672
-704880 -2401122
3340606 2440858
-9931976 -1004918
-3220556 -2330962
2760348 -2509060
8107321 8739918
8490680 -128843
4339723 2126233
-2213723 -2632916
-2163754 4834098
-3865171 -3620408
7791240 7975034
-9064277 7801649
7015182 1706359
-5304968 -7870482
-271603 -7776638
4664220 3990152
5501587 5585355
-6745607 -2751404
4739536 4797383
3537301 6014742
8402251 -4636791
7489442 2027981
9395066 2741974
-9907576 -4724280
-5828336 9747664
239050 8743605
6545254 -8037096
3669264 1174774
3304292 -3923212
-1699850 880648
7387152 5549041
1134397 5480722
-7270681 -4594909
-9797526 -3094858
-7080116 -14793
5348417 -3743873
8284109 -8677865
-3419539 -4645789
629931 195527
-7540457 9189237
7932842 -2682053
-8202796 2698593
6389719 -3005552
3071236 -2017180
8863468 -7789636
275757 -8628614
-631539 -1233028
4172064 -8589846
-9168351 2097780
-7917013 -3109110
3147018 6267885
106373 -52244
5301968 1431127
4143006 -796814
-1607576 8448251
-4233801 6602549
-698858 -3674734
-4163933 -2436597
5546223 8207214
-9582422 8907303
2795042 -3073957
5693015 693335
-5380158 -7836497
4261283 -7618569
-727678 -4548509
-8280624 -1139378
8808379 -7580660
-3633181 1825749
-8971064 4110347
-4925050 -9490175
7112374 -8062288
-9220670 841149
920904 8929868
-346566 -3384603
-4477299 8983479
-4090478 71012
3280700 834095
2997598 4118890
6500321 7900542
-6647967 -2741119
-1364145 -4227357
-9291665 7587761
-8070137 -2555766
4070933 -2924846
-2415021 5475151
7412863 9145884
-7496615 7213705
-1340074 708545
7323943 -4059358
-5075879 8313360
-9099275 5362996
-3802909 -6650004
-14762 4181425
2081967 9194689
8969922 -3514441
-5225445 -2049648
-4461887 -2394223
-2433636 -4517110
2558045 9984328
5459479 -8362703
3299533 2659376
-7610566 -4611306
6097240 5802919
4259913 1049360
-8120928 -4062465
-8699469 1700386
5050382 -7220203
-522426 -2502378
9208663 -4964380
-5962468 -8440459
-7973755 694937
8300714 -8671561
-3188671 -9919289
-9934961 -4132922
-9979272 1885726
7061455 -1959129
3429565 3320261
-8360468 9450889
-6983399 -7956843
-2019308 5899445
-2400168 7412025
2708175 -718777
-704803 5166566
2718539 -7814251
6261643 -8979788
1715149 -727577
600862 8287888
884951 -7467784
-1600706 7412191
-8185730 949991
1507214 -1579978
4256636 8875725
842966 -5063221
9496289 5896168
-5688034 3859567
-6212056 -2523019
-725443 -5571850
9594716 6496119
8681869 8569754
2106319 -5170393
4102030 -2540136
-4252248 -6178532
-3646316 -5297108
4631436 6632704
-9900953 -2730669
-1794295 6445706
-2162217 1606261
-940608 -7537659
874862 8680749
-4943332 -1444319
-1450985 5186828
2131330 -1155388
-4659268 7823572
-1090322 1726046
6555654 6538953
-6001183 3532349
7353818 -6825964
-2123071 -7737079
1411977 6223854
-6506815 -7491635
1470423 -5972624
-1850011 -5784757
-3322416 9308206
505307 7209382
8281415 68798
7771978 5561975
-5593413 9346782
-313294 -96692
-8370645 -7736329
8802624 8596385
-5354914 701361
3875397 5317793
7580715 -8001096
739111 4268678
6777043 -8490956
-4463579 -3251352
963891 -9236182
-9927976 3686410
-6587856 157828
-9773374 -6906317
8655658 4209912
3556694 7998605
-2098087 5578598
358621 -6756599
4356138 -7952380
-4734667 -838754
6995391 9001224
3516481 9140731
-4074239 -2907542
-1398497 -5744408
-6479408 -7297195
-6533377 4137924
-9659314 4484484
7158664 6055000
9148683 -6247169
479095 7385290
-2099753 320694
-4100708 -5964211
9795542 -1681487
366133 6257913
7935511 4151680
-4330743 -1852181
9804902 -2552745
4539713 9185738
5957682 -4269337
-9050180 5657568
-7688156 9478274
-3520890 6932796
2987796 -7347469
8921714 -6362226
-8976935 -5347169
4973525 -599191
-4047050 -8560336
-241823 3389169
-7836565 -4251507
2416525 2640663
-9211518 2615298
-9937447 8085782
-212128 -9406616
8840399 -2881381
-7223813 8261906
7740181 9790220
6723016 -4911968
-9743085 -5780709
-9626582 -289188
-3120005 1694981
-8904210 3912835
5352499 4369873
-2240958 -2951260
-4686415 7627029
267692 -7561171
-2429520 7730111
5815893 -6427474
6682262 -9850615
-2731996 8120118
6382024 5522661
5312881 -7439456
-9835072 4122205
857849 2035897
4263061 2938195
-5366824 1231267
7660454 3659409
-1970718 -4271034
-4705942 3012953
-6843666 -1695324
-6740142 607644
-1662245 3424026
-487096 830338
979723 6670000
4790118 -3804834
4234180 764080
3324624 1172143
7810700 -7936587
4099311 3489552
8944099 -8815099
2416168 -9121276
4538133 -6422725
-693759 -7407026
5605928 5083767
-6611556 -2883349
7724295 8762262
-5297359 -3351698
-5008 8578402
5248403 -3268103
-4556584 -9025285
1738795 38521
3727016 9677596
-8258991 7579771
-6414325 1537717
2722618 -1643328
-8248251 -7470226
-3892951 7655139
-9751887 6289882
-6109998 -2070358
5046294 -1629607
9649008 9794798
8959452 -4713059
-6134656 6868001
-6400102 -1045556
-7554489 1630099
4184972 -956686
-8762738 4184307
1764078 -2088011
1966058 5494624
-6148704 -2133894
395880 7205028
-2623481 -4396955
4409280 6502930
-5567428 -9859015
-8972270 815634
610432 1995218
7282160 -9323262
7544739 -430116
1040680 3663856
-4706045 3660990
5220656 3486191
-2329502 9478927
9907268 6457919
-5531105 1950929
2333387 1873326
-8405293 -1679809
-3560411 -7270733
1748549 -1028774
-887789 3365221
-5819145 -1302526
-9307308 139942
-6666968 -2692361
-606125 491204
-5844940 3394124
-2944886 -9565445
3920746 -8034633
-8555705 -7724230
1250041 4107597
8574878 -8648437
-4258758 5718936
6555480 908265
-3846116 -2664051
-1176473 5511421
-1123358 7902434
-3400092 452091
3108385 -4426151
-4602160 -2707400
300157 6441417
-164459 4791715
-2257378 4455217
6420585 -592993
-5800870 4179720
-9196331 381232
-5750853 -2034477
-6315540 1894899
-7196836 -9611
-157310 2756292
-1732287 -8526599
9375835 1182570
-8365339 -339293
-2249092 -4024257
-4215305 4743046
-6299185 3148748
-9543185 -1398796
-6943578 -3947291
5459716 -1800563
4895509 1993359
-7625409 2175198
-9859278 5699179
-2405922 9140090
-8353168 6341534
-902174 -7086405
-5613004 1489522
-7327908 7365539
9542598 6279183
4771278 6823105
1566151 -2706494
2958606 -9444027
-842822 -2216681
3836028 3415421
4131210 -5270048
-760337 -8187904
3987295 -973281
7242250 -5869394
-6729304 4128017
469551 -5163671
-9733724 -5082472
-1076597 9567377
-550732 -5346728
3448807 -5888153
-9065047 -1008134
-1198276 -1779915
-8707590 -4982544
2800775 4276682
-2307897 449588
-2304108 -3363197
-1551100 4339665
5882736 6935555
3582513 4952547
-919436 3124987
477668 6853210
-8229262 9550115
1633844 -6739704
-9570080 694141
4805989 3599464
5107682 3878727
-7901188 -1742706
3274750 -6090594
8186088 -6608778
-3642837 8591878
7745033 8394543
-4749440 4053055
-6495037 -3806067
3662832 -8866704
-3225365 7087476
-3542962 -7256604
4809863 -231345
3028951 -1772223
1438270 8960059
2559523 3458871
-2662402 8760611
-2982095 -2332795
-5907037 -563590
-4656015 2809008
1400886 4795403
3189946 1701148
-4245797 -854081
-2143795 956858
-5393493 -8224482
1379347 -8480963
6778786 1381142
3666150 7836385
8580514 1588649
548709 9211453
2670325 -7464863
-8704252 5624584
-6708210 2524275
4477038 -9169994
-3844634 9901105
4696509 9821023
1522171 7556252
9218523 -9597193
1359666 -207274
1568245 9591080
-8889882 5966173
9863667 5463944
3300329 405256
-8006095 3529817
-4742377 -5602804
-3067667 -4941034
-9316449 7927948
452223 -1771919
-8425561 6491693
6392798 7445613
7266636 -2270195
7802409 -6394341
-5991533 -1211193
1097886 7020933
-871635 -2115515
-6149342 -7333869
646427 -7245165
3160091 6230677
-7723153 6463108
-9139696 -2329651
2729315 -2465530
7978770 -2207363
-1462929 -4070782
4937263 -1569007
8392959 111510
357668 -6153586
-2547927 5659595
6964755 -1839923
7697362 -6023108
1861377 -1937359
-6754876 -3174272
-419437 -1771613
-5540935 3891551
354659 -7259345
-7072644 -3264088
-3213266 1214964
1523953 5656671
4102242 -5234496
-4287151 -9938976
172535 -8444143
-4597729 -5894192
9765404 -9469797
-8793368 -4629303
-8136059 -753489
7309152 1420347
8246075 3725319
-8046294 3070628
-3037821 -9657010
5599997 8929123
8181387 -166810
-8951846 8527353
-3299623 -5031879
-266375 -4911540
-4850516 3318971
4874828 -2037173
2068635 -2161629
-9115074 2793452
680501 -5649609
3596902 -7908441
3511906 2544442
-3730239 -6577594
6493034 -5725667
-5382677 -9260180
2185295 5971565
-4195244 2733673
1261026 366683
-2148844 9369262
-5542278 7961403
1280374 7584782
8063961 -392793
7445578 8671555
1465007 132596
-3000660 8330505
2938416 -7854492
4689950 -9403758
6535001 8966674
-6758993 3476064
-3267764 3028035
-1000399 -9625318
3108355 8917531
-715786 -2679291
-3310029 -5630618
4847137 -348277
9752857 1147694
3271253 8643864
7315419 7816818
-2050586 -6766817
4080040 -1219574
925934 -2534894
-1938651 -2981544
-4014870 8132236
-5875348 7112702
-7342911 -773863
-7882828 856888
-225580 1656690
1493751 5225527
2111261 1574986
-8773291 8183723
-8152231 -3041601
-4397737 3495918
1312736 -2364626
868557 -7082318
-5785540 1778503
9243609 -5051402
-5516594 -2343254
8305334 9821310
6934012 468537
2211026 -7570013
3286875 9591102
-6235856 4328198
-7929922 5577647
9668986 5257896
-4042029 4181339
3656090 3412047
-3092034 -9677908
-2042534 1774705
-2791261 737054
-7484443 1342375
-1192675 1423199
9079945 -8240833
-8419523 3290732
-6240731 -98368
2331619 8514490
621944 -1513353
-7185154 8134846
-3771154 4386088
-7839664 7401276
1582615 8414184
1826231 -1881693
-1559601 7755058
-470237 1250549
-8012396 -1085783
-9743407 6738503
-1838298 7019513
8778680 -936082
-7645350 9758000
-340368 -9640842
1390000 8630271
-2883081 4507603
2642449 -7988056
-1085616 -7551883
2365745 8871295
-198169 1074721
1709380 6464712
4219770 -8371937
-4605036 -9850220
-8419651 -6250466
-9511963 9898920
6918434 4353294
5933565 -8833909
3440443 -1786534
-8911024 804567
-565161 5616427
124030 2478976
-2992728 -931890
-5967421 5282832
-3329521 5921657
9512730 6398324
-4620612 6472311
616726 1222110
-6111758 9599159
-6651307 -1471958
-1573037 7984944
2338238 6353082
35525 7861749
-3924785 -1728197
9076371 5992321
1608748 -2835808
2159520 -8972438
95672 4249131
-468037 9166793
-2395198 -3355397
5559279 6202442
-4808895 9633884
-6627654 -9061333
3054178 5807831
-5664126 -2739411
-4754467 6402871
-4727695 -4720811
-6859062 100123
8371927 -2175817
-6183496 -783847
-1103303 7448298
8475860 5425252
-325617 -8943782
2739363 -8912116
-9751161 1722698
-9558507 2860517
-4989247 5808118
-736863 -4367402
3956782 -1616901
5643688 -7682684
1236539 8292656
-6428155 3405573
-6494303 -974803
6849380 9229135
-9038360 -8122376
1842274 -9334116
-1392512 -7625310
-6569092 -7165514
6438722 798224
-7479078 -1313377
4063492 6687561
-4987969 -7037585
-8888634 9074245
-2542656 -3208480
-8374812 5068148
-4122844 5617385
-977042 2861728
-8113075 -8034647
-8805512 2528655
-3077369 1252657
-5565107 4672480
7047170 1281257
4115743 -4441267
6356957 2994430
-8318947 -6929183
9758378 1394232
-3127001 -1739103
-2664858 7286761
-5921718 -2015635
5568865 4792487
409872 8219822
1081550 -8553979
-6588626 1949182
-5522162 -4515173
-746164 -5394138
9278343 -6083179
5198079 3688729
1763815 -1158135
-8163704 -8169826
-5099008 -1879228
2031356 -6482651
1778247 7175722
4462484 1420708
1921425 1629741
8938580 1057118
-723060 -2509709
-1063688 -8135196
3813987 2874843
876022 -5135961
-530099 808177
4724998 -9870141
-3665060 -8735404
106462 -7560571
-5730396 8098755
-3780472 -5540890
-2023541 -8313052
8862670 767236
-7812056 2271058
6417152 -4158494
-585024 4109370
4116013 5355732
7220537 1208269
-5916888 5568677
-9567284 -6449124
4359053 4959134
5088993 -7581030
-6316434 -8399597
-5960167 3940286
2039041 -3693620
-6718158 -9174211
-7487263 774921
-8457842 -6225346
6045712 3891759
9733266 6246454
-7127824 -5020784
-9665051 -851758
2872863 6988189
2556867 71838
3622714 6955975
-5568538 2989583
5408553 -9501881
-7901478 2036807
-4022907 1608472
431204 8654707
9480496 8016135
-1208944 3713047
7487701 4509585
-1598655 -7150434
9096021 -3950235
-6454666 -9349037
-7684443 4484549
1472739 6396635
-3531527 5188421
2144396 6545958
-7948107 2607539
3105658 -907790
-8870982 7460447
-8414729 -2279468
-3624760 9622463
7638598 -5467173
8245874 -4144264
-9634678 8946007
-8204427 -1750073
-3183955 -8716981
-8066018 3407946
-2107504 361379
-3241986 6765891
1954312 9365235
-1572455 -4257161
8350378 6615061
