239 -7216009 -1495551
281
5744636 1629666
9774866 5243653
-1056024 6914301
6980204 2733648
6461969 6957797
-7907353 9760705
-4061488 -5149195
-9052757 -738009
9063049 -2740529
-5906591 -6813240
2659620 4181978
4187931 -7331752
-5822551 -6144372
-648961 7691605
-9524404 9348729
-6505253 7855488
3099142 -1263416
8167237 -6730386
-1480386 -7956882
1517268 5147442
4908147 7497935
-7651260 -3873733
5388258 -9153341
-9377518 -6704017
8999096 -3032341
-8850362 7232243
9900492 1658716
-1969304 -2146079
-4454474 -5922059
5943022 7381735
5237224 8537474
-2725942 9437769
5223735 -9147282
-7104164 -4558705
-9411263 -6256651
-8758716 -3070544
3055724 -1986764
-8623753 6106377
9402360 -1556018
-2072006 4515082
1747325 917808
-7423475 -922368
-552095 -5835831
-9241538 -6876427
-9494691 4993431
-3952743 6701484
-1344394 -1741115
-888397 3321315
1278962 6395693
-9860957 2007439
1453248 -5615948
-5086360 3896679
3056 -5491028
-4530694 -3710112
3321322 -8078231
2839577 3397300
4991284 -4931353
-767183 -2067546
1056028 -5560811
1948972 -8721
9209116 -5922311
2336574 7996229
-6166104 -9618926
6776767 -8551823
-4028032 5112859
2013263 -567838
5845194 7425216
-8065812 6926903
5733143 8364602
-9713629 9919847
-4166501 -945535
4123113 -4357699
-3908893 -9175216
7780325 5872282
8379913 7147135
3741176 -270702
-9758121 105381
486455 -3922250
-9957721 -5924224
1704987 9779575
-8271911 -3985752
5955816 -6281750
3161505 7573283
5937886 406357
326204 -1105351
7949114 -1259391
-3100738 6159703
-499161 -5411421
-9539139 2990370
-7346143 -2718835
-473185 8840775
-1053844 6395034
4989136 -231306
-3639178 1948964
-5755109 5031416
-8954336 8065809
4300411 -4027020
6062616 -482168
9924189 9978269
-1127082 -5483146
-4226185 250393
8926449 -3177968
1410612 2673078
-4336552 -1572712
-1775195 -5612175
5744952 -9166343
7228691 7751620
-9963333 -5308891
-843575 2217828
9765596 -3602511
6979651 3401316
1890648 3327612
-7154556 -6203586
-6225317 -2046736
2470118 -7230366
-4463621 -4836047
1985986 8243934
917012 -5537172
2890117 5912950
2817127 -903188
-69531 -8885078
1382895 -1437920
-4230459 9675513
-5590307 1419562
333403 4925966
-9156366 -5824711
19253 9829406
6142173 2734282
-9312453 2864697
-1849317 9916856
-4919190 -4325983
-6082049 3687063
8149891 -416852
8012450 -2648685
-1035521 -6443640
7187635 -6654071
1908009 1411301
-6396834 -1429470
2506444 7677550
-4880132 -1987141
-5295500 5356199
5185606 -4036498
1214137 4723753
-9895198 1327779
-6239013 1901684
92053 -1744514
4458901 -8641851
-6542351 -3473643
-3605976 -4874856
-1318495 3986451
7332381 5358504
9286157 8385492
-3043978 -759610
9434293 -7110677
902182 1978818
-2664983 7070513
-6965984 -1876966
5363139 -7479377
-3635246 -3235495
1182541 5467941
6239779 -7357906
6516595 -8725406
-2199049 -6784968
-1659823 9974245
-3522952 4194976
-7930168 -461966
-2076474 -6190571
-4433828 -8644011
-5754688 -2604100
9374718 7516817
4587330 -2336154
5786880 -3290265
-769641 137698
6902203 1150019
9134312 -1888535
753559 -1915256
-640661 -2109556
1105476 9786507
9760752 -323358
6387970 1962005
-8499961 8754152
-7436418 8457802
9813791 -8060083
-664183 -9353894
8162923 6575455
-5760699 -1289465
5420271 2750253
-7112048 -9973819
-6307448 7166982
-4721553 2306507
-9608748 5343217
-6766339 -1451641
-1665134 -7733057
-5540063 -3144511
1333847 -9388030
9366122 -9152092
9305710 -4649762
-2709844 4446056
5092162 1635854
-1788691 6625973
7852861 -4228563
1038043 2450611
-5006856 3273132
-7043534 -3557653
8748854 -1314303
-5971086 -9248735
-700376 1656458
3923401 9778927
9150768 150842
-6720836 8383339
9231247 484615
-1648794 5161639
-7875953 1053309
-7310837 5641362
-5216313 -267438
5503999 900473
-6648916 -7363452
-1573968 -3457958
2984389 -9139420
-453723 1382498
2133764 -5750404
5906054 -3908457
8386822 3949740
6616935 -7654192
3245499 7537591
-9461442 2412451
-2425910 -5006902
6046407 -1110236
7047478 -7785510
1947052 8735571
-7847604 4347518
6984066 9967403
9025798 8019832
8880412 7926451
-691051 -5473461
-1223865 -1573310
-2965415 3959065
-2091194 7198542
9544350 7937760
-2008297 7042093
-545456 2789849
7782947 -1469739
-63622 -455013
1759477 -3654294
-4918723 9500208
3847726 6222881
-1293364 9750025
7769857 -6651855
-8725404 -2267566
2258974 6650270
7593312 -6900103
7058963 3551461
750003 7144249
5082009 -5032231
4526214 294353
5600554 -6926288
-5879674 -6019242
-3957903 -4100147
2245560 4056704
-3926736 7801574
-3459193 -156811
-406785 9920991
5785488 5247444
-7020122 -2636928
6529694 7060084
-9840019 -2244796
-8693334 4123006
1267256 7218944
4703065 -5426979
-2616273 8865617
-8060670 -770721
-4273610 -7015719
-1115865 -3940344
2632712 1768487
-7913586 -8870305
972884 8705976
1143319 -1372779
6391017 3082451
-9554476 -3071193
-6011109 1887248
9642452 6975218
