415 -2683022 -187388
903
-6150124 -7037101
3350152 -3100113
8404491 5637051
1315898 -5148251
-2137008 6593469
4818617 3394240
3270072 -231549
-7393262 9898277
5166317 9917671
-3699252 7302555
850527 -3517660
-1446774 4922298
2260437 5911042
-5202311 2366128
9683106 -1694309
-6215058 -2873347
4026541 6049334
1686385 7135094
-8013157 -5052616
4057205 5518636
-8570772 -7633813
-5349010 -1124178
-1225900 4699300
-2866676 -2742271
-5439716 6456769
-7060891 3434072
-9127277 -2072836
6354558 -5991312
6374816 3133160
3955203 -8847753
-1721099 -1425726
7139960 7740145
4875239 4821794
9769178 -1173655
6861333 -621566
1744621 3826384
5218558 8290562
-4493786 6395611
6169692 -6007342
2965779 2639538
8589963 3246329
-8826507 5904889
2429929 9462686
-4887802 7528051
1196650 -8678903
-104629 1583753
-676102 9475551
-3186303 -2964669
-1621972 6715489
8610275 -3417124
2925612 -4760638
6046276 354896
9266859 -1855830
-5346819 -8447510
-3291619 -2047096
-8800767 7618960
3523849 7814696
7277382 -7627274
2417129 -4046222
9791227 4905932
-3510315 -6386221
5605683 -313402
-761719 5813583
-4954576 -7580620
-8481392 132662
5372024 -6344301
-3473053 -3039428
5104743 -6065348
-4512858 8310158
-3736938 9757924
-106764 -5288125
-7473429 -2537705
-7648627 5933438
4403568 2320305
-2773763 -2715146
-6585014 4194796
-6118606 3715922
-7954143 9020669
3956401 -4363972
5768690 9607633
-6736668 -2008638
4951934 -6342934
-2408282 -209721
-1899562 56677
-7669047 -4404788
-7176560 -3120148
4342148 2224190
-1842372 -4649989
186669 -790127
6494728 -7438804
6755992 7412906
-6354819 2426066
1446735 3153739
1306119 8207390
7815024 7919488
-4089150 -2925191
-6751773 -8921644
-6615012 -9137215
-6564186 -6643703
-8532139 -5998222
881630 8283120
507310 -5708699
-7842335 7740130
-3049996 1181290
-3741162 2344334
-7726408 5961084
-1612850 5531183
-8798726 -4081227
-5873836 2350237
-7213923 2507393
2098554 4457540
5535896 -1303072
-7923935 5346781
8703078 1437236
5439014 8028231
6311351 2687291
6978593 -3679355
-5939225 9335013
-6967345 9136258
-6003056 -6472869
2004567 -708506
-5177323 -3729464
-5294338 2908069
-4741694 -3976049
1047696 -1168174
-6710634 -9439264
-742336 -6853750
8493031 1341614
-7221149 -6149919
-8121688 -287539
4916104 734217
-428786 706016
41029 1894697
-6452693 -3851658
-324527 3073685
4881531 -9939397
-3668860 4196393
-2895538 2220560
760863 1036802
2384980 -5120879
-4560143 -8191441
-5045191 -1809302
2048664 -2786127
1063954 5964192
8193005 4827515
8078085 -4541382
6164634 3109109
7520159 -2350701
3797641 -3794336
1795701 -8932534
-8871930 5989467
-7297788 -3322768
8897792 9975562
-6471284 -7676974
-2797853 -341345
1467214 5913696
6620746 -4841644
2372229 -1061625
7418919 -1330590
6013278 5952535
3927506 5611924
-8762615 4091363
4257014 92140
-1185844 8757544
2341363 -9428992
-923173 3126209
9803441 3469433
-4038653 1779039
4102065 1217585
-9123760 -509937
7920111 3820565
8978921 -5140194
-3685467 4540857
5726619 -6132497
9820038 -6266548
9345376 1739897
-4168740 3747544
6356037 3099114
1856658 2604627
3175635 7686545
812755 -5801979
183806 4768814
9064205 616196
4350134 6145153
8151568 3166270
9503187 5226374
2602533 6071679
-6871112 8482109
-7650388 8917066
5166871 8855508
595405 4686002
-9050101 -2971401
-9872287 -1056982
4063997 7305936
-2491167 1984372
6182393 -2760368
4524798 8321588
-8545863 -3633800
5027705 3589003
9271625 5804271
-6453003 3179274
-8232695 8774813
-226726 6149530
-2417051 7412546
6268054 2122886
9325240 -7250180
-221581 9379811
-9160819 2791491
-7386221 -93867
4406857 4903178
4659162 122613
-1555799 -6894398
-528198 -816040
5289315 -101662
8218961 7015860
-7288514 4560941
3335754 -8234041
431841 6995143
4407689 -6890972
-2251734 8014790
3280962 -6807905
-7428093 -2926494
9864998 5575734
-4518133 5927440
-6653029 4995129
-4882258 2405076
5510678 8006133
9706446 3561944
5976634 7498833
4514693 4995761
-443298 4195596
-1522093 -257469
-3262326 5408808
8517836 8909748
6924539 -8854636
-5662541 -3733898
-4144039 -7278147
8297587 9425718
-2130489 8237311
3232440 6295806
-1299118 1216482
-8261033 8350183
-5571521 -5788439
4226746 3961765
-1042473 -9594887
-2882939 -1258561
1000322 1030581
-3560610 5594968
4504717 7737996
1399712 7473578
-6260319 -6054392
-3332539 -1746476
-9804406 -7888006
-9650695 -5034951
3777207 -1934895
1797939 -3901903
6964632 -7521910
9206003 3536907
-2501328 -8606889
4314577 3432749
4690540 -1027449
2519485 3947990
-457041 -4309138
-6571142 1475227
-1051195 6564028
3025988 4828571
-6917905 2688486
-2683168 9693449
7174850 -6722311
-6140853 -9817511
-3719413 952058
-4053500 5657086
-8289655 -6754781
7154683 -4847497
8585252 -790982
697921 1469260
-4582750 3275792
8966654 5733758
-2791015 -2523439
6556941 4911864
-259565 6157791
-8637371 -417071
-8207269 -4661118
-1383428 -1320538
-1138049 8967581
-7564009 2475719
-9350843 5142538
904110 -1617509
3534994 -7640497
-5915127 -1941207
2044405 -5363402
7912390 4782794
516553 -21993
-29079 -604604
-5692739 7725538
-3600319 -3472138
-1372856 -3435952
1902931 -2237689
6441773 419875
-8096192 3035855
8027926 7820076
-4521033 -5660200
-4761357 8677083
-8963414 6383077
6958222 8773638
5926588 -4878541
2420606 -8481021
-5986662 -3644669
5750727 -7062841
3179049 3984259
3028474 2574340
9138389 9578731
9857394 -8344382
-5408155 -6442328
6593527 6299167
-3364405 -3504347
835453 4621453
3298536 2114562
-1502361 6074097
-2635913 -3148525
1972934 7972213
9491192 5807027
-7837642 -5606460
9847051 -6495469
5142 429438
-6996222 -4457547
7637536 -6966384
7205586 4658519
732543 7494930
-3689551 -8202569
-1706915 -2673930
4463875 2946044
-4939393 1644890
-9764661 -9721236
-2869761 -3925402
-5953188 -9884222
5922806 1619525
-1470582 6054356
2075239 8085164
-1485398 -9107179
-3564726 -7919618
7630350 -5965267
1209604 -5927190
4084092 4835937
6633368 4458500
4300922 -9605459
-4143062 7442805
-912304 -1235202
-8440086 917545
-491505 -676965
-8044834 -8793495
-4657618 3555307
-7873984 7877972
5963136 3871800
4764622 4201255
6281637 6994091
3545176 3716248
305411 3911988
-1252075 7271132
-5754016 -5610497
7300397 7897645
5340451 8546907
9828057 -6842665
-3408768 6944499
8783886 -8612029
5110828 6099727
-7828613 -9260948
8617024 -9546790
4325011 -5702597
8498658 -2903487
6606956 -8394015
5322233 -2703352
-8791364 -7331516
2455968 -4372356
17148 -7527087
2886910 6701953
5248860 -2682455
-7008768 -9256287
7688212 5076917
-1018760 -7901184
8198543 -1011549
-7756145 -5907932
-5454722 2886282
7183685 3377232
2990097 8870289
2992626 -1801304
5495344 -7886595
-5218111 -1685140
3942504 -779668
-5790403 7237857
-3543838 6476004
6309901 7096507
7840221 -8294978
-701709 9301133
-8600051 -1955215
-450412 8279531
4887951 2114845
-4998873 1793444
7687028 9433230
819871 4701165
-7100139 677125
2790530 -6187502
2127358 911557
-9868111 7572419
-2673372 8586214
5062219 6857838
3954345 -3700857
-1995835 -6111528
-6810394 1794566
2355704 -181191
-9385308 7105907
-8262896 -8094708
-3784912 5502644
4935874 9254584
3955749 -6097884
4579241 8272097
-7915405 -628038
2799871 -2630229
7458542 -3271695
7830872 -4551888
-7694050 7301523
-6399334 -4590557
-702085 6260295
-9428786 -5878817
-3543656 -4996127
4626133 -4556730
-2651438 -2928963
-7426319 6363237
-1865827 3563651
-17881 25907
-9185644 4606274
-6021764 -5438639
-5552516 5415304
-7856391 -705541
4742571 4422379
-5759746 2490833
7900276 7048521
-4174831 -9642728
-5521545 -2801808
2202065 8912735
-5643995 -6548848
522189 9344550
5707788 -5779081
7784570 -4387778
-1845519 6358313
964588 -9716958
-5155597 -1031163
-5615859 -2540824
6753636 -8191761
-1253030 9044103
1534936 1496207
-8938919 2987224
3344496 -8048435
-850243 9402602
8315337 339304
3790456 3868174
3212725 -7328658
9408613 6828997
-7558781 -8563135
7795178 7193184
-7422 595700
2080889 -1240234
6218943 -2646667
-838428 6465031
5509134 -4511069
6985138 424895
-6587881 9560422
-8488013 562571
-7518475 -727032
9612272 -6821904
-437377 -9203138
5984556 -4080920
-7251923 -7224652
6728565 5393170
-4897294 7705648
-9182300 -2959905
-1683786 5095284
4964969 2898589
-636380 -5464843
-7459560 -5873459
-2932212 7389106
6949529 9525578
-7395498 479908
2269228 977868
4155965 -4913973
8399242 -5602148
316932 6234940
1526640 4383798
-7706680 -4418639
-6712991 -1744795
5295300 9912378
-2475986 -5895291
7003298 6127866
3179375 -7511017
9131877 8883271
6272377 5719815
5245394 -3800335
-804075 -4261742
-767521 366248
-2031373 -8534847
-4136995 5904796
2139736 -3632131
3268020 -1303711
4277650 -6333624
-5562067 5561340
-2009929 81011
-3297928 9733233
-1622548 5514085
8003069 6221723
5104994 -8443173
7276643 7134946
-6665389 -6106277
-7851666 -4961611
5404637 2530537
-3487958 1380813
9801961 -6626736
-7742514 2375048
-8928663 1941697
5608073 5525506
-6396802 -2134660
7946351 -9953994
2295591 1593269
-2892645 7164776
3386499 3189395
4746223 7626776
4761722 -8992155
-5098432 2022866
7061255 612685
5659574 9566254
-6536581 2465892
-1644492 -7828383
-2936983 -6734620
5207077 612994
-3861500 -1865646
-1483954 -6668498
5893860 -7741949
3851320 -3537602
6143526 -9294196
3895199 3475027
1101803 -469975
537870 -1358578
3180640 8379877
-8491085 -2044210
-2477955 241895
5224139 7168489
1856458 -6498184
-3232803 -6420352
-3291006 8919475
9570182 4490626
338481 -4636153
-2378102 -1913772
-2935022 8748693
9454497 -8526782
-2535402 -6791496
-4745119 -4133951
-2976177 8566401
-537369 5792751
6264894 -9795536
-7037289 971546
-9343613 6303291
9805107 8186851
4282851 2512846
-6051327 -3427696
3579283 -9008155
-3644308 -6481145
-5878564 -6082236
5182809 -3506058
-9516487 1186414
-3088729 4637307
3019708 -2051889
9030864 2166152
-2041096 2559883
2764347 -1506505
1981393 -5776202
-9472911 5727059
-3569738 -4845867
7666979 2848548
1937205 -9286887
4221310 4132004
167212 -4483512
-8049396 3093355
9587297 4288648
-4524938 7133413
-5712928 -9929190
-9464727 2386333
7068838 7306780
-7616984 9566138
-9424015 -4972258
-8232108 5147363
-6609226 2557379
227864 4811333
-9823767 -178964
534149 -9588805
4543199 2113438
7629926 -5244540
7848815 -5289589
8999059 2096882
-769704 -47536
23275 6990474
-8106841 -3966280
5856853 558548
-7358962 8961997
6506091 8239869
3387232 -6782976
-1709245 790335
8118020 -705641
9115395 8518619
1446166 8294254
407692 -7834103
9437709 -4010635
699777 -9446029
2650853 -197124
9755340 -7784812
1722014 4397501
-9568778 -7705033
-4630132 3615174
-4906477 6288075
-2955704 -1989094
-6255718 -8400385
-5093698 -9568472
-7757761 -5448611
5586360 -6975677
3834929 -8642365
6039884 -2967474
-4461756 -5757379
7312944 5477593
-4719531 -1245627
969561 -7519850
-605997 7552161
9847129 -7308424
-1176898 -7658423
1146004 -4783003
-4255745 3916625
5516240 8190300
1138181 -7995110
-3443721 2938895
5963218 3380420
4738055 4658992
4207870 -201853
-3442880 777939
8771884 9746114
-1499513 6386417
1382919 6568705
4120867 9470049
4677977 -9223078
-6881500 3967996
1701345 -6498921
7417704 4264504
-5028843 7445600
9450490 -4549703
8389192 6109338
-510242 8523122
-4301534 -3131238
-816739 6744166
-9961543 9906336
9652451 5740381
-5356850 8810342
5379047 -1847062
-9860661 6026069
6802992 -500086
5984262 -2666332
834747 2437844
9218700 -2314393
7647560 -9231196
8735453 -5810143
-9700805 7098050
-1862476 -359003
6509759 -7694694
9049472 3835990
3742327 8209372
-3533895 9087929
7898271 3394778
4064068 1109256
-2864675 -4206329
-2190063 -3280240
4053428 6454669
-8591135 -6205800
1479807 7404528
689684 -9372434
7333775 -8356281
1258122 -574863
1582486 149323
2454629 9395646
-4252011 -9391403
8817969 1504101
592030 9490316
-4598554 -4715926
6393330 -8993346
-3199675 1981866
8701626 6045008
-4983971 -2873386
920814 -4728593
-7324065 -3575105
9568813 4916974
6560693 3365619
5307108 6902588
-2948089 -2181185
9730814 -3110406
-9985457 9506540
-6473007 -4521197
7485471 8832512
6632938 4119024
-2357970 5403269
-2614865 3026269
-8412371 -3041293
4085321 8603114
-6125479 -3396342
-4455095 -4993864
2439462 -3449544
2432427 -4886282
-7983693 -999845
-664677 -2260465
-2854519 -8415430
3607463 -933863
-2938708 -2839976
8508888 7134456
-6230168 -5453237
9950032 5141826
-9315553 1411862
886921 9851519
970985 -7727924
-8607913 -5027757
-7505269 4845506
3912314 -3063008
2050711 4934193
6450700 -3655259
-3399372 -3416630
-1832060 8302375
-2631488 -3737539
3422485 -8224597
8909860 4429804
1492919 1931373
9589552 5196044
-3392093 -6040697
-6189177 -9726001
5062428 7494828
4983423 -2701840
-7856333 -1029133
5907859 7478154
-5071301 -1427667
-2566573 -9525078
9574644 3895752
2198127 4034055
-9703483 -2257415
-7965660 2082992
9029148 -3764646
683080 -9055800
6140245 522068
-3002277 -7211016
-6937017 5264504
-4724316 808546
623059 641763
9612630 -9740892
253614 2766726
3855411 -1963158
-8971884 5182314
-8405582 -8711162
-2160754 -9397239
-1654654 3792545
-4124463 -9347885
-3112531 -7103962
-6159761 7421038
-9540542 86901
2875885 2496836
-9722308 -2542819
782080 -1544779
9096984 -4446624
8328836 -8594861
4171865 1225967
1779161 -1417549
6281117 -1972724
-8167533 2807277
-4073610 391887
-5815568 -328287
323828 -3211912
-315873 -7423678
9997360 -272351
9814551 -3959282
8537554 2973170
-9569649 -4793212
3662009 1331598
-598674 1212431
2617570 -4724654
6501313 -2269837
-1171034 9305787
9849416 -9203174
3604103 7626435
-1981678 -8318117
-6130052 2046846
8834934 -5280894
9811780 4193776
6437777 -1480939
4559779 2325492
-4701338 6252328
3975469 -4386315
6945283 -4270986
6941445 -2362522
2912824 8862962
9109477 -440984
-8618845 -8069511
-7272685 -9545205
8081230 -8769429
-7087546 -1152229
-9105383 8615904
-6664990 -3217598
3492530 2245903
-9235035 -6853209
5472283 -69692
8698988 -2158904
3454782 -9229054
9016312 2674457
2828288 -7083583
-8220621 5957757
8033125 -4258888
-9812046 3405208
3860003 9414281
-9355148 5431621
6795744 -5542415
-6926511 6073659
5372413 206713
-7547383 8924852
4587995 -1135056
1311604 -6782418
1058678 60278
-6652424 10592
5201402 7029812
2462582 4880240
837998 -1970310
-3712846 -3241687
-9836478 -8612525
-9198244 -3524892
4423082 4023525
8481111 3962961
36620 1218826
-8574460 4070952
2995804 -4590967
-3209671 -6121843
9612091 -2416201
160430 8101933
-9371122 -6812879
2733286 -3975642
-9095401 5830280
-6140030 -4804132
1954181 -5741051
-4353576 -7336524
-8345063 -5365945
1173933 -3551819
2927494 6078019
-2703155 -344956
6242348 -7035886
-9110501 -8761263
7633246 -761847
-661696 -9803819
814466 7245337
-9567541 2015086
8039445 1443344
9789976 -4317903
877965 1460396
5719345 6166298
8829775 5348498
9982554 3882121
2846654 -9515288
-920917 1156487
3327883 -4225852
-8745386 -1107720
131018 -429769
1324736 4660466
4856647 -2235736
7525954 3179393
-4805521 -4328887
-369190 474765
6156862 5750276
-2789328 -579214
8103437 -2965173
-7616675 5446369
-671509 6933212
-65724 -7634121
-3961282 -7824855
-9534354 9013359
-2094361 1882953
-8546815 -8279740
6380726 553009
8317274 -4705727
8473666 1237373
-575161 5843228
-3682007 6184498
1934774 1572001
-9007213 -7525145
-7973966 1661799
9624520 1612576
-1454212 -5590641
9291591 -8530637
6160861 996416
-7473873 7846661
-270385 6626507
8346767 -7051881
3501128 -6300848
-1006575 -2756154
997571 -5665246
-9822018 9983444
6167942 -9577590
1994411 9012327
4003534 -9380932
