157 -5258738 1244329
192
-3490257 767832
3854434 -1787186
-7803406 -2938043
-8656534 3689013
2993041 -4025720
-3233755 1777665
-4089779 5812596
7199846 -5872987
6510013 9166715
-2486647 1626551
-1760789 -9284555
-6723642 -2305005
-7696877 -4630946
4953268 6869297
4126912 -90334
-9322501 8713949
-3073237 3153007
2731317 -2951715
-9262702 -876642
-2386010 4074783
8368801 -3753309
-7940712 4380235
1023600 -5720978
5962089 1775486
-6597963 -2466387
-9234590 -6524558
1170437 -5842400
-473345 -5958232
3427418 -4010088
-1584069 6996275
5710224 -9929318
3223689 -8390218
-1341933 -7363013
-5723303 8471358
-4937506 -8088282
-1841591 -5592961
8787274 -6568705
-9773331 217697
4509536 -7672774
-139160 -1294889
-5303095 7911573
-7930826 -6857398
-2815629 5867343
4373607 -5887819
-8891544 -9388211
-9317529 -7210462
-5600680 6818680
1972019 -3577488
7410223 -4426260
-2514542 -1234931
3172108 -7527283
8420364 5643867
8377917 -5524265
-3197039 1163385
9868496 2887453
-6684622 -819847
2322756 -5434598
2949097 7900904
-7986915 9507127
2635268 -2677296
-7371405 5637893
2456573 -4165909
-5227045 9544267
7634359 6944945
-4289986 -7816822
-5344105 -4880183
3280037 1398474
5874209 5592611
-3244003 -5825694
-421889 -7322829
1857324 -3375507
-6293753 -4590159
-6689254 -5819920
6203559 6655344
6494401 7840183
3478077 -1161173
-2810730 1639348
1183615 8451002
-2087701 1962226
-3338244 -1182025
-3545856 -3861335
7537140 -6165996
9426615 2250533
6424839 3411349
6088520 -3817388
2807106 8519302
-6070856 -2054155
-5357723 6513353
-4314950 -2760110
7596425 -9154163
-7798984 -7820549
-3664849 1074502
-7958143 -8093361
-3614783 35118
8853093 -45844
6092822 3046973
6880977 7823590
74123 -3853686
9557663 6307593
-7509795 9015315
7534617 -1837464
-1375267 -2186337
6843369 -8536239
-8779997 -4216638
-3370801 -7471581
7224222 8816429
-7592717 -8653432
-6746793 -6440627
3594491 -5550860
-3080351 -361576
-7314603 -5036063
5303879 5528823
-8324863 2082727
-1609680 7894354
6909669 3749152
4428040 880525
1210541 -3039361
-1575600 -6947227
-1163864 -1946090
-6901319 -7839244
-9022815 -2018313
-671745 -9677097
6398628 -6615532
-2166391 -4902186
4736238 -7490529
9989760 -2730390
-7201567 -62012
-7979285 5293639
3187994 6989922
739074 -7072613
-3675736 -7385985
-425346 -4832885
-9263760 7534805
-4411285 515407
2676163 -7911272
70416 -8796252
-8473349 3653348
-445832 1915023
-470810 441631
2951103 -95871
7173739 -5734572
-3280232 -4542785
-9249145 2488524
-521554 -8743165
-5815778 -3544799
-8414432 2733873
417340 508487
-9440356 -6323425
-3291666 1153580
-4241339 8664712
9868460 9384497
-4445803 5829077
-9739548 3911464
-5646905 -2375283
7528847 -210358
-3428577 -179450
-2205882 -2781062
9707463 -4192457
-2935621 -1455027
-2483474 -814091
4436134 -6235047
-3210208 -8381554
7811373 -5146526
6007055 -2650563
8530501 -5480293
-6095796 -8234284
111145 8398961
-5173223 -8025247
-400529 -7112051
2677592 -8303775
1516775 9644670
-3136392 1765367
7572910 9310893
-9627782 -3428929
-1726667 -5362711
-9081405 -9594904
4539895 -7290533
-2437058 -2291613
-2425824 2351268
6870976 6086349
368417 -3895323
7019991 3291532
-2217362 2995914
5883863 -8153232
-6457007 -101539
-456869 -8922193
-4640474 -2423879
9403366 -1076909
-1989485 -7067563
-9913922 2291937
-4786615 6283848
1509667 -8995327
