93 -3500007 4370967
998
-3975009 7071233
9980420 -6163901
-3364338 -8547307
873960 -3348900
5641831 -2129799
8371766 -4174537
9774595 -4734780
-2184328 -6994751
-9311130 -5797396
-2590762 926788
-6256375 -7208070
7072039 -7518951
5331862 -6285198
7253649 -1552130
4947864 992859
-9419556 1624616
-2022933 3489207
4941900 -9439135
9728317 4612729
4999283 8332212
-5842325 -2113500
3151720 3371049
-1107350 6448622
-9348774 -9032607
-5589467 -418480
-5110198 -9423184
5574217 -1845842
-5614688 -8038159
-7073936 906080
-8101061 -8361039
-4220071 7873928
-6120513 -7520616
5556601 -3726652
3402430 8821387
7153599 -2198730
5687771 -1598287
-8227238 3827626
276248 -1160509
-7676764 -6818236
-4720364 -6556174
-5979358 9250121
9920631 169438
-5352369 9594859
500939 -5694056
-4055095 -2426305
7963975 -5083769
9911967 -5758813
514535 -8156538
-9335151 5468568
-6730162 -6083035
2318678 334800
6678778 8957609
-9686547 -3392208
-7694092 -3044974
-7084796 -7363311
-8113189 -2414456
7754982 -3064154
9047058 4323794
8629738 4918966
-7507339 -7935651
-3019420 7090996
-8667817 2972989
4816451 9408899
4877467 1846718
-1719964 -2002347
8332453 663658
-7862381 3115066
2239211 -2472416
4482610 -7548928
7604114 4545119
-7869336 -85833
-633635 2007277
-3668929 2401998
-2679036 -1586577
-7005875 7477162
4568158 -7670022
5302967 -7508943
-8100043 5900341
-9736589 119418
633423 -706224
9957434 -1456553
-8341486 -1034123
-990187 4611406
-421170 3897725
-1557156 -6507577
-4077058 -2817056
1706573 -6910140
5491859 5289308
6219083 553997
-1968841 -7187177
7659153 9213208
4220618 -7400683
1016010 2962120
5597891 6120575
7930703 1279421
9822869 -3768686
-2286457 7888138
-4984104 3997735
-9588188 6723356
2732132 4594726
4294023 -8628992
-5539131 1171426
-3539266 8516948
-929055 9952728
5281903 -7320182
4409378 -381544
-5265875 2941057
8419529 -8853652
7266923 5750135
9545909 -3466228
-4718561 -2286021
8118469 1885130
-4117135 2994982
-7765309 -6865635
7729091 8811029
-9817963 -2516825
1170953 2023114
540063 -5357094
-5404366 7631688
2827858 2127360
4262169 9877538
-4665053 9753588
-9100063 8996294
-2737218 -6245524
288249 683212
8397191 -3191309
8693821 5569688
-8918978 6515660
9650025 7093038
5904067 5832065
5831592 -104531
4434935 6086104
-9270989 -2997454
7150586 7491350
-381289 7840997
7718535 -21556
-7751616 6397232
5393526 -6946518
9324311 -6851679
3831534 5172660
-8018649 -387440
-4817752 -5254923
-8739262 -9324828
284562 8779622
4611688 3427115
-6677416 -3811371
-7725266 443280
-37822 7757520
5248870 5520097
3361094 -2887236
7091208 7383933
3781165 -6404018
9165816 9339593
5004266 -825308
6863704 8490127
-9380961 -8647848
-3902770 8845056
2036580 -4198713
-5419090 -2642032
-9214917 -7678857
-8973876 1708950
4668582 6624020
4381540 -6699142
8820955 -5369239
1743525 -369590
-2985656 -5301598
-1705616 -1165266
-9309321 3311861
5002905 9976552
8466680 -1788703
-436550 1866610
711666 9085719
7403359 5660680
5535000 5264598
102093 4500621
-3790429 -1163565
-4539545 1128218
4429076 -9121847
-4491086 9841995
-8011242 -4233616
464786 -231208
8603526 -8480546
4831315 1275522
1252074 1810557
-9978146 -165779
-8299169 -7764894
3837178 -414696
7762336 -5071151
-9806553 1240537
8257510 3297336
-7866228 295541
-8576241 6983433
377938 -2405773
9952575 -1630813
-3348077 -1596795
8171997 4457685
5977139 -366939
-9091417 -708125
-8897568 808454
3159027 -5322990
9428468 3640638
5742295 -2623790
2305059 3265646
-5493817 3504631
9318320 -4985141
-2173248 5280045
2263478 -8547908
-8437329 -8233137
-7347598 -7358583
1044622 4031598
-1510717 -695674
8937387 -783381
8508494 -5533578
-2208771 2362323
-444315 2127278
8284268 3466608
-9157181 -1015847
-7750200 4026563
-9952453 -4335770
679089 9272335
4552381 9365867
3334311 1022193
2789056 9332211
-8026372 -2586666
-8555067 -2042189
7262137 3018250
4751221 -65784
4400639 -1284124
-8921801 3259715
7903345 4708220
-1825172 -6849764
2134390 6187614
214177 -982353
4681878 -3099458
-3827123 -7221924
4660295 7877319
-8584135 3241610
-4909826 -2005394
5407941 -3278727
4679084 -2936198
2598405 6852874
-3212910 1941221
3173450 -2650374
3125694 3704081
-1587699 -3231999
-81762 -6454609
9733005 -896518
637481 4568980
-8530478 -7536465
7757963 7835711
5713031 -9841249
-4083286 2418259
-9587135 7128896
6366521 1006888
8070690 -1662842
-4809968 1045606
5503179 -6814553
-6948574 -5506525
713908 -1323371
5444631 -1306528
2238863 9126210
-9253956 7879221
2448201 -5511779
9468108 1383525
-780763 -3565925
-3407174 7226071
-355670 7448620
-2906132 -4974108
6032780 57196
8394354 -6539611
4505995 -3380177
-7678378 6100739
3110566 9175
1202156 -4626952
-3417128 -6175526
5467036 9163139
-441288 8821736
5826309 6213080
-2403394 -7993087
-9042660 5294417
-4963160 6815843
-3219185 -2449833
-4907589 4681171
7254719 3874683
7335072 -8874808
-9738633 -1834575
6782516 -5642580
4366595 -7417011
-2043962 -106918
3717557 8085103
7248243 4538910
-4123002 -815407
-4602326 -3193045
-8669779 4219659
-7969572 -4489368
4842827 -7712439
-7645920 -2932731
-8251560 -8376358
5498325 -2553508
-8911964 1519511
9684936 -4650251
-292831 -8650597
-6067608 6467453
8876887 6590116
4675220 1888430
8943693 2594444
4295390 -5560185
1246770 7337043
1556703 2209416
7720048 -4906657
9897257 3587131
-9345600 -4920773
-3297131 -7748663
-7785819 4919192
8955055 4717546
-9932705 -6697783
-5348380 1156344
-2376203 -7709183
8880933 -8899635
2988795 -3499316
1611481 -3927495
512320 -5551160
-8214116 -4093129
8116287 4275443
9368786 3342587
9446070 -1647313
3431914 9266043
4033733 2616823
-9947633 -9865217
-2631319 -1235734
-5417164 9007423
163767 9952328
-7756855 -765544
-7148827 303916
-679048 3640431
9712936 -1643679
2805161 3448785
9355656 225257
-5499300 4591045
-9550016 -11705
8340982 6385838
-1831766 2412407
-4970770 1772896
-5575969 4718319
-6517415 7597949
6605372 -5690936
-5738607 -1934579
-183770 9285491
-7894241 9020890
2661321 2667403
-8976276 1426712
-5124503 -5109390
5115867 -3654762
3452635 6747506
-3264199 2132919
-8964891 -3581028
8831379 7593136
-633968 -8280305
6438014 6376961
3974910 -3693584
615480 2436952
3018725 -6903365
4898478 -2606775
-3585884 5351307
-9464937 7004238
-9052698 9075437
-6033953 4075139
-9579623 8339151
5086657 1598266
6247537 3873013
2808337 4338811
1931947 7282647
9002342 1639716
-9466971 3814331
-9879253 -2043291
-9606339 -2975709
120926 -6747420
645805 -4071262
-8719954 -4980595
4539995 7059921
-1348289 -8184891
5890248 5487297
3826448 -4865890
-751271 -1173022
-7300009 -1086894
5768269 -4503734
5295265 -1975320
9664396 -9783432
4030899 4297608
4770669 2713777
9738068 -3332001
-7563069 5164330
3609420 -7624653
-2605248 3082736
-7340990 4889466
6704575 -8065253
-61604 -6172927
-1038817 -4888824
3938154 -6235156
-4805698 726264
6222531 -845503
7179177 -9037429
3695491 1517796
8331756 -640075
-7926298 -2273609
-3089258 3102425
-9216893 4328122
6703469 -652327
-7569591 4392528
-8201654 6614573
1065672 7605771
-8567156 1019274
6130450 -8995932
-5231087 -7089620
3636644 -7415044
1739453 -7520433
5958491 -140825
3893324 -8565018
794907 -346018
7380373 -5258568
7843858 -4615039
9713083 6807467
-3844860 1143317
8052197 -1067095
-4452522 -8898098
8707673 9850544
869818 6613151
7617219 2656870
5567250 9516620
-7898424 4902484
7382052 -796106
1579422 -3642619
-2207637 3340543
5510877 7989098
-7269470 8587270
6488583 2891251
-301282 3090740
6750410 -1281982
7650923 -1629789
-527887 4802607
-2830497 -6801598
2327905 -9303862
3353008 8039321
72293 -7538524
7363961 -1079742
640505 2173869
8531250 -2737635
3119260 4736279
2725377 8839965
7427235 -1369863
4037740 5455907
-8937000 -3567830
5150189 6252811
-5376978 7813410
-4867631 2801112
-1484134 -3388513
-2692375 2301873
-7142454 -9156229
-6694752 3176986
-7902756 2929840
7620061 3185561
2964278 -4745899
9990380 6151312
4991277 8599890
-2769973 2715757
-9311983 -5065135
1367035 3784120
36931 -8248983
2080779 9033576
1834689 -2823695
3787792 7213148
-484979 -9649445
3710679 3611769
-3211245 2372568
-4697592 7015927
-7282160 -8597648
-3343547 -7077531
1590133 5682118
-3201640 9163186
-5604705 9097763
6548980 4028387
-9671141 -4916688
9350681 -9567633
9465944 365790
58447 1431460
-8839039 -6183015
-5832460 -6153761
-25639 675982
5564902 394571
9926850 6763116
8165468 3383662
-1177516 -7355310
843160 7338274
-982188 -9587383
2026732 7641520
-5813740 3413107
8496420 -1424288
-8475568 -5484881
-2602738 363453
4311266 -9009624
-5192639 7455709
3818301 5472227
8664561 -8508747
1885825 -6207338
-9444222 4229464
-9870522 1812675
-3026282 1237599
-8907775 -1048038
-8119068 7816878
-2025249 110037
-6476856 3907664
4999729 2161011
-807518 4535916
-5100630 -959487
30889 6589744
-3438194 1726988
-2800785 -2645398
-1154145 -9619893
-5827231 8380128
2609592 3248032
7577060 7244899
-9001150 -4744577
4207385 -5449222
4884008 -7908925
-5282536 6088317
-7487666 -7141241
-2463878 -1759391
5292877 28415
9068928 -755043
8351053 2708599
-5564413 -8383831
-1029229 -5087141
-4707034 -5848846
-7468717 332978
6097363 -8017913
1743339 -2342773
2912650 3674423
741553 2742189
-2650383 9636388
5724705 -4374439
-8999327 2067081
-9692310 753391
3298158 -8946853
298104 -1883080
-9174481 2367086
-3500393 -1350842
-3921631 7777459
-8071387 -2013270
836061 -6112312
-4130225 -5540104
-5366524 -3066576
3124199 129466
-7128344 7546126
-301134 -6134248
-7992335 -7262375
4804706 -4576428
-1306685 -6991662
6577838 -2371251
5745669 -8008526
-3125088 9392294
-9442196 6571188
-3135001 3374520
3877602 -3363826
523862 -1206387
-4230139 -5286337
1647087 -1090011
9039456 -7080311
2982168 -5228714
-8846610 4427464
7165089 -7318966
-9379042 -6838944
8685746 -5513853
2114896 -685726
-6177900 -2220064
-2827769 -2139435
6948106 697012
6587884 -2269965
-3117439 -6186895
-4876930 -7018161
-2304498 7406423
8832765 892932
3812621 1858942
6630228 388573
7332389 -3205211
-524176 299971
3461027 -2986170
1499977 96782
1927408 -5336875
2443062 -6385126
1475439 5749508
8962873 9615293
9861680 -9060103
-5246997 -1932891
1048948 -3255758
6667017 -123927
3285357 1260803
-6880255 5499782
8404707 9614331
8925472 2266325
-7433704 5737096
-7249074 -9082352
1014431 -1456325
3206801 4250904
7865778 5458191
-6275948 8166215
7781508 -8142431
-7202533 -7313075
-6729614 159540
-579866 -9933178
-7540753 -3164313
8096490 -3912848
4103286 5744605
-2124712 -8783765
3482560 2507994
-1754910 -3199240
-2281591 -1434791
7108884 996017
7763273 1249192
-3292617 -7167963
-9001748 5629051
2972 -7052213
-4365288 1296112
-8544347 2800439
-4616387 -8578549
-1742862 875787
-520709 -2157139
6103818 -3646372
-9913785 -6417422
6090572 -6020894
-6703782 -3914873
4650336 6852014
-9635617 1014627
4780171 1759221
-2892390 8127656
-3726941 4003907
6951694 -1894137
9401975 6276032
-8407177 5102759
6524210 3373980
6766120 -3023563
-2664350 7297700
6167680 -3754589
-7655659 -6560532
9934926 6253895
-7660978 8434913
-2196720 -6768856
-3237876 -494289
-8735068 -1832337
-3704680 -8457705
5546202 -9111106
-1005243 -4915269
-8639237 2497897
-9882992 -9086915
-3196583 5469939
4962728 6641218
3938918 -6430463
-7668699 -7701622
8254198 106598
8876845 -5324358
5626908 8189124
3936620 -8784133
721578 -6569812
-5885797 -9301256
-7758960 -5497138
-4608243 409523
5494255 303594
5317843 -3097134
-2184049 -628630
7357661 5434851
2076069 -2864279
705258 2320389
-2864881 8531339
-8845711 -4447089
228554 -4610683
6094793 -9968866
3763354 8371814
4318354 31414
730158 7001284
-8495853 8432557
-8641567 -4512450
5791145 9412256
8831474 -630960
1256762 1108988
-3456160 9163778
-3700501 -1385576
3451165 1136261
-332399 7004757
-7442331 -9413715
8491954 -6661758
-6630623 -4697425
6190741 4586748
7134514 7132731
4134015 509095
-8541996 -2135328
3352223 -1845486
-9916878 -7183563
-5298171 -8340280
2768708 8914597
8078375 5958592
-5426984 1828900
-7034838 -5622126
3898983 8024181
1126818 -4850885
-1512643 -1026996
-3208069 -381227
6721873 -5626914
-8494183 -7017328
3491767 3856387
4237411 -1843815
6310699 4949772
282561 -9894014
-8234294 6393822
5308419 4984391
942983 -2949233
8879667 -4096854
-7202628 -1967649
8572884 4361181
2026648 6696355
8185712 -300297
1834828 3030358
7403444 -5022357
-2039684 -1443299
-7586912 1425614
9581799 3968435
-8565441 -833149
-727162 5892498
-5197328 1717121
9217864 1038544
605663 -9888909
8530589 160847
709550 -514669
6362864 -8672039
540669 -717566
1498489 -9094135
3936223 -1273619
-3779624 -6666683
1890018 -6143981
5281633 -3302956
-9334520 -3180542
5986310 -2620216
5788635 4616391
8849864 7775500
-8669604 -9408693
-9297601 8067728
-1771425 1936060
3937743 1749340
3077302 1454477
-9263088 300607
1206472 -6382029
-5139296 2235401
-1914929 7659047
4031419 1081080
7778125 9975089
9310900 -686948
-790811 959957
8092700 -2186438
8105414 -5002176
-4410869 6942565
5010293 9435810
1371870 8807882
557223 5755221
-2790302 7825965
-9357075 -6365475
9768848 -2053390
2698364 -5634251
-7975203 7145904
-1773016 -9216565
3274876 6056216
7885620 8521461
-8002230 2585776
2915690 -2905191
2092633 -9909529
7033036 1021104
456915 198117
-994001 -5440319
-9685098 4345137
2171103 9563222
5714099 -2475399
-2012437 -4669620
-303871 -2000701
-4854797 -9314073
3985714 1720926
-9706506 -4111460
-5589999 -2739409
2362719 8179115
7790276 8924124
9014595 -4721590
-1184134 -7600738
2597379 -1436017
3123664 1789133
8650623 -8396622
3682953 3438567
3479520 -6661922
-1331542 -8086596
-87296 -8532917
4669363 8364587
85514 -2425741
3462799 -1344923
-1567980 -7104640
3590827 7872801
6796925 -9205260
8589502 1381104
3780366 -1672128
6891855 -2594632
1710854 8894097
3013827 -7468129
-1513210 361477
3699555 -3303220
-8873463 -8033690
5949746 -7631987
3248952 1039241
1129852 619109
1790538 5850818
8746179 -5407348
-7534547 -9777441
-8982701 2337006
6234462 1778730
2622954 2123153
2044873 14828
-8574723 -7968839
-5436968 -6244273
-3366444 4439105
3652237 3049823
-2467515 -9666889
5217476 4778774
8334367 -6517769
-3382308 -1533571
6833599 -535780
4056872 8408231
1147142 5579778
-2083215 -961323
3333759 -5319207
6803946 6667599
9198780 -4043287
-2012126 -8634829
-4879101 -9375943
5063162 -4932742
633433 1754455
-5396081 -8768248
6010526 8165919
4164502 2337747
3320528 -3138754
6325466 -9217805
1706778 154128
-4266094 -7101310
-5546281 -7146080
-9948935 -3832957
-7165357 7787478
6260543 6855011
8220182 -7966577
5173832 6764769
4348379 5857433
-9871759 -7246653
-6014901 -5018187
-6852268 7248512
-413741 2511977
9373223 -171414
610781 -7093212
-4422732 -1784959
-6369917 4833911
7687831 -6172474
-7489078 -1916198
8387632 255248
9626611 7861917
2411692 -2835473
6445648 363146
-3779421 -2414476
338871 794028
-1707807 8865172
6113684 -3159678
9352300 1439925
-8731489 -4300056
-8876916 1241875
9456917 -5604355
9229556 9216704
-6955770 -6913000
-6312845 -566260
9688988 -4444848
5933421 4591139
-8244333 1831952
-7804902 -1654887
-1553010 717667
-8488305 -1584323
9797202 8785861
8142536 -196112
3760165 5910886
4127182 7494836
-1263289 -2454971
-5542974 5250266
4466970 -9290020
6313333 -6313418
-4363326 27553
-1900943 -9999512
4591627 7842015
-326033 -5967521
2377592 -1136354
9581314 1869065
2801094 -9175418
2126796 3609361
-6586750 2598296
-8974465 269332
-9719480 -310233
-248852 5152717
402984 -982769
-7756436 4208174
411109 7386306
9930211 8556897
8557385 -1435865
-3593850 -1970731
-5421900 -4334636
4529011 6080117
-9534466 -527956
-7187021 -3373323
-9763962 -4217019
8381277 4939775
7725459 6165640
-4144592 9406812
4559530 8005979
9539562 -1877092
-7668917 7478866
-2618476 -8216874
2856375 -4741456
3822679 9828088
-2142643 1413760
-404523 2745182
-8658349 2435457
-8092499 6640840
-6732483 -8192814
-2409833 -5279520
2176607 6019907
2185548 8487796
410961 -7581582
2940749 557308
8680216 7486843
4965709 -5003336
9296142 3527651
8786195 4863585
4691673 2152518
-6433722 -4874773
7870409 5065382
-9982809 -4321893
-7681053 9212060
3535598 4441045
9161525 8102816
4122724 -8874235
2129914 -6145515
-3727097 -3691728
-618068 -7459125
-9972282 1730005
6726669 -1937852
4106152 -2490221
-7626636 6022811
-1824671 -4591301
533926 -418610
7163124 -5742040
-7547581 -9079313
-9867252 7180316
1621361 -5228633
-7125817 3668346
-2689536 -6700762
9670075 6996907
5821531 9440378
-8018747 8459331
189336 -4796537
-4218036 4525323
-7964898 -3083995
5455168 2404468
7813167 6924818
9022560 6146850
2921162 -9136554
4300485 6185685
3366001 5373581
-9855052 -3050415
-9382068 7503714
-9197048 5535484
-4951257 -9555252
2401478 -9526972
8932359 3386627
8590090 4382731
-8575594 -8361953
-8929596 6888406
-8190774 -6540492
2900678 6525572
-4811226 2138746
3002192 1923239
-9374724 8109936
3483518 -2697323
4252263 -3492371
-5988657 -3855182
-8319698 -2613453
-9652353 -5185705
7803675 9245398
2632025 2749125
9648208 -747614
890433 -6261533
3143226 -8927386
7048474 1960837
-8997238 4952452
