477 2586945 -882668
970
1745503 1214758
-9875433 8722880
-7159218 7952089
4254232 2502856
-3674680 5548494
9128251 -2700151
7550275 -1662675
3386371 -7374235
-421119 -778417
8791091 -8792624
-8261984 -347662
-8440682 -8886581
8805593 -6828170
2991032 -6283245
-1179948 -893437
2837673 -7891636
3347597 -9434445
1033996 -4521407
497801 6188379
-5746775 -4711772
-4895570 6823121
-4839553 5897828
8523593 5171057
-5607360 1063170
-5213102 -1897526
7754812 5700084
6813503 -3475086
-303256 9314131
5547238 -1864552
-241637 5204128
-171155 -5632709
7449198 5112389
3107334 5692794
-5602475 -1516805
-3712225 -6394865
-9571744 -1349249
-5451421 -6091443
9079615 8105055
-831775 5588525
-6309001 5988607
1688691 3955124
2996390 3962164
-4207353 -8981454
-8329653 -7306865
413615 -8660115
8223528 1428710
-3458901 2758812
-1548394 -1810921
-811374 2164785
5769920 2849132
4016235 5476401
1901311 -1285471
-3180416 1081166
-3330309 -6502722
9485885 -1495838
4975638 -7122957
6839207 -6309071
-5290525 -2027972
-6818485 -7368146
6488091 -3620178
324885 3595131
-3646057 -2772028
5417051 -617664
-8452878 -2678098
2687386 7122029
2598430 -166606
8547923 -3296379
7784787 7016093
3029723 7883860
-3611978 6970831
9847874 -4968039
-1277110 3880012
-8147960 -796567
1835287 -4051283
-5155108 -4966444
1145039 -9160270
-9415946 -2313871
7068465 15334
-146412 6001105
-4360514 8615587
-1551018 -7459026
-8239053 8237917
-2229638 9513257
7397117 9545735
-967082 3316438
8348399 6301491
-7302145 -1119208
8084225 9587641
-4463642 -5450104
-7900196 -7564136
5791946 -7102398
583731 -4238805
-1707119 6376001
-5106542 -2347803
8784136 8146470
-9312556 532945
-8712786 9749470
1779080 -7551608
4510479 -942424
-7625986 -823803
7994041 -6456603
-5059459 3238765
2826406 -9308104
7758144 5541118
493334 879117
3776719 9857948
8135495 -3714720
-7338719 -5639549
-5471000 -3571623
-5425153 -9928908
604037 5829488
-1904689 7778643
2743387 1891251
3465179 9874391
-8433060 -2746134
-6686385 -1644454
-8405689 9560981
2769230 -9229492
6311626 -3062930
7816187 527374
-7098325 9321312
-4393407 -5890742
-9013939 -8962830
9981899 -9215774
-9144682 -4484939
3860902 7073098
4851742 1459355
5866958 -8043787
-8169396 -2404871
-2634652 -8151510
204036 5913896
5474878 -6804685
6482176 -5685301
-6231879 -1755892
1287834 -4689846
-5368533 -8415692
-4306433 4189509
-2256968 238060
-6461362 9195980
7227394 -2275069
-5201970 -5606043
-1630336 1088296
-4439139 2166124
2277605 -5763377
-3914887 9907817
5821713 2159305
-2129027 -1194499
-4363448 1296591
2057051 -5646851
-336697 -595326
988982 -6655114
50747 4294770
7049182 -801099
-9088766 7793779
8035063 -9412179
7498130 8138628
-773076 5349445
-2484431 -4132206
104417 4787785
4695602 9793174
-5531168 -1294118
7511383 517315
4330259 2339805
6692954 -6852064
-4931038 -3612690
-7751452 8872609
3167380 -1425704
289550 2299296
93075 -7267086
5837087 1200784
-660588 -9355510
5993935 3335217
1719364 8566336
-4129527 -6490496
5819031 -8176219
-6953984 -9433925
-6400258 -9712137
-4855980 3073751
-1261961 7930001
6833664 -8163026
-9290417 3807001
-7618702 9082212
-6102140 -3606685
-8357418 2670848
-6128368 -3492712
-2848222 -3979
-6668761 3211044
-5706268 -6854286
9171570 5050603
-609264 164205
-6753368 4990601
-2205184 -5046896
8026856 -3153626
7292728 2938836
-2707838 -3235105
-9428103 -3357256
-4275044 -9481902
9427765 -7046805
-1859605 -377183
-1353543 3586699
-6417279 2012027
7739423 5798235
8943949 9430312
-3002733 -7966845
2197360 8115520
-4377527 6388003
-8658892 -2039656
-2676930 3417290
8872478 1884316
8649211 -5384202
1258542 8680993
1715443 9221108
4690655 -500149
1639020 1143208
-5270092 -7168950
4843077 -9714523
6083712 -9171019
-9740707 2582500
-2867993 -2455986
-4340466 -2743440
6160915 1845719
9806063 -6201641
-267999 18375
-8097309 -2870866
1744932 -1395520
9801825 -9448097
9773011 5519827
-4980322 1517268
5176828 -3019981
-188931 -824950
-539473 2423088
3252069 7170499
-7730649 8060591
-4395395 3511362
-9232078 -598641
-8752922 -6219509
-2421149 6928838
-3052787 3569494
-9301372 7310852
8431684 -8633743
-8081840 -5040088
-9520261 749861
-7732871 4207523
-8812458 8015769
9707171 -39690
-7616602 -6485036
-9314537 -832302
9744642 5635468
-853170 5471166
-5127475 -4650753
-870261 -7568895
1876295 8635956
2205450 -775058
9052146 1339860
2706117 2904078
380342 7483831
-1766308 4624277
-8651847 -6623566
3908555 -6982826
2977484 -7464305
8567011 3615727
5299777 -2122766
-6487298 9252474
4723641 5044419
2910019 -4824115
-9876658 2112518
748474 -7960242
-6218948 1999637
-6660503 5470276
-9109294 -7166802
2833381 -1438033
5702596 1271049
-2836165 -8932926
6600600 7050749
2102797 -8927610
4688117 -7905564
-28330 669808
-7561365 -7495753
7548666 3484373
1176610 -321372
-8208854 458685
-4985205 1299952
-6700411 -4944027
-9473751 -1204153
-5854602 9155438
-9766243 3933308
-4795643 6978779
562205 5936354
-4496545 2368192
-4043066 -2837195
-742759 7606252
-9207587 3161404
5665651 1745264
-4770363 -6768952
2909676 3214317
6189355 -1077401
-9777449 -2782826
-5210501 3720502
5032702 6038492
-2289718 7832101
1765409 9178100
6156879 -2055960
6396746 -513882
4370662 -3280915
-3601758 -8099799
2022806 -9672404
3489000 -1828164
9917100 2815219
-1437381 -8328997
-2598327 7663089
-3414312 3988647
-8794179 -6408972
7311530 9324591
-2120565 8511673
6343774 2344232
-5961316 5589717
6050109 -9374465
111653 2711916
1947353 -5036793
9379761 -5517685
7326263 8345595
-3482569 1402567
6734138 -6668384
-4997381 8950883
6613972 -4703243
1801756 -5079356
-1488328 -6800340
5040603 -4476071
-5964398 8339555
-6799861 -7079962
1026108 -9620624
-8995089 -2761176
9950740 -2923783
-5444223 -6367084
-9368417 1898093
-7239960 -6064462
-2145543 7957847
3805815 -8206176
-9255293 -5411405
-7598296 1324786
6245431 7358680
3074692 4203460
9727389 7273455
5613010 -1884704
1035334 -6237008
6658720 1329502
8568326 -7938558
-8345988 179984
3812900 1035418
5449863 -3790211
-7338321 4444484
-5081317 8209903
2520079 516136
-2378917 1240850
-7434364 3264787
-6860181 22787
-5773753 8811067
6084523 6214511
-5670193 -6046364
-9767020 -5786115
5543387 -2118506
-7540712 -591947
9588037 4111713
7663483 6629652
5355793 -4082711
2878125 -4370302
-6160398 8017472
-8950040 7796808
-962342 -1123967
-7859180 -1328957
8693830 -5880353
-7069286 -4719361
4011503 -7079923
9390066 1531589
5745475 857662
8739156 2139398
-8452549 1288862
7916928 3714797
344449 -8864512
-2947222 -1903237
3726462 -4299757
-6282285 9930903
244064 82416
8958449 -5232324
3438719 1798074
-1565927 3615622
1412613 -5351098
-2431021 -6118860
5412729 -4575884
6281779 9475397
1614796 -6325444
-2520229 5020935
-1264268 3162247
-3185912 7913051
-3990186 1596534
7296777 -3616782
8830473 2252628
-7664956 3530844
8298520 -8409111
-4094684 3809846
-2574532 -5746408
-1097506 4339389
8220529 8838081
-5737802 -1012175
-9020425 -3850389
-175833 3060329
-1918736 2594371
8272970 7303938
-2266659 -666651
3446235 7603410
-6013372 -3740492
8512136 743012
-5726144 -7182898
6924343 3363533
-2826621 5088729
9342321 -7170341
7169049 -2884801
-4046720 -9238833
-7734656 5389578
-8460811 -7268170
5792159 -6755081
5839290 -6120291
3699999 6389776
8239477 -3371387
-5767977 -8566659
-2307151 1685712
4945076 -1781348
-6447894 8721337
2084870 9218932
-3175987 -9523551
5822461 9258249
8889800 8682686
9443853 2991510
-9102560 -5156919
-9908737 -8290802
-5045883 -7563370
8832691 -1600225
7305903 3309760
2454725 2532690
3966031 -1938268
2263796 6686748
7421752 4175232
2896570 -2791128
8944156 3490210
-3516988 -5018560
6756042 -4231830
-5549144 -7694527
5296983 5645842
3005275 6411062
636612 6194423
1147405 -4387109
4012666 -1892919
3933193 -19904
-7487213 -6165079
-5586995 -3612082
-6925333 -1004830
-6829597 6676801
6402025 3012771
-3497018 6066973
3564765 5346181
3630703 2985994
5291467 320807
8483002 597912
-2991026 588450
9299225 1488277
-382480 161938
8269019 446631
2943079 -6369814
9981459 2202213
8590131 -2027782
6967389 -5605536
3587617 4181150
-2806078 2654144
-8762531 -10358
7852176 3696904
-3317102 4802234
7639394 1482879
4597143 4490717
-4920833 -1361252
-9872975 -8393883
-5715593 6894744
9857727 -7739102
-4108916 -7446573
-2728008 2800807
-9226975 8388896
5299712 -4137877
-9956726 256766
-7089090 -1112670
8876972 9753548
3450452 -5851621
1466966 6729148
-9271620 2649702
-2859581 -8377288
261460 5325523
-552007 -5264062
-8369318 -7095163
-4834265 3732400
-1197821 4004762
-3194431 -6426828
-8037932 6074171
4452647 -9905054
-7131935 7261780
8665462 4495921
-3234179 8295327
4960059 7542435
-3212065 -9783727
2865975 -3572975
-9433911 -9967333
-2125457 2522746
7258684 827549
3732386 -161112
-6428712 1405718
-4589520 1414474
4987646 -5110180
3480343 -5267599
7343700 -533934
9244198 -2067010
4945263 2728117
1023444 7909661
5452096 -8288916
-8072643 -4016497
-5073120 4756383
-2694597 -2690316
9832430 -4507031
-1163130 5179946
-4981166 -392534
3529537 -7430743
-3499917 -8893526
-4003706 1456369
6188771 -8512271
953795 9476638
9925980 -3951177
8776940 -7285655
-9375994 4871244
6582328 -7683264
-9183408 -1407546
-6651162 8509686
8335722 -4256528
-6247206 654241
8350539 684505
2808323 2589664
-2324727 -6630627
-5524153 -3662140
7794230 4175356
-1820563 -7011506
4981484 -3500647
-4935472 1649584
4363930 4907464
-221292 6357820
8674556 4987936
-6419609 -3638963
7387075 2007500
7750973 9445581
-7383826 -1760851
8923654 4020119
9126135 -9033287
6852438 1731978
586190 9317761
-3990531 3844637
6833131 -1619580
-2603875 4188907
8354843 -5669033
9238432 2460653
-1181527 2718773
-9776938 -8466508
-9589119 -9990618
2016882 6319805
5765386 314308
1069810 -7715793
6304326 897912
1864625 -6536
4241794 -2053186
-2735425 -8766585
5078052 -5172015
-4275243 3274044
9979303 -5572464
-1241497 3120883
8097888 8334147
1052920 -9486713
4563132 -3083638
-3074256 -6207666
-9887861 -2509635
7804674 1458978
3743186 5877525
-3224563 -1125516
1384300 -7436136
510678 1156414
-5093819 8142447
5486784 291605
-6434350 9984234
6928122 3727893
9365128 6061305
4395452 8202977
1232617 7463017
6895731 7964725
-8242941 -4204251
3286114 6337827
-2203195 -8130801
263076 -6392860
-5002024 -8460009
6620208 -445134
3227632 -1101371
-2958924 9647238
-61156 8133814
8118048 5044212
-1227895 -3979154
-7917849 -2437478
-4234501 -1862766
8116603 6477604
-3041319 6998116
5310217 5012334
1350161 -1284260
584939 -8887316
-5280176 9146966
3203310 3364368
-7080766 -7765847
1132782 -176482
-529244 6146866
4280680 690210
8250774 1925952
7946798 -5084920
2477602 9539231
-2323535 -9971050
-977094 8243102
-2242430 8309420
3321754 5981587
-5302673 -6932212
-5819528 -5328085
6335234 -2201381
-8837013 -8583352
-6349199 -461456
1878414 -5917779
2745439 -2700065
506497 -8650830
3275123 -2973880
1941200 -1242729
-1703497 -6261727
-6232777 6935155
-2305391 -1510680
-3201259 2790129
-8711932 5452179
1036319 -9879505
7308763 8501748
8816719 5216791
6633440 3643997
-6817459 9979706
6578279 2800593
-9899471 5060955
-1073523 -676282
-1133810 -6876622
-5602998 4717952
8456226 3323743
258898 2693505
3699177 4739801
-9953717 7953507
-4077962 3014270
-4348882 -8665649
9836099 6958358
-5308499 -7040119
-879770 8652818
1148876 -8675059
-3358113 -5180877
9880078 -9756493
-7916422 9258768
-7617854 -8677093
-1442788 949768
-5726489 -3220852
1989005 -2986562
-8246761 -2951239
7518620 8204535
1218805 -8200478
5650226 5957011
2915369 6869923
2346156 5486325
-3344504 7606870
1448164 -8533614
-3714491 320724
564232 606403
-134829 8681939
2521199 -4835838
6113930 2247317
1542818 -8921589
-1908151 2903794
2468907 -6468177
4252710 -7638560
6677315 -12472
8460891 -4528484
4857791 2327541
-9669782 -6107388
-8500518 -2796052
-8813314 9502066
-177209 -4536002
6070401 9988548
8670487 2903375
8067537 -4064428
699242 -6291962
-5213551 4181467
9601613 -7757940
8290235 -4605350
-2243909 2070521
4574401 -4940702
530814 -5566594
6760947 -4448356
-555744 7904957
7625257 -392483
-890416 -6539910
-1075911 8811944
8800492 8932375
1835750 7510842
5962767 -12669
3695370 -96713
6601106 9178361
3936773 998171
6392822 -1280928
3305945 -5256640
-197342 -5851087
-8901329 -2119654
3431990 -9666528
8238430 375970
9983487 -7123754
-3663664 5863687
-2808017 -906929
-1974554 -2223223
7803972 8508827
-8987489 2377548
-7719165 3766739
-4538548 -2775767
8222404 1398294
-9882634 9398225
-5858415 4615226
1280491 3423311
3820009 3944244
-3205932 -5104486
5271484 9768351
-7355403 7548850
-4071110 5254972
-5651957 -8502715
-8209585 3120873
1629701 2373490
-5248962 9594387
-4122522 -4841436
2382797 9548226
946520 1338930
-6746493 605201
7736780 -6419762
7003549 -2604908
3855688 -8466377
-3570862 823558
591909 -9350243
8198607 -8299378
-528054 -4247142
9766495 -5872503
-235277 3819990
8709832 -8443090
3667649 3910776
9069340 5977222
-1958200 2061479
5916761 1452137
4573690 8988320
-7431442 9170268
9081713 2310470
-3639554 2088459
-7087983 2937401
3587158 -4694064
-2993442 -3979722
1773136 -5697882
-9054033 -1005143
-7185153 1539632
-4387106 710690
-5378534 4041031
18253 9280544
1342023 -6309194
5142943 8060054
-435274 -2741215
8945405 -283366
4543456 -5350363
6738096 8027118
964520 3420254
8726190 2166466
8186744 7068030
-8629852 8249101
-2756042 -40119
4015865 -7683884
3026806 58805
6616188 9628759
8909303 164625
3855431 -3365559
7210847 -7232321
-7457184 -8485273
-6252287 9291926
-6058437 -8511779
2031692 807521
-5772224 3196011
-4637523 -7003788
-9935758 -7046034
3719419 -6450778
-3974545 3950743
6266859 -9036623
-6461466 -9958680
2186431 -8189983
1974642 -9845278
9305516 1095735
-3620234 -4169926
9861153 6516363
5808289 -8561066
5443507 -6391134
4416387 2266204
-4537784 -2524801
471411 8644163
4114482 -6658955
9406619 -6947994
7002749 -2166099
-8686369 -4567926
7989746 -4214040
-9887671 -5147835
7523240 176178
3788265 2086972
433398 6828756
-4138529 2684383
4123317 294551
3903417 4186113
-3547683 -433176
-441624 -9163844
1996672 -5569115
-2228069 -9970213
5598145 8627506
-3538593 9694902
-4873023 -4882754
-6580442 -9708610
7659908 5633075
8325605 -6468112
5618860 5183148
-5471744 2113870
7314605 8568610
-1136839 389727
-5424160 1437922
3521099 5282930
-1364562 -6455490
-9508253 -6920525
5625614 -9367890
9259616 -9219970
-9525067 -6259888
-1142642 8237376
8528766 -4398090
3751337 -5206731
-1674843 -1294974
-6111826 2076943
6707165 6460369
5028979 -1583570
1322510 4021771
7976045 6408492
1691422 -1585298
-5524436 -5986504
9609323 2843212
3475323 -5032688
-4252658 5234938
1491402 -4748709
-6511333 -3777725
-5659463 2865112
7658381 4533786
-6761188 608227
-7314830 -4016462
4960259 9643339
-1940231 1908687
-4069542 -10762
-3602270 1898631
-9686666 6422856
-9563648 605504
-6551283 -5211102
-7727438 2562028
-2203034 -559608
4691683 -1980095
-3241468 1804720
-5330168 696703
-4769511 -6384578
4223649 4844566
3344456 -9014347
-9371008 6908819
-1182494 -1695284
8293954 -8794886
3103745 -2735683
6203525 7208037
-9670107 -4066569
-6761318 -843771
-8281743 -6221390
-4264646 -4488756
-3952499 -7968425
3836295 -9572962
-6359907 2806034
6421456 1022480
-4132954 -1129418
-7627413 -6838543
-9929724 9211502
-2483782 5517932
6723046 -8595866
-8815197 8326525
5534562 -7656857
-1723425 7388328
9060910 5864455
2159418 1515257
-457147 -9220833
-7189257 7894772
838162 5590355
-1603611 6647038
-2330482 4478255
5865189 7334197
-9504346 -3947084
-4735581 8237777
3755709 3082282
-2997232 -4703011
-6376486 -7004893
-4661750 -9296076
608604 1674428
-9944764 -3868823
162786 -330486
448682 2214654
-7374222 9705640
-2187653 3259425
-7577185 3463941
-9541452 -1274912
-3940715 -7391314
-1338398 6323738
-2922133 9071291
-5330075 -3557627
-5744285 3349928
-1138613 -5810955
-5107031 -2120771
2070010 -3284011
2847167 5501574
-4828912 2125246
-5660100 5526305
-2251703 -1863878
3911899 9482030
-4537677 5560644
-5714268 6334715
1459753 -4079128
4760962 -7138631
4449012 2637707
9080081 4355181
-2294891 9118937
-6692017 -6664204
-6268623 -917152
5798837 -1799048
6218878 5801387
-2073367 -8837644
6688662 3906319
-7957559 -5217115
6781268 -5563041
2513956 5954341
-5194592 -7756409
-9319185 6799688
2177410 6265161
-1097132 5441777
-7686690 -3373578
-4254640 -9500699
6351449 -7465229
1617619 -8430305
-7713001 -9917173
-1599434 -2583543
-8904835 8505878
2412197 -1156448
3626437 7783827
4737139 -3029010
-7074669 -7075943
-4832351 9767447
6567135 -9752909
6512252 -4151536
3806594 -1255455
-2112680 -4584879
-4085578 -1363744
