140 2548487 8719496
566
6043905 1795835
-9851929 7987826
2726659 3311901
1523844 -5390640
-48965 1141554
1216379 4807710
5762528 -3218598
9487566 4976272
-9215000 -2405987
1205702 -2290028
-9240555 -2976130
-2323667 7093867
1398220 -87887
-1562236 -8551823
3996664 425786
4737973 9673612
7661438 -7443079
-1614826 -2597604
2011756 388098
-8470348 9909019
-2766919 4479143
-8739454 -4737617
-9761344 -7004391
-6894026 -9251888
-1541916 3540008
-9436122 -3171972
-6078105 -782471
1645994 -1759789
-311612 -2163532
778606 2600110
2273722 6201404
8758326 -4483421
2918975 -64839
2839611 -2856500
9568871 7447084
1926227 4369263
2147998 9318304
-7686087 3186773
-3548763 -5096994
8443015 7936239
-5235733 4909321
6643202 1523245
2279809 -1313837
-961017 -1710804
3405658 4484549
-6797694 9817589
-4665832 -4320619
-1869106 -8039368
-8379516 769495
-1783421 -9029495
-2143880 3705708
3024012 2659159
-4154068 -9995882
-5092875 5337926
3274165 2297170
9722843 5866492
9906089 554785
1757300 6366046
7171594 2185898
9186800 -9203717
-9386128 577253
-1227014 -7610894
6866090 -4051960
-766113 -579768
390737 1002926
-5291366 7450467
109626 763209
767327 248999
8103277 -1528090
3285432 -1809196
6573648 1377442
4448579 3008276
-8109326 6479738
-8818012 -3794121
-2997838 1578620
-7844127 2885140
5274246 -2383966
-3919574 -6554789
2865443 -5343312
5659615 5314314
-4718867 5772532
-3464259 -9631751
617248 -2092889
6379021 7303069
8010225 -8763123
2614320 -335546
5189082 -2899774
-6420036 9579251
-4214869 -403892
-8825272 7278304
163445 -4696355
2919680 5846954
9292165 7954043
-7389268 1516458
9347124 -5326039
-9553507 8270347
1154948 -5371743
2535368 -3017765
6801656 4288549
5525426 -8569258
-6388452 -2671767
4428459 -9343902
-9764650 8800630
-9086910 524775
-2196920 8536833
-6159522 -7912182
7934772 482877
-1563080 -723490
-9207031 -256710
4417251 1047652
-8165649 -9859907
7284703 -2619904
4362331 -4494348
9794201 -179929
-6232835 -6319661
1008573 -2164021
-1507922 -2621287
8695695 -4562968
5961808 -8756220
9780613 9608785
-8303396 6281240
-3235883 6137443
-4586046 2147728
-8108982 -2282611
1281394 -3793077
8863368 -1175379
6204718 -4367903
1137749 6148071
8484495 -6916599
-3236259 -6551698
1284282 -7748340
-369626 288666
-1757950 2292712
-3947156 -9157579
-9548793 6720210
3001450 8349809
4487252 -7852189
4295539 2281919
2515661 9901206
8624481 -1297090
7527531 -6202945
-570848 4202
8668625 -3751399
-667997 3083254
6531556 -330528
-5562515 -1387904
8900762 -9667810
2624902 4067859
-2573368 -2857188
-6136977 8677746
-456093 -2122161
25650 -619175
4179097 -5968840
6448718 6837542
8056804 -3305242
-6991835 -2410448
7593754 -1899313
4349289 -5046331
8036923 -1221269
8448204 6197644
7326092 -2915168
-2582978 -7114311
-530100 6226854
5886018 2558277
-6247625 6896532
-5225628 2265393
4162571 3296283
7327443 -2683626
6670268 -1658332
5036426 -3707487
3882065 4727072
-7172240 8044591
-7001740 -6007829
2770903 -306599
-4108955 3551536
-9363632 -6264541
-3378852 -6782863
1960343 -1946610
3128019 -1392600
-4496068 -9637287
2628107 6880395
176678 -7205344
-7372617 -3209322
-2351302 -9979527
-3687014 9297651
-3458924 -7314876
3246067 2711404
6703575 -631164
1578589 -1239321
-7687785 -8009170
-4273711 7469634
3203123 5464935
-6481674 -5136211
-4012459 7679818
8042531 -837303
-3956908 -5992174
-3197518 -6813010
-7505980 6219770
-1243405 -8053783
-8756131 142718
-4655806 5069582
-9702662 -2215055
-329867 8590261
9867293 7000913
1508096 -8751278
1234708 -7820492
7644444 -249263
-2869121 6954183
4634001 3679122
-7158181 3118420
7126246 -4807116
-9103773 -1115088
7621034 6445081
8391298 -6609753
-3950682 -3622370
3963564 2151519
2452816 -6090136
5016478 4260902
-6221833 -7877051
5888023 4883771
-420369 -2197385
7553353 -2877269
6593266 -2775925
3419549 -5315768
319004 1227267
-1063496 -1222279
178985 -2554749
6406684 -167269
-4260670 -2199981
-3305999 -2685666
9465854 -5695000
-1785135 3173917
9951171 1918670
-3442028 -6768657
8115114 -6270661
1531954 -7554005
-7914921 -2305255
-2564827 -8398341
-3714109 8678345
-7578035 3371074
-7851205 6604896
6566499 -6125179
3707552 2327780
2644152 2973183
2803869 1963234
6268235 9338153
-4971577 2269723
6704746 -5516900
-9769205 -5020406
-8774715 5779070
8225065 8345909
8557006 2757240
-3124749 2826496
-5978806 8508531
1879606 3161143
-7717609 8959511
-7165668 4028401
8872534 1365242
6854777 -941764
-8978530 1516686
-6628809 -341354
-8071630 7289705
4289157 -9084034
-4104439 1149468
-3071462 4519952
-4617787 -2879154
2394438 7669955
-6987196 -6060780
4964103 9269690
-5052815 -2966002
-4006491 9360061
-4095185 -2770424
1111170 -8655807
402429 -5222651
-1189613 -2034053
7624593 1423899
-8770043 2181578
3097545 2069315
-6781217 5519114
39067 1509458
1146656 -7336327
-9666371 5421280
1876852 -6458905
5327137 -6653567
-7103217 -3159044
8717369 -9725678
-9979750 -8593356
-7249163 -5377816
-600467 1131420
9097367 3153266
7093517 8209920
-7092149 -761688
-8692372 8323474
3842589 -1478252
-9968794 7042763
2222789 -6118344
1819288 1177862
-2764691 2556418
-1580797 -6303859
-6946551 -7437554
5353120 -6167662
-4761018 -8229182
-3606997 -2110278
1537494 -9493829
3659437 -1691112
9035161 634861
2389526 752954
-923571 -8056988
-7018888 -3786494
-6743731 5435370
9317026 5528670
-3293468 5479058
-9448172 1136314
-2651193 -3541806
-8463008 -8512617
-4680279 -7081392
-5310573 6890113
-5220165 -6924945
-6418774 -6401218
1907670 6317330
9468543 7240663
-9490030 -6540817
7918547 -5625579
587927 -7897249
7538121 -9100341
6428329 -3639451
-8160393 -628501
3024165 5651214
-7890592 4907788
-1088477 2889325
5807933 -6353600
3052865 4231245
7306300 -9502640
-5903858 7832701
-3333617 3403879
-6839106 -1479835
1979348 8651278
-6974300 -6329136
8289967 -7585752
-6686093 -3870021
2490528 -1655560
232291 9742237
-2090197 -3153512
-8245724 -6743543
6145782 19211
-3818037 665799
7413396 1953715
-5032572 9234829
-416118 -2763951
-9360072 -8420078
-7383561 -1233383
-2582105 -6199178
9988039 4595788
-473612 -7040053
-910073 794358
9138799 2840295
-4901116 4096807
-9056705 -628910
-4856101 3008687
5544250 5213923
8396075 -8710319
-4240251 -8273786
-9038957 5809471
5561872 727177
-5176549 -6938723
1827894 6201800
2518975 -2560109
4552031 1762141
4722089 -4976634
5817724 -5921581
6918714 6328368
425175 -2527125
-639682 4533951
-9941010 -6115177
9098746 4504217
-1689749 5603241
-154193 7494821
3304293 -3413648
-170119 -6676798
-3615521 -1133835
7584318 4653332
-7906777 8212373
-25486 -7380355
-2356989 6645254
-9276327 7212955
-3942325 5977087
-6550037 158740
-5307309 6482851
-9632326 -4673367
9830850 -5248319
2871274 1982772
-522406 -9342547
-2756195 -7282919
-3959717 5298239
6680756 7073686
-5756629 -5058886
-6846513 4265074
6884719 -3663406
5498201 -4355646
-7142691 7044082
3021170 -1261774
8896966 -1085015
7914188 -1012515
4314118 6106009
3374043 798214
-7219014 4144968
-2681226 -3754683
-8521249 -5225068
-9926829 4562579
-5847382 -2480966
2460149 6753928
1019002 -9087659
-2751065 -1870012
3774342 -9579926
7464156 5263488
-5998285 -851996
579341 -6998322
1989163 -7101319
9004691 -8990119
-5675553 -3696719
-9551750 -5104914
1140403 -2894567
-5603282 -9716624
4845955 2619154
2654541 -5530111
-8776183 1514925
2427266 7631042
8277382 -5240828
7695598 2192554
-2543958 2051725
3716081 5159754
8161433 1457757
-3127209 6811774
7821655 150596
-1029770 8393834
-6711080 -7853898
-8232113 -581520
-298144 4429323
9564830 -3835395
-6849153 7064163
-8904559 -5264277
-7633235 -5625336
-8349812 -3960941
747965 3160499
-4787776 9345786
-2978107 720360
4694469 1444657
-9227217 7699678
-9633374 -8432740
9961094 8594438
3256892 -663144
1271688 5766366
-7287958 -2458868
-3777911 3489896
-6929588 -7723128
9528947 -627064
-3736047 6682205
5237616 4412064
-2427437 -2085859
9776280 -4014418
6705942 -4698860
-737851 9314525
7014203 -6083237
-4515976 34933
-1370629 -102819
1750390 7961470
3727837 4402616
4460100 -6977922
-971673 6439879
1233103 -9317811
55126 2098739
-8702704 762050
7690466 -1164569
6749572 6534912
-7479506 -4736971
564169 -957796
-1643271 1742788
5659552 9826319
-138748 7887284
-9699182 3659928
1621398 1006975
7925943 2051208
-2410362 7865587
4305466 2386043
-4415415 6617965
-8766944 8054921
-8666677 5639711
-5524858 -7469648
1581617 9023789
6803171 3741066
5299623 -3381537
877604 -2632660
9710011 -6343648
4059989 -3462844
2713436 -7912385
-4389057 4360807
8928367 -5665166
4716774 6053238
-1560718 -3481995
5652323 -977760
9593514 4023867
-7820070 -598269
-5551564 -9073163
2466979 9171424
-4571158 6030053
-7351484 -729850
-846158 -9271535
6901170 3526120
2579628 -1136146
-6532179 961159
7838318 -4706936
-7855749 -8404884
7648355 6766685
5801042 6861025
8399617 8603989
2627856 1453365
-9144903 7993131
1436321 -2675862
-3504438 -4696467
3849938 -6096700
3173450 1924404
-4830778 6498454
-7459073 -7672708
-6292502 -7929608
3031551 5120555
2929972 9691672
-8713212 -6613779
2669258 5074223
-5548400 8935143
7539132 -1529700
2440018 -7148783
3360701 -7316660
-7476170 -4188533
-6368648 7313374
-8783326 -980608
3460149 7481290
-3503904 -3093524
-8249880 8629371
-9300237 -962977
6673931 7973971
7665643 -3752334
-7849761 -7879745
-289170 8952431
403927 4819497
-6710203 4162430
-470001 -9540589
5659104 -1753833
4057634 5407052
2720426 8182934
9718679 7688986
-2313372 3937100
3359928 3178828
-5675449 4182725
5736100 5110049
3084020 7540666
6304684 -5073617
-2953362 -6733985
4734798 8454923
3274420 6757468
-6563750 -4861275
8114489 -919431
7326737 2966250
-1626698 3773593
1956527 -6099277
4106062 3610081
-9936467 1675206
