145 -5159149 -9092457
178
9709583 4859295
2796532 -2817598
-5783073 8241668
-6154594 -9101953
-1789617 4892027
2613292 5389219
9638355 5172071
2650601 8223521
584997 -6008421
7991605 1662170
656179 -2790832
-251283 -2612654
-9364740 4429695
-1837905 4566586
9407438 4521790
-618915 -930362
-1231608 1633373
-124959 4693969
5592017 -4498329
2910051 -3763201
-8373982 -6197600
8974471 8039695
6263216 3780725
7772305 -5858575
-1680053 9364565
9090086 5763910
5667608 8976126
3405821 -1161197
5921742 -1180779
-6658989 -8432084
-6846094 -2154468
9478905 -4761552
9932418 -5561349
-59678 -8129702
-1892903 -1959213
1843187 5366725
3406421 -7750532
6030193 -6665990
9991787 -330363
-8449445 -3681150
4599112 -1688266
-2712139 -9359359
-520556 266721
1602294 -9306318
4777951 7917538
-4236930 -2540343
-4785543 448209
4886860 -4758025
9628625 7663227
-4295986 7343535
2710260 -2264277
-7498457 63553
-4086084 -3883319
-1697329 1048088
7366939 -4094297
4217438 -146774
-6989781 1966051
4749124 4021651
4715333 2489663
-7076446 8867770
-3672573 -7990364
2457846 -1313376
-3555048 1541885
-794888 -2655294
7204593 -3926423
-3674348 -2574521
7489032 -85146
-1452113 -1172805
2391636 -6597052
-691348 6850558
9220136 -7725073
-3242670 6042442
64093 -7769645
-2763629 -8493545
2890577 7295778
9305415 159925
1362901 9218005
-6723758 1763261
1624319 7807853
6397783 -5002294
2423185 -1171087
8743767 -7276565
-5933017 -7571430
-4168482 9808006
6658565 6458619
8733546 -2343478
6215316 -1604947
625409 -4509124
9513683 8795761
6091540 378132
3054409 -5079387
-5861382 -2086693
9676568 -5582690
4741516 9931212
7445270 -6182761
2646152 1139299
-3620914 -7615192
-5186622 -6093729
-6285722 446069
9421040 644896
817771 2889195
-8715752 8154586
6161815 -2966913
-4171151 -5573991
4804141 -1808150
3112463 4436741
-7649952 -9625098
7308565 -232567
-7785003 4542968
876559 2050081
5705732 9660268
-7954924 -6477288
9945335 -7915182
-4952760 -3141546
19702 -6340387
-934840 -5531720
-7377133 3353825
-9613087 349409
4775418 1301034
9492884 8732114
-4314793 -7904088
4987166 -4878300
4889133 -9448393
-2389073 2295731
6862164 7104131
6764399 8487486
-7989802 2567896
-2830933 1325827
700633 -8044466
8131499 2216307
6684587 -9279665
4074161 -2803340
62421 1823806
-6875160 -3022574
8225892 7354191
9450103 5134077
-9744223 6427451
6979058 -3046378
9249353 -2338738
7281745 -5410015
-6922529 6111518
-1320586 -3437504
7888323 7604022
2075908 5848481
-9418860 -1411044
-8174356 -7276241
-79581 7265728
-910466 -1583843
5393583 9982840
7337032 -5269273
2381156 -3864173
-7436722 -696513
6257109 -4846715
2814547 2058688
6648673 -1977185
-5865667 96293
6658789 2242496
-153482 -4669901
3694933 -2936535
-1831227 -8077574
-5353814 4276073
1541801 -5583
8410574 -2917043
9582150 3147688
7878415 -3679491
-5027312 -564466
1255373 259571
5412856 -9947682
2111006 -9971165
-1948350 -9256245
-6643600 -1240321
-8997824 2185983
32434 2531542
9595007 -6634954
-4712527 -6272633
8003441 -2236220
274550 -7549989
-7950680 -7938406
