26 6748438 5942371
85
5185381 -8878364
-4361040 -306323
1575882 6819332
8219135 -2505273
-1926746 7489110
-4448360 -2267470
1857439 -9038999
-5826204 -8333137
-9453991 -9396344
174971 -1633488
8351971 -4162052
-1971902 7872676
-8546792 -5423550
-7611767 4881384
-5853826 -6606707
7031281 846956
-9459366 1847907
-1332761 5186593
5197673 -5367132
-7878022 -3113626
4618904 -6729073
6748281 -9810029
4373186 8992695
9596351 -9077923
-8195059 4919195
3273495 -228677
-9839649 -9843087
7249715 3817945
-8784319 -8386441
-4993148 9637948
-6998744 -4638145
-273886 4554485
-258921 -6458110
-9308890 8393353
7796079 -5061248
-9273969 5329441
5519412 -5068665
-6075970 7474312
912742 -107402
7328145 6036734
-4191943 2717683
-4609052 601640
-5580415 -4031592
-9901681 -7359337
4794963 -4364734
-6486527 7621524
2176009 7796220
3854462 3239587
-5850708 4433440
9372192 4545573
-7608634 -8054629
9393058 2614576
88888 7910778
-9680272 -6682912
9353822 3517982
8752018 7647873
-9234135 7678231
6162991 -5857034
9299982 7701802
5853420 6261311
3882835 4094945
1891165 9366893
-4877168 8575196
3008637 8261980
2807553 -727876
-6266153 -5102819
7511757 -2284729
-4373951 -6873095
8960345 -9883002
-3848668 8462129
-1373646 8314168
-1491249 -5096650
-953683 -607781
9610373 -5328257
-9066946 -1653701
4957596 5463793
4830686 -2667759
8423789 9365114
7627094 2469870
4258346 1432426
-1154040 -7049001
666270 7992193
3635450 8874069
1507419 -1191329
-2729200 2595795
