672 4411324 -7810288
774
2778408 -7812623
-4974714 8924489
-4254536 -1043804
-7391155 -9991191
-1144411 3721058
3703826 2103928
-9774584 9451169
443471 -8339693
9398483 4566900
-9219246 -1086264
1899853 -6104331
7143111 5675448
5188379 5608620
3999273 -1119278
5808398 5401153
104882 6188986
-2370173 -1413194
59354 5130168
5138977 -4108357
9612701 2668200
7288480 6510919
5962088 3316528
4976835 30248
7113501 -3594441
-2164353 4375318
787340 7894255
3569703 9735501
-2139527 -2069549
-672475 -8725565
6675588 -8140253
565085 -4864076
-3760918 -3219530
4426990 8194912
6602907 6298437
-8517011 -7917681
8593238 6215608
-467864 8771469
-1198282 -2928322
-4006410 7025324
-6083006 -4084781
6325826 3829237
-3918910 4704334
5151137 -7588118
-6313683 3941564
5801311 -5521337
-7869061 2878257
9658727 8882748
7077660 -1629979
-5331542 -3397931
-1315612 -3803081
-7587473 -3848553
-5077083 -2722373
-3134343 -5538984
-8513660 -3759013
-5327442 2859247
9204837 -4596666
2624021 -9001616
-6589734 -4714073
9227491 -9708490
7286525 9612935
2491192 -2454846
-3572098 9417464
-2212514 2149919
1268340 6021914
-7781167 2455944
1123744 9952729
9746708 7147713
-8391271 6046661
4804000 -3387635
1987965 5611421
-8985245 9476558
2991294 1192802
6478729 -3844872
8962991 -1082087
-1469152 -1777427
5767727 6249516
5666981 -8977959
-4311688 4711982
-6749752 5970819
-9056885 6956653
-574266 -4530918
-7383205 2066859
-9370128 -827558
-1698841 6741876
2353297 5433872
-2573218 -9710876
-6001722 -4115596
2039533 -9581923
-664010 -9522992
-8784067 1002524
9768392 7866838
1405231 -499988
-5788006 5435373
1406192 -390104
-3433451 -2537757
-4552323 -5134340
6932519 -1491365
7681077 -9419176
7322700 7562392
-4487384 8498588
1304065 -324003
5560401 2939399
3357476 5302343
-1704297 -9883714
-6364838 5209818
3076656 -488364
9011649 -6596445
8838928 6998240
-3391864 5739995
5718590 -7238527
-2372867 -4308963
4199672 -8833733
4263443 7076004
4638396 1880749
-7104311 1586143
3778492 -9848987
-4393236 4199754
-497902 -8144754
-8028468 8964240
4174058 314153
9825790 8123047
-8473398 9767066
6765306 1353791
-2906214 2881882
-1840293 5889794
-8419169 5328729
-988652 5786840
-4620803 5780503
-9822396 -6725208
-2622713 2533945
2684958 -6926706
7273048 3672132
5527378 8291722
-227686 9291498
-394348 15262
-1861691 6462724
6229791 -8052206
3301585 -335089
5063146 -4488551
3917596 2911723
-1759548 -6777147
1526046 5498427
1278931 7251801
3042945 6905243
-560812 1456535
-2953819 -9579768
-3391284 4640499
-4551427 6835582
6127080 -7863906
-5332291 5220888
-5800036 8249084
2713230 -4677630
-2496366 2946107
8457557 -3985185
1442891 -7433220
-4210367 2375153
-9610068 2199695
-8032152 7315679
4220922 1668863
5641751 5010793
-2052622 -6339889
8300610 5204284
2039866 4556094
-791459 6265535
1486423 -1833053
8932383 3876250
9198620 -1797260
-8851153 1645614
176781 -3297746
-730966 2122756
7014261 4136024
-3664280 -2424980
-5109301 7404194
-8410591 -9180080
5830714 9111622
5288085 -252488
-5048203 6294444
850538 -3894953
-7629418 6991663
7674962 2575431
8968033 -3626642
4576098 6607346
-9230688 8166654
7385260 5724945
-9635946 946093
-4917882 9170647
-3254333 7378315
4782509 -6065810
-5245890 1636366
-6735660 6371919
-3880569 3101176
-604380 1068777
-309824 -6412420
-9420756 2762511
-4662058 -5422889
-6533179 8254206
-2622096 -5694024
4988982 559271
8800568 -1852784
1609662 -5109406
-5938759 9164622
6542938 6691780
-9374030 -6676740
-2524021 1325447
-9786282 7896432
997609 -6743329
4325449 8849502
-7562918 -9606771
-4327908 6531977
-8890912 5532678
3786885 1010035
-2167637 -5424091
-2348468 3681141
-8171642 5337697
-9771709 -3547899
-4383277 3438020
-7353848 -5710467
-2387207 -7840339
-3998539 5788474
3684906 5088772
8345444 -3784821
-4935319 -5317485
7592097 -4812755
-8280778 -9981884
5550794 -6735811
-3209424 5344663
2436924 -8145969
5535173 4622939
-39364 -9911543
-3459442 -120117
5834255 -7294720
-3005187 -5326367
-3166705 8480407
-3214767 -2876042
4729083 2834756
9049935 -9529861
7669007 3074527
778124 6630969
6649085 -2222544
1041645 -4986302
-9641639 -5283769
-3429737 348574
-5028487 -4688362
7916447 -7894564
-5498329 -2551498
153782 -5542995
-869362 -9664074
1332685 -335053
-694743 -1519715
-8684959 8117918
1104409 -5965660
-374781 2881329
-7971350 -8710232
-932776 -9596657
7933394 1194087
5910318 2625222
-7026204 808107
6119745 -7519419
7102369 -9538339
-9573485 4036192
1009549 -8395960
-8060034 -6903351
-4722052 2656540
-8863175 -4210997
6423273 4583206
8617546 4968219
-9634100 -2472317
-8666197 -1757234
-8837539 -7605450
3588637 -7082620
5542602 9095855
-7579685 -501045
1979537 1032750
1494411 8540060
-4907395 -8401742
-6797701 -5562721
-2466072 -1381494
-8724954 7658617
-6552379 2811877
-2604917 4928224
-103557 9870894
9914929 8528981
-3228253 -7221305
-4826755 -8751267
-5833887 -9549439
2062768 8761882
-9222811 2225067
-6742183 4483083
-4460504 -4726922
-3128663 -2731420
1705859 632101
9250607 73636
-9751395 9239788
-5431983 3042006
-2029770 -6303774
6083473 -5520548
-6991567 383025
3161720 5998402
-236513 -7703467
-7252906 8334965
-386801 -3554048
8671019 -2673786
-8190702 390388
5663467 4445188
4230121 -2651206
497247 5051156
-4875208 -4064020
7692120 -252146
-7210140 -4626603
-8414024 -7739863
-3260411 -6723558
3659467 7669449
-3815797 -251977
-5439092 9337539
7672504 -1535957
4909995 -2691998
-2849432 9802055
192444 -3902633
-9457445 -1040134
-1174988 8372263
-4060229 -2710972
3225009 9322259
-8413534 1064563
-1045688 917129
-4306381 6892678
2685473 -6943360
3242441 -5050440
-2786065 -3655060
-4317520 9426645
-2109312 1774843
1599197 5871336
5673392 5317035
-8585598 8749766
-2290368 8382188
-729197 4473310
-8237662 -949003
-9110392 5210574
8791489 -2496301
937181 -7523926
1885105 -9737847
-6681206 6630800
4096712 -5429422
-6568130 -922413
-1495768 -8689352
-4398157 -8369298
18391 -1088728
6744660 7201041
5950807 -4308217
6590323 8159062
-4851276 6176791
7744140 8377478
-3895596 9427415
-3068886 8633749
3626175 -5104107
7674398 7868295
-2984553 -4488720
-7401790 3509544
-7412868 3628512
4939160 -3969919
-9822865 -6392284
-4964659 3057355
258396 195526
-1596339 -8219999
2455415 8725555
-2581301 -5006016
5887814 7604140
7031555 -4837161
6312940 -8007782
9404463 6479021
-3136331 -60884
-2033252 -404786
-6895242 -3604532
-9976020 564959
-888608 -4308110
-700393 -2520508
-9463152 -711473
9484054 4334948
-1368699 -6688404
-7962848 -2112285
-4601948 -8913284
8690856 -8027797
-2864958 3802218
-1689211 -1761237
7234137 -6552017
-4096549 -2284748
-173182 -5902194
493274 3870199
6951510 2931577
1139819 -6966393
513099 -3937098
-2132218 -9560574
-2709274 -6433701
-3122104 9868188
-9727745 5922027
-474904 -8568600
-6596397 -4329693
1988878 -1784048
-1028932 -6945003
9019332 -9700333
-9468729 8721557
-7180637 7439135
1309335 358090
-6710333 -4171011
-8621052 -1739155
-3159900 -3054162
9901617 1892048
5458347 4707882
4576070 -2807657
5630723 4852595
6283995 4848325
3034985 -4844181
-4111877 2203950
-2224700 -4976137
7839882 -2624457
-3902900 9310984
6750120 8371153
-8754405 -8567185
9778157 -9424193
-1163348 7051614
-6002547 -8842895
3049153 5676752
-7099014 -6100930
-6392235 -8976147
-1607200 7477056
2325382 1754840
-572989 7193148
-8086550 7876719
5416934 -2168513
5207030 -311250
-8483913 3256816
-5855679 3820483
5253298 8266207
8842014 -4610083
4957883 5031455
6188561 -9804982
5871771 8955336
5370758 -8245934
5294271 8772757
-1233834 8978524
733364 -6312928
3396572 3607900
1484619 -9839624
-9491785 5310022
-5001227 -3098447
2674721 5715245
-464272 -3485140
7297419 -664606
4725311 7305379
-5146814 -1344215
-1149197 -7800453
-8845117 3558099
5312166 7238926
-1471964 6525642
-1979482 -6877211
9326213 7294202
-6581546 1270234
1430610 2722785
-1967192 4903073
4320978 1938825
-9829577 -4452067
-5420855 9512051
-1152555 -7777497
2044234 4392916
-6951299 6089109
8288656 6897421
455520 1899504
-861569 1959891
-8998115 8284038
-8593172 7666467
-2522979 -977597
-9707362 3249393
-4027821 895475
8314900 -5760400
-1305222 -3478661
-5414376 -4847770
-5335719 -8618447
-6395944 -8318879
6074037 3511726
-399165 5648291
-4937936 9122738
-6461406 -9594157
2365735 5517584
3801623 2677025
-7140156 3367620
4906376 -2275197
-9025804 -7146783
3748692 -2284634
1954966 9462727
8500418 -5420056
-267826 3166096
4547649 -6913958
-5232837 4396455
-9575466 668058
8832701 3357552
2480290 -7458279
-7052435 -6105235
9412349 6018885
-8787738 -2170348
-8802728 -4269676
3455127 6588459
9441676 -1380000
6335366 -3054324
-3591597 -4293279
286665 -9193315
3972781 7425174
-9488784 -9981160
-3068353 -8963217
1704841 7794732
1152284 -2643819
-7585745 537542
4432307 6148927
-5315836 -4638180
-4292176 -3638992
2091333 -4103574
-7515115 9421448
-1958551 -4453540
-4991512 -8073438
-2366717 -5623185
-4816500 1416892
-1157934 436300
455140 1672634
2709417 -8130366
2180718 -96860
-224327 -5585742
-2531848 5849355
1998282 2189928
68100 4416811
3294171 6682446
5095224 5775924
5197373 -4614496
-6551683 7580110
2023024 -6761178
-9868011 -1543195
2390049 2172659
-7391041 7831842
-7979172 3748467
5618102 -4419548
5483592 4730245
1660855 -9684828
6164527 -4740735
-34454 1645359
-3937830 -1837191
7361607 -9966354
5809571 1872693
7258198 2456832
-7446706 -6476704
9278470 3222867
-8320328 4576318
9265329 1926811
-7724995 -3413926
-9665459 4390640
9971092 -5704167
1542430 -1531005
-8699480 -2028964
-4253346 -6796715
-2635004 7465047
8144209 5712200
-1737802 -4056482
7816212 5505816
-9521000 6588121
-9888583 5074410
-9186371 -6967706
124964 1906239
-6166949 5009653
-8404273 -609707
-6219066 -3891944
-7079758 4446621
-7084384 6268378
6755767 4462672
182310 -5783864
4197536 -7497579
730973 7547306
-6509175 2341745
-9636087 1509523
-1902355 3823389
-8585849 -9157086
6391560 -9274586
2631654 -7772220
7237433 -3483475
-1576830 -1018943
-2394535 8833161
-4203866 -5279544
3505187 525707
-5011620 -1288250
-4555761 260954
-4720273 -2312958
-4765652 2158127
-5500128 -1472948
-9963425 -8758475
5064914 7380137
739403 -9349428
-8624013 6479065
8706845 -2869036
-3836159 -3476007
5505050 -1539369
-2706208 -2896637
1823820 -6889485
-3847425 3089926
4318028 -4670993
-1893687 1140955
8827997 2278619
-5563254 -4097608
4429444 6578697
7820223 -8547030
1349460 -3017629
-2367056 -4598511
-8119445 -7911137
-8263821 -8474717
-1950724 3103752
-8435617 -2099980
5003384 6070678
9181193 -8625473
-3019195 9343556
7188915 -4666232
-1008925 3815186
8610157 -4704772
-6286028 -9664576
-569526 -6953096
7016226 8143416
-4874213 9767049
-4831462 -1634314
-7029098 -4724917
-3199634 9565445
2669198 -5292919
-4876546 -2634006
-6563328 -3250067
-9359187 2643190
1986746 -7382134
-9532014 -2378382
3953156 -824339
-3012759 -8024586
4827190 2563314
-1873430 701213
-8639019 -5742336
-5975287 7659148
-3975165 9003120
-5721796 -806748
-1241303 -8487911
-3780830 -6405078
960917 3944247
3210533 -6141024
6502166 4397589
-468193 3851346
3989316 -1511088
180925 -206
-5508440 -2057527
-9494213 -315482
-9614269 9318750
-6423585 -8851291
8807857 4263064
3266185 -2398872
-689268 7349044
8861133 60741
3655663 585782
-5469971 7596656
-8544368 -5383420
9014170 7740562
-5891740 474151
1479415 -1454023
1062123 8097577
8556402 -8339659
1344859 5553683
-2611214 1578541
2727250 -5753057
1026359 965201
1082681 1535107
-1115848 -5707456
4353285 -9606586
979196 -9738363
374645 -1991051
-4858119 -1974423
8282492 1830278
4820781 6672403
-4781619 4907104
3004681 -3699804
-2039463 -1203144
6866892 -5922565
5655976 1821749
-1414956 -5744322
-2262769 -9100422
2434686 9611403
6420300 1336264
-5753970 3835190
-3386821 773585
1298886 -2258422
5767156 6987825
-8665545 6440768
3113171 -3434000
-8526896 6155236
-7544568 847904
2161113 -3005862
1071573 -7067678
-2729577 -971995
-4199965 9243902
-9856520 5855467
-2016778 -3946382
7389882 -4905482
1446060 -5596478
-2306540 4152265
-8106157 8059240
-2436583 8992346
5433114 7660999
6743351 -1102128
-4946892 -8937362
1910542 732808
7726946 -9975108
-7042786 -5928345
-4383988 -8685129
3075125 227637
8599456 -6067601
-7497631 3218606
829476 -3417321
-6497447 2408604
-3439131 4791889
2851129 -6287635
-7295288 -1545288
8632064 -9585454
-8171230 654178
1716816 5375415
-3891777 -3118122
-3093230 6143711
2731718 6351521
7666393 -7619663
2607974 864083
4796482 -6742130
6476476 -6276217
-7177186 7298852
-292544 9822305
4614194 -3674633
37733 6268325
7239389 9981675
2912573 -4741203
-1570673 5871453
-6236779 4741343
4139573 -9853856
-1193793 -7612204
8739318 3562695
-1540616 4054277
-5081640 -1077937
2179933 3583711
7307494 2231195
-7953601 -8827238
-9004933 -9869692
8972027 -5729793
3054884 -1874387
-9376360 -8473888
-3215091 294273
-3834273 -3947435
3310260 -2269411
-2123267 -7554700
-5166904 -2550167
3528880 -800708
-6746431 -6427586
2494477 -8011735
5571976 -9311718
2919477 7190763
8363525 -4604178
-4473870 4965876
9236083 1874944
2516909 7014509
8540622 -5192681
5101592 3140549
9193114 7841883
-4427528 3783671
6228971 2503374
2469559 -4034443
-2318799 -8937932
7150834 8514791
3019408 -6548877
-5860595 -7838336
9352427 -1408616
3987206 -424766
7057462 232304
4623600 2029688
