3 7541598 -6264627
80
-5282446 8546419
-9930433 9409953
-7378167 5305306
2171579 -2659880
-4247089 5923160
4854088 -3403408
8305700 -6054687
7028549 6959087
-7913916 -9594165
9211234 -296070
2259795 -4755737
-3158512 8526750
6247179 6311575
-2936592 9026618
6568216 -7511742
3551029 798781
208734 -8714229
6591077 -3863052
3477068 2830567
-8729921 -8720992
-2124400 1746331
5691644 6124168
-4400393 8697653
1619840 -4763455
-2543172 -9797957
-4553693 831074
-642175 2232975
-8939098 2287795
1314413 -4394996
-9390386 -1875690
8923092 -9601018
-8315247 -3323005
2813943 -868174
4478746 792182
-5412458 -3708989
553694 5748825
-5610655 -5020505
6193500 8761690
-6001764 -7494696
-7292652 -2186660
8644414 1455064
-6311961 -1846345
-9558550 -9481409
8639947 -5251058
-4610396 1755864
-5328802 9249561
-4073444 -5687304
3444523 8872303
-335515 1256851
7547862 -2076731
6188446 -3231621
1747874 -9382092
9379599 -9422208
-6916904 -2058626
5754714 -6622165
-2650749 -4209556
3944099 -3084519
-2565928 -6446358
-9181064 -3098098
1174118 -3925980
7839933 -3791459
521237 5845316
4717619 6282842
-2460307 6482112
-5594619 6898456
-6333165 7603908
8221816 3110180
3687972 -2068938
5872436 7601415
3495602 -712580
-2405783 1627151
8542632 3361205
6914848 4054668
-9043430 8493056
-5432924 7733784
6458677 -5352960
-9507644 -7592990
1206204 -3020085
5978379 -2273673
7141135 8745897
