402 6192573 3972375
436
-8050220 7471021
7527977 -3169721
8964404 -2536303
9107079 -6896844
-7639261 -3968927
6839830 3707462
-9135700 -6939380
-2069853 212723
-9393756 -5799381
-1124132 -4013895
-1057472 2878521
3550675 -6816363
3881103 3823679
8939640 -369795
-4177222 -2978462
7008912 -4571633
2258647 -9711089
-2247392 4536889
156397 1223051
-229524 -3140313
3083501 -4966512
-1905892 -3389694
6823030 3947802
664773 6024256
4526713 -54374
-7175853 9540641
-7275722 5985593
-190727 6374822
-3994972 -878267
-1340376 -8734735
-3306368 -5655842
-5366931 -4331464
2721777 1468631
-7308318 -5097970
-5721931 -7121825
-9571985 -5021489
1588817 7361571
-6174275 -1477876
7062732 -1588153
873825 4490498
4031140 1589445
-9908609 3697973
72795 -728230
8393504 -99336
1165929 -1405825
2938334 -2946872
-4761984 7859561
-671807 7571403
-7526567 7959793
3354320 -5463773
-485262 -3248497
6629426 3782336
-7695540 3619908
-7968245 -9544849
4945649 9367192
-6527011 2905581
9119906 -1023211
764912 -6435620
-4018604 -807299
303229 -841584
-1272104 7147325
-2476761 -6758437
3329318 3965912
1925705 -632216
-3579637 -1680896
-2413041 -4719974
9062362 -1548546
-7928638 -5783615
-5328464 3883174
-4233282 6619469
-7958598 2133537
3626679 -8243941
7836792 -8838692
-7129638 -5608409
3550007 -6181812
3481866 3173591
-1068494 4794255
-1239833 3521457
5405593 -7739176
579928 3202224
8482250 -8174044
-7206238 683239
4899624 60964
-6055862 7381476
4000946 2087512
-5778950 -7772792
-6016732 -1441300
-279991 7847729
-7760680 -8179940
8154600 -4893277
8280314 -1694321
-6900066 -5847182
7674275 9728172
-8011004 -5623547
7578677 3079868
-2577823 -4914723
5768516 -1422720
8638244 -7267709
-9886232 -6815507
5272005 5098735
-157705 -3368934
5189766 9493055
-142864 3825563
-1838025 7426127
-7467150 -5387192
2918487 -3683424
469394 3329516
3057688 -1465227
2911226 -9339978
-3743758 -2436963
2648314 -6993744
1583536 -3805229
-1072937 -9066818
-5882325 -7261868
7836867 -8442817
-9295399 9389681
1399088 -2320837
4021078 -1589281
-4163153 -8743775
-4130967 -7816946
-8984018 -9113951
4215566 1303873
2354998 -5998272
-5338250 9789606
-2647357 7782577
-9211167 -6565655
-370884 2517309
-4033156 2372369
5110501 1072531
-4853934 84519
-8009448 -4536279
-4340764 -4149333
4261387 3389641
-2837782 9680314
4379720 2614586
3500635 -4452397
-632172 -2087946
1913783 -9767447
-9977840 -8277173
9505404 -908115
2526230 9891155
2408465 -9705763
-4817042 4671699
-4255770 8375309
-9023820 2809811
789884 -6593351
-742684 -7033267
-1127274 6449120
-1354213 6035055
-1350359 6034944
4098899 5541859
-6546086 -7849723
-7617170 -6533272
-4810445 5367697
6975934 4921342
4812498 7211311
21900 -497835
6690216 9737315
8112624 5204858
-9468979 4950798
8357447 1605156
4571889 1320906
-9713622 -9868884
6166171 -6555385
1995911 -1067835
6990377 -5184187
9482442 -3905189
-438461 -9555709
-1671660 4381624
-697033 -2732554
-5521243 -4695726
-2677209 -5884535
-6147220 4500657
-7778133 -5986993
8963806 4481756
-3913088 -7247112
4073794 -162395
-31279 3175154
6619769 -3123475
5808690 8651245
5983410 -8867967
-2773156 2799067
-4240290 5465852
-152524 -695265
6572181 4088050
9392325 9150443
-6734092 -8949062
-1932053 -3284884
-6755524 9635040
4116796 289814
3042702 4724634
-5437761 -9796291
-4104785 9632849
-3490626 -2952687
-4301442 5031336
6163369 4834416
-9850164 -8318032
-335828 -6609787
-4788700 -4090454
9997597 9511648
1178444 -8216519
5350771 1906274
1137742 -3039296
-3404255 -6581282
3708532 4382218
-893148 3228893
-4051046 9267587
8900436 3669092
3232757 1844169
-3124494 7926162
2760578 8931315
3129635 -6961125
8945441 2910414
1336313 -7206193
4821807 -5843259
8456575 -6149738
5756536 -3999749
-4522692 -3676302
-257583 -3105722
3792849 2073053
-4698054 5967301
5234888 -7100299
-914855 -6232747
5611422 -3348324
-5422162 -7682098
-8750783 -7513072
-4474196 7338417
-7234817 4378852
-310989 6987597
3660690 -3382152
468110 -5489181
-6972578 2117265
8440964 8740998
8151629 -1495270
3094135 -9300267
6667034 1944478
4844179 912434
4679687 -5581725
1069951 -6070675
-3752773 291109
2778038 5647790
-4497441 -9987203
-3091999 820194
-9675857 -9215906
-2598057 6597013
-8892168 3984833
-3897901 386405
-872596 6651606
-4843663 7059415
7759148 -2720967
1739863 766824
-8320742 -3057466
1360809 9100394
-6970281 6358945
9166407 4947113
-6888745 -8206701
-8193904 -5539203
-2202657 -8869834
-8085740 -8769551
7827462 -1878514
-7893681 -8167445
2218961 1451646
-1896747 -9275230
300537 -8653635
-8858250 -4224058
6542766 -9423963
-2481428 -4602035
-5501641 738377
9613674 1395733
8859198 -9955569
-8162270 8780081
-6759122 -8029547
-6899381 6160178
7390627 1038221
1676059 7531232
9363787 5218090
9186088 3782379
-2976499 -5900900
-4554535 -2710659
-4418365 7324039
7900076 9103567
7017884 4640754
-4620869 7935000
-8152914 -8483756
-8439325 -5007195
6289239 -9293716
-7323262 5914757
2074935 2046469
5601043 8293709
-1658707 -534438
7200004 -2722898
3575833 -9778567
-5679467 -1097555
-1291862 3115687
-7043922 -7717649
3902270 4289774
-8553120 3372506
1307507 920155
2436399 -3173989
-5664832 3154593
-3622771 -3486574
-7571817 3140759
-4812771 -8429681
9864029 4503118
6485032 -9211728
-9418274 -9278326
-9056893 -3798611
5103834 4157560
9789599 -4736359
-2454008 -6188028
618098 -7254323
6118183 -8551738
-5115231 2064978
1407341 -2574310
3096635 7321168
-6165406 -1741138
-8600379 9473865
-8955816 8779129
-4201401 -3413150
9891474 3424565
-3337408 -7716368
-8998627 -9526799
-2852887 -2394301
-4614308 -1378441
-5050117 -3063288
-317611 -4551964
-3103701 5567982
-9850688 8316924
-4257385 1781068
-8381411 1556654
9815516 1355602
-6654181 7969535
6748665 3731489
-9681660 6906356
330921 5063616
7347248 2726166
-4284281 -490135
-368083 864973
9486532 -4620816
-5167752 5017609
-9534354 6952768
2520750 4514637
-4652086 9878297
-5824283 -4813586
6743068 1090529
4962483 8310658
6280194 -925064
-7193574 8308303
5214659 -4454789
-9391173 5641118
-9116364 8061932
-2428202 472428
3853753 -3400644
-5505108 7203715
-5262324 -4143362
-7190594 -672859
6358130 7719674
7597971 -2153492
3032922 -8293956
2796573 4290041
2600699 -7707657
1367279 -9724591
8583712 -8602755
9458808 -3309943
4847527 -3685277
6893007 2583988
5572768 5731164
4846872 6981157
4184872 -573479
-2200489 9341764
-1331095 1438901
-841425 608917
8455425 -4972964
-3266920 9272899
3562940 -5995300
-3702957 2046006
-5162233 8679991
-9922763 180674
6870732 5937831
-7747446 2052397
-5363615 -5765389
2482127 9145561
6126719 -9790847
-7847973 9845351
9187116 -7172057
-3216804 -48462
3076808 -9627627
7915761 5941772
5214671 -5951415
-1946715 7165194
-8272448 -8706037
9973954 4350328
7047355 -3434681
-7496850 -9948809
-5380059 3918087
669050 7272056
-1066031 -743674
-8018168 -6848822
-7003471 7577040
-9595016 6650211
-3398251 4699997
-2411277 -2811820
5646304 2194909
6243495 -4495516
5186030 -6622673
-5328710 6813132
-6320187 -570066
-1488395 -5354755
7212788 -9272832
-2838393 1014755
-9196837 -8167271
-6394592 7830657
3498187 -262867
-2685827 -4412760
-7762549 -988931
-6288934 -9764491
9940042 -8644448
-3933186 1299789
-679374 5586346
1480026 -7689691
1639793 7023008
-3547057 6151316
3312913 5319606
-1436874 4964548
8495656 -6957946
-5125217 5724733
-3928257 1815171
4068656 -9003457
9100135 9569930
-1419001 -8617170
4134691 -8662414
5209491 -5191582
-1375441 4074733
-7822568 -8723695
6102966 461537
-2515454 3657458
