465 8551679 4924105
589
-6187772 2906599
-2208028 -6892586
-2133876 -1675964
2505483 2766700
-3815803 9436664
-8626783 -984062
-9012506 -6105595
-4905538 2225099
-9940231 3536674
-9161882 877575
9622158 3619596
5037870 9252648
-1709718 3246950
-6162296 -3870783
7197249 5460223
-9116826 8761809
-8130777 -8990523
-666486 -1324853
3958199 -7748301
-8311636 -8161003
-6628713 -9857604
-5963198 5577933
-2196968 -5641219
411807 -8352384
-4958456 -9620847
3998750 -6233723
-6981075 -5336298
427005 -8447028
-2317811 -6174441
9285782 4264709
-4457130 -5120562
8405268 -9831043
-8639544 -2587907
-7819855 -9744866
4610483 5318655
-2022597 6384861
1962794 7981770
4856903 -5469443
-3821826 2282179
2661332 7785062
-8448661 1219718
-1600228 9176434
-9270594 -5429736
-1604177 8826777
3091486 -9072052
8323738 -9802042
2883267 8634356
8562802 -754642
-499508 4243723
-7921270 3259299
-355840 -5889025
4609097 56133
4586691 4123306
-3594515 -8017648
9767414 3281217
-5499065 1583170
-6724044 3835105
921721 -4582941
6760189 -5994637
7449663 1833897
2031855 -148325
-8997616 -1710247
7535112 -5084878
1675197 2081538
7857189 -2964396
-6337068 3753927
6326412 -9982299
4141007 8272029
2770734 913103
6710672 3062845
7162367 -4945500
8889606 -8788393
9145019 -9561677
6960038 -188673
-8354776 5905208
8273235 -3073947
5215807 -3806569
-6375095 1791971
6389861 2750919
2302875 5300102
-945971 4247050
-3218897 5965807
-3245811 -4619558
-1190103 3438463
-3498692 2041275
7095775 -4479430
9248529 6180027
-865298 -1498267
829413 8393548
-3184892 -3905259
3020794 -5009011
1184421 -4911656
6880315 -9247047
3503872 4809326
109429 3270177
-9966421 8323100
-3194741 1679810
-423396 -3185317
-9746854 -3924200
8117075 8386502
6423424 9270806
5450833 -2270797
6230936 5671953
-3418146 -5414465
-6803372 9576701
-5432309 3396962
8485306 -1266225
-513272 -1731536
-6922210 -2118026
3668503 5506953
3830053 -4296429
-100266 3702082
-9483235 3151664
9227465 9476338
379192 3286263
2557069 7344540
7590095 9318968
4990922 -9475746
7626142 3821032
-4085915 4089128
-2513910 -9177230
-7927103 481776
8750240 8487749
8886075 1559626
9582931 4344383
2564306 2554578
8773012 3412984
-3435352 -7535960
4456731 1806130
-4907607 8308465
-1830642 -5164077
-5845108 165815
690069 -4240547
2096837 1662166
8267646 -1683789
-8344666 8010923
-8990949 -4246264
6757837 6244583
-2195791 9759292
4103675 -1839736
3231194 9903492
-4167172 -3332019
-8351626 2004207
-6189663 2397477
-6777706 6105105
3457380 -8580918
1584897 1391652
-332542 128624
-8209210 -7725033
-6892470 -8235705
2291570 -9941564
8328525 7279216
3523800 3300622
3059914 -2397286
-1720669 3844361
3747854 9679941
8864274 -8489475
3514732 9580682
-5505489 -9487352
6617753 -158579
1260504 -2283194
1624810 75134
2720110 -7154599
-4879632 -8707732
-6943436 4510901
-2914311 -9255749
8023467 -2135514
-8834892 7930566
8049633 1547267
-4608371 -3258626
-3578685 -3671036
-2160511 9139483
8720165 -4714410
8314590 -8645778
1195643 -6785323
-6552165 4932344
7523830 4972499
7817901 5072645
6364914 243940
7271193 5454621
6198872 1937830
9802316 6873235
4803801 4222340
-4230393 3483777
-9774849 2853434
9182398 1161236
-7182929 9162819
-5551591 9538240
-9107538 -8462763
7268266 5279351
-7271953 -5395543
9576957 3232453
-1694902 -9748123
-6987830 -88790
-4634169 7186364
-875806 2799715
-327050 -8435296
5787044 -8557137
4926640 6993104
-7637110 -8443349
-4765760 5151791
4314610 -8454711
3599881 -1948689
-7895100 1279371
9075075 -2991305
1613152 1889518
-4878029 -8196878
4571352 -6293539
3617671 -4056578
5646138 7583522
-7100411 1499855
3064559 -5229667
8729548 2572540
-7918004 -1148397
-7075394 3656188
-8675669 -5555114
8506527 -1841154
6210158 -1844706
1951017 2106408
9115103 831410
-7279071 1026092
-4654433 -6755392
9467421 -9640748
8819026 9916919
16793 -4398555
7101300 4465165
9235498 2916382
8005274 165859
1533814 481398
6653938 -9912730
7048509 4458420
-7382733 7978269
8649915 5555036
-2338555 1343777
-7824813 600933
4143377 9292900
-7462492 7412468
7771721 9488944
9405863 -7995070
-9877273 -892901
-6427736 -8060992
4855391 7224027
-2610114 5324114
-4194488 2860665
-4535712 8923700
-4101528 -7540550
2954072 -7487203
584185 -8967909
2375868 1603987
4721272 8245630
54883 -2932592
6996228 -8618998
-9130054 -4891257
-2886327 4767949
6391401 2792162
4731170 9752752
6976779 9963665
5287780 -7897087
-2520069 6883017
-1676931 -8906708
-6447257 2944219
-2026632 4221542
5253633 -976833
-9372846 8557553
-680464 -9854146
-2786738 5348427
6729429 9374419
-5516838 -5790510
1493792 115727
5424241 -5886812
-6134060 -2114807
-2151142 -7328236
-5225323 3359072
242089 5652990
6746283 2254608
7715179 8565159
-4696947 2815378
-8161455 -4311453
6762453 -9443314
-9297460 4982051
330478 -3918011
7972760 -9567846
-5358355 9576259
-7791661 -7544078
9085462 -1348211
-946666 148932
2820696 5467755
-1173173 -581456
-4928465 7595374
-7633666 9068916
150427 -8182182
-2850452 -9918486
8286413 5453480
6010167 -8495555
6486496 5048866
3647207 -770941
-338786 9333327
1425938 1619967
-3407758 -3180789
-2012648 3634277
-6216790 8194056
3661811 7040686
-3540770 -879742
-3284368 -7511362
4073907 -5952883
-4135065 -8401681
-8320167 -5775666
9677815 -4469165
-2964720 2482598
-2468535 -1795666
7433393 -6478223
5371456 3695024
-4685008 9610959
8946522 -3202606
2948024 -5576414
-7382358 -3066126
6490912 -752414
8367844 -1204194
-6199204 5466495
9513612 7599829
9198148 7874703
4615390 7894900
-6574265 -9122019
-4123069 -3190443
5013891 -7022632
9015497 3408396
9619773 -5036364
7090948 4386953
-8815653 -5065235
-8125297 6037470
5487697 -3351277
5896309 7008697
-4195497 1978609
-2554896 4264154
1863983 -394700
9996355 -3041283
-5146383 1062131
-5543536 4611745
-8578698 -9204296
-6226928 333395
6258144 -1048455
3915182 5304921
-308126 5877917
3329034 1006130
9559952 -6607426
41297 -2279911
-5271214 5047649
-2973741 -4062393
2718113 533290
2654942 -3012285
3946432 -5417904
-1839421 2651297
9779395 1316401
2112106 -4866605
-2016858 3717049
-7331405 -1598470
6222804 6757638
2635555 6583777
-9893741 -4085322
-8176396 8480941
-3798970 9666211
4713861 -5618746
318861 929817
3979459 4256472
-8755813 5553326
2651774 9150753
-5681598 -2293028
9023373 3328705
8462100 -5902203
7814847 -6348169
-5430286 8961594
5719233 2999794
-416429 -9207482
9223548 -9128860
9352082 -7793818
4388745 -8952847
-4571593 -4446888
-1000719 -8381042
5875430 -1736380
-6183054 5495092
4645845 -364030
7342942 -1014928
-7686223 8964248
5578397 6366315
2534499 3292229
2253823 -4090404
8909390 7104213
7896731 -9510592
-8639451 -8990687
-6784505 7120279
683784 3228983
1298447 120593
1739551 -1371457
6892163 -9702271
-1690827 -9868666
-232696 3225461
-7789467 -7044981
4435619 -2889754
5992913 7040662
332891 -7469632
-1560035 -8956236
8147977 5103067
5592475 -2650645
-9124979 -1438940
8197692 -530624
-7301641 6606868
-3272539 -1118524
7510020 3996807
-3189112 983365
1114699 -3081465
2660349 5120061
591432 3398355
3024953 -2612766
-5572103 -4972949
-9926228 -982134
61631 -2722860
4896559 -1486263
-1620556 -9274040
-8196627 -6994613
2474763 -745535
8377686 -9998935
-8601107 5173123
-8313718 -4894853
6088512 1425265
860153 -1502830
6133583 9719563
3117918 -6479498
907736 -3274984
-5731581 -3857129
-2322910 -2148015
-2354522 -5657809
-4627720 255073
981033 -7457963
8063776 3751725
5522542 2784406
-4698177 538540
8228015 3900228
1521728 -3299283
642334 9914297
-9072181 -9873408
9846156 -8497513
-4977011 7061402
-6213582 -4519574
1623298 -1552922
-1184585 -9428810
-5086619 9300388
-444539 6460893
1519283 -7197986
-929909 3052846
8353605 -416941
2637951 -5407367
1009214 -6344572
356145 865966
-6703385 5047294
5173886 3514832
5017319 6740786
3802189 -2463606
3016821 -9959691
-8996261 104959
676149 7156471
-1026789 -180846
8796400 -1894117
-6575751 8528672
-5902130 -7167965
-5068554 2494340
-396675 -7548525
-3893096 7569398
-9048284 -9387461
-1823815 -1020599
-7505767 6764684
-3978178 5866424
-6597182 27905
-7415434 9824011
-7554677 -1064009
-3907538 -6411695
-4076189 -4362176
-3739941 5065673
-3889303 7236563
-9931402 -315692
-7821352 -7275080
-4823605 7516397
5085795 1781974
-5089135 -6200349
-4704595 -1446137
7834899 -4396597
-8530173 -9694010
333895 -6143278
6197085 -5127355
-3675011 2918461
6506766 1158760
6796585 -5066197
9999477 4946930
2183493 5572996
-4742695 8626526
-8648554 2252092
-231511 9952305
1734279 9044194
-7156155 7370636
8440851 -838503
4764900 -9344398
-9038407 -1207897
-4834823 6234727
3623724 1295488
6730302 -8637738
-4962625 2465065
7398869 -4246580
-9299650 -8166040
7406956 -85302
-1458776 2883844
7652288 5180613
5132919 -7590977
-8546783 9937129
-175883 9383550
-8938601 -5702938
7469017 -9218680
-7910225 5826299
-5422622 8430610
-7757550 -2745048
-8866433 717455
5698872 8972752
7242525 -3829058
-1995098 3097741
-6987561 7942875
-6656929 7928210
-4374824 -5929984
8995391 3511711
-4034808 -9241905
2657997 -9551392
7262022 -1694339
-913018 3719397
-7937952 4731039
3161649 1176757
948062 9155779
-126766 -2079548
-3106796 2081629
8252571 -4427894
1186200 6652081
4594957 8773825
-781613 -3285009
-6698641 454380
6482444 4843563
-1881990 -7703250
-7254642 -7552364
753298 -9223992
-2988243 2523733
-2745228 2356632
6049741 -926195
-1770416 2932774
-9146774 -3002197
9079432 619170
-1292371 -9737218
-568784 -151645
-8861468 9893829
9125172 -5973827
-3003095 356920
-4799517 -7573468
-5276718 -6520651
8443338 -4165154
-3389146 9984993
2508726 -8287012
-3414028 3622611
-7303584 2279850
7728976 -7364287
-7850131 -6557647
4061523 1098554
-6122311 -8770699
-6405991 5285504
-2304315 3308905
-148570 -5267459
5089461 -3179142
-752610 6848335
2844037 2806297
8641143 -3512976
8988369 -6196273
-4483285 7768349
1390960 1497095
6293298 -5380961
-2745248 -3396272
-7437567 4022274
-4879171 -8079027
-6849725 -859691
-5574187 -1001482
-7692577 9260636
-6006823 2121499
1458709 2158853
-8476460 1598991
6921640 3222451
9709475 -3116071
687656 5562783
