132 7080243 -8122206
136
-1287408 -2961555
-7692717 4969414
-5498829 6545839
-3215416 -5798992
1219712 4616327
3965421 9757343
1292936 1104866
8047717 -1170208
-8492 1410337
377091 -1306010
8694522 1506954
7831559 9594111
1648955 8522376
-9432520 2641331
-7762074 3773442
-9188113 4961626
-68959 -6533130
-9987291 5635522
2352883 4432212
-8435108 9313646
1587341 -6427405
-2806186 5530313
-5639895 5396629
-3193033 -4758469
3935521 -3132034
8374920 -299590
-8189127 -4853605
6185123 6206479
-8635838 3459828
-2766730 -731045
-5769418 -6397912
-2931041 -9438490
6197032 4161623
-8889813 9598020
1428018 -8933733
7155215 -7324921
8205392 -6984641
8411989 -5650971
-7893088 5081850
-8050184 7735308
-2564282 -1441214
3705181 -9675264
-952433 -8237057
5222772 -7593343
1675612 411730
-3469830 4972394
-1949744 5906194
-7415831 3599129
-4286498 6763641
7829908 -6305643
8885788 7141520
-9843120 4985123
1850504 -392467
-5310617 1085221
-1179471 3957417
-7483797 9155551
9480287 6256247
535542 6221384
1144393 -8955794
1455936 -4241686
3247061 -7179994
8726200 7986107
-5898412 3813669
577310 3826722
37431 -7668558
9472963 -9076429
-1574954 -1076781
1047104 2146195
-6768584 -9724449
4232968 -1747161
-2591610 -5431703
3340896 6749171
-4513093 9405029
-9550764 -6123562
-365247 6631301
1967659 -5578476
4923983 5398166
-788165 693859
-5479419 9025572
3873366 2305498
3229069 4558012
5997584 3346329
8008876 -8345885
-8070334 -2955312
-2186120 3756644
8324941 6162634
-4571843 5222270
4627300 1665837
5542276 -6568583
2579070 -2407112
2014412 7693381
3091547 -5453271
-2243060 -3061604
8480320 4819734
-2874768 -5206126
1868238 2353686
8216368 -9645699
-7991583 -9617826
9943215 6225244
-18111 6454435
2617070 -2242905
-7020635 -9176818
2489020 561579
-3490652 123017
7715905 -9452352
8241029 1604770
6151499 -269682
-814934 -6151072
8668662 6424792
-8781334 -2334614
2535424 8310247
8664548 -4396744
-4014569 -6731856
9493389 3189317
-356247 -4071354
3685741 -8008370
5331164 4777175
7855106 6665106
9304476 -2179816
-1632168 6880807
-1514423 7020381
9267051 9125213
-7025859 -5362923
3578221 -1547883
-1366145 4159156
2469403 4796887
-9599857 -8830720
-5562576 -6349697
6839621 8901926
-5169428 6447165
955147 8999726
3776901 8516313
-2302228 -3713688
-3377152 -5851641
-8970834 -2997752
-5977371 -2492967
