494 4845115 9318832
606
-5555988 -334956
-6591652 -1372033
-7419922 9532380
3899721 -6934564
-3174512 -3886622
-885631 -1421389
-1825469 7802384
-5735922 4532064
7268019 -3757303
4192821 5229028
2746465 -4493103
-9923020 2153758
1735181 -2874661
-2355327 7140816
1985932 8727139
-9091465 -3036495
-1892175 -1053704
-1521323 6833235
9898672 687903
6801281 4894750
5989714 -3275840
-5473456 8432002
-4519582 -5835755
-7076706 -1209378
6536002 -7251562
-9228313 -367533
-8213774 -8201181
-1075841 3365019
-6977812 -3962241
-5235102 6568832
6048689 -2475528
6470768 8189786
5023021 -5843486
-2639231 7465797
2360548 -2561955
-3321443 6678402
5110405 -1649738
-4969141 1205101
2512075 -9409177
5855613 -2045847
7586621 -8435570
-6636751 -856347
5025024 9372847
-4589394 2287408
-1143760 8047212
-4428316 -7308143
3397995 7421282
-8422204 -7957547
9508250 -9062632
-1624586 -8545082
8133320 -5614850
2735412 5053971
8775425 -4239923
8867253 7766271
8236777 -6196148
-4631718 4722866
6382871 5823398
-2287403 -1268468
-8981060 1407896
-8028540 -4360445
-9152236 -7608467
9812815 -2456855
-7898050 4245759
5183128 3906963
5361881 4126552
8511703 6074894
-6354783 -3988446
1771631 -6236533
4046091 -7579358
-3775505 638884
7878103 2282868
-1893734 -5890871
2840661 -3222674
701574 5818863
3974770 -3624046
-1232513 2673035
-9783820 4822535
-931706 -8903346
-2480031 4834482
-1038966 6767774
2842668 -7118149
-8590243 9989089
-6247443 -995762
1424880 3181388
6336625 7798648
81516 165727
4274857 -3268920
-3975242 704134
9039349 9631870
-3992176 6726333
-600632 3014119
-2163346 -2708337
-1611683 -7868100
6966382 -578699
8705427 5908287
1306490 8443768
8432858 -5935552
3068686 2716247
8413987 4701767
2500415 -5506434
-2824354 -2733036
-3485604 5098283
8318769 3966855
3598725 2539155
-734512 -125530
-7111411 9606550
9414565 1181208
3313108 -6758404
-4820751 -9680765
6227522 -7204158
-8760390 -6115324
-2050876 -9949636
-4717037 2188820
-3109413 -8982190
8027729 -6303050
-6519733 9391002
-2994363 -4796625
9170230 -5337
-7466182 7840758
-2284772 -4714693
7408209 1799306
-7019486 603818
-3638234 6822775
7142010 -1190026
1605816 1541015
-2057957 -4114116
-4063752 -4638221
7550599 -1592480
-574670 -6264437
-2567487 -5558813
6348541 9969411
7689138 -6570868
3423796 5870531
3711289 6859368
4661028 -1526034
-9726727 -8573482
-5453312 2069237
-1107988 5770139
7096466 908454
4965821 8550374
-5563742 -1297718
-3419587 -7092136
1315384 -7111142
-3375579 -5868987
-8911448 3257067
3226478 -3426713
-7481229 7437093
-4176024 915617
-9708663 5942567
-5583466 9535266
-9038216 4952365
9537955 7206159
-4507350 -4491528
-1066722 -1570033
9496694 -7410884
-6192249 -6100901
9323315 6449304
9338163 388164
-2964471 -6844948
6412119 8478936
7568575 -1875919
8077527 -7845051
-4413082 -9912653
-1453734 -6098497
-6563231 8394608
-4136675 -4520848
5201663 6914905
-7576623 -4598720
-3652400 3210666
5799782 1356655
-2227894 8360646
4809950 2123885
5028402 -2904578
250474 -3335535
7659754 -7936069
-7295635 9178945
3850246 5228329
-2167972 -9218108
7199747 1953517
348125 6378295
4373799 -9363483
7551422 -1272198
-3354565 -424537
-7213871 2491152
6364159 2993035
1353681 1102263
5742501 -5863734
1231688 8679983
-4655551 770903
-4648814 3998514
3177459 -6995797
748884 -1944449
-8646205 9544057
1497574 8580913
-2524440 8553543
1706412 4362051
-6910146 -8150641
-6058826 -8225814
4265338 -264711
5244676 9243655
345919 629498
4765764 9114709
7794692 8604772
-624325 8513804
2512318 -6860859
8659696 -2756787
5298765 8206129
7750186 -591419
-2010506 -831088
-2277545 -8235887
-1357484 5465054
-169235 9428867
-8796946 1732370
3984011 -3711708
-4468053 -2015256
8614242 -8254961
-9140252 -1605782
-3001010 -4103642
-5589838 1170793
4309934 -1108983
6134231 -561168
-9838687 2969631
4894564 -6050652
3118260 7911500
2191965 -7115942
865464 3357068
-4697713 -9165519
-4916796 3212581
9500873 9021693
-2993562 1583567
3328607 -4967179
3427039 8137032
-5966609 -3295293
7875500 2942382
-8166601 -9040095
-7084910 -5298213
187770 7967630
4433330 -6923597
3504255 -4917666
-2033608 -2448409
3425011 -4303780
9047054 1348208
-5439211 8727298
7748992 -5869742
5713825 -5938337
-8389164 -5244570
5408814 -8441216
-1736508 -2445773
-9503391 1958557
2918463 8655344
-6642869 -7669991
2813991 -1650095
1426308 3544901
1143587 9763674
9831617 -5069436
-6856864 1626331
-7025461 3256628
1983926 -7809810
8836800 -9948319
6629696 -267082
-2995300 4550626
6109410 8240532
-4205241 4929867
-3111576 6889254
5544599 8807721
3654082 2323239
-9326856 1418082
7479336 -3531927
8748099 2099453
-453631 -1377077
-9750745 8579716
1836344 -4794143
-2603952 5740146
5791827 6336623
8585893 8749200
3299826 2421523
662055 8106946
3036813 -8074411
1331195 -1026833
-2219112 9925237
2248477 -3124206
8293877 -8565030
-9580605 -4562027
7537426 5773213
6912488 9167495
263563 9600147
7322357 7161743
-4581758 -7900092
952883 7234757
5983957 -8789931
3631593 -461224
-2354278 -8199864
-6274275 6810000
8299519 -9317465
3124125 -2426728
4449067 -3919593
-9968271 7888954
-6673073 -4740704
3548861 -9548875
2134972 3380706
2980853 -7022299
-9860555 -7601465
7014795 303210
-2462033 -4442313
9284108 -2032322
22807 6038277
7838413 -4567947
4758406 7668529
867417 4080490
-8346238 3057925
1654685 -6008458
-8119504 -1380819
-3605171 1686414
-5346109 -4792577
1104481 2460042
5437744 6788863
1703751 -5914665
-3095103 -1906459
-3832420 -1281454
-797423 -3040783
-7002506 -4548312
-6599906 9225384
-589735 3352259
-2567251 8158500
1216425 -9722318
6785576 -913489
7705693 -7128890
-2926123 1182424
-1093800 6616874
-923083 1727768
-1483368 -9989319
6612368 -5485339
2608202 2736735
3971633 6033618
5509187 8775782
6743822 -6825790
4915946 8506681
-5624708 -9856084
8302416 6842564
-363402 1808041
3410904 -7964806
7422656 -3577825
120951 1116597
-9750176 -5503467
6224302 9027151
1554185 -673259
3841402 7257286
-5979 -1833447
6716523 8965956
7741738 6482006
9656217 2225710
-6751257 -2998088
-2854171 -2911485
-6068921 -2375965
9432076 7964597
2516143 3567678
2506205 2842981
6475930 -61200
4435333 -7372844
4170660 6725754
8568847 -6824013
2949625 -4275155
-3592250 2410249
1376205 5459998
1942005 5640626
-2133664 -8365705
-8847440 -5885426
1203089 1115080
1255467 -1701611
8779338 -2349479
-8781801 687544
6046877 1295482
-8765718 -3759244
-1132088 -4960841
4281266 -1814033
1361955 5554924
3796121 2850113
7776715 6827932
2287931 2720224
-1639150 -8330728
-6696432 -5770064
-1655490 6227186
9858618 -5543872
-4729131 2063951
9714472 1114086
4317982 6566559
-2137959 3449023
9689779 -7118789
-9563278 -8387325
-201357 -8925956
6628968 4717988
-9915546 3676950
504882 425090
5661666 7861169
2046793 -7207187
-2977251 -5977484
-9750298 5350361
2322841 -2116389
9947563 2624673
-6261241 110062
-3323378 9662035
3111059 573093
3454304 4538663
-1332309 -4682810
-3608766 3891026
-8874633 8466334
-5340364 -6979797
-4038355 3726173
-5896306 5164518
473684 -8376689
-4354173 6150487
1500849 12785
7896397 8411881
-6447094 6340042
-3549895 360312
22347 -2708335
7864758 3126727
-9818258 5649758
-9033051 -6164586
7726441 -1150567
9832119 -2641817
-7105262 1368160
-4905667 -5508245
2172626 -8627265
5512398 -801973
-4651486 -7353690
-4824553 3674577
-5397189 -634285
8222110 5588196
-4051492 -1844283
-2036265 -5327785
315294 5970856
-5863034 8344845
-7819740 -6986612
-5620826 7620267
-5021549 2423053
-6208787 -5788707
-8780599 -9610459
4278629 -8598102
599925 3392027
-1445311 -208973
-6534395 -1535209
346859 -3753512
-8165315 -1931584
6224133 -1431031
-4242464 -2216807
6270401 6704220
5049066 -1410818
-5881078 -9592632
8027635 7229326
-347621 -1501904
2709390 5522438
-1571668 -4040056
-2638158 -3554857
9837170 -7293039
2497988 478119
1459262 -9091789
-2845301 -1520055
-935287 4322473
-7108558 -8494264
-711070 -4711153
-8006933 -8834670
-7729136 8075683
8483051 7042133
-3212189 -3610213
4887883 -972961
7065829 -1043458
4916486 -9886375
-3441232 8010513
-9282526 4794680
7789151 8912290
2336853 -4268185
4211760 -8235234
6087239 9491553
-9002711 5792826
-8918327 1495034
-4823284 -7197429
-9121745 5591092
-4850422 -2552419
3837368 1877658
3421049 -5546259
3410284 -1274749
-8644771 -6996769
-8986256 -9156878
-1845845 -2086003
9342640 4247571
9979386 8459658
-9775576 1679493
-6312602 -3292502
-7499676 -1171984
-9676950 7201040
-9996389 6098349
-5794206 8016118
-4536301 3398218
-4724123 -8128276
-3674535 9301067
-9457329 1213278
4216509 2252101
-4388424 4414252
-7671751 5230254
-522175 3765731
2225389 4187241
-4133265 -8026437
-8802587 -5033834
3794182 -445867
9271525 6214090
2312439 -3366416
-5350298 9275137
-4810293 -965415
-6577339 -7370246
4447173 -7018064
4195215 -7735521
4516580 4989844
-595904 -1588276
6158330 -9871844
-3589761 -5751302
8435939 8152507
2642422 1151981
6118147 6819026
-3626840 3839836
53926 -7571319
-937735 -4355315
7436174 4882717
6433655 -3771681
-8625575 5142234
8124170 9856316
-7879205 5821599
-6672205 2319385
3247462 -846272
-718116 2731892
-503058 -8077856
-9925348 -1791524
9360457 -9550767
7268260 -4766574
1589614 5478604
7907285 6157772
4318809 -8356460
-957390 9485902
8230573 -5728664
9413570 -4523735
-4667419 9604999
5426598 7537740
-7626522 9969729
-876543 8754393
-5997363 5620940
59436 921693
9130169 -3984069
-3534835 -7349560
-2116133 8490626
-3514418 6249777
-5076099 9473481
3633374 6909219
-1088527 9242710
-6485954 -7324016
-9331399 -2857953
9263398 -7072384
2981709 8517534
8487263 -2793652
8477093 5355187
-6507521 -9872928
1048766 4996083
-8987986 3551915
6202356 -7304713
-8814086 9993531
-1240340 -5913777
6076056 -9812152
7097068 3683561
2926272 -290570
-5098234 -3991459
-4333060 -1043330
-5599361 -4429633
6604254 7446690
-5346962 7382348
-4746113 -2392131
-2265058 5646484
642567 -1253634
4814633 1300060
3995347 -5829067
6680817 1016989
-2380436 5181261
-2114538 -4559523
9124039 -6304379
-4078597 -5017470
-6492577 -5433337
3523333 823170
-1090111 -8309284
9137406 440324
-2177328 8030495
-4361635 6306797
1953281 -4407089
-3144371 -4110341
7189719 5112200
9283133 -8329737
-4796396 1185066
8882680 5963950
3920780 2823169
-964858 -3231858
-5732976 3044819
127834 -2527103
8296067 -2225553
-8018485 6167519
-3392156 9722309
7752804 -8881078
-57929 -3053132
2539780 5907521
-8202820 4411704
