94 -7791338 -1064627
800
-8323294 8201637
4703532 -3560609
2486846 123307
2506589 4698553
-3751292 8807043
-5143198 7723112
7182220 -6308295
-1599357 845818
-672651 -7484511
-4970940 6606010
-6707818 -4855201
-6552180 8707593
990008 -8217287
-1070991 -9220069
5504946 7414160
5615797 7864382
6820126 7181652
9821311 -7164319
7534235 -8176676
3146719 -5155747
5083717 -6217057
-2525352 8003521
-8634308 2265937
-2702222 -1608356
-5002346 693041
-1645808 2326838
1034431 -9193812
-7411099 1802012
2581943 4540792
1954952 -5965738
4414997 -9396759
301246 -9912899
-7077217 1235123
3058447 122557
-2516838 -9542982
6756313 8721518
6725039 -7433121
4832817 -5769038
2622606 607083
3816476 -7869405
-3026214 136612
942800 -7829332
3972680 8008217
2549009 3531701
7565963 9070976
9674217 -5496039
-5408937 -5502688
5732435 -7508185
-4869275 -2486154
-9512784 -8692766
-9971248 2613887
5180767 7243529
3990843 -729856
9877227 -7470064
7176883 -3386551
-733587 3693704
-1619276 -5849331
-7841113 -9790787
-3742734 -7646595
3940733 -2775752
-5755438 6339582
-9163106 -3868698
-1376882 -8648023
-8617825 6569330
392916 3753843
8884082 -8130609
1629272 421669
2208165 4064849
-888863 -4379884
-5250083 -5398256
811800 -3711979
438690 4016331
-3258104 9192525
4062282 -4886071
-5145470 2999163
-8144903 -1996985
4134317 -900908
451069 -7308009
1777673 5273787
-8456018 1833244
-3781013 -7829410
-4891389 -9571935
-2990734 7848259
-6531625 -166872
4434872 6120404
-7591575 -1781707
4750976 -4753327
-5560802 -4636533
-7006251 -8507128
-2991613 1017832
9020847 -9635369
-536277 -1136516
1555476 -4328484
3461656 2431144
6780740 5849501
536443 5005638
5433703 -7000273
3364338 -1838594
7994534 -7557030
1079726 6832714
7567359 2429407
192432 3488151
1367970 -5165313
-3672441 -2852018
8165814 -3121929
-2757298 3335947
4715783 -296987
-2109119 -777223
-8346079 -3728741
4637113 -8647463
6358176 951013
3950740 -4826444
-4148685 -5691769
9267553 9831431
6664145 -6154151
-1208392 347279
6351782 -3252144
1582543 8984040
8648374 -2280247
-2885824 426454
-6237599 6814188
-3482799 4356879
6096008 8478185
7265796 4408083
-1723028 7749930
-8782705 -5580739
-407182 7151500
-8540268 -2315612
-2484181 -2039515
1806334 -9272715
1074565 -5820036
-6555828 3114295
2098335 9942699
-9821196 5026715
7969521 746710
-9922750 -2707019
4166212 4248275
2726460 9110804
-3964761 262220
-9471498 -7491392
-3072130 4312211
1463712 -8254202
-569814 -962960
6997525 -4560204
-3832919 -537643
-3841327 -8679789
4434506 -242002
-299302 -397155
7145912 9049194
-7687744 -7604146
-311165 5115433
-636292 4905858
4016662 -6144953
-3366380 4606520
-368519 -9948099
-3119535 -2837878
-8575728 6559351
8112743 860529
6300325 -6629190
2833167 -2373380
-8536817 4983758
7258109 8991840
-8888963 5897690
-2536764 9475159
-8128987 8256949
-4111265 -224508
-5318650 1559849
-2068752 5252443
-7624684 1214365
-6217382 -2918780
-3240305 2006797
-8917500 663083
-8476388 -1816033
-5928870 1711595
9338215 340289
-4675952 -579351
-1587510 3317750
-784560 5098509
4573668 -476473
-9703171 6678676
8970520 6444681
-9479118 -3814436
3954359 6168223
-2617412 -9031517
-1950297 6329675
-9147176 1165206
-8171710 4809398
5509718 -8064676
3646919 5868254
-3791456 9580848
-998503 -4498514
8819237 -5951056
9147453 -69661
1970219 -9448971
-253942 -3762527
-7317846 -5216600
-6514684 -8767070
7401153 -6796963
6687872 7439675
-3714297 -5216259
5948948 -5262425
9546974 -2861473
-8409796 293590
8678196 -2426956
-2846108 -2246525
3254962 7403092
-8547964 -1328259
1118433 -5409449
7657932 3115841
9353314 5605004
-9611596 -2596010
-1363079 4551821
271210 -6126280
3829747 -3961926
-6661832 -3040918
1696657 -9884550
9770330 9287116
-7902942 -6240017
1333027 -8639466
-885991 -9224746
8178347 1003271
2191365 4885323
1992226 2146735
-4737423 5826150
1431154 -349841
-429499 7132243
-5799584 -5664090
-1790370 8207422
6761849 4471626
-8569292 -7960623
4671180 -9899983
1903485 -4356282
-8079947 4441510
-1681604 4000543
-2707851 3253081
6772704 -51243
-5165919 -4529504
7617232 -8519579
7306571 -657341
8992818 5396161
-4955244 -1262275
-4410013 -1436680
9287094 -754827
-6283201 3799617
-1644653 6048943
-1334688 7663860
5823930 5542879
-7499259 3085149
9602044 7743983
-6486584 819137
-9232106 -3105806
-5118958 2802473
4282894 8118327
-2539013 5014626
410787 1589466
2843543 -3546195
-2466523 -2028104
7217069 8433531
-5250500 -3179428
5385867 3450220
-6369568 -4378801
-8835922 6567532
-7830967 1970714
-285302 -6335181
-2999692 -8228922
-1334728 -4255534
8546939 -2231797
-4113470 -3937334
-8922707 2829834
6935652 3347517
2317675 1488080
1976328 -7704453
-9270922 2367504
1704428 -8290251
-2323678 7994931
-6383870 9606648
6174180 1306754
5793821 7296561
-9038620 8343213
2630643 -4491481
-6230663 -2038311
-1753756 3812267
9874934 4832629
-2337537 4132774
9996644 -9047773
-5043341 7114467
9410014 -5169329
7198175 6932988
1159089 2655445
650376 -8581044
-8974396 8835411
-7341482 -3217142
-5920581 -283864
-9424299 8452339
-6039142 7557152
-4481159 3206345
-2981388 -9753453
5079176 -3718563
-9585789 -3106454
-9637875 5257991
2372458 2927207
274230 -4681215
4768125 -5701175
-529378 9988758
-8592286 -4072786
-5237374 -9879002
-3096144 -7566682
-5334194 -2578856
-4126517 -6500372
-8943220 -4758493
8447852 -7649307
-7402760 9091973
-4626590 -4533535
-5123637 192769
-4549240 -4212379
1231181 -4761511
-6926374 339571
-2845252 4021763
4010521 7841751
-6231035 6625370
-737280 -2065413
-7115743 -8952057
-1530913 -1317072
2182556 -2449937
2791571 -3141078
-790385 3239336
2331309 1239423
-777760 -5676792
4515977 7704719
6008693 -3385044
-5630203 2483089
-7177340 9756226
3777989 -2556577
7801526 -7506240
9119130 -9695137
-1760550 -8429509
5134787 -1618150
7064779 1123708
1190123 -6396126
462797 -8236313
-2480624 -6018306
-2262530 2188764
-971676 9850685
71757 -523938
-1392630 -6455699
-1456257 8596802
869380 2977167
2936942 1366403
3860164 -5352631
7468584 738468
-5174688 -4504354
3877497 -4291965
-651905 9960099
6080325 -6541372
7738667 3054570
7036265 -3456878
1248239 -4741957
-4891271 7290087
-3233851 -9723437
6337217 -2303162
-3706360 5373520
-9132961 -5119040
-1236285 -320628
4326741 3803982
-5457550 5140231
-9364122 -5688322
-7463935 -8115886
-8155787 -2970273
-6995293 -5599488
7455082 7924539
6984013 -9256626
-3998582 4491347
-5702214 -9251396
-8974832 -6373501
-6160311 -6419712
1470160 7362385
-7756655 -7350319
2329053 2337199
8657533 -6476588
8663644 9172146
-6516176 5716336
7600450 1815874
8845601 -3980111
420401 9444664
-114445 4366660
5110034 -2124516
4883183 9385920
-9865475 3627804
-229345 9180970
5277610 -8840307
1038430 3610344
6260025 -3252230
9084969 -4201873
-678461 -1410922
-2238775 258855
-4024809 -9498465
2317409 1245049
-218709 -6424359
5536657 -6320638
8046022 -9798308
-9406472 7938564
7324485 3156057
9300213 5476712
-2825966 7459010
1135055 -929131
-7318787 -7548356
-800586 -7826515
-9512036 1457591
-9953331 -9199265
1059590 -190497
-7172609 -9675754
-5914352 -448867
3126775 5144800
8824163 3866939
-3415017 -1336568
-3398003 6870185
-7457406 -2821488
-7344776 6442834
-3581804 4359160
-6569971 -170742
-5202746 7553251
2243088 8627594
85185 -3486980
-2686245 2731052
5056907 -7351793
5488805 889698
-9559169 7884298
-4454549 9574453
-4042256 -3916042
-2736257 -5630386
3756151 2542728
9721240 -3617908
-7175074 -1184902
-6825742 -7623536
-5277926 -756878
-3203627 9120639
7748233 -480672
-1451300 1555813
6803217 -9650229
5514330 -1621193
9268505 1860124
-7739225 1003135
-6906059 2225689
825999 -9677422
-5307808 -948315
-8405587 8089742
-5528166 964695
9779793 -8684347
6208469 -2703240
6539882 -7045949
-7925310 3446895
5482575 5852607
-2591580 2339276
-4794601 -5968725
2410083 6727989
-1411886 -9280271
-5760784 -5805060
-1063019 -6634759
-6312181 9849509
-1098805 9762981
7852723 -9103637
1861058 -6988040
6843966 -7675442
-7862330 -5842796
-2888745 -4431213
9015683 8677553
-2953488 -8297702
4041574 4498258
1045886 -3028715
-6300726 9246973
2483054 -6544031
-9832739 -5196260
-1831019 -761378
-911868 -895757
-8616424 -5626848
-4730485 7989327
3517639 9236299
4077209 -353074
3804130 -7122043
-1553255 6214880
-2591215 3431737
5134035 -2537572
4477038 -3028351
3942934 -8308039
3455286 8039276
4011597 158561
4962301 -4061660
5176963 4178859
5799454 5647635
2537139 6781447
4770774 7183030
-1064319 323007
9969933 -9195235
-6317277 -6987109
1744123 -3709585
9722152 2129468
2108248 9152908
-3875443 -2627460
-935499 9101638
7140915 2583844
-7257595 -7480212
-9025520 1152512
7847723 221058
8385045 -1332205
-4550758 -3836471
-6653441 922185
3761544 2736368
3541134 2282241
-2188516 3731477
2538244 -259791
4386029 9555607
1224867 2260396
2149288 -3505723
8112267 -134224
4965972 -8786210
6249930 -2230466
8922047 7708377
-9554212 -259238
924910 -713878
5449652 1347185
4785722 6374152
-8373127 1312563
6111156 -1452734
4795095 -2315641
7424568 -6077360
5994599 -2666661
2110088 1810597
821226 9735818
-398405 -5740624
7989518 -8550155
-780620 -5432433
4792297 4239448
6496563 -9342221
-56099 -2245563
9101622 -2578527
6311977 7909905
-777531 3887345
-7565389 7938850
8139561 -4666375
-8227382 7229707
7079398 -1919519
2407430 283569
19388 -810514
3448863 -6771344
-5321498 2137335
6704902 1438381
8194182 -3585766
-2927987 -5986449
1767988 4690745
-7887782 7015914
-2557828 869611
7273308 940547
-8604250 6664641
4514618 2224271
-8029670 9535311
-2384207 -1196412
9087158 9049729
-1760785 -9976777
5768232 -8377102
3760233 4204430
-4357188 2963086
9377320 465135
-3004961 -6163006
1044091 -3550667
5981599 8763027
-7851010 -4327339
6613208 5940123
-4878884 9422298
-5837078 8008958
7544270 9635735
-9044325 -3866748
-4817019 7676415
7699638 2559185
4182083 3422197
-2373373 -4015778
8947308 -2057684
923804 -4214209
-7860863 840980
-193335 7918843
6681870 3183228
1372241 8304617
4244740 1347213
-6714137 -2014550
8510760 9365857
1517944 -2551215
3582038 -1428618
-3752203 2473619
-4967195 8765019
-5296432 6463788
-7551990 9214888
9673557 -5153452
632339 3911671
-5247349 597361
-8967444 2771477
8471057 -2924331
-4619714 230778
-8422009 -156701
345101 9625026
8990883 -5136145
-5171008 -1144139
7427244 508827
5498799 8411030
7176050 -6324959
2655181 -9468396
2262844 4395970
9242518 5103192
-985137 1936401
5050114 -125142
5162687 -3716134
3359535 6082670
8829801 3633744
5993395 8739821
881200 -9592208
7787999 -3661504
-2289290 -127917
2897263 -7383008
3544374 -4862046
-8670653 -1603938
-1072334 -6763224
7632747 3984529
-8395927 3706862
-4356736 6875265
9266475 -6864712
-8064494 3209730
-8191247 4429162
-9420741 5295042
-3448785 -9361446
3562698 -910994
-2056145 -51233
9820851 -6132950
9000394 5654565
3308871 -4765534
3630528 2544768
-1702103 -2845430
3655451 5074546
-8702240 -4069356
5322261 5259524
8394812 -3058976
2667107 4588737
-8465749 -9669681
-1858287 4475860
5114414 4629862
-6281131 -2790720
7158048 -8806536
-4939486 -5820924
9833641 -504749
4729717 -5939092
-877971 -4341136
2813434 -9123403
-1532505 7419926
-6649430 8985238
4244762 -234745
-777368 1189183
8294272 -4844073
8002598 -8110261
-1118049 2344876
-3025262 -3855689
-4130057 6512717
7706181 -6790041
9905387 -6972009
-4960406 -7233304
9343956 9739028
7914244 2285663
-4321388 -1534015
8402263 -6755969
-7770731 4146107
6427715 4269185
-4541631 6474031
4146310 -4349653
-9943562 6268993
-1386131 2148908
8293219 -8545259
7967458 -1895040
-6168729 6679515
2223858 5673639
956687 -6263341
5992039 7263453
-450884 -7183004
-6200667 3906284
-333333 -2255919
-8109812 -7798403
6470782 1895936
-9113681 8317903
6484602 4445503
714497 5032630
-2818462 -942608
512133 1844718
9949678 7991110
4670625 -1520409
6669583 -6219050
-9966039 -3105517
6674288 -9857378
-7040382 6026000
-7551364 8739757
-3516162 -3241048
-8523099 2115303
6527591 -1625974
9208282 7947683
-5090461 7413911
-5037107 -1790764
-217019 -1859612
9985106 2144431
-7348107 -9704886
-8708942 9934785
6232087 7322518
6733354 7960641
619615 6266048
-5191600 3407642
2147399 3579234
2854538 -2742963
1888692 8631237
9521616 4331439
-5204526 -1583716
-4169805 1246250
9455486 -294987
7845401 -6690560
5453871 -761533
-7950066 346860
-7202003 8105765
-2055365 -6659008
3817985 9030084
-2187516 -5322011
8085632 -5562400
533186 -4862764
2394273 -7250617
-8619379 -6612276
7719163 -5717034
-4784398 3418589
-5335161 5030990
7252355 -6437851
-3128411 6636677
8391497 5097757
7960969 -7674540
2947577 -9558569
6298775 -9241034
2305402 3408565
8086554 -7366888
9587064 -9882114
-4744878 -1311462
-6045726 120251
-3975673 165748
-3034934 7851247
1269836 6259843
1290833 2180668
5742817 5934675
-4912296 -1456812
6157297 -7385594
7456218 -6520799
6436984 4118266
4877232 -7079852
6328713 -4747889
-2114777 -2817366
9816872 -3068381
-1863490 9988640
108891 7588347
-2245905 2090784
-57969 -1350430
-5090587 4719161
9416181 3728219
-7820754 6200246
7259787 -2324650
-7193892 -2733050
746152 3417084
-9948297 2778678
5698826 -2816864
2435248 -2554713
4627922 -5456109
-6008137 2836823
2825463 -3038854
-5450507 -5355275
-748139 5450706
-5899723 -5180060
2055453 1710244
-4561537 -990310
7726289 1471634
9146984 -2382291
4884659 4986076
-9080488 -8046908
-2751877 8147163
-4669700 -9028785
-1583497 -7053051
-9992807 281900
5635075 5560777
-7478077 -6000944
-8839867 -1539461
6427597 9587769
-5592291 411994
-7877762 -9472126
-7946083 6463163
-9548851 -9922947
-2305238 2296558
9798986 2114486
-3416070 5095773
3242937 -9281502
4206066 3832053
6779003 1089589
-8628511 -7377431
699698 -697452
-4182044 -477084
499807 -4262027
