508 4162387 1480066
783
7235895 -4403925
1088682 2633396
-5388771 8234268
5877425 4739889
6279387 288556
-4530283 7604335
-861764 9696610
-3104570 -8167025
-3909520 -7653510
8135229 6607797
-4492659 9198403
-6008531 -4509472
4457970 -4260011
-9669037 6591609
-6729651 -3909896
-5797468 -5672618
6960778 3022596
1256864 5291214
-7452545 4088359
-5623085 9650641
-228672 1343194
1039804 -153368
-5804040 1425916
3772407 451587
-2940616 -7197208
-7998805 1907636
-85483 -4916922
-6660581 8509016
-2383022 -5627513
-7021057 6186734
-9485884 887327
6426275 -2818525
4989041 7474894
1563253 -9800509
9850133 52848
-8603958 -1543480
819505 -378539
-8952622 -5047801
5403786 -2468183
334609 -2663863
1760125 4979522
2578952 -5147844
-6638827 -8325358
8563481 5918371
-5378542 978151
4381830 -8457575
-8759748 -4864426
-7389531 808105
1007596 -1254354
1314846 -3309926
5146595 857729
2995543 2710889
179440 -4033900
3497917 -3440727
3895410 -4416774
3079100 6348878
-8798966 -4344465
9846530 -4341947
4092776 -5437793
5540358 8410011
2468788 8714234
6366161 -77812
3246645 3709041
4971039 1492982
8183056 -5745758
-2371677 -3714115
1513126 -4153997
1812103 3140218
9699491 -8307434
9792144 7826372
4175250 -3888747
-5716859 2871245
1045650 5376285
9938492 -5870329
-7460318 7654778
6369013 -2004797
433743 5008471
-8766136 -4748474
6744508 -6319611
-2065369 6204903
5007140 4927564
3289920 -1920694
-8780475 -3479733
-9270815 -4897977
5444748 3435368
2062974 -9478670
3392575 -7863650
7512635 6346115
-9524214 6954577
4609355 -32520
479035 5531820
-6943357 -6505280
-1253754 -9087222
-5406833 -5709493
3011762 -4509246
2934671 -4955850
3123457 -1981097
-2944478 -3775409
-6157034 4342982
-9705298 -2215293
-1693963 9287714
-8575935 2357676
-1296209 4214964
-6314107 1453052
3936884 -8304071
7227750 8295249
-8210031 -5584081
7845050 2800745
7091253 -6947432
-1456678 -7561783
-2517632 -7380633
-6845378 3994345
-9781064 -9394175
-2534841 210144
511204 6578255
5865969 -2240139
2633890 1333593
8064910 -193614
3775791 -8662319
5549963 -8249197
-9953948 -9770973
-5355053 -4705935
8094810 4352374
7404942 -7510003
7444566 -2297585
321783 8464616
2458962 -5073066
8049111 3476405
6202902 -4805750
-8227495 8030622
8306836 -3285894
8047699 154827
9961213 940726
2278407 6112609
7863413 -3746644
-3517616 -9655278
-4361213 425817
7294543 -6356317
8650032 -6266402
1436013 4699485
-4319546 -1389050
-3945763 4274148
-2249446 8139416
-6666334 -5896652
4650323 -6046544
667562 7622524
-2222649 2957159
-6102115 -8768387
7344223 -9745084
-3491727 -1307356
-962633 -2276012
666157 -4492991
-8332956 4676154
926104 -2039299
5176538 -9682924
-1071974 4878470
-847382 -9143008
1512760 4982263
1601964 -580476
3372980 -2637221
-5014697 -3747713
1725798 6556894
304860 2762654
3017570 5623683
6832679 -2350917
-2110577 2042195
7549204 8386398
-4421095 8555580
-3483719 9216248
2049676 6505009
-6100169 -8307180
5066164 3494055
-9007330 3052450
4988326 -3421075
-3541944 2594634
1363273 -1638693
7434553 1443359
-5793987 5605423
-6254542 -2260587
-2095152 -260065
-8217869 -9421862
8964536 5794271
-3133796 1847687
-6419712 7059793
3564803 3382485
-2408343 5629964
-8359629 -19014
-6966564 -7342178
-8246901 -7366958
-2255972 538115
8899422 -1788845
2170866 1623654
-2770923 -1149673
-893907 -1106769
8633166 974536
-5930974 7010941
-4678435 2931649
7295689 5549914
2609708 2187769
8086606 -9124023
-977707 8690863
-1328151 -4321736
-9147562 662665
-4187941 -5778362
4759753 5121889
5849396 3556087
7696093 -3824473
5025854 -1979738
6913493 -5074829
-1583941 6648299
3659241 -1936989
3511013 2485085
-1965001 1497158
-6315073 806702
1682679 -9355293
1851922 -8228467
9966149 -9295028
-6116011 -9476228
-5254590 3334939
-1543172 -303952
-6747864 2021515
8197042 -5693776
-5157162 -9051771
8389752 -4260752
-7612452 4272683
-7664305 -3194189
1807248 -1436859
-9939701 5846708
9169762 9842248
3003307 6261578
549463 852441
-5926235 -5144770
7895354 -6968035
6366904 -2042245
7653803 5157116
-2821369 -5176267
-8353691 3422291
-3113127 -4624327
1114921 -3510852
-9238169 7792977
7115141 -3981179
4581962 5613878
-6023062 -1077611
-1235363 -2841387
-6579809 -6853300
-3484507 4284297
1655879 -3513993
-482028 589259
1063366 -448767
-5291651 -4115124
-6775039 -1282831
4655813 -5596668
-220995 -5128729
-6123229 4059038
1852015 3410278
1945452 -5361398
2768833 -1032844
7889546 -3472586
-3797620 6745771
2408824 9170535
-4028816 -377429
-1375070 8924317
-486424 7627063
9694648 8142902
6544131 3093294
-8189536 6919349
-8677319 9769092
-5359637 -1017371
-6958333 -6381962
-455331 -1482866
-4327911 -2589966
-1106457 -8509879
-9466113 8440922
-2296955 9299441
8469976 -3263733
-1124809 -9888131
9036187 6957513
-2899072 7500121
-1840624 -8933885
4159410 -3204423
6231278 -5296493
-5527401 -1513774
-14793 70312
-3795298 -8370685
146449 -4456774
2953260 5749371
-244156 -1665110
9292164 -8153197
-8853756 289732
-457649 -3004790
-2892921 2132573
-909914 8417542
-1565984 8659618
2242086 -1292634
-1980705 6593392
-8703101 -3598504
-2595926 -5749426
4320886 -4230502
-2601187 7389281
-7067493 -9474412
-1208688 61615
912857 -1597881
-7234725 8547156
-8646760 205022
7200232 6427871
-1439556 895592
-8170514 6823663
-2000366 166882
1390601 263502
-3143106 -9758280
9159568 9409896
-6339530 -9329855
-3560356 9079994
6469275 497708
-6460351 -3645191
-1067224 1918134
2836605 -5152687
-6605531 9845634
50656 5601880
2029752 7264062
-1840346 9767240
-892745 3106548
5789783 -7494508
2768995 7106889
-135039 -2819616
9106632 2142241
2812387 -8459119
-9379125 -7232897
-4218837 1768383
639544 -393498
4040988 -8162836
-3315523 9572321
9417955 -3122406
-7520526 -7404701
2375713 -8015037
-8247797 -2974422
2648479 3051719
5557211 859458
-9517300 -9045386
-9348650 -1673794
2984800 -7135987
-5595105 9757982
5041437 -4202813
81922 -4974230
-2851375 -9177399
5176117 -9278534
-9706213 -8810387
-1932793 4376947
-511402 2228094
4213057 -6936966
-7395036 -8135689
4916030 -1518388
9341071 5253443
6208057 473241
1315800 2340123
5204136 -624241
-866258 -5699400
-7385861 9609031
7151154 -5824821
7514132 -4787587
-4066121 -5700221
8005744 2690250
9583549 8744019
972113 -3927048
-8347662 -927853
-6547190 7701523
-3816865 -5742698
2027098 8368840
-8641567 8040558
380681 -9248493
127267 -4809415
-7992463 8101170
226553 9261009
-6563812 7138028
-7649559 -2622293
-5806162 3466673
-3843077 -1715679
9544692 -7800417
-9211113 8256824
-2671029 -6966843
-9265320 -7558775
-3301473 781781
-8333027 9434168
7474726 1241977
1993485 5541758
-9267656 -9628240
8472930 -7879248
-8618239 5256233
2394262 -1300517
-1406457 7334301
800974 -2738945
5545376 2787381
-2496684 -525751
-2268927 -2393580
639578 -1707797
-6750220 -2423604
874529 -6109390
-6675222 -7535340
3706637 2541502
-9400387 -9200495
-8828735 -4299878
-9662774 3848309
-895458 2160547
-9139970 -8281013
1569641 4015156
-8723788 -546427
4757307 4886967
6877569 -662060
6944361 -7739377
-6930821 -5391358
-5298609 -2416061
1474549 -3681041
-8700029 5575920
-9366225 4799328
-1884815 5006609
-9293269 -8766612
5081697 -8197198
3963349 -8956042
5279297 -5813761
8201396 -2660269
6793305 9365290
4252258 1993960
-8668100 -5933036
8843939 1129827
-1745179 8276261
8376552 -8086882
-9251570 2956212
-8951515 -7632546
-316866 -7951599
-428638 -8317740
-7084352 7798319
2117473 -7205554
6354756 7997345
4699936 -3919178
3420553 1634053
-6484304 -4582316
7411644 -7269790
9313526 284306
3930485 8743545
-463842 8157466
2586936 -7814694
-2342129 -2087289
-7203483 -4148282
-2099880 -1293644
-7095032 2479651
-7205678 -12166
2782280 -4179384
6334313 4911795
3508969 -862964
3287442 -6449399
-8515362 -3070478
-7823915 6803138
-2912556 8896282
156179 -8510389
2163429 -8982071
5719587 2208690
2637753 7266718
-6881564 -6622542
-5399834 5434270
-9569727 -6465092
3522743 -2494866
-4157898 -6775405
8136390 -3694977
5442060 4692767
8243369 -5838289
1091233 -1270498
8048992 2244359
-6343007 -4216330
9789634 -4863564
8670717 3813173
8538215 -5530585
-8263867 -3093344
284115 1175968
9126590 -5145430
-1610522 -2599367
-2577880 9556863
-7218542 4428573
-9266403 3264222
-9526658 3434200
7595911 6175657
7421511 1233063
-6522578 -8796504
9503519 5470503
3123291 -2865585
3463940 9293153
-6237432 -5689640
1217016 2002155
-6821877 8015054
-7130376 4017483
3934469 4821065
4377928 -6224546
8204028 -8643411
-2862837 -324262
-6890062 1453977
-2370366 -2389495
8843568 3222201
-3057950 7567497
-4445648 -7679010
-544594 -3554431
8255074 1193995
5504355 5435698
-2562146 4533994
2549048 9237723
3255207 -6867671
7953395 -2064976
-5773169 -2810324
-1453735 2331323
-7992938 -7569141
-3598812 5683428
5810286 7633352
-6628094 -3452826
-5885329 4653854
-508803 313956
-724123 -330977
-9136982 1462955
-3101347 -2469049
4581297 -1116275
-1878552 4336507
-14811 -2869654
-2418278 -8623345
-8917317 -2061416
2786259 1808553
-3244236 -7854700
345081 4793321
-5056974 3156952
9704126 -3844633
3325573 -1685068
1145240 6335149
8520524 -7183230
4279725 -9578883
-9531580 1899894
-9216381 -8821621
-1968762 5049717
-7819937 -1094932
-7201925 8016427
8471363 -7721862
4086691 6397111
8542411 1257623
8567296 3358808
-3484240 -8596156
-2440789 -6489678
-5658394 8736239
5071388 3401137
6217907 5486846
5907963 -3891735
8008159 -6986015
-5807636 6376383
-6057547 8791779
-9786801 -5260046
5272734 -3877484
-9082994 5527626
1924737 3744097
-4998280 5003698
-1637494 -7016499
6903697 6085369
9595691 -2605382
8647209 -5537091
380398 -6062702
9424144 -3765050
2343215 -3401695
-387710 -2151540
6741195 351374
-8340495 -3678994
-6422687 -9316352
9322517 -8127296
-83317 8850047
-4889504 -9760477
-2240427 4357772
7341273 -7371431
8713938 -1361569
6033050 -3238677
1224232 8309629
4763279 -2803389
3431561 4120982
-9280713 -3296224
4552236 -4225224
-1357497 -7152070
-831064 -6190217
7009784 302008
2174713 2746249
-5887352 6332301
-911824 -7908604
-1034480 -8260503
-5631934 6847750
-4513819 -3693206
3068117 5598356
-3575663 4035583
-8767805 6808701
929683 -8812383
-2108607 -2819892
2954885 -5834678
-2986748 4959981
1286116 -8402612
1899396 6182189
-8555210 -1704100
7144553 6590461
1198209 8073791
9813288 -3767270
-6919520 -9836270
8986876 -5818646
9779710 -8916987
-2365051 -5428655
3896398 8720399
9908016 -1132856
-1436396 7342433
4024107 -9684239
-2207906 -8481511
5632229 -8962640
-264099 9078211
-2625889 -9952022
-845209 -6302957
-8229166 -5481335
-6732253 2869353
-4450565 -8415878
8281828 -3651773
9947592 -5463689
-8375992 577890
-701710 -2417459
-1033963 -1963242
-4620809 -8277342
-7961580 7529642
1564483 9403298
2957010 -169486
-8574923 9713065
9761043 5209263
8906307 -8684459
8350558 -8567814
4301539 -9322859
4777616 -8381695
-9517116 9850974
6903637 -4424204
-1329961 -9569524
-1986982 8527645
9080755 7968329
2207339 -504593
-2974951 -5540054
6379597 4245759
6592626 8589533
818950 -8147041
7062223 8017703
1849596 -6903655
-5471469 5968530
-837977 200154
1818459 1346423
1197397 6455991
-7968212 2301343
-4751828 -9382613
1661384 701827
-8813492 -4222458
5272949 742140
-2281562 3393847
-9844041 -7702001
3403884 6614387
8467347 -735063
-2717360 -5777166
9835531 -1954078
-5985548 9132237
-8151257 -5635938
5710485 -4307173
-7851181 3667203
8484898 9424235
2557974 6696959
-2601214 -6266930
-489388 -5780642
4961498 -8898354
4495493 -5216438
9597913 5196289
1810676 -2832196
6432741 -4481851
-259017 -7205625
840297 6231734
5363971 -423486
-3543072 -2628899
3063929 -270934
-6603731 4683766
-3375647 -2270900
-5573941 -8118832
8130590 9182327
-6598315 -5658803
-4557157 -2358797
-5058883 879536
-3924175 9938336
9622493 -5460970
57179 402853
3197229 6055234
2286968 2314514
4407380 -5962474
-6075020 -9832709
-103642 3380660
-1935574 -494739
7234361 3292627
-2309853 4688779
3871106 -8339580
-3998383 8337090
-4021707 -210856
-9331320 -6039188
6415500 -6564238
-2025208 9260857
-336290 6037993
2093228 548323
5379189 -7139061
9414818 -5619804
-5452512 -213431
-6832771 -6660202
2845059 4443846
-9747175 -6251992
8436787 -7404228
6772544 -9540675
8796415 -5175754
-2870258 -7225839
9251325 7291060
-9273178 -2201578
9575631 5666825
1704819 -8782034
1766289 -760659
-5383367 -6201953
-1821757 -2854522
-551601 -5968549
9887601 -4757917
2202281 -4868020
-1120012 -4750988
-2155216 -5028541
-4569216 9833128
-5342626 -5382672
9907841 6743551
4034611 1787116
2101890 9159166
4825991 -2722215
-1504249 -5806127
3433214 -3469190
-7154791 -9737960
9923870 566199
-2885998 -6460195
-1218112 -8111379
-2979399 -2998397
2250615 3500522
8471981 5900590
5733718 -9904601
7229079 6419117
3162668 2907444
-5305440 7136920
-1187562 -2802721
4475064 -687198
3506675 -6361570
-7314408 5487167
-1734441 9456241
22441 -4469198
-929393 -1810571
78050 7136443
6654399 368847
-6130631 7098651
-4484407 -1094986
-8483234 -7658650
8760467 -8750689
4156755 1262197
-1600882 -5560513
-5846882 1367667
3196821 7211556
3366338 1144534
-3368299 9219848
8676090 6051931
-8417267 4897260
5603041 -8785117
867678 -6830308
3538539 -4318909
5296095 -2477923
-1056556 -75739
2265611 3328040
-2906296 -7023438
4238759 -6457569
-2018082 3766811
-4865521 5154229
-5117862 2135037
-6720429 847652
67501 8248476
-3183241 -88727
7324885 -8740057
-7525174 -9084156
-5914464 2927927
1125370 -4141144
3380934 140428
-9935311 8937817
2265858 4840730
