701 6426131 -551817
888
7826807 9040270
3358495 -9864286
5719502 1150019
-3829760 6127720
-50601 -7131763
-5626790 4070499
5422767 -3297916
-3338156 8190152
3304857 -5720596
-344010 -2737356
-4738043 -6814470
8432358 5344290
-4563610 -203985
8538454 1988058
-9069459 -5748371
-6708101 -2013363
-9361297 8757348
-92633 -833254
7810818 6358205
1742795 -1406040
-7335541 -2239783
-3021347 -1367643
-3177491 603578
4882982 -3843151
3419494 2643718
5829248 -5461028
9883262 1197803
-9006182 -3222041
1282369 7836004
-7912367 9532272
-9964739 2212910
-6513390 7895884
-2937370 3190316
-7935127 -4089671
4504289 7389800
7666369 3807668
4956377 -314900
-9711322 -5354978
-6681776 -8221113
-3061043 -2311988
2226984 6737718
-2064479 -7231794
-7937483 -5373401
-7537397 -1070661
-9022037 3344886
8074148 -5449763
-7553879 3529576
-3280108 4077110
9987439 -7974896
1931256 -1215235
5108786 -2991919
-790467 -402374
-3241000 65163
-5639598 -501788
7186224 77224
-3185058 1299360
-3416082 -8070439
-3443840 -2733185
-1287494 -1353565
4507673 -981237
-3914648 -7793179
5736397 2581821
-3341069 -1468526
-6927070 -7543711
-6242593 9162722
8687155 5004186
7118164 8866193
-8552292 -2103311
7394901 -6122835
3954389 8324463
-376177 -2902523
-8456610 3285684
3068851 -1275907
-113120 -1900450
7118314 -8218642
-6011821 -5605447
-507274 -6796334
-5748508 9724577
4697218 -1331991
-2169269 9840774
4844961 8454625
-162830 -3482113
4414576 -5520523
-1643358 -6198769
-7874306 -5674171
-6060342 4827384
-1886932 -5734131
2989962 -4516951
3582599 3698271
5479629 -7123158
9787747 -6782735
8937284 1984161
-5774910 -719527
7948482 5705128
5545903 8922308
-106714 8295565
7329804 390864
4870341 2246808
6048039 -5739268
-1413439 5743336
570720 690085
4955954 -4957428
525621 1200140
-5101589 -2054084
-6660890 6624572
9841838 2894393
-5121446 5643209
-5076318 1295474
-2999398 -896356
-9457696 5388516
-3799566 -7453495
-4546279 435590
5198751 -6469762
-2209029 2840415
-1416249 1246790
-8063124 -1106116
3936456 1670823
5387315 -590818
7355099 6978429
3603002 2802078
-4303529 3210561
-1146229 -4038808
7256666 -6908623
-5288627 -3706195
4198674 6773620
9320126 -4746322
-1794380 2915460
6445698 -5226153
130614 5920723
-2832486 6753021
8163258 1230717
-7098460 -8379258
1029924 2099714
-8405504 805207
-6392714 -9098625
-3371711 5197498
3675042 -696243
-5088513 5482060
4292217 931708
-2294672 -377140
-2607110 -8992757
3922703 9541806
6832006 -1885137
-5964414 -7115246
9637775 -3037380
709690 -6280548
7856546 317385
4933452 3611230
-5583562 -1113529
-7695802 6527948
1725446 -9459924
-7639815 -1067513
6930899 7916840
-1151452 -2728328
-589115 1223117
2230360 -929772
-8871613 6803775
7434990 8669416
-8445830 7960393
7439365 -8529423
7706381 -8808055
-5974317 -1850945
4276638 5562928
6965751 8959135
5487083 1209428
1749504 1786301
-9281211 9728881
7645721 4109689
3897714 166040
3905509 9010621
-9402799 -6691401
-9887626 8652222
7321638 -8274412
2202333 63717
-5949354 8875808
2584105 -358301
307106 -8242973
-163693 6609788
5568923 -5416256
-1690476 -3197942
1104712 1056006
-6698761 2575380
9201422 -5660147
4505893 -9053040
2473933 3099136
6407735 -1588597
-2936375 3071135
4796723 -963539
9100178 6901615
5777423 9515409
-842892 -6849176
-5092148 -1638472
7487669 1980566
-919337 4744159
4062570 3056592
6628951 7390187
-7518080 7683634
-7976513 9930190
3393503 -8316658
4782478 6529380
7457135 -4132564
1454923 1190213
-9773326 7037112
3938727 -3748353
-4232944 9326853
-7522323 -283850
594031 -2559484
9421082 9901881
-2837607 -1918300
3654644 -8981903
8408285 3741315
1424949 283595
-7269862 -9109795
-7426453 3448436
-7505832 -1360007
-2976219 -127623
-8937410 9951304
6988416 8478705
-5269648 3805616
3132469 -6556504
-4324002 -6986240
-7029372 -1873501
-9455268 -1213619
6868081 4908062
5926160 -2292875
3964792 -6960922
-4160975 -3149203
-2258998 -4610259
1354529 -1430837
-274492 -7169099
-4780370 3848698
-3683646 6749290
5227995 -3717780
-9912164 -6695230
9264618 2474699
-1995189 -4263342
-3620491 -5059383
3726998 975439
-4116499 9440593
9664071 -6888568
-3849490 4326013
-8823190 3628863
1534957 1989535
3075051 -8565836
6781417 -7110514
-745464 -7199441
9549849 -7998953
-1716733 5570890
1392013 -2705804
9768895 -9112544
9140466 656631
-1886400 -2226294
8749145 8036327
7476920 -8159401
7468383 7148999
1475012 7140991
-6713793 -6381107
-1875220 -4831825
-3397661 4821164
227002 3716183
6516743 -6616243
-4615196 1997891
-2431219 -1417056
5877141 -3815576
9588232 1477146
4650130 -1837612
5936095 1245050
-8202271 -7236270
7120681 -2798408
6866943 9274649
-1068007 4589064
724309 -9141692
-3973517 2218200
9555716 8849090
2565273 -4854826
-1471069 -7700930
4296961 -8401632
-7302335 -3569912
-4869136 4382095
-4140759 1091158
9253546 7235448
-1519502 3025723
5789454 -2294007
-2576062 278227
-7930772 -4573513
-9984448 6807233
7665541 1001221
5735773 -6743787
4621655 6208376
-8646449 -2192159
106912 -2813071
-8698351 -7601166
-8654726 -5596127
1302320 -6000686
-2393176 -3523862
-6288414 7161562
187285 -3139629
-2917284 -5291564
4986663 8493091
-6080421 4506654
1313888 -427756
3089817 6451483
9707696 -8504219
220510 -8658057
-850216 4329352
4032633 -5909587
-3510753 9256696
6176922 -2149366
-5633699 -9649126
-3172988 -2520758
7157156 1973125
1349848 -6945049
-2236613 9860794
870237 8432565
-4544429 5266403
7354999 4789816
-6242349 -714189
781593 444816
1786759 5981700
311052 -8997897
-4907484 3452896
2709592 6860037
-5289329 -5901885
-5551011 -8597134
-8601539 -923028
-8949902 -6207646
-3152695 8555617
932763 -5083702
-6651137 -2872956
4909799 -8196999
-890831 -1195565
8090246 2264798
-7290385 2866821
-8635127 -8611809
4906646 -2987274
-9534378 1675925
-8947686 2515514
-870018 -4308433
-2905567 -4237015
-2643690 -3904677
-112323 -1507106
9564864 -9077240
-4160942 -748666
6378379 -6986021
-5183020 -812078
508709 1288178
6069329 -3557498
1825675 -8884693
5019851 8778944
8308022 3190548
-5133527 -73503
4958364 8773645
-5534788 8435139
6714476 -5911654
183669 -5924003
-4914756 -5929214
7509898 2587699
-8160967 7166460
-9819561 -6651043
-4946769 733764
-7978057 -5002580
-6043726 -1921708
-806401 8091272
-613432 5781949
-1027503 6729802
-3343700 -2305410
8984587 3838970
-5209539 4131016
8219362 -6550201
-9957851 -8495063
-4424276 -9080617
3507082 -4872607
-7706147 -6914378
8950931 5346116
-3920120 4990644
2504416 6520514
-5401194 -9381825
1225799 6460690
2242639 -3691242
-6961440 3128719
-9176690 -8784864
-2429542 -7788788
6342228 2324249
-1709599 2360919
3865857 -2922058
-2002674 -1667450
-4023705 9441581
5043555 -8495592
-633124 -9213500
5777144 -3489161
-6968647 5446757
-1418716 -1718439
-5257749 -9853488
8971622 9807084
-4547845 6984891
8200027 4526534
6737747 8791817
1116067 -4229514
8131405 -4403673
2674270 9406468
-2260982 1997262
-6044805 -9328404
4692356 -3768335
-2981835 1515103
8025942 -5940767
2022342 -7204691
1076870 3573647
-3763489 -9396374
2927062 -1664526
-4679635 -4791867
9734668 8379218
7171035 6036744
-8192770 -1011233
4585094 -9196546
-9790078 2454988
6968602 -2740636
-9552688 -9534708
-3303043 -9076202
-5044747 5139669
1715254 3715122
-973216 5497547
-928806 -6262404
-5658778 2620006
-9044520 5307706
3032191 -215363
-9319793 8792197
4828942 2766859
4271978 7851242
8654697 6636172
-8392488 -1142927
-1367211 1380971
1846264 8576115
2016265 -8403546
6736123 1059573
7291048 6971518
2469065 -1548623
-5294675 -3682168
8937838 4056611
-635683 -8437101
1347536 2409671
1201868 4912861
-9803928 2027743
-7604662 -3969190
5183335 4468051
-6674876 3566387
-5052642 6790847
5366962 -5525735
-3929281 -690026
-9630452 9899579
6871097 5323194
6290923 7660596
6494780 -659838
-6603226 -9003752
-7440852 -2051030
-9641359 -4722557
-9809696 -3576964
967132 1560510
107672 -9613623
-2629220 3362470
9445209 -4708993
-7918145 -6787744
-2313479 6908919
8735246 -34831
-135251 -3726407
-8403213 9104794
-718258 9252198
-8891287 7887711
1400311 -4223478
-3758156 7021839
-7700718 3959459
2898848 -3399514
677348 5005939
-2091332 -6134020
7228450 -9214980
-3923972 5279448
8491704 -809989
-3901070 -9325765
-6844244 8694577
-5031830 -5165824
6455322 3020505
-5210944 -3435042
6969021 -4262936
-5970062 -4102231
-7080392 -1630668
4845144 271783
-611379 7735242
-4742467 -2256008
1609972 -9934031
-9149011 3166201
-9037999 -8645226
544785 9443369
-9882396 1970057
664635 -839933
3994244 -6726639
-1189782 -1850843
-2769533 -7034082
-8780665 3599274
9497043 -5800512
-4914827 7765625
-9446240 4933003
2668246 2446669
-9809339 -57619
8350 442131
-6391667 -5683015
-4328241 -6624308
-7180939 7086686
-8426904 -1267104
7892963 -7063334
8726379 -5245917
2903240 -5596441
-2630522 -2463403
-8864128 -9866292
6849548 -1411187
-3645562 3149267
-1917729 -8065279
4381390 -3091801
-633068 3266869
-6291000 -2911597
1405388 9375283
5267327 9833685
-563276 -406501
8326395 8086388
3539406 1009820
5763903 6219359
3139270 2265785
9802383 -1332857
-8682797 -9491252
-902439 3454607
-3396126 8166752
2617825 -2031648
-2607097 -2797503
-9530634 9515568
-3396029 6759835
-1348530 -5821633
6528404 525712
-9880789 -6081203
4521538 -4034872
6974948 961959
9697670 -1939056
2843082 -4744797
-3561301 2836940
3345689 -4838183
8616424 -2244098
-4077346 4959602
-7072046 -4779702
2422796 1056832
572400 320857
-2919307 -4591486
-7896767 -307277
-9781565 -1751485
2167313 8631638
7113118 2853999
-6184042 -3311149
-2733853 -3395581
1859622 -6486372
6350568 2625581
7787398 8298321
-3945776 -303743
7172212 6403822
4140473 -5506770
-1933586 -9899834
-7062624 9079621
-5511865 8638814
-9152110 -7465579
782936 9107721
255711 -8933675
-3563324 5466601
4671804 -2631171
3973248 252634
-3717386 -8062048
4563533 -4167129
6647544 -7366817
-5154208 -5132716
-8728894 5218120
9711351 -7981996
4634523 -2072069
9523904 -9705883
8932932 88251
2622672 6528392
5636113 9780822
3363499 5921960
1388562 -4108176
3260653 2316528
-7430838 -3939634
-9485330 9750254
-4416875 -1148223
-5998688 -2405444
2461840 4747021
-34858 -8636544
5897813 -3750702
-3306418 -7807155
-7513038 532336
3136939 -3782514
-7254122 -8580106
3717068 8275963
4197923 898343
6790167 9596920
1913448 8102837
6679556 -7432827
-7682573 -3001038
-1632909 7194226
-5211218 -9583096
5163925 -5115245
-3751788 -233026
6016273 -4870933
-2678088 -7853975
-4805287 5226207
-8556307 -7674773
6261473 8331652
-876033 6705924
-2395733 -7505106
-7908186 -6678110
3941080 -5605565
9477960 -3478386
-3963072 620636
-2185138 -8204613
4728643 4404020
9288775 -4880003
-2596677 -107432
-2462012 8053339
-9800636 5935948
1162155 -2623748
-298521 7910429
-1241567 2605849
-688227 -4037047
-1542153 7882400
3720643 6916040
3826827 -6933987
-7896021 -9821925
798711 3304787
-2383474 -1859093
5061279 1129925
-1233726 -7654831
-5245910 4350055
-5080254 6169598
2105546 -5191570
-5298966 7635463
5545892 -6732298
-1610097 -3081134
-4601829 6820678
-2780570 218028
-2865932 -3627630
-561617 -9059927
3634500 3477248
9298387 -5941286
2199621 -5566789
5563137 9431266
-8223565 -2739099
4127308 6845763
3015361 9046877
6371659 9047054
-801131 7637260
3421314 3589046
-9492088 -5255238
4081792 -8188783
2029245 -4093917
2278453 -8698778
4757648 1679665
7673265 4233188
8291902 -1607852
2825360 6971653
6402919 491523
268776 -9095151
266964 695706
-7741064 6912436
-1524157 -6717674
3435938 1146947
-5264007 7674712
4935826 -3142748
-8815179 -4756095
-6333660 -982382
318841 3214066
7410083 -1538855
-7305667 7592841
-4015011 5083349
-5428646 -9013765
-6005889 1326701
-5252098 3490625
6702683 -3220761
-6308324 -2468781
-6670103 8961619
-7375081 -5316129
-7641417 6765835
-6376913 -2639088
-4878830 7294410
8828380 -5192092
538326 -1212490
-234992 -8336427
9256414 -9535239
-1935538 2459341
-4038071 7757756
-8399191 -4847832
8642793 -7527608
-748369 -3651288
3879931 5345477
-3176552 -4540341
143530 7209828
-3507985 -551633
-674368 -4981534
-7687124 -7368546
9955714 4446802
5750664 -8858744
-7195170 494040
-6524847 -4484328
491366 4577596
2335352 1539616
-791864 6453295
8925687 3936162
2801226 -2149070
5712759 -9306330
-3846670 9197509
-1076311 5052559
-5499073 -1186788
3831678 5415704
8047158 -3657089
3306065 -1339094
-7681485 8002872
-8986736 -943271
-2911246 7639697
2217293 7004769
-8939263 96472
-3450233 7068998
-6478488 268874
8119804 7991806
1201828 6322738
5520247 -3651085
-8598526 7355158
8684723 6960288
2375992 8418753
-5238336 2516401
3693660 -7060498
3458726 8067729
9640811 6012175
3651872 -3011658
-6006889 9245917
-657611 8385517
5454515 -4946151
5322723 -1591492
8916666 8976027
-2184883 -4041121
-5175854 118494
9990005 5851716
2812004 -3774380
-5355626 8674728
-6292519 7704348
3160202 -8077610
2506472 7401141
-4070332 9135280
-3876378 -5336365
6425904 2097892
483410 -7366914
-9796713 8284645
9209505 8454277
-53343 5526010
4001241 8126171
-9238983 278126
8646195 8825387
7567359 -9248978
1942102 1458199
-8321100 4728085
-833172 -1834064
8083429 -2644546
-3509265 -8326700
8853287 -5986902
6110990 -4869291
-2236205 5279191
3563836 9110752
81382 -2032918
6009444 2773341
-6584136 2544391
5338869 -7472963
3868776 -5823119
7444256 3985064
7959616 1436136
8680573 -8097290
68646 9638516
9510322 -2152599
-479299 -1847924
2165174 -3998943
-6351881 -1626012
6169531 -9207484
2419621 1411914
1895349 -266633
5023060 5017355
-2438254 -2095207
431831 8438924
5132158 -7099385
-597968 -5699393
-1746905 -4907234
-3004524 -2638352
9516516 -3066331
4781070 7064123
7732551 9026838
7544248 6818124
7708464 -7585923
-6793407 -8807633
-4879367 3877996
6127715 -1857434
-6840079 7015982
-5079224 1150776
-7893948 -6761981
8654987 -2131041
-5314082 -245438
4847328 -1942981
5418667 2939014
2389035 -8157195
1423280 4935183
-3521627 9686457
6504581 -844169
1569908 -5977379
-4785012 4213046
-9392606 -2707147
-2048228 335622
-2648396 6735109
-9597763 1111693
-3133935 -5211268
2657691 5024642
-5220796 8037404
-3905577 -140038
5315328 2142885
3985690 4029442
-8519023 -2295637
-2609180 -4591030
-2918847 -2040650
-5501676 -6104598
624800 1167413
8460266 -7770336
2565286 -6251454
3000007 -3587962
40084 2433243
-261673 3402245
-9056761 -577499
-2540095 4912371
-5227667 8238795
381680 -3929320
-9899878 -9912339
-9691624 -5632630
-7707308 4097451
-7943199 -2300804
-5889050 -8109803
3057610 9071477
-8698858 -2747898
1000648 1517877
446267 -3617220
8816023 -5999344
-80747 3002703
-7574796 -8929297
5983074 862492
-898713 -114891
5955789 3271759
3359420 1999320
6366690 -1427737
-7330286 3667796
3883344 1175735
3065932 7242868
6314345 7994295
7762749 8639895
-7325876 7615487
-6001732 -1236602
2764054 3120391
-3876905 5330643
-1082302 5199659
-3937849 -8935349
949761 -5099228
688883 -2320210
9679110 9421902
-2005834 -5951697
232451 -1437847
2254240 -6819768
-9576900 6632148
-2857205 7836524
6476419 -746202
-3130715 -5094456
3668942 9150543
-5212713 -6616095
1230901 8949348
4149007 -6573266
-5508615 -9851401
7565724 2727510
2923653 -2042502
9895753 -1745393
-5180737 -4880885
-3802380 -2110081
1070151 -2431934
-5799786 8451860
-1195263 -5990396
3263402 1343009
6248554 7797508
