157 7909937 5291899
292
-5659028 5600013
7818131 -9444434
9028107 -5301607
-2576665 1145858
2340603 9812670
6877388 -1531847
-4930159 2990493
5143689 8260153
5352333 9514179
8688809 4321134
-655302 6202524
-6965904 -2194675
328443 -8411508
-4337279 -8213050
2213239 7952086
3552100 3470973
-3457109 6554211
3768956 -6113417
-2451206 8087350
416372 -8807709
-339556 9889397
-4603757 -2706240
-4446086 -2753363
-3239184 -9460068
-2622582 3422599
-374877 7965978
-4228697 6722116
826960 2659219
4446169 6099746
-3431815 -993966
4993359 -3340592
5729971 2636637
6523220 4052602
-5343696 -501073
-6792429 -5927986
-6038588 5072677
-7633563 2868015
2631005 -642345
-7586061 -9563297
-3624346 1908173
-125849 -208642
9029826 6000778
-1340003 5645454
-5738447 -7626861
-6104475 5622519
4798279 829738
-6533625 8888884
-4542162 528251
2543530 2505947
6577962 114142
-4813181 5751101
-8864531 3055726
-7586619 -9930391
3022664 3766474
8190999 7343672
-2864970 9398319
5399097 -1934849
6226957 -3835143
-8945652 6575446
2197965 3004862
-6165400 -5050127
-6161243 -3003755
40848 9817327
2323275 -8187053
1927089 -7415622
8335480 -8582411
4473315 -369739
-7783778 1987301
8270127 -596952
-3253280 -2244762
9669909 6461126
-5473723 -3601897
-4920688 -2414642
-5839195 3269587
-3725551 -3866340
1083533 -1124878
-1612281 -7374598
-7557271 -2561358
-748411 8428567
3529298 -2717644
-1300055 3695030
-6674709 -5618870
6368431 -6826740
-4907340 8057865
-4186896 4638558
1099684 1839381
8237484 -4516987
3068372 -1857686
3928253 -6683204
-8033192 -254471
8620651 -9797298
-7171896 3050341
-9511017 9524723
7953290 7787186
-4930458 -7743076
5951954 -6001060
-1619930 -3714160
-8024548 1793598
-7632185 -5251499
1903411 -2931887
8907494 -1819081
-3819715 5519448
-6338238 -338670
-4505522 9248657
-8489462 106367
309069 -2538714
3027979 -9868811
9655912 -4346474
-6559288 3516962
-1709762 125555
4124495 -8973394
-2687554 6758544
-1447858 -7495434
9769419 -712101
-1127636 919958
1617229 1672831
-2807721 -2220142
-42460 7797514
-437477 -6629607
3476760 5452018
5429656 1073061
-6279397 6302181
-8044293 -1542365
4490949 5892867
-3981578 7912771
8939378 -7218813
9539731 2659270
-2319812 8768176
-9427573 -9391774
-5955464 -2550393
1638790 -555209
-258999 5661765
-4024368 1347421
-2765834 9698541
-2333089 5538155
-3388783 -9289074
-470540 5612919
-5929446 -7151828
8741039 1485167
-602061 1077855
3859042 7275814
-7548564 -9146331
2138197 -4084874
9039704 131624
97583 2710625
4671768 -6915760
8746005 4252726
-4399853 -5587230
6627663 -5278363
2776145 2834314
-3938408 -5705425
2423846 1903714
4751886 5591052
9592572 6494401
-9911392 -3990723
5801443 -8493137
-7639468 3947651
2379129 8252879
-9099145 4498729
9725706 1418833
-2980575 -6485209
7767517 4397475
8810245 -4234570
-6996580 5884016
-1281670 5437908
2248835 -1704083
-9800369 -2703725
5403679 -5327318
3683435 -2532131
3477146 4996251
6503114 3772043
-9763954 -721410
-9952179 1379998
-4121272 -4868473
6550360 -9051323
-5536532 8120786
2518261 6086137
4367920 -7769015
631353 -6155142
1799119 7371340
8183609 9349684
9162311 -5952046
-8763012 8383240
-4148891 4565990
-437758 -2563225
-8791181 1844607
3639549 8581708
-38293 3961217
9092745 3687371
4636048 -1643213
-3522427 -1840543
-5754405 1615868
-3636795 1512187
5357045 8613515
-1498793 6994558
-1139406 9672516
-6279529 -3315184
7584408 -1977095
5105248 7473811
-5089413 -6564483
-2203524 -5332510
5765550 8635758
2596975 -8563974
5123397 -4272743
4084044 1689720
9849178 -7724203
3891665 3077970
-5409843 -5905227
5224640 -9745130
-234220 2463554
2136071 -6274153
-7072985 8626375
9165632 -1627106
-4153295 -9488577
6463292 4270880
1454722 -6726356
-8090598 -5740232
-4304206 -2779727
-4536118 4506378
-3803902 -9180809
-6905012 9547927
-4857751 8561628
5172753 -496995
-242125 -267594
4712312 397393
-3360408 2040008
-6817265 -3151617
5221277 -433393
-7405618 -7651633
-864400 3584335
6857979 9057674
-6682557 3106674
2843299 8767382
-4209888 -986763
-167571 8307182
371461 1986210
-6935809 -4556231
4946775 -1969938
7762468 8236944
-8849310 7221002
-738990 -5008868
1839516 -2209718
-126758 2443745
-2691535 9577145
-4322168 2467624
1525299 -1039583
-7932909 -7464188
3819546 4842742
-6144021 -2573257
8250277 2126010
6628572 -3795240
-5835118 -8861910
-831848 9692763
7929708 1628009
-1150989 9446972
-5561896 1596750
9387032 626374
5586471 -1206028
-1628882 -739726
4244251 -7105064
-5628295 4048950
-898886 -4230450
3128644 -3561203
-3618108 5437012
-2436978 -499025
5705736 -5367831
-4229741 -5808405
6400710 2386970
-5985021 4938411
-3098265 -3153230
8443520 -4619658
6006716 1339839
-9866188 7830553
9607179 -5890460
9520828 -8978718
-2413416 3851430
2137332 -6107466
-7152317 -795949
7157415 -4734024
4766952 -770425
-3621904 -5279562
-8571615 -7010960
5376010 2148355
9603118 345447
7192218 1907341
7287683 -3495147
361044 5635738
-4017357 -4189248
-79708 -6988792
6548842 -4410177
1957605 -558880
3333654 -5864573
