257 8555769 -7184378
794
-7210028 -7855942
-7911711 -2138721
7800104 -7010292
3848193 -9006472
4962882 4562701
-1451930 -8326303
-7763354 -1208654
-599172 -9249818
7138855 816812
-8591671 2937203
9151428 8143418
8132516 5918142
1886957 3041754
-1530940 -9455688
1616433 3255750
-2083840 1284682
1662314 -3077243
-87535 -7479198
-6485670 -8021230
6541471 6277010
7950707 8477212
9784910 7605893
8356075 2703705
-6479483 -814262
-7877058 5494931
-3845299 -5071154
3363341 3790722
9348828 -5712783
7347881 -4749702
1022400 -2182112
9102571 -1035686
-1596577 8938560
-8540638 -6718763
-4739993 832240
-2890750 7490044
-1516392 -8198522
1923723 7576309
280015 -1731482
7454257 279799
8291082 3800532
1245731 2093551
8400625 -5554217
-8750647 7125424
-7624278 7749453
-4432659 1113586
2594253 -4085526
-5146966 7186264
-9532499 -9002324
1829917 8828749
6318793 -4272492
-9954662 8939167
6515477 7318754
-4412728 1969062
-7751139 9311844
-4371272 -6958471
-2348568 3056295
18430 6874459
3999883 -3947943
-6198490 1267783
4897722 -1108043
4806431 -631148
9071468 -2508025
-1510349 2175818
1004567 9538970
7782830 -9680432
1775088 9839712
7158466 7828169
-7686417 -9193083
-9881239 -7254261
8303620 7078796
135091 -4252511
5138301 8471405
-5476538 -9846479
-6062343 -8345464
546494 -1675027
210177 1351731
8843706 7869277
45095 -8202003
-8663033 -2666643
-9830722 3566014
3405727 1636150
-8019329 -5539282
-4732365 -6919455
8342636 -5705746
-8626950 -4613604
-6349763 -837391
-2365986 -5975507
6694366 1304890
2959427 2157476
2998801 3148375
-5499894 6022273
3891550 5725330
7523328 -6656188
-6806478 6452998
-7464636 1376647
-6987203 -6637200
-2176482 -1542557
1537989 7509820
-8195926 -4392495
993901 -119375
9043234 5693476
9717969 -2839510
8465381 9193600
1351077 -1071312
-7922937 -6058840
9963433 6866230
2591561 -3422830
-79018 -3628665
5340685 114889
4007888 3114504
-1006344 7876050
-3666507 7020686
4530506 -666474
4941031 387834
-9731540 -1149067
-5455591 8451284
8128127 1828046
1021647 6778731
-4292581 6593508
-9465332 4889076
1755306 -2215518
-3121996 3014453
1902140 -5653133
-3021892 6798987
-7570157 -2757174
-4881124 -9014003
523035 -6060148
-4210270 -6031279
4356556 7569893
-3579174 -9269238
1698398 -2858632
8969414 -6518412
2776671 -173475
8936385 -7492587
-87159 8484090
8784924 1987405
7518210 -8331852
8531367 -4337071
4978268 -579649
6663177 8025828
9011825 -75537
3864315 4298405
783478 -7948788
9621105 9654046
2901160 -4859966
2281402 8558284
-7960128 7115910
-3057564 -6232831
8790934 4816543
-4183015 8395173
-7101069 -1296224
-7111724 7118261
-7218810 -9582859
-7646156 3935995
1961823 275810
-9799726 9017021
-4168222 -6510000
-4458788 4064589
-3765013 6615257
4271643 -4837682
6236954 1652499
-1231590 9069398
5352919 8276826
-4390279 -1772802
-3377629 -3339795
5363981 1426706
-8938681 -478698
-7545204 768609
7220957 -6157490
4118320 -5191360
6342014 -817220
-4810867 -3165054
3415888 4690144
-6178247 730345
-1590985 9650875
1303375 8093397
-320853 -5354031
5439147 -9928215
-1701017 -4967934
1692271 -8951132
-5008074 -2562294
-524639 9572605
-7142434 -3946754
-7587892 -5553491
-744851 -9921477
-8222344 -953220
5881727 8113515
2803660 -3033211
213486 -702385
-8535158 6625413
4718810 8622502
5784823 -4715431
7872706 6914309
-8053625 1223971
-5210809 -3828311
-3874252 -3845001
-4272396 -7702530
-9132932 -1882539
2563970 -8898478
-8819954 5795528
-5157692 -8180881
2448987 -7042298
-75509 3240387
5054354 -4747353
-8121940 2654329
1276831 6519197
4320118 -886777
-3972468 9578007
-6681670 2192825
8364514 -9509740
-3354741 -9376127
-7078657 7006614
-4875925 -5110785
-4009263 6304763
2100291 7688045
2023517 -2829217
-7355163 -541048
5215691 6988856
-7758497 -4914320
7740010 270046
9305595 6635915
-4250862 -8466807
-8888800 3625713
-4181462 -5706977
-5216717 -5570470
7569756 6699405
-3777629 -6055106
-1165891 3007451
-687785 1346447
-8449156 4824846
4511982 3928858
5904162 -3909287
-6920431 7156819
4758852 1119854
3906252 7837424
4473340 2498862
4032055 3211847
9353912 2738830
7031853 -2340392
-5394510 7688803
4388208 4331488
8276382 -7824754
5182698 -9389421
-5526622 -2889509
4451690 7011265
940123 8540575
-5368712 -1036328
8636843 9360638
480492 -9772790
8064634 3395695
8410909 6903096
-7368705 -4945674
7793157 -5040683
2618925 -8014793
9674010 -2658638
-8327149 -259233
1916014 -3421430
-2810850 9949233
9576077 9615064
6626329 -5821120
-7280545 4027767
5507791 -9917196
9443442 9867096
2610658 -3339014
2573034 -7559714
9343382 -6808356
-1754029 983943
-1540388 -8025323
-6040115 -3960872
3380490 3594889
-6664343 6150247
-7271182 -2430307
-9964721 -2231977
-2616913 -7565680
9129552 9611356
-3844525 -5990584
-5907780 4365360
4232456 4179618
-9159396 -6464337
-4024051 9359466
-7448890 3413638
6913934 -4680668
9810361 797081
-647439 -4626454
8968436 6286598
2436846 5249404
-7180903 -7695907
72116 -2317984
116336 -7145624
4982084 -28445
3980971 -8237760
6127600 3653911
-2166471 8073191
4125206 -7123592
-7764126 -8809514
4604124 -9898844
7936840 -5213015
-1899582 1518058
-592043 7747201
4033800 7452980
2702384 -1623607
-6803162 8986998
-3330986 -1962167
-6591438 -4214694
5756861 -698298
1063942 8390646
2044558 -7745816
-9672625 -2808457
-7415697 2394439
3584925 -3031066
-2929910 -5179822
-392837 -1810950
2223460 7523282
-2213165 223933
-2323087 4147769
5040514 4336987
3323985 2895649
3449835 8237352
6539010 2509351
-8188947 6858397
-2234605 -5187777
-2933593 -4608652
-4900757 9809953
2204393 9910135
-3120931 -2316454
2503724 8305670
-3505280 -3534489
-6011207 4627239
-5148827 1234533
-4617698 1775628
-3887384 -4955562
456440 -9577183
1176521 1952953
-5537695 -6093725
-9235328 -9768116
-4955893 8789710
-5818942 -1469933
-9143627 2110515
2020650 -719699
-519800 -4422882
-6117212 8899719
7881582 -8016076
-872484 -7106139
-3355254 -8129625
-3837645 -3504959
1539479 2027048
-5033783 -5208677
6744277 4512271
8418546 -1340909
-1109025 3722934
2512644 1699570
2745990 3935082
8561949 -789945
8490356 -3881285
1695833 -6901049
4515022 -9513092
4987185 -1905027
-6494814 2396604
-3216669 -5885299
609742 149932
4693333 2945687
253362 4665573
-822155 2175902
-9165007 9513991
3236925 -2403609
1812314 -7757680
-1306245 -4250430
4959625 7074656
-6806629 -2744296
-7128992 -4033667
-3546758 -2594444
5500529 7386030
-217365 -8559573
8071480 1522068
-8328000 -917682
-7971995 -8802426
5863147 6365333
-8942412 2281368
1795359 -4959008
-4846264 -8107419
-5865098 7548637
5814559 -517598
-3442942 2828657
2600713 -6709464
-8226779 -249571
-327663 5471721
-4625896 -9257185
4699594 7689218
-788714 -2326909
6755409 2771074
3968648 883287
9764972 8783415
-6418865 -7651852
9905492 -9177440
5231494 -2107154
-4558517 -4940772
-2942018 1882748
7227757 -8743958
7062930 3615040
5881821 -171530
7816544 8836152
9578967 8070510
5759729 -6809352
863739 4278562
-2950364 -5028985
-1629346 -2380852
8918915 3534637
5882785 -9348021
3990891 -7499950
392897 5788277
3363858 -777615
-8894867 -1649268
-7876873 -9578160
-3446767 8332890
-9322287 9186057
8022209 4951406
3021917 8494257
-8315095 7601177
-5603909 -8702002
8785365 2548644
2684144 1445727
7496716 -2843980
-9675649 1603060
4103110 3379501
-8315869 4315242
-6462372 7012359
7879444 5047989
-2013819 7159113
-1991644 -9997429
1704980 -2944234
4523525 -1313931
-2819674 -7756458
9844719 -9938206
-8640208 -8618417
-3553421 6757162
-1797111 -9854843
9817529 9130723
-6749865 8215958
1595459 -9858120
4457123 7353246
-3118043 -4204058
3360283 511103
-2329784 7277753
-203324 -8653535
-9081417 5678572
6880993 -8498343
-6254801 5442108
-1979746 -5938681
7959254 6106270
2863432 -619954
-7958444 -5594167
6052909 3582673
1798631 4375437
4517318 9303044
-827358 5910443
-8293615 -8509207
2001896 6054600
-4151295 5066669
-1070514 2188464
-9616611 5645382
7147039 -151931
7806530 7264382
3842054 3408590
-485140 -4173216
-2276817 1801308
6207142 4894644
-1522683 -7718909
6656528 2260051
1563095 2792301
-8780904 -6309802
-4819009 -9264262
-693310 -7074519
508502 -300761
4404056 5155395
-6682871 9437988
-8197590 4787445
-5431821 -9535832
3872758 2125292
468428 8410233
211542 5903970
-6685034 707963
2989054 8935036
-6288561 1792284
7100937 -7838065
-4147867 -2209114
-8957024 8320033
3761866 1033125
3248716 349666
8021414 -5729631
6224709 -2347228
4956569 3854895
4319064 8027119
-7331237 9524749
451334 -9291826
-871503 3137192
-6154845 3179228
2114264 2443463
6752099 -649438
1512497 -1657945
6132942 3853036
-5310579 7364630
-9085893 7175918
-9958063 8451288
-7278343 -3320824
-3151700 579703
-5565402 8946366
-510162 -8195130
3845971 1270014
1978189 2158601
7812145 -5702695
7476534 3623038
8582853 4173653
-6475785 -7892850
449206 5334953
-8295659 -2446936
7434046 -3417852
6274418 -3606237
-5154949 864506
7543682 6316355
-3103942 -9916940
1545778 -5608018
8713204 1330657
5117023 -8964384
-4289430 2559175
-627167 9611564
3234602 -6477285
7696368 -3150633
-8527131 1817456
9668761 3736935
-8710001 1922075
1020575 -8626898
-2233135 8724046
-7895096 -2705006
-6388651 -4871732
-4788672 9648586
6556920 -6976240
-3129231 6757107
309075 -2213523
2862004 -8012208
-8400643 6019645
9542361 -7765163
-8399444 4833959
9167767 -244919
-6507983 -6926574
-2488147 8836528
-9790369 7298368
6022414 8532429
-4172577 -9507152
8137469 8127318
292256 -8044876
-5021116 -6651203
2622256 9365529
-2847994 -5633995
-3646202 5447684
1467329 2530362
-2718448 -2046845
5303466 -6473958
-4202524 -1117892
-5528114 -3012414
-4175886 -710507
-3412139 -5499908
5548873 8550097
1559298 5126628
-4229702 3892648
5847772 -303233
-4438084 -1421093
-2055564 3343009
7709014 700525
-3851791 -2387206
2659508 6579164
7048671 131890
3657933 9941060
-8660479 2352138
1856076 9455409
-8738746 8327759
-7172149 196542
-8737008 -9634533
-1991553 8376724
2269372 2822290
-7480943 3778746
4874005 -9366503
-3507142 -9402675
1297850 5334793
5463939 -5798128
3297389 7446059
-2422050 -1876553
-1935492 346060
5214550 3752235
-4276004 -595971
-2268212 -2929374
7267169 9501602
9867069 -6924008
3969068 8530161
-6131197 -2124483
4170615 -3761559
9388290 -3612140
9501537 -955380
-5620587 -4118852
-7400628 799388
-9238201 9843352
-2033201 5896761
-3757178 -9143899
4608336 -1452341
468040 -8542628
-1472001 2848684
-5133362 716181
3792173 8311520
6841681 7250060
-4874423 -2238759
-3483966 3226836
2131048 1812544
-9142836 -4095676
1785472 1632585
-7568027 7752929
112633 -3098803
-7202042 -6806227
-5950126 595784
9143444 -959220
498153 1174563
6539599 -7872164
2844017 1542504
-145976 -8593762
8656298 9152542
9430136 9212057
2438893 6298227
-1889229 -4053830
-5633153 -5430059
6202526 -8515713
1753568 -1331329
5569868 8634500
4344625 -8133799
2461985 8367827
9924959 8394499
-7914586 -5878219
-3750382 423112
-8034384 1141366
2547604 9093635
8246178 -5664008
-6451951 -6279746
2534833 192666
6138836 5986942
-9443117 3161956
4646243 3022035
-8309293 -724238
-2089738 8916163
-9217636 -223073
-1855246 4771239
-4317910 -4239299
-117517 -1930286
1009178 -2232495
8908871 6132101
-2257912 -4508853
-172861 -6027173
-2306919 8504618
-1302716 3375189
-8121517 2744266
-4093778 7352473
374508 -7564633
1711129 3068817
1984980 -5418433
4358495 2137743
-3091018 -4716304
1044397 5019601
5605667 -4892576
2874929 -9073120
7058981 -3385154
-5377655 -5699848
-1727021 -5198930
-6694312 4449484
-9658975 -1517588
-8773322 -5480675
-8128202 -7780491
7171228 -2867100
-9798283 2246306
6827874 -1117643
3536452 -5296951
-13255 -6297279
8722322 2961786
8069210 -8968857
4474375 -3155658
-4024460 -6539508
-2239356 1533357
-1149221 597885
-4952631 -1450024
-451260 -5327181
-807856 7904747
-9875744 775419
424671 -6419706
5826601 7295484
8694193 -6857259
-2154210 -4829173
-1126452 2230645
7708783 348888
1380031 -9887778
-3043436 5777993
1754837 8370758
-95885 2932104
6046341 9515482
-9418190 1271246
-1539582 3610063
1514810 130550
3422321 168914
3749209 1639066
-1065450 -6153007
9506086 -7907838
-2737011 -9854905
-5107908 9868228
217116 -1347111
-1234889 -7399125
895220 4113499
2484258 -1761972
-8829868 -7349942
4681892 4904725
8692324 7216474
826537 5263702
-4605748 9669094
-161992 4857699
-3503235 8816574
5179919 6103569
8195731 -2052333
-1907238 -2797643
9586937 7975072
-3372039 2984854
-1897919 -7679594
-1049743 -2090575
6147453 8997301
-8352641 -8565485
-1144407 -166063
-2949589 -1154397
-5890695 -9935731
9733363 393300
7767351 -7980090
3352836 -7912277
707645 -5735884
-5271865 -8950893
-1748536 -8580272
9394801 -4662751
8322103 -9645247
-7324841 -3977238
-3551461 8940536
7937838 1625417
-4423716 -7404008
2429930 2101549
-9052847 4431877
-2987502 1996693
4906346 7572810
9592720 9262213
-8650063 2673697
-545834 2945556
3994663 -5426066
-4006338 4182301
9519551 4762479
5117233 -4611537
-6072422 358006
-701457 7792392
-8065839 376117
2972110 9752733
-5629366 -2489554
4458675 7918392
-84915 -4682213
-7109402 -8528826
-9266613 -5178569
11481 4999670
-2054773 4599676
9173610 9465647
3647948 4456242
-8264926 -4832727
-6927912 -4316149
-1441790 6852307
-2838949 -3000334
-107864 373105
125838 -904787
6605659 5380598
3298990 4496472
2330612 1064334
-4948140 5730427
-9448141 -2262438
-7262768 8301600
2901276 563340
-7454661 -6801189
171406 -5408761
-7725136 6193287
4393491 1906480
-8724861 7863304
7379323 -7048299
3324806 -1563810
47755 -2728541
-7347943 5966996
-7020180 -3346586
234101 -1532601
-5802174 5310432
5564346 -2197687
-3896087 7266037
-9654271 817931
