155 6993680 3504070
490
-6412909 -6788337
4415222 9622835
-7129919 1789347
1202178 7822739
-1512668 -8934692
-4367219 -9939145
6568682 8407469
8573199 -6302567
-2553928 5453502
-6926599 5834984
3171531 -9457453
-5515049 -6727366
-3523319 5138987
-2127588 7215804
-3274164 1506522
4718185 -8623517
3515670 312927
-7897725 -866593
9472498 6385752
7451060 -4179195
-4118340 -9523817
8883652 -6916158
9297627 -7549658
7903845 -26797
-4191812 -3256301
-2713754 3493598
6766233 8979719
-3364941 -5712451
-8496647 -6757086
-2734212 4507471
5883954 -1770811
1058469 -8016027
-6366267 -600375
8301729 -4322904
1497901 5622583
6098766 5752789
1352983 -104087
2346255 4982418
7471974 650610
7394310 -7233548
6260051 -6719838
4776233 7196908
4000810 -4457364
-8698098 3927644
-1564884 -1979485
6249705 -1432310
551663 6835422
8751399 9824526
-4498378 -3298252
-7675668 7053128
2805918 6999523
-3104564 8423098
-4078131 6675253
-2674136 1758043
-2959152 -6606157
9190357 7236526
-3050214 5817251
-8640113 3966590
-2105765 -9049404
-1028888 5178141
-6254169 -1154297
-4318875 7737169
7561695 -3186154
3515595 6948877
4002005 5579669
-4904456 5839927
-3220623 9324275
5999529 1990980
6265375 2701246
-1388559 5841745
3078271 5822575
1639826 -2198202
-8231611 -9971943
3495006 -4483935
-9305794 -7821024
-6458969 -7533882
2719639 6956389
-6229764 -8261492
8687385 -7202314
8377355 -197817
8158462 -4794257
-5469982 -6527101
-2019769 -5062161
7639086 3045899
-1112356 -5754394
-9931818 8766879
-3431322 4482267
4510325 -5775640
-259574 -9146581
5548747 -9478317
-7012199 -7049016
9907374 9089778
-9171714 -1776208
1021478 6193962
-4003855 9515672
-5278585 -601167
-4611916 -5845393
-8391202 -8232215
-2669963 3368315
130273 1764236
531116 6217681
-6783699 -7285193
-3060832 7099794
469565 242978
764661 -804054
2146930 -3981688
-4891910 -3731186
4492606 -5429344
-9235382 -4063624
-4547952 8030436
-2570731 9277115
5948074 -7310185
6973953 -4666295
1218372 7556873
-678891 -5696010
3038023 -8651355
6579805 2368577
-531629 6254324
-3502698 -6481027
-4768729 9937936
-4043752 -221685
6047129 -105447
4465210 -6419310
-482933 -6943913
-8913477 -2253820
9539648 -2514533
-7308365 -8967856
-3634151 5487722
-4439053 9665588
-6030422 7584221
1449219 -2601591
9766986 7007601
-4221722 -1970976
-5935651 -8248290
4205998 2275580
4570248 -704380
1706525 2678599
6259289 617377
3673465 8688087
8950620 8292708
-4221824 4759988
-1691515 8490268
-3505658 -9013837
-9348249 4674334
-5225092 -5428358
1970051 7137681
-3338366 6224127
-5746849 1737037
-3994901 2439912
7231845 -9166148
-7354176 -9788902
2889697 1802093
-7580530 4352349
3040437 -851014
-2558305 -1390713
5885628 1991057
-7002323 -4263777
-3277614 -5805887
1384799 -507981
4063661 9890489
7028170 6159707
2383834 8550064
287102 -6310196
6129717 -846663
-12811 -1191447
-980349 -4122086
7680007 2633013
9501715 4425700
-6425313 2615829
3741469 2542152
7049561 -6467266
-8214691 -372903
-3662438 -9952762
-7944391 -1492305
-9085464 7722361
3882069 -1364377
-2814313 7942706
-8367490 8782255
-9548055 -10859
8797695 278579
6156493 -7044514
-1895148 -2182654
4759399 -3647148
8968682 -2393433
2665071 8334086
4383172 2710151
4853600 -7769016
4794574 -1315167
7192528 -8808838
1429875 6850183
-4514194 623416
-1433878 7828296
6610552 2671494
5176987 -7285016
2993564 -421151
-4949313 3974682
4308381 -8333591
-1980738 3155539
3278458 -932220
9918218 9504296
-5269201 -4056471
-9309135 -3182258
5502575 2100751
3291913 5485439
2335623 -4788545
5834871 -5278212
-7449915 337781
5525627 -5599007
9632329 1676989
3772190 702615
7193649 2625893
-3191345 8822877
-5505231 1502030
3086162 -2655731
9364917 7773227
6233109 3004380
9822122 -5904284
6196467 6923974
2409414 -2158951
3052504 -7995268
9242872 7261389
-2400830 -1112625
-4195280 4309309
8502650 5641150
-3656235 -4562950
579295 2274840
-6385930 -6462586
-2444203 7387950
7248571 -1891161
8398418 -9358041
-3837308 6613488
3225556 4631527
-5928146 8501166
-3657784 -8061625
-6056893 6481268
-3740991 9394720
-9201552 -6814020
11641 3858179
-7984319 -3396832
-5443430 -1485708
3305484 -1640554
-5586787 5135866
-4959832 6919554
7544745 1969010
2610969 -7711260
1418580 5943164
-6908957 8773661
7274828 -5355863
-3417488 -2837103
6160517 6133396
5528116 -6958028
8744304 -7580474
-1205942 -1157084
5446085 -1244055
7270237 809739
1685538 2519007
-2345127 575722
-9988372 6098751
-1932239 -4788606
-2499866 7556374
-3984110 3195082
-5514904 1435066
6079203 -893067
6269831 4276276
409672 5178068
8220040 2430348
-2633773 8454140
-2702943 6964344
-4279711 6160285
9486376 5259494
-2221499 5506879
8598953 1171914
-2729335 -2050273
3161121 8610581
-1316693 -2145222
-8950139 3177607
-5387327 4699197
6322483 -4465043
2327585 3208229
-1613703 2592314
7539014 -7262743
-8808603 -3393663
6087033 7421593
-3901770 -8995194
6264300 -8192678
-169447 -4415393
6756521 6559154
-5491119 -1570494
9556440 6543539
6914669 186354
-6636039 -9243901
-2028351 7964530
6015839 -9507014
3701215 -5705868
-597202 -9140224
-6402967 4603864
3726553 9458164
6879758 7304783
825941 -186414
-5862739 -7022012
-1437405 9606594
6165748 3967814
4913673 7835469
-3104640 3190981
-6622665 4470113
5226212 -6189971
4290912 9257648
9750634 -6802139
-9991655 -7176897
-6317120 -4031798
3088418 -588857
-1130692 -2720087
7101048 -3185028
6628558 -4250934
-8756594 -2073010
-2466416 3282171
-2750014 -193998
-9842177 6215684
-593335 -7836341
-849876 -2946817
-6620436 -4699648
7074352 -5623664
-9909450 7670476
-9506420 -658662
5309540 -9901105
-7973609 -5823540
-6027275 -1602041
-2270717 895699
-838883 -8926226
-8482884 6874193
156365 404523
2726877 -8432948
7782736 7406351
2086362 -4598948
-5029413 9705753
-4993895 -8763514
8129174 -1649848
-3979372 -7919543
-6061853 8219724
834972 9030560
-6792980 9247688
-9838001 2861363
6273414 9696098
3286224 -9592366
7281827 7950883
-9128242 4803340
6370392 -2561808
7360895 3598636
8999688 4153128
3858881 -8036391
-6799905 -6029724
-5163220 1381338
-4021853 3845622
-5418302 857408
-7595679 -83706
-8319666 5416670
-9205615 -4388659
7823791 4358685
4766319 -415849
-2464966 1110015
-4086645 -5435501
2002691 -1593207
4521781 4800099
-1046773 -8120061
-6156452 -3962179
8097 5328460
9226150 -2956356
3405618 -2638771
8218638 7720649
-2363056 7987316
-4079661 -9377041
8750652 -8166370
-1291332 -3285276
-1184772 6574444
-2315541 5991339
-9444162 6350262
-5242945 -3885833
-9085734 2558530
4438469 9278836
-4683342 -7616154
228658 798369
358365 -2158893
5202337 -545191
-2824542 -6236017
-8248700 -4062673
9076638 -2671246
-8321263 -9812009
9419067 343642
9434438 387405
-3621256 -1765705
-5415442 9635250
-4250583 -3065417
2009465 -8142035
-8863198 9180035
-8436119 8964286
-237345 8969812
-3189081 1792540
3763701 -9878979
-6114996 4529608
2983287 3455511
-9215734 8152656
856999 -5423723
4919920 4979355
-4633240 276067
8510362 -3129290
-3494040 -5738144
-6287209 5611272
7469238 -5228271
-6048235 -1761392
-2797106 8606040
92204 8031998
-7659110 -518098
-7880725 6903123
-6050916 -1379057
-7923545 8520631
6673288 -551277
4025001 5377073
356428 -2469713
322706 -8538727
-1668017 -1760460
-4982252 -1166931
-5555659 4837944
9609673 -1269460
-514500 -8086421
3035971 6077790
-3373859 6688395
8686649 -6871825
2547651 -1032969
7587975 -9194076
9326555 -986913
8461810 9664430
-2442145 -1483805
-1437165 2486811
-3535564 7914283
-3846177 8885541
-9765038 4796420
-7849284 1171571
2418463 7195656
1625587 4276741
354532 -8096036
1108711 -5338441
-9693914 6980673
8464056 -7688288
-6882364 2853737
4383176 6052031
-1767187 4960543
-6523261 2844987
7848150 5790668
-3778697 -5444074
5957819 -5687413
1625359 -5108522
-1420598 6192782
3388438 3776075
-1947184 -9002135
5418181 7530377
-7808064 923700
-2095627 -3473108
-1161396 5014375
-9615536 8884782
-2546835 -5527408
9433136 4767641
-9871020 5685979
-6007001 5426227
2498505 493482
-2677579 214303
-2377867 -1543676
-5350894 8947780
2723855 6201535
-284247 553896
-1915726 3293024
-5783276 -4866066
-5822821 -7207438
7806937 -5362550
-6477768 -4467865
4728 8191402
2959043 975397
9177728 -8045784
7380443 -4395625
6097857 -6829272
-4098617 -7604700
851624 -6579721
-7631941 3523516
-7758596 -1982917
8570979 -2391733
-9098709 1957157
-392557 9171605
4480520 7634367
-7728183 3784622
9316758 2287457
-7004789 -4205951
