42 -7235565 -3900724
98
-2347665 6209958
-1761564 -1587163
755768 -5409392
9242354 -3712161
1505264 -7455945
-3450381 5398826
-9744763 -4682095
4409985 -4825789
-7258974 6159456
2147136 9457763
3902006 -7760602
-807517 -4049329
-7507346 8352559
2930543 2504534
-2214679 -1497897
-5287938 9029819
-2557343 5437657
-9971735 2950498
9238338 714777
-4224816 1786971
9702150 743602
-1422141 2324804
15367 2473739
-1366805 -7012156
4961960 -4727255
-2487856 -9219668
9247355 -1136034
9732878 6704627
-790839 -8259990
242113 -4820227
-5790407 6994482
-5051509 -2529473
-9578974 -5831398
-2600269 7493108
-8203568 9659364
-7080682 3174915
8016071 -8501418
3972321 1497177
-2998626 -9452209
-4179464 5121869
5902201 -8036666
-6656348 -4150968
-7446341 5149556
-594082 5592882
-9227344 -5720828
3790007 2164384
9634911 7498601
-8332797 8738498
-1252041 -9944063
2231653 -933066
4758201 544391
2042973 -2332677
1680853 -4709375
-4161584 8531646
3653515 8682227
3161913 -5824696
24337 -7927932
-262023 6505565
-5385200 -4905652
-626479 9143895
-6175369 -4612544
-7113943 5679880
-3065270 -6540457
6031832 7069612
8652898 5682689
8743432 -9220162
-9036487 -4072549
1218076 786405
-8165596 2644366
-6157055 7056492
3748149 5487919
76340 7004858
-3973224 -6227514
-8616814 9814317
1474564 641576
-1454616 -6726941
8952939 5299196
1275091 -6052207
3533757 -4112330
4086711 9823275
3119465 2186655
8114106 2830144
6132901 4082979
9243697 -667817
8905027 7967305
-4028423 -6913357
2607853 2653176
-1057986 6047917
-1621414 1150981
4308909 -7158447
-3885388 9853150
5152346 -7145707
9318438 7583904
5987926 8943789
8767065 2852195
-4961150 74637
5421133 1886530
8485861 5669309
