8 -1837130 -9813438
826
-9661882 -2046854
1581319 9352317
9718985 -8577079
5698155 3175896
-9811192 7297790
-9717906 2033865
-3200745 -1478408
-2196184 7739988
6899340 -3003271
-799379 -7752324
-3987960 8824163
-9950540 6343781
-3863507 1157941
6877295 299618
8462488 -4913682
-4444184 -419791
-1067474 1316959
2739880 7137136
-7170616 -8832136
982006 -1561964
2988253 -6981808
-5943864 -6219547
4036793 9787508
-3215762 -5623696
-3376020 936133
-239704 -1498789
7361344 -4847628
6310313 -190243
2625727 -6502163
-8899493 -4296040
5284170 1088216
-7594825 -3343677
6309811 6733048
417264 -2338593
6099443 9139195
4673739 -8600729
-4820276 -912304
-8608443 8729875
5622531 9216517
-7330998 -9307853
-806642 -7753489
-2601117 2429299
4755408 -3445298
-7431109 6225549
-8070491 -2618865
985703 -6330602
325721 -269969
-3536920 -4092770
3568638 -3364467
8291080 -603304
-6687681 -7815567
-6211518 2964820
1694695 -1507957
-9775088 -4819961
-4127814 -2682773
-7919910 5410267
-2160434 -2418104
-3347050 -8004674
8220875 5111326
5008813 -8261807
-4592409 -9849616
-119584 -4005483
-5581901 -1750336
-2598451 -1140152
8256544 7986737
-9828829 -4307370
8657450 -8431136
-7422741 -6040347
-8343956 -7131503
-7297924 5318524
-6754857 -9955418
-2373522 -5217833
9293845 1084709
8712387 -3204220
-1466027 7514720
181456 3721200
2232069 -3542084
4707580 2578224
3954424 -833479
-2846742 -7890870
-9681888 -5272679
8812537 9840781
6316786 8975562
-8155941 3906148
-8258976 7972830
533764 -5453864
-8155345 -5013833
-1412772 676594
7472374 -8861500
1169572 -2700385
3537168 8522699
-5019385 3867380
8961957 8285589
-2547890 2204548
-3169970 2916381
160054 -2878279
-3037498 -2851858
-3876296 -1027409
5395092 -6720711
3768471 -9515885
7546603 7136116
-7877716 6818588
-2504818 1907610
3046110 709512
525480 7483909
-1477040 6732034
-6884233 6579000
4864589 3503576
8224476 -7922276
-2489543 4833052
-8045227 -4945494
2202648 7670512
9159455 -1082725
-5287084 842704
1326819 4554547
1690664 997740
-9667320 -8610225
3297385 -3670700
-444836 -2172138
7828123 8859848
5591882 -9919356
6659644 -3648916
2371012 8707649
3301725 -5959414
8873638 595488
5649994 -9187817
8482695 -9171589
-7737962 -9631006
1211698 158502
-5286950 9491307
489047 5054869
6444644 -1079934
5249366 821727
1165941 -257970
-1398122 -5195470
7401527 -1005935
-2138499 6710112
5417762 4061171
8101757 -9767487
828001 -1280513
-7951978 -508253
320158 8994347
9363341 3047069
-6794428 2582197
2073504 575039
8146260 -2081378
-644960 5078903
8416982 4590905
6849287 -5395594
-8074712 -7900725
-6390308 -4548835
4677629 9326815
-4095661 1471193
1703706 95391
1331231 6522448
-3985804 5048059
4042406 3379253
8942675 -1149294
-8567097 -4077901
-986510 -7851753
-7416779 -3977241
3618014 -2840249
4267008 1938261
-940981 -5448652
9166976 1116295
-916188 -6499341
-7172525 -7223332
4247862 -6238559
-3626815 -8751834
286966 8467920
-3967668 7704416
-6399979 -1182486
7668221 2591090
8513190 5059048
7207295 1617476
156588 -2473320
-2797217 9790516
-5754871 6290954
-9157697 -8530209
2586086 -4179500
-678840 -9990721
5302299 -8330102
7947692 -5335013
-4086847 -7933487
-9465566 -5679123
4541645 -1283529
7533986 9083118
1674208 658018
-4282933 5202207
9336035 187398
230431 -7075638
5231231 -507377
-4216422 7433214
8903006 1992712
7813213 9142233
9151512 -5994556
-4324657 -2865627
-5684288 4453811
6520325 6139387
-9539736 228865
1461688 -428889
-1345771 5001909
8176279 -1004326
6714233 -9671563
-6967812 -6106654
9334061 6050269
8059244 3262619
695833 -2918356
9074356 -6157178
5501407 -401161
3604284 -596079
-945354 4652919
-8376917 1795979
-9548282 3370358
6115575 659760
2747223 -9088018
-1569757 -2422736
-910710 3917804
-3237407 -3393478
-6983779 -4196476
4370145 -205219
-6942600 -7649718
-8051722 2429389
-1211436 -3730414
5868425 3538986
-7057092 -5710029
1459243 -8010939
-3698608 -5486094
7884265 -4401322
-1225210 -3246890
-9818556 -3483808
4093456 4038365
-2043831 -1388313
-2265438 5699099
-8497377 4718762
7029896 750783
-4382583 -1610880
-9181491 -9912704
8873234 -2434305
-8895319 -392927
-3586603 4741660
-752927 6563941
3594200 388992
5987670 -1935182
-2665720 1478465
511009 -5237540
1317177 -2484275
-1356236 7120818
2819917 9273346
-3491540 -1105322
9645461 4322540
-7288340 -6461644
6142005 7779230
7861277 6046521
8169947 5015239
-7726749 1482311
-1953748 7099696
-2511312 -5963323
-5382153 4156804
-4364731 -6523642
-9244830 1952127
1984204 -1337369
-4216551 2072347
-6137955 -9372031
-7961001 8603366
-4557742 370505
3908862 -8315539
1980043 -9329730
-766857 -7432781
7582458 -158679
-8676368 -2596910
-5497214 2372062
6408739 -8113764
6043041 1991474
-2015816 -8973414
-4504935 4194662
-7142707 -1260646
3328053 7479270
623591 -8842906
2276812 7190098
-2439396 2662590
-3136597 7719070
905692 3985818
-930611 1359799
-8798880 -9861164
-9941722 9168199
1540261 5041104
6927340 7077417
-931109 -9534648
4008290 -4513267
2197748 -430572
8308782 9503356
-501022 5055041
-1271512 -5846812
-8656714 2638921
7817863 -8994700
1240723 -8579758
5406060 7197619
-1442582 -7853585
4801603 -5524551
-6356351 -7725110
7315994 4859882
1937299 -2299738
-1834385 -3240314
2246420 3522542
-6908030 -7826095
4193613 6960520
2015561 3917105
8070293 6208943
-8635784 3260401
4265702 1929931
3350174 1698432
-1103949 -4493575
-9830808 -8727414
-4251964 -30179
2244711 4970796
-7652970 -8091963
-391701 -7922943
-8646905 4284329
-9676777 290266
-5019476 -3884133
-6923613 5931546
-151349 1690489
-2100567 -2391699
-9131298 -9564704
2365227 -8219999
3478433 5134404
3157181 8231753
9504340 -7625516
-5139343 3326374
-9186478 7768728
9676765 -378280
1698777 -6839448
-38767 -8198584
2091683 3051873
9167740 284456
-3783998 -411441
-8720952 -7755872
-147571 -1418995
-983699 -821519
958483 -6762517
8371888 3897881
2129634 6953268
9327753 -5954579
-111853 1633974
-8080946 6704762
-3673517 701669
3862221 -8404181
5913588 8025260
-6406515 -6176546
-3375737 -9478377
110182 5277578
38058 2840265
-8578729 1389230
3084064 2406839
5644322 -7046076
6851805 6558899
3512167 -3467438
577984 -8502208
-4351882 2839920
-7938965 -9533869
1167801 -2432827
-837008 -1612482
8929130 7546374
-8630171 7592932
8114555 5038968
316546 -2005908
3350709 -1775263
9613968 -9645396
-4722205 4771980
7725905 2698032
-743069 -9077883
-2545320 -2905938
-1408146 -7230902
-1874629 8032664
1015147 -3243675
4323498 186406
1090276 -7817052
9729323 6002842
3595775 19406
-4941626 3615504
4125948 1710330
9935068 -2108728
-9237772 -2523343
4764990 2065388
7279772 -3959977
-3037859 -4992753
-5382339 9053055
-8177847 -3066827
-5034163 -4274132
2482193 -7536124
-4833366 5980984
680285 -3194309
5324885 -1226738
8792669 -7074040
-942184 -1079340
3147343 6367395
6775020 -6816236
-6823227 3082411
7664151 7537248
6093624 458115
5465362 4943923
3996978 5572117
-7494710 2599376
8325244 -1664517
-6684288 9987479
-1515185 807437
129480 -9001302
-228039 9165100
4607412 -4545635
4375026 -8919018
7448377 -6334772
9365344 -2477631
3121132 -3260251
6793350 5058470
-4483415 -6698365
8245558 2886974
-1540909 3498300
-3902324 -5241112
-4389277 -6519267
-6531788 -5577080
-2253291 -1073565
-74866 1953027
-6365520 7876189
-6669446 9697095
-9221923 8241892
4423473 7705580
7744301 742806
7482556 -3694831
-8636361 -6618215
-3316580 4275906
9679232 9396577
2894877 7445330
-7795782 -9345325
-5864592 1508905
-1551823 -9668706
-742271 -2396380
9556647 6194886
4071075 1699215
-6087338 5707479
3949372 -82019
-9860086 -5309261
-2050102 -1627155
4678014 7884215
3782353 7948806
-5258936 -1441994
-2045417 -9534227
427456 -5579704
7591323 3365812
-5125283 -4851974
-4520680 -8273269
-8153297 -4160754
-7965868 -2746598
8952617 3919702
-372818 -1378441
8539540 -7134720
-9927629 -6423446
-5534249 1195806
-919978 -9461379
8487427 1660117
2734475 5378727
-1639148 5744843
2681491 -9310942
-3428778 8788308
-6063665 272814
-5484103 -6037709
-198463 -8067993
-814591 -3637400
-9717697 -5647979
-4510068 -9345621
6036011 -90515
-3997609 6545825
-2258369 -1375266
-836644 -7015506
-2839037 -661995
-5283268 -9832865
5911979 9895439
3100849 3077585
1865893 -8890178
1382637 9672072
6150715 -1681420
-7233060 5898534
-7738865 -4047747
-7179374 1952349
-4876920 5059790
-5030725 -1689441
-5143616 -8840909
-216174 -6511982
-3527488 2598015
-8063979 1463534
-5852979 3633475
3528914 9169105
2246690 2575352
3685175 9146116
8818188 6628936
7463868 7584164
3482698 -2514745
3437508 -9769192
2183158 -1739815
5836327 -1225513
-398602 7306238
981682 -9194398
-5706380 4457782
9572149 3281860
-5254606 766132
6915960 4024522
3193628 -1107585
-8532232 444874
-7892658 7956670
4585606 5152943
-4746541 -9074470
-1589214 2049475
2280283 8736157
9512695 4364646
5655485 6979793
-3197616 5349022
-1329023 -4743117
2231017 300418
-6417722 -4519051
-1236566 -5680481
8344041 -1672328
-263561 -4320606
-1359380 -5945979
-7989308 -6279441
1389854 747963
-5810155 -887350
3678477 6643313
-2104177 -4883017
1997982 8475113
5454906 -2591482
5273892 -2346533
2910351 4773642
-4925940 6461221
-8057829 7657720
-8022761 -8827310
-499638 705605
6384999 2837633
6891654 1753154
5473713 -4974381
-1710066 1418698
3047701 -3136432
-6493119 2479780
7596763 -3273822
-4798709 -6080944
1327574 -405255
-235435 -9343802
-2053808 9117819
5579040 -7325084
2848988 -4463395
-3290705 7521211
-1773184 4826228
-9819787 -1273990
-9520836 7128167
4670139 7071867
-8993082 -1530771
5332797 -7039927
5439853 4054619
-9219203 1356031
5275087 -4447031
5147714 8498441
1670991 9119014
753185 -5087721
-9896453 9617183
-4846212 -3667775
6369789 2952536
-9704884 1863084
-9410906 7112957
4241125 -9524671
63548 3584610
-7946161 -1088736
1871337 -6413182
7641437 -97011
3775372 9827543
-4619488 938587
-562972 -8433189
-9314175 3044578
7956858 -8891981
3241554 -6044638
-7196060 576757
6045645 8395343
-7225221 9173729
-1196962 6340761
-667558 5880225
-535165 -6955837
-5528221 1912343
5499161 -5964974
3938015 -1140531
-1312988 -4343049
6595538 -2286613
-719801 4067524
-2887898 8548918
2173289 -7517624
-3562261 7585312
-9321578 -4585157
-6189814 -8241969
-9068240 6724067
-4418819 9101317
4981542 -7748850
-4704686 4913623
-3174034 6962729
-9002244 -7716555
1142914 4841480
-9501569 4935771
5165511 9829926
-3586198 7093969
-1840761 -5554290
9444438 -3957743
6143921 -9667472
-4252629 8398529
-9843440 6822343
-3937237 -7926090
3691579 3604672
5855823 1643944
9073919 -1326878
8152203 3667489
5950934 8416238
3257718 9149959
-3397917 -2906151
9440127 3756149
-6633530 -8232406
8729656 8370282
-5587461 -5957939
-5625411 8174094
6572624 3072812
-104844 -7361688
-5287778 -754464
-7149791 5957919
-9881785 8403802
9593276 1222384
-5110127 9192134
7608372 7745479
6895439 -9159193
-9548992 866090
7138591 6013874
7781468 2407488
777770 3021413
7063474 6511124
4685218 -2293339
-9220527 -8561937
-5923624 -6225806
3019731 -6809019
1665252 -8695050
2225104 -1613708
9608676 1783467
975602 1818380
-7919788 7014901
372060 -8899674
-5517231 1492003
-2494123 -6660579
5746909 -8378640
-2840874 -4712655
4314821 9041031
-3252308 -5777400
8177016 -999961
-4709414 -9956483
-6765501 4769744
-1408954 826669
9212961 4899751
9199571 -9183849
-4849117 1337989
-1647110 175173
1275499 -2768905
1239450 8724950
4580723 5758268
-104019 8745327
6549024 327632
-631337 7055107
3794059 863845
2380237 -1367293
-1323775 -5512573
9257171 7670823
-8986156 -5572924
1843179 -2151782
-8819279 2743157
-5918854 1042750
3734275 -3668396
-3920948 -5049612
6191690 7526127
-4199253 7318502
-1419818 772414
3616398 -1786920
7784539 7645558
-1490596 -7014938
-5865879 1578599
6066026 -9110359
1076816 -4673302
-246226 -2160450
5687768 2090660
7350169 4113306
-4843944 6868489
5716445 -8568685
8898055 1406684
-1067189 4311849
-5853296 -2393903
8378511 4733558
-7053361 2726886
372444 1994910
-2503676 -9268822
-5173871 1398200
-5195807 -5853203
-526504 3408508
-8751942 5881009
-9511979 9227270
-4143072 -547822
8837019 7838190
1785857 -6470663
4936021 4553464
-8618334 -6799736
806362 6385184
-6364906 -4471630
771608 -8298775
-3787513 -3418267
9829264 3660404
-4941395 3708811
7855609 7171745
580253 -137202
8260160 -2670895
9072727 -5655337
3796841 1264533
-8380924 -5070344
-9024655 2633860
-2812675 -4078715
-878450 5911366
2296550 -1431009
-3386287 9927912
-8370863 5931644
5029730 7385321
1045725 -9642023
4066788 -2624654
7063443 -1379318
999833 -5561251
-5715794 -2356303
1988360 -740007
3040878 5873286
3319294 -4214798
935414 4659954
-9418760 4294639
-7277643 8122739
9208082 -7780858
4663406 5018907
-6533097 -4178205
5723468 6292543
-833128 8496633
8388331 -3230806
-2093772 -6766339
-9811238 5451775
5611824 8906061
-9317594 6989321
2862607 -9883464
8418090 3723285
-9100409 8698253
2992892 -646495
9992596 3997183
6216325 5715249
-6749492 9200679
7538826 879731
9688627 -3282589
7730397 3262295
2547841 -1144501
-5394488 -1364920
6603207 -9545931
1876483 7310627
4299948 2215031
-5152080 2558889
8798526 9678907
893512 -6733990
-4864133 9698118
-3788347 6402756
-5365643 -4871536
6845495 4944331
8340414 -2115135
-2881372 -3099327
-9837032 8029041
9400893 7365377
-3999542 -4772839
8197583 6522757
-3650264 -7396335
-2664951 74066
-7367045 3166036
2844943 2182969
-2034669 3947834
-3837696 6254807
2657563 -4382449
746015 2373957
-2681712 7291920
-4823215 -2408490
-2991465 8175055
6204096 -5188234
-7822857 -2828496
-5084983 -1878659
7160451 -9306047
-6702381 -6887400
3186666 -6489813
6676224 -6850980
-2151659 -1664026
4800160 -7962481
8292327 -1669976
3947575 -9037536
-4147227 -6533758
-9241837 -5306410
-5198548 3171062
1346117 8451300
-6736934 1809988
1497844 -9933435
-9295741 7956562
8650515 6412861
2041814 7864710
3891249 4464486
129858 7744832
8597158 567473
-4878655 7978199
-3691776 3397318
4359782 -6586328
9396266 2772151
7465742 -9787444
-4100030 -9845571
1122082 4783546
9109886 -237561
-7654644 -3098500
-5141938 607730
9536944 5565967
-4052971 6024930
489416 -5904890
-8160058 9838279
405752 -9380725
1113826 -9562899
