239 -5742639 -3209019
263
-9205199 5926868
7794690 2857646
1079719 -9533199
2723150 2781419
9327288 -567698
-5926691 -3921557
-4483928 7261274
-4251333 7590433
9365512 8183791
295810 -7872550
7719737 -6853409
-3066258 -4848172
8546373 1394030
-2909904 4280026
8537387 -1121365
-5194497 -3602571
9255076 1848541
2315342 -7399807
-2102035 334795
2283449 7554844
-6366713 -2774747
7002879 6356758
-3536456 -850640
9849503 -7248453
-5121003 -4170944
-8508001 -7338335
-2186506 -7401265
-3490883 -1574259
5222119 8876219
-2245146 3599213
2512995 3759507
8124400 -4923290
-9806745 1768071
-7897134 439742
-2005414 -1908780
5316474 4386315
-6740575 -5855774
-4190062 -5164295
-2412748 -277031
-1931623 -4340559
-1678894 -5017398
-9902311 -439624
502470 -1349048
-2472829 -3393194
2722371 -4275411
2000448 -2201622
2875088 -4764634
7003437 124848
3080942 3068343
-8840436 1622655
8525322 -8924471
7736107 -1007610
3828095 4301100
6540421 -6453955
-8278162 3931700
1430654 -5391201
-3314473 -7440704
1210249 1528343
8135149 -295651
-2054709 1253772
9052150 -6626128
-1390761 9945739
-7413060 1927238
7511934 8129028
-7731964 5667882
-740237 1187850
-9819760 3309710
-2389190 -3004130
-6941733 -3475313
2972739 6667584
3792735 -5219895
-2660598 -5596607
5931736 2994614
-7301036 1066003
-7680225 -3416763
-7526538 644255
-6893654 -8628074
-4184484 -6400947
-8271919 -4306714
3877521 5843802
-2968348 6512469
-177820 -6862716
-7350493 9728244
8769284 -50658
-3383074 -4292226
487880 1742023
-1338231 2926013
-4079372 7827282
-8590363 -5406495
-6306905 -1380408
9263847 -6270588
7617690 8682909
-7718038 -7629807
-9420168 5949559
1793361 -5989957
3038865 4457353
7594637 8825014
1069610 -7138955
-4673261 -9755856
8468271 -161106
-8419082 1943666
7386031 -1043849
9299785 242687
-2647456 -6693341
1926251 -9290578
6955186 -6438009
-7755100 -6293550
8592996 4572877
522436 -5473138
-8946742 9172828
-3853467 4832149
-3826485 4092123
-530480 6257522
-981981 7243126
9598372 4796259
9256277 -2513710
6442441 -8820710
-6061671 6642309
9948968 -1741422
-1032000 -6192774
9885569 -5608428
-9385626 -4076814
3012415 4646822
9173684 9207370
896550 6051203
883353 2743294
9351769 -440565
-4183042 -426780
9332698 -1178711
6133901 4834977
-7678733 8931071
2626713 5390178
-5451161 1280060
2054990 6565043
2888621 7014160
-8594268 -8977010
9462528 2774190
-2578988 4536458
-3739819 -5008704
3558851 9111049
1854343 7156731
-3283833 6958556
-3468223 1206113
2543754 -4950523
9884454 -4135525
-5204454 -1322345
6584186 4722073
8518485 7422260
-3496345 -8866975
8147185 573475
-5887183 9392276
-5317182 2069269
9122080 6091697
3599345 -5379817
6247584 -4617739
-7461008 -2841803
-5883247 -9381721
-5659256 -8228489
9337340 648530
-970642 6884499
8078506 1738146
8976571 -3658744
-6236484 4662692
-1687930 7495056
-9415117 -7216477
4692151 -3540745
1044877 7214052
-4177898 9374970
6511505 166957
5549218 9421447
9095996 2759089
3377368 604562
-5107574 -6787250
-3622368 7718113
-2881036 -5770234
-1515735 5406990
-8251753 -4802530
9860163 -2539164
7472245 8028115
-9188361 -1827767
-2852160 573480
-2212467 -1979858
-2604888 709069
3392378 -3874013
8063786 6422969
-817942 -8542052
-5421137 7159783
2888885 5075779
-4689756 -528711
-3782593 9266517
-2810140 2429208
7626678 -2781976
4678861 -8545541
1998926 3193
8175426 2151106
-7275414 -4673083
3347060 7839619
-1451312 -6971529
-8329190 3258524
-318506 -8058933
5915367 9734597
-589268 1379904
-3544317 -9505770
-7518129 -7700383
4082486 -5717721
6711487 -8784369
-1566345 3788698
-2240491 -3145482
6857711 -6887484
-2220026 9758436
-4914647 -2450510
-4610891 504561
-3950616 8432413
1690938 -3545851
-9088432 -2279805
9971144 3888784
-4731312 6826936
7321166 -618124
1681493 -5759276
-1476997 9803038
-8981331 8280331
2069030 7750843
-5394639 -547676
-4918807 2344891
2103327 -8536928
-987438 2861167
5882080 -294967
-1862554 -3081977
3372173 -8068535
-7831988 2344736
-3766480 4283741
1110677 -7860844
1521032 1502209
-1740715 -9051804
3267586 5718877
-3484440 6782288
-2950517 4286255
6254931 1100942
-6554166 1654844
-4365731 3852476
-3286356 5549161
-4745806 -2836817
4081207 -7404276
7043541 -4092007
8252729 -2546620
-8262879 1727905
3867061 -5513750
-1495189 -4635849
-3687653 7904445
-3860326 -719552
8579088 2096285
-3617460 2655235
-6243823 -4371428
-200232 5153823
-993700 -2797989
5267525 5434037
-7402779 -1763704
-6651628 3038071
8946064 6678428
6648160 2908266
-5363829 -284854
-3282252 901633
6265784 1019585
