58 -8468387 -1047101
985
216130 -9462734
2113063 5282735
8422143 2898890
-6195447 5694457
-489707 -5269989
782788 3700082
-6240766 3337316
-851087 2584089
6465549 -4599362
-1323977 1226980
6121994 -2647360
1169010 -3184317
4666691 5363850
3171652 8694034
-9774353 6732675
7269941 -7875449
7407286 441778
5857020 -8100644
110166 -1654219
3075792 2177925
8394359 9620459
2957775 6374932
-1040978 -7846406
-9929416 4623040
-4149980 7940923
-4706437 -8737041
-1921357 -8027985
-147783 -1021075
-9810689 -7254666
1994361 -6976131
-4851580 2931311
5889441 -8219346
-6319990 5072059
5934192 1746461
6440738 3790176
3410635 -8473663
7901269 4835097
6988691 8884762
-3975846 9376643
7317566 -424373
838587 1874175
-3637458 5127482
-5893593 1433582
4178916 6214759
1754981 -5704281
-256618 8689629
-9529717 -580247
7008164 -4367177
-104364 -5849707
7940470 2942357
4468694 -3663626
-8828529 -6132543
5268572 -5113685
-5737041 676515
-9747858 -8707274
-4316747 4096877
-775641 1090729
-7475689 2045795
-9223093 -4152881
-7340810 -780421
-2090792 2531888
4467993 2402572
8035395 -1620509
-4953863 1476158
-5581485 -9552617
-3216243 5502959
9370416 1403561
-1193772 -2044772
8631743 -2844660
-9035581 3069187
9682417 8883886
-7509033 -3352328
1209820 -8576872
-2729753 7531631
9267562 1986727
7034967 -7554211
4848361 9693123
-1927386 1502960
-7020882 -4599892
-4152509 -4364897
-8861938 9913985
1317546 2631248
3102829 3024831
-9819829 -9876225
-4290686 1734572
-6865190 -8855410
-9691385 7908083
9331212 8142130
5673761 1518435
6021514 -3398541
-952751 -2542325
-2849202 3056481
7075793 6411962
4328423 5223413
-9141484 -9945088
9968897 -9824086
-4676485 4512931
-2462238 -6197204
6442923 8426344
-7322732 -9765715
3895228 4668589
2576673 8328431
6470561 4203843
8238630 1907885
1025696 -5339326
2118349 4260144
9832977 2589297
-8482388 9269148
-2991087 -574878
-519966 5846035
-1461699 -9616219
4896712 -8034716
8284432 -3621832
7320864 4950826
5185112 -2756293
-8087704 2514485
842916 -919660
-6715817 -2994679
8913206 9829829
7006855 4039165
-9184339 -7544745
-2439096 -874796
-9089296 3164990
-7409888 -921484
7440903 -9564031
3336103 2070147
-3448217 -4020795
-5126275 -1767185
-6816358 7352567
-5403726 -7805410
4709075 8368754
9965446 -3491430
3513892 8068343
7898172 -6750371
-194854 -5056550
9915057 4905027
6546583 620807
-6214203 9992314
-929170 -26360
409609 -3624091
962408 9028086
7523643 -6254288
-5505120 30543
-2616890 -7602632
-5408042 -9805126
1079980 1979384
1004307 1817385
-114272 1045426
-3188593 7034551
4494353 -9699748
5205279 6616553
-2762640 4409411
4401725 -5731785
-3241793 -6460491
-84582 5988907
5016993 -315832
-4053767 3394179
-6575278 -4943012
-2545643 441113
-6847661 807833
5303569 -5437333
6380053 4232319
7794097 -3692124
-6657573 8782133
9082386 -5394496
3738409 7836781
-5237456 -3195983
1072232 3492121
7031630 9164269
-2330472 7830439
-9969040 9463400
-4626069 5202874
-9740138 -4022807
-1065342 -1201346
2122839 -2285781
-5206761 2086997
8835668 -2573592
3734285 -8826708
9955425 6629765
3751621 -406936
-2570155 1554163
8358181 -9993618
3498503 2192389
-6126990 -569587
9777205 -6953515
5026237 1542539
-3254587 9808165
-4214642 -9599831
-8284825 9521627
-2764153 -2763632
9323365 3838014
3780774 2029086
-4281270 675385
9821502 -2484941
7108124 8190507
-255329 3573123
-3904143 7054321
-753289 -1897148
49617 2110712
5157197 -4363927
-305036 -7656826
-7848661 -7300214
5616307 -1043271
-1521643 -9546951
-2310583 7331482
-6314152 5714204
-9740358 9529134
204519 7466623
7498034 8494724
-798417 26021
6115496 -2877490
-5823168 8946254
9565458 4727705
-3161583 -4060105
1575968 -384924
1958250 4511966
7211753 -8729067
227662 -3374058
9595343 2828060
-7324105 8706019
-3063425 9801113
1846599 8878095
-1138930 9712569
8207293 -7948881
-5406508 -3640895
3481615 9925229
8871483 3225341
-2046954 7658447
-6401658 953294
-9431630 4791464
-696570 -2309337
-1038404 -4957028
-5814734 9031535
-5624052 1705610
-7072018 6296962
6098075 9568195
8446290 -135443
-7906521 -2055326
-7487855 -2692639
3666466 2817124
2742353 9621990
-4636317 9664433
7322881 -5869811
5083483 3316729
-9375455 3437575
-8871762 -1831795
-4272471 -7555672
-8524137 -7393814
4311797 -87204
8726110 -4148189
7936358 -243869
2137040 -2659463
-2198437 6382649
-6309990 4230519
9563996 313709
-7547949 -127172
-7946387 2306349
6436538 -2184266
3648815 1892846
-4669578 -5963627
2204578 4273361
-765959 8975012
-8418801 7932108
-9638744 709904
-921932 -1590652
681831 9087366
-3572097 -2985574
5913427 -7181129
7049391 4229466
7059527 2119789
-8007383 6613387
-8563912 2027930
2360016 6562583
-1544571 388979
4425352 -3991168
2798545 3785851
-4722784 -3370069
7078391 -7967414
2742490 9374767
-9699533 -44001
-956635 4336910
3867689 982298
3801169 -2012380
4733438 -218884
-8099094 -6633088
2496651 -5690682
6337248 6409875
2972458 3932740
6838071 -1302735
4706097 -8572112
-2269909 1263423
409706 -9979006
-7946420 3007307
2382074 -9995551
-39552 -2687578
-8350667 2682541
6181191 1520165
9507785 -1966626
7814490 -17639
3349273 -3242424
1066894 2231748
-1358376 8362277
2295017 -2595858
-1382241 4130434
5558322 -8350560
2912863 5840208
5861202 5804766
-1187927 5838922
5843371 7914782
7743557 3710500
-3606959 -4196180
7323985 1909242
9942616 -7425767
-4927054 -651877
6105699 7757106
-11145 938571
-699152 -2827407
-2906913 1146831
-4722735 4112217
5761657 5710847
1551055 3351940
-843294 -8809127
7029795 -2587742
7843392 7968779
-5804369 -4610482
1193338 -1896699
-9987457 -6894975
8195610 -8966324
381799 9955159
228618 -6731444
4207127 9003850
-3823557 2733825
-6119344 6024328
136545 -4214118
-8503271 -8325727
5026213 8414555
9605428 -4435863
-4507253 -5817081
4668051 -848425
4541093 -6663861
-6044207 8863682
-8031293 8250784
9284460 -6031664
-6076504 -9835683
5949225 -7817389
-8813539 -3331534
9402291 -7327295
8697033 9879256
-4334862 5799299
7473572 -8650070
9764485 -2838132
2726005 -4983862
-8284591 1886265
3554192 735104
-3412405 6383460
-2236505 -9388362
8862422 543388
4511725 -7751446
4929224 663234
-4637803 951573
7620039 878449
3551154 -3451342
-3572086 -461318
7854333 -5235461
-3885530 -5390596
1771272 5327905
2860395 8395307
-7202075 7013629
-2251267 4575805
-6524383 6352117
-519893 4336329
-5120283 -6244536
-3995981 -9141119
1522115 1907794
-7140633 3449595
-5671956 -599336
5949322 2995758
-7465560 395551
-2323558 4893588
9502993 -9611227
-1766969 3790912
-5297428 -6209383
3320599 3609778
-1814417 -9983151
-1114682 -8930668
-2077987 -5822447
-2066983 8365426
9224307 -4681917
7225877 -3546612
2419335 -6737225
2663439 -9914755
3081003 6747380
9659283 -8870886
6022702 -1868204
-8963079 -2664275
3642990 -1957953
1832665 -8213696
5396083 861914
878763 -4846736
8738948 6098018
2791923 9764081
8129507 -3339038
1979045 -9275059
9694681 -129833
3132942 -8278726
-8193481 2114017
-8622251 8312733
9441847 -2596125
-1947977 3553384
3405461 -2019098
6022949 -8394704
-6608399 9564803
426717 -9628034
8041582 8787684
-2597946 3821832
3585914 -703117
-1525803 -9806022
3435271 -5768227
-3381708 -9546758
4690868 -4353696
7760321 2267586
580320 6497388
6417615 1654422
-4792194 22167
8003069 6985990
8591286 1129620
694423 4026019
-3085663 -8017113
3286923 3637493
-2540675 -5044080
4252803 -9311022
3399308 3561591
309717 -7273000
5696594 -3165421
2480883 6928009
-804404 -7096186
9401202 -7242443
-3071669 9775916
-7685565 -1664831
-4678841 -5347510
5782110 -9682495
-3140124 -6087554
8411685 -3523467
-9885974 3774213
1246485 1698609
-5096061 -9910296
3651295 8015640
3258992 819599
170530 -6038988
3405374 -8528062
-5624247 5167765
7925322 -7399030
4893238 6293307
-5371523 7370006
-7977504 7207673
7525178 -7534012
8894786 7804606
6797491 6901406
-6808028 7306472
-8478567 -572130
-482426 4438457
-5029550 8941724
-7722325 5685221
9646234 8229442
9701381 2448205
-2384030 -4432040
-1831070 -5922866
2886793 8057645
5427651 5578520
2786193 31622
2497611 -33501
-9712543 -7172276
9729130 -6091251
3731573 7084948
9029170 5437454
-124088 -2230642
9227434 -1453256
6748318 -2637286
-4407844 -8494891
3953314 6394552
4478864 7809889
4403375 4085637
2143282 -7352206
742666 -2709831
7321791 -9912715
-7429864 -6471141
8872935 -7664246
-3755496 -7142407
9942541 1118418
-3444128 9976077
-9738212 8971712
-9965192 -1051864
6310850 9489222
-9005668 6783126
-4305970 4419359
2229248 -2536002
-8450365 -9827106
5337040 -3367376
-3560855 -3790731
8812906 -3920294
-7875082 -6239064
8613043 -8616958
-5759365 3514205
-5367377 -5142453
7349976 6699529
5671241 -6295152
2652984 7611764
7100987 -1777599
-4994472 -8519813
5899546 611671
8075669 -6784090
-6611195 -1871206
-2722230 2141657
8350926 1242197
7321904 3716915
-5796 7163833
1063227 1963174
-4522621 -1392753
-4018854 5303863
2003392 -7373645
8847555 -6668878
3459239 -9809015
-1586614 -5983109
-4502922 -6923422
3688249 -4064734
-848823 -8603376
-7958229 -5719730
6421927 -4943666
6298531 -8164107
5552809 -2710794
-5546961 -3863213
8099961 8063365
-3329388 -1967382
-6663519 6093693
1236400 2651758
-1500768 -2143775
-1952790 83955
4100846 -8041529
7551401 -1023051
4912215 2114277
-3972747 -6243998
-1963727 6579744
-8363922 -9414624
-7578730 6974552
-5736242 7934610
-5928603 490431
-1446204 -8766851
-734232 4687711
781404 5224408
-9607482 2602249
2974827 4534156
7134463 -8591898
5882926 3538389
-7484662 1235309
5865938 3434327
7190330 -56094
-3476350 -8106808
4994920 7742955
4717507 -9323919
8610691 7416190
-2093379 1497618
2730767 -7317912
-113849 -1023231
6717529 -8003465
-2884863 -9332445
-2281937 7110047
8518150 -9910036
-3855295 -5147474
-1395812 4401076
-9648245 -1339956
1120302 -5529874
8879670 58437
-9682256 160304
836385 3874591
-6192867 -2448396
9049222 -552924
-5354483 1713755
3206876 1779989
-3707123 4531668
-2284424 -75594
-2965547 3408014
-3985670 5433639
2802518 8068955
-5013617 2159035
3335431 -8593294
-4123168 -4661861
-2087072 6972085
-2867610 7272855
1147446 -1769327
5782277 7968775
9932204 4954579
9184686 4831499
9127840 7094073
-5857907 2391563
-7684031 -4579283
1345083 -5625979
2324013 -8133226
2452082 7359413
-7965199 -4873469
-3466763 7438465
5292956 -2113416
-5141330 -5073579
-7800724 -6794115
1436558 -5492588
4992539 -4136926
-9182346 9735187
4566686 4924743
-5464832 2518692
-5089745 3694526
1631596 -1322738
3051283 9742576
4125703 -7023321
2852445 -4624704
-6981821 -3422215
-5983750 4887246
5290182 -448584
-3005810 1825559
-2452204 2665204
7172616 -806534
5056541 1500706
1235893 2165156
9606251 -1609453
3425591 -4197421
2013457 -5858580
-4664966 8335847
594775 -6354947
-3378267 902669
-1205682 -5279522
-6185385 9474178
-3122224 1812497
3880266 -9652782
2172777 4684310
-2650485 -9125544
67922 9720573
1221279 -5477869
6687287 7640815
-3968638 -7542828
-9223897 6293539
2951311 9456954
309153 2789560
6434614 8286345
-8294634 3420280
657111 5572699
5046877 499684
-7687818 4471726
4818944 4441005
-874685 6192448
7066904 9508073
9228646 -1008818
3513314 9651178
7291994 -7033723
7939801 -7283047
1526844 5839708
-2186986 8715904
-5978183 -5521845
5280852 638519
6575152 -9543569
-1454518 6986219
-2514097 -2767737
4220341 6108711
549716 -7685563
1023237 -960714
-1452641 2191383
-8817434 -1909859
-9742328 -9707642
5774987 -2787768
-70815 66018
8422078 3714789
-5052955 -8543970
8450537 -3764907
-610036 -1031138
-8058355 3731390
717609 8481468
-4286269 487127
-3404162 719864
3034302 2450425
-8510289 -338094
-8146710 -5942461
-5335967 -7446578
5362132 5552208
-7235560 7438057
-2495925 1137120
7368261 2693625
-3333993 -4073847
-5322402 -7684694
-6199479 -4883455
8847935 -3416085
-4934617 -4257834
-1254354 -7918104
-4681888 -6704533
5745892 5341484
7519743 8352414
4926306 -248045
-5178271 1889385
-2558407 2106691
-455252 -9816138
-6162666 -7277615
-2067638 7048823
5491328 -8794405
6037253 4598370
9714915 -9831073
-3247158 2354126
8096293 1079202
-4322550 1818225
5113692 9358291
-2783873 995562
-8135671 -6624064
3127891 -5264130
6625255 6790635
-8586322 7949621
8133483 6583200
9305585 958426
-9476399 4487169
-1790884 -2762052
4352670 6014929
-1299792 6762721
-883152 -3416063
7663139 5453050
9787628 9729493
9087784 5856941
-3147497 -2582328
793609 -3696089
-6443866 -8766816
8023819 -6078500
-8128879 2697741
-719058 1953849
-7087725 2520956
-2991875 -8897121
-9142821 5952228
1967158 -2266407
-5503685 5209849
-8206214 -9332634
-1363231 3613163
3342656 1973277
-2169782 -1575603
5842069 -5053208
1250703 -2800926
-1567742 -3364322
557179 -2676811
-9979069 8972430
926279 -5055348
-18039 -8181775
5437456 3838555
-209217 6990086
7240032 6294636
1504485 4274293
4941660 -8263653
5349510 3298272
-4728451 6094781
-5480822 -1307834
3638958 -4381880
2817194 -9638753
9513278 7406013
7245555 -8750548
-9778118 -7413191
-2468539 -217162
1601063 1148162
7503069 7513422
-2980139 -2961481
-6666845 9810204
4084498 -5740107
-4003760 -2646007
3168617 -8457490
7637291 3862102
5070620 956518
6574638 4672821
-2449580 -8774070
8631943 -608168
-6842363 -2936302
-349493 -1606150
8176688 -6620481
-2955967 -301679
9728095 -7705897
-8151025 7063454
6873659 -3252044
-6475799 -4817870
-4947525 -6525491
7533371 -7963207
5898895 8221092
-822389 5170662
-7640165 969515
2195445 8268601
-2339566 -89745
6973954 -6656259
1737591 -6665577
9230294 9140813
-1160866 -7569368
-5275265 -3725672
-6662218 -1432770
-2168462 -3426290
-5727807 2727793
6202302 1355740
3392533 -675332
-9937887 3735673
-8577313 -8192219
2777296 -760276
-2491675 -6217478
3692778 7489094
-9167165 -2314889
-6464114 -6816916
-7676103 -4913222
-2482590 -7233819
-8443139 -6320616
2246614 -5241502
1332208 -5105357
138789 -9921848
-6049756 -1879247
-38226 -3658909
2593117 -140870
1666911 23887
1779963 4015804
314679 -5555793
-8066699 9288288
9489752 6523809
2223245 5282488
-9630733 -6974362
8308171 4547142
8226526 -9596971
-4838473 9865032
7276028 -7010508
5583997 -989912
7130841 -2585183
-3727740 2050593
-8090277 -2907385
-367146 8865377
-4602466 3576634
537194 -8587183
3217458 5712213
-5247626 -5013153
-9730664 2707210
-1750800 6975619
-5960887 3154955
3557984 9073724
8938756 4781992
7771484 1235864
2762304 -1268864
6145953 -4128167
7922427 -106855
-497887 -7581786
3799943 2348502
8441489 9134967
3064137 9197477
-2573958 -1021317
3965530 -3718405
1505157 2178416
-8329613 -3248782
9906173 2270709
1344433 -4290499
-9508507 -4019490
-267274 -7200458
1530678 779329
6651163 -7504970
-5095473 -2323368
-7388802 -2910058
1954796 -3077008
8574312 6411141
-1875029 396285
9374968 1638449
7920044 5551013
-9754218 -4143149
-4875579 -574799
-8304090 -8083831
-9857978 7546947
6043809 -4443304
-1643762 -9366485
-6070803 -4223465
-9212083 9886916
-9920100 3096712
2703006 8208796
-4868211 -7308902
1618592 -5342198
5054088 6222453
-2139098 9743563
-2189072 -3054592
-4681389 -4219054
-2277501 -1943290
-7510768 443033
-2010020 -8065239
-2508543 5147606
5781122 -5966211
-7673324 5847695
-1749036 2226671
-4676617 -6885407
-8676611 -1669136
1021963 8026389
-7315809 8971530
5193983 -7359445
4900470 254631
7200040 5571237
-8647817 -7288602
-6715539 -7481349
2961684 -8408966
-6474204 -4226307
-9078701 3468016
7501805 -6466395
1897653 -781227
3961796 9828481
5459426 -9851383
-1520519 9285179
7311568 -700832
-1729302 9501444
4658351 2512112
-7233257 5981034
1552271 -441179
-5213428 2483135
5001787 -4579193
-2988159 -1928967
-3638922 -9520177
-3535808 -6946011
9103947 -2717623
-982497 -6034003
6310831 1001600
1150217 -7020701
4780831 1770257
3585777 9629698
1647495 -5391249
7120863 -8143524
353862 -3694154
-1618980 2403959
-5112906 -8093867
9843292 3167592
-8761375 2405233
-4598591 9371486
4941827 -2400297
-2601568 1865601
-1652050 4045774
-4952626 -1067713
-5572061 -5341219
-1054609 6197591
-1656358 9208770
6333873 -7468832
6903996 9991137
8813335 3454737
8375048 -2742142
-8319656 9710707
2878299 5778494
-9299920 4039988
3411474 -3366724
-3250669 8617841
-7000206 -1646698
-7600924 -3335884
-1887245 1347744
-1477122 9962803
6160394 2540694
-5734184 -15379
2515789 -5495964
7011525 3116042
9087131 -8063862
-8289652 5824861
5535568 7462179
-4242975 5907044
-52967 -9069780
-9920152 -3542895
7591298 -6641493
-5771839 -3170820
-3990352 -9408908
-5544811 -3372762
9106393 4122403
9179450 2978067
-7037312 5266787
2287176 5961618
-922340 -2005171
-7552681 -701299
7639914 -1835209
8143322 -5842332
-9935288 3175483
-3377945 -6099652
-7126195 -7471903
-4113395 -3298097
-3952565 -9534896
3572548 114766
-741644 2057083
8695839 8027737
1005804 -9118899
6147889 391641
8869611 -3515156
-3003974 -9048583
-7233530 -9536376
-8855233 -8040303
-3882635 -9593615
-3901780 9288090
5704790 8698430
3742879 2720275
9422178 1094947
1560051 9629484
