48 -9583292 -7520733
363
-7417250 -5052204
1707452 1014159
3314707 6430358
-6713043 4567827
-2964624 5519099
2094391 3572410
7650246 5034834
7730713 -5339665
-2230785 6772500
4463203 -7699659
6860560 7776930
-4911250 8233323
-2715304 -8062151
3218984 -7449358
-7032649 3820058
1284206 5698251
9228763 8066453
4496811 -7008341
75838 2543470
-1937430 300120
-6127470 7111214
-5337599 2673313
-150000 -8477224
8295276 -7606886
7209807 7619215
-2087503 -4725168
6024507 -3413281
-1475431 3001247
-1931758 -6690797
-354386 4259905
-41843 1035593
-897954 -9070180
-6078521 -813080
4246742 -6401143
-3584671 3997318
-6375116 -7690688
-2501022 287860
-5673012 -1712715
-6803248 7348978
4968194 -7377735
-9586551 -9593441
9509631 -7119309
-1601709 6437956
2263512 -9449448
4810457 6466533
-9981522 -8090874
-7161054 -5231386
-3528114 -879476
-4764267 9276778
-4209552 -9281371
5544293 1651062
4455274 -8068316
-7264678 5559623
-4575046 8782263
3920880 -4067926
8854985 -9606852
5790191 4334329
772285 8364616
8915168 6704834
-4312281 -6964203
-5055077 3725626
1010592 -4293803
-2656927 -9699778
2093352 -1169
717460 2578806
-5770131 400152
2331836 8778105
4337729 1201495
-16242 -2416490
-3968064 9762683
2672183 -6095362
8238967 -5113078
5767890 -9021274
199913 -8472395
-5436598 4683059
-9074963 -1596016
4110182 -7975322
4841252 -5548019
4450812 3969607
-3451586 9450956
-7632540 7684624
6462730 -6705365
4496130 -2784352
4799159 -6683189
5595846 -5520111
-9099121 -9168905
8234369 -9215619
-8236893 1656199
3183804 4002260
-8798329 -5520628
2883357 263558
-5195412 4643060
9095041 9509891
3479498 2162192
-5870500 -3937794
-6253170 -9972088
5838899 -3503040
3712609 2725912
6042723 335030
-2668729 -8971880
-8140785 -5845079
-5060698 -1767850
2404701 2609937
-3387803 9218762
-6301866 8104857
-9115232 -9669780
4973280 -902157
-1392266 8205708
367901 -3415327
2646879 4603585
-2852151 -2986247
3510714 6393710
-880378 -7013251
-4161869 9739675
-9232205 7678698
-8166381 3169402
3917904 5143362
-9730349 9289274
8508036 -3677394
-5572537 -3118152
9728420 -7793830
-6179634 -4687769
6034292 -2781948
3802726 -5055548
9548037 -3597807
-4067702 -3550395
5359667 9212239
4715340 1959364
1699039 6995642
-2809308 -9446529
3722873 -5016814
2642901 -975689
-9170063 -2359223
-3520265 2912552
2310753 9337973
4060496 -6576449
-8747866 -5444475
1773578 7880862
-7174686 7286426
6204971 -4423696
-5457739 4889704
4101943 -7862730
4096634 9901929
6897571 -1182717
-8112894 8312026
5811564 -5911737
-4371074 -1873669
5767108 -9029183
3883370 -3541136
8313189 4763196
8186747 8710475
-6734000 2373685
-7229101 9438881
-758340 5039578
3132234 -4403786
3002270 -4553369
-2416099 7674496
7576425 9620565
-9045800 4196888
2508914 -3009652
-6405037 -7158694
967637 -1679522
-708704 -8259759
-9284543 9251097
-3469355 5691018
-3082155 9028647
-6081316 -5282608
6672626 183845
7739776 -3310416
-5197850 -4085714
1360917 872010
-1453494 7804420
7424985 1461171
-4341941 8639283
8145983 895537
3736843 683325
1520155 -8259054
-6518812 7220832
6471929 -9188549
-981179 6712997
5741644 -6997425
-9763681 5936666
8636864 9660329
-3650087 -574703
5339583 6376640
9765002 -6331585
-8527165 9216853
-6805624 -1688491
9467144 1414172
4826061 -1147565
9535760 7613128
1870426 -1437096
8300088 1055915
-5616281 5351614
-5419036 -2711631
290944 -4081108
-8144441 -9677392
2499289 -6956384
2468913 3008775
-614585 1365554
5033969 -9675151
9541702 -8333231
-7505370 -976844
-9562672 -7263922
-5895135 -8038225
9574903 5263389
6342645 6156977
9729244 1445329
9313296 4642733
-8068897 -5887037
-7451792 -6105740
6733220 -5261601
-9701633 -5596233
-71106 -767490
-9401936 2767281
-4391518 9314309
3497430 5632034
-5344810 7666536
-9597386 5992061
7953836 7608871
-4611388 7023831
3180808 45091
4006772 4247610
-8593305 2910052
-460632 3320068
-269320 5854150
-9407450 2087576
-992305 -3536099
-1787237 3407269
-3825450 8936589
767250 -1189173
6959213 -5700616
-8034080 -5735320
-9743259 4130756
1739627 4884886
1908717 726929
-9227980 -355409
-6107799 7605877
-6967718 4778793
-9384787 -4701103
-8846953 2571650
7175578 -7137754
-673853 4261949
-2330781 8699625
152566 7538910
8866089 -3639879
659506 -9080184
7700848 5825303
-7527589 2625426
-2489687 473942
3717223 4212038
6372981 1935382
-458740 -2994404
-8215611 -9734817
8080432 2573542
7661544 4915954
7778200 1749831
8528133 -2646526
-3946901 9620699
-324039 -3802648
-4926175 -1277983
-7841815 -1457949
6883706 -1750317
-9124890 9859033
-7150673 9356117
-3915493 -9098225
2837157 -917097
6088499 4973840
5239023 4894769
-2531689 7872888
-4694806 -4164193
101991 7646207
-5000319 5599747
5220446 -1369876
-2656172 -6430868
2291149 -5103592
-4045189 2417653
-9332663 4449334
-3175280 5354869
-2772662 4058799
4960574 -7809601
1273302 -4171803
-9197963 -9685917
5208853 -2638199
7751041 -1442587
4393220 5193516
2839724 5572588
1172335 7011563
-4358313 7839405
3924890 -3607219
-6194459 2985515
-4596831 8732391
-4301922 -7723296
7631573 8586858
2645657 -4960850
-2770451 -5141089
687108 -9877417
-9563334 1019204
897357 -5994502
2562911 5645519
839036 -8835249
-746309 9472483
6484047 6195112
-3449131 -9573974
9335159 -7874266
5111250 -9524241
9208151 -6859299
-4582595 3030771
-5866019 7422581
-7538269 5565331
-9575758 6779638
6902221 -7792368
-4256812 -6372297
-2366799 -144761
8017111 6640546
321649 2712464
2184947 -8627501
7567611 9575340
-9998634 -1331006
-6688919 -5881520
7110592 1852877
4993578 8422331
-6030546 -1164905
-3742324 2927336
-1507333 -1896565
7399425 -1280593
-6556609 -8566739
7577316 -3182002
6673237 -813420
8343478 7726869
439333 4690348
-1420801 -1334873
-9243181 -7375719
-6190373 -3853190
-7218357 3274537
-4872586 -2879292
8059391 9892235
-8756318 2637345
-4435319 -7971155
-7351368 -2498642
-1262883 -3426300
-9476687 -9951943
9382407 2180508
-8632912 8100630
-1656149 6055645
-6737655 2226918
-9107955 8783185
3923818 1841545
504707 -8351136
4923401 249797
7370506 3286350
-4305063 2567168
-4795487 -2053751
-7508553 -3061381
-3043671 -6714454
-7624402 -4859921
7704489 5693446
-9609693 -7101089
3515893 7086896
-4341107 4273747
-3499334 -8140255
3159282 -1078761
3279136 -2607289
