361 -5049958 -5525239
934
-2877293 -421906
8853829 -1395151
-5384611 7656581
4109028 8107305
2700986 3061732
6795594 1674078
-7420148 311929
5516161 -2862625
9364249 -5830832
5613994 -5189241
3187086 -4985269
-6389968 3039061
2416023 -8078021
9102894 -856054
4093989 -8917043
-6822597 -6422344
2182505 3733048
1389629 -7968768
-9861463 -685754
4892331 8015009
-7794561 -4644125
5667805 -5795723
1341653 -5214708
-8529188 1183966
5994725 705902
5720633 -398842
5156571 -8301837
-6379857 1847018
-9009036 -2427405
-8828096 5239389
8817045 5084953
-8665646 -5650693
8896891 -6484097
-4653499 2723983
-6744655 1551780
6907656 -9761168
-5556890 -4539216
-7237572 2575461
6275779 5784763
-3509335 6749592
8867103 -5213143
-3514980 4727651
9091021 4023674
-8403731 -7378485
7860905 -9918015
-2316709 -7231827
9633832 -805698
-4773443 -982355
4257980 8530723
82504 573059
811891 29677
-1993186 9506512
-5401675 5255001
-6443884 769242
-9964813 -9125896
-4339039 -7436866
-192863 8902290
2925964 -5337666
-2716151 -1101842
-8503505 -2961414
-7676889 7661106
-3144591 -820214
713783 4473296
3004019 -5401682
5171377 -5028236
-2482207 5602875
-2374261 -4016731
3754622 5524607
-3706150 2224064
3098169 -172909
2390225 8845389
7747679 1275482
5937816 -7802638
-6388128 -6810005
-7255067 5738018
-4084524 -4891633
-3195494 -4931955
9541341 -4712763
-114444 7518289
5006405 -4938288
3180940 -4943067
-6443446 -7475801
8048806 -9193321
3030744 -172471
9654620 6859008
5704397 8645265
-79253 2044845
-3241441 -4031572
-841576 8374916
-3370714 370431
-2004850 1903357
-512246 2544762
348352 4799656
2317946 -970905
-3392840 -9766092
7807193 -2675649
-7635098 9788100
3111131 3880100
-6292371 -9586291
7272717 8658227
7303492 -6637751
-2076554 -4506533
1461895 9740592
631860 4682005
7568788 3136671
-4959971 7261146
-7677740 -4436062
-9636405 -2955865
-1410417 2670612
-4579128 -4802107
-4961404 5196743
-2498805 -6771934
7108166 -2596501
-9666440 -9387674
9270554 3332147
6694396 122629
5616096 -909602
-1169010 7134194
1816199 -2922008
2731015 9462850
-759652 -8098661
9981629 7771044
7331532 1562609
6749573 -9654776
8059469 -4078885
-8882142 4686798
431216 5614418
-6982083 -8864595
-8252269 -9944266
3387881 5867829
-4009542 3534637
-7374964 -7401371
9732823 -8393445
-8799101 -6027622
-6564771 -5934626
-4033287 3931914
-5780689 2675577
6754538 -4051658
8809919 4067195
9988310 -3979536
-9292738 -614260
-4999842 3622520
4757925 1138478
1194212 -9465573
-1081392 -977992
-7443354 -5417907
9697074 4909067
-968026 7698034
-8329588 9429897
6011623 -7250775
-802509 -4894359
297571 -8021664
-9556970 -4066846
-9999651 -2947891
3072573 1769301
-8844958 9988659
3611179 3779835
7434665 8671552
1722332 -9114544
-92535 -1371123
-4272678 -9359060
5550007 -5019537
-7321503 7940748
7370645 7098333
9847558 -5651091
-8029097 3382268
-2123044 -954950
4978204 2268474
1836935 -9163661
2605640 4978554
-2516435 -5090491
1205696 -3722966
7464939 3611097
4496553 -8843286
-7698057 -812729
-7655437 6920370
-8099167 -9454382
8486366 7894571
-2490744 7095682
-8555408 -1626636
-8244368 -2643185
-1081783 -6584505
-1799679 -7851059
-7014720 6412773
1391327 -9962744
7463117 -1892728
4384307 1391245
-4997658 -8814834
-7658120 -5634402
3552869 2015247
-8548030 -5356177
-4810559 5897432
-3691645 5869155
2964838 -6324192
2049172 -3666036
3690779 4409430
341277 -3678844
-9013551 5125348
1538121 8541598
1095206 -6028271
-5404646 5445801
-3162954 -1441676
-256510 1496013
5861611 -5644260
-1112661 2085370
-754455 -8069168
344616 339309
-3791535 4434987
627147 -830676
5503288 1689655
8615437 5192671
4030179 -805933
6835767 -1043286
-9985336 5016629
1504710 -1626112
6336041 1109870
9668194 6100064
-9887571 -6826913
-9954821 -8071964
4013406 5974040
7904872 -8551129
1788180 -6741048
210291 -9234159
-64835 512997
4719004 3353790
-8937187 -4561547
4632520 3334441
-7708845 -2390656
-7374027 -6015361
2358527 4822171
8448394 -3352964
5263452 -1305431
-5615992 8116588
2560977 5375882
-6133726 6945540
8394411 -3425617
-7650313 4287499
5053340 -7301057
-4271707 -4923670
946472 -5011495
426958 -9552703
3781739 2009285
9618630 7575830
-8439531 -1410754
-6588582 4760955
3924343 -3564652
5129917 -8140188
2492752 -812204
7080030 2030278
-1024182 -4946271
-5855535 3462656
-2249845 9886581
-7414476 9010504
6603187 -7196505
-2208000 -1686183
-8722533 -2450341
2075297 8218958
5794788 5059206
6164804 1693927
8971234 -128391
6306958 9576222
3952386 2895578
4599726 -6046773
5983505 8961491
6531572 -5803892
7658764 7475675
7362256 3192389
2202894 -4591080
-9271233 9947781
-9222050 -1193919
-1127908 -1479232
9256078 -7944583
-369025 -9052611
-4842332 -2432781
7438828 -4204220
7888354 -5871097
-459167 3745786
7699014 1840741
-6681416 6656911
-9146981 -3801129
-6325453 2366508
-4441102 1028135
6437055 -8963197
3500936 278144
9084225 -317825
8202943 4278887
-1149344 -9527331
-8579941 7459021
7542592 8481632
-5722588 -3422273
-6777018 4981421
-8756441 -7834234
-3477141 2763815
-579274 1458925
7657797 -7642205
4724304 -7209903
3818233 3848696
4885499 -9716798
561346 -7228360
2453815 -9097212
-2301973 -7838077
-7365408 -6826890
3148484 6548683
-2453333 -5945349
-6851269 691076
8188849 1824079
-3493802 -3628287
1651881 1948761
-6592314 -4454591
-2096795 -8927393
6379057 3581835
-2569469 -7372491
5427063 -7286358
8001634 4832383
5735171 -4011591
-9333316 455450
-3855088 5949550
-4985415 -6698724
9872280 9293396
-7499175 2561253
6901684 5537363
-8090924 3206026
-4845213 5924234
-8530356 3560957
-2850083 -1437526
4660661 -627151
2000358 6045326
8758968 -7908807
6923576 -2572579
-4067818 6760602
9732404 -4824901
-8875351 -3401134
-7583506 8393669
203417 8655586
1216839 4805126
342489 2704242
8426621 -9365124
6559110 2251566
8328875 -6418592
-5339766 8028754
-2598397 7995144
4040470 9320896
3928441 1918313
1862086 -4684210
-7923607 -6631631
-1456532 7794268
6909486 4325149
2718818 -7815531
3356407 9325981
4131107 -7077764
-1857170 -5426753
-4791877 6989949
-758485 -3430549
-7332788 -8232767
2312340 -9913258
8081887 9843798
9164694 9713943
1632257 2122357
7438148 -4390513
-1022144 6010695
3804964 2030893
8872394 37676
-5261503 -6769198
5073135 -5892435
9546153 8094905
5184504 -8279405
8710544 -9794665
9291139 -9607373
4676212 -2047941
-1961199 -8041649
-8197851 -3011448
9218848 8637040
-6724250 3483196
9092683 -6632543
9378152 3230250
-4738857 -9413108
624568 -4300532
-1069729 6649889
-9242546 5363066
-4025677 -5996594
-4275999 2819959
3025295 -8841173
4067806 -5565455
-5097044 2316434
-3208863 -8739630
-9234725 -4541890
-5904850 -1406714
4592834 9984123
5867932 -2629100
-9398850 3685518
4272410 5246084
3461905 8378645
-2455113 7413330
-4707252 -7607824
8911934 -9181307
3638653 1267071
-5057750 7152288
-8413167 -3336052
1496734 9010056
-9729573 9006142
6980604 8287871
-3118843 3552054
3536177 -8924246
-9036993 3990344
-2324138 -8079539
-317103 4080509
-5024493 4464624
-5605694 -6855198
-4463022 2520394
3339087 -312945
3470478 6965265
4117553 9494092
-3841960 8412729
7422785 5704386
-2773120 171126
-1541003 209564
-6238382 -5792516
7799591 -2143493
-8153149 -185853
-5749040 8762598
-4640541 -477287
6503689 3933858
7078660 334966
5371712 -9102005
-6898598 5131991
2097256 -8772848
-9278756 6571881
4984610 -3785191
4435547 9395637
-433237 -5076253
-2350336 4178780
8386264 8025761
-4117732 -6072366
3741782 6185855
-2535195 -2270881
-231816 7992742
-5557048 -4659383
5675583 8788225
2202572 -8478387
6653604 -6436352
-5209200 5303975
-5607792 -8732788
-2517979 8028396
7424033 1893170
6816917 4433920
-1387300 -3009203
7532910 6982933
-9089432 -3001035
5701172 5931530
-6339351 -2831298
7677796 5682330
-8977053 -4054815
-5266590 -7879251
6158714 -785118
2778530 -547666
-5243691 2812318
-3404118 85682
-1885921 -8335131
3558039 4077903
-8971825 -4461888
-4954739 -7108691
9874242 -359124
-843807 -7421829
8509701 3301162
-9530136 7373717
3056047 4686702
-9368113 664013
2784762 -3404654
5810229 7881649
-2666016 -1056524
4272146 -8894889
1190794 -5393355
8787867 -9131972
-2537717 9304873
7359337 2345906
-2246433 -8993190
647686 -7595401
7499122 -9855838
3445324 2320231
-306051 -1474824
5728230 -3568459
7095554 5266348
-8138305 6360118
-3241881 -119684
1340144 7671924
8777035 -3391545
-6268547 8128642
1513022 -7515819
-8210946 -7480680
4865226 1491657
2498467 9148392
4069343 5135146
5279308 5662506
-2017263 1568465
2609993 -1275368
5156173 193038
-4540613 -1661776
7214694 -5231921
4648395 -2678918
-5006994 -6027187
-6902379 8504891
6633533 6286393
8770575 -3170926
-651606 -9337093
2154564 3075981
2224373 6729972
1865118 -5346968
2831890 8810068
378534 -2855574
-1614589 -9185373
-6475982 5504879
-6156897 6057936
-9173984 -1016595
6304487 -8942203
7546963 -2009237
-3504345 3813845
-7383410 -9355416
9990010 5645540
6308448 -8612835
-3020501 -661596
8584728 -9020636
8148748 9203872
530293 449847
110625 980638
-5688382 3425179
-1069942 8496036
4553973 -2164364
-664607 2773162
-3652689 5379989
5887104 -4360120
1970077 6410626
-428438 -7617241
544652 4586667
-1509815 -438428
1416328 9369452
-9651184 5469684
-2810092 1057
-9549096 1013917
-8005445 7720201
1145380 -6922119
-8426082 8822525
9174513 -9924561
-4635047 -1355757
6540584 -1490094
4149786 -5771384
-9360757 2427688
-2673200 8636215
3222883 -7272843
2288730 7871452
-242744 4229420
-300896 6221410
-3777533 -7377576
3636341 -594636
-2874434 9189723
-7732395 5630897
-3030226 787298
862737 6357875
-4997882 -3855712
4654194 -1255958
2972659 -8457298
-3513258 -8679667
9956548 -3871746
-1144589 3813542
-5798654 3179431
9925203 3660493
-118096 3958602
6581027 -375693
9029672 -1379277
-2189553 217368
8364617 8671590
-541112 -7405596
8952279 -4665608
1478680 2837978
-8417980 6470749
529803 -3867126
-2546793 -2928969
-4284363 7016545
830088 -2590244
3105539 -2912599
-9252106 -2452214
-8493611 3030743
5171402 -6853850
1766874 8087416
-9178864 -3282574
-4610984 2093673
4688077 9185754
7036498 -2635743
-9797765 -3843292
-7372543 -1484822
-2835596 4300607
-8628361 3157260
173805 4617612
4543720 9603628
-3308971 3520245
-8931968 -9834389
-4287294 9955276
-6898574 5090773
-4305459 -9115891
-9882113 -2615348
9478325 -3484323
8217783 -4493096
2871161 4166402
-9676890 5254281
6285811 3073396
9890355 5466919
-1375821 -6549784
584180 -8738006
3381975 1314337
7350934 -4872100
-4706489 2589356
2544632 935318
-3973909 1006218
-5593321 -1837589
5547063 1720632
752662 -5475434
-7452178 -2458259
-8291857 -8513203
6741079 -2064665
-8991269 4547606
14525 -4456758
-1006542 3415439
4677433 1155057
4985746 2093990
7221890 -9424240
3165117 2336680
-6728001 5031754
8554324 8226101
-3611488 -8185558
-3948573 5477355
-9998079 4451928
-8006331 6804089
8290886 5066096
-6998569 6218164
765770 -2451683
-4392088 6526515
-58046 3296648
-5548295 4601370
-3304639 7135739
7711500 9437451
-5709517 6433603
-6018291 -6607031
-8380930 -2437518
-8106723 5052385
529740 -9476065
4975863 -2055296
7265145 -6951986
8114110 -514116
-4295952 -1927617
-1862947 3631893
158408 6469819
-7717181 3744965
-1653665 2616714
-247546 -3265476
8688327 -2441952
6508004 -2536046
-6626725 -7021190
-6942355 3006065
-1941549 -5007655
-4483720 -5049078
-4588022 1104543
4152557 3008495
-7505621 -7322877
749506 -5216981
931265 -1801572
7184599 8886559
-4852124 -8910327
3706388 9467418
8718294 3494212
3568612 5975194
5955500 7406621
-9614569 -7407032
5599034 9328775
-5678880 -6556924
-9089650 6173837
-2721620 -7646247
5362248 -3677672
-8484197 3947290
1246661 372980
1087760 2265310
-6331779 -7822074
5783952 -1727641
-9743871 -1183902
4826662 -7993308
7981886 1490775
-1102604 -9088374
6020947 -3546262
-4217487 -8200821
7758608 1619981
-9689830 -7380015
7490090 8668958
7507639 -2411450
4052192 2852339
5741671 9023442
-6194896 -4701146
9993132 -3170569
-2381858 9989678
-1194224 5777084
300128 -9609377
1881398 6148790
-423232 -9201634
-2747896 -9221206
5094325 -4402285
-265952 3034617
5654603 2852933
-5961756 44218
149121 -4338955
8513384 -8454117
3085677 -5798687
-499833 -3228593
3600838 6890782
6880460 -7990348
303088 3735332
4125955 8202588
4351378 -9396783
-8598417 -3992647
-3213853 -6071854
-7957786 -1346312
4204657 -8119527
-2750242 1776262
4336833 -7624388
-1963342 1288002
-4649763 -5514046
-1312733 9066394
-4162198 8435915
5326697 703787
2713439 1954992
-4309675 -5276491
-7073903 5532879
6136096 9816280
-4176366 -206173
-3761675 54032
1224072 -4873867
9522958 -1719461
2573154 -4571271
-9679306 -3227283
577071 -3090013
1395941 -1642648
9940098 5927309
-3120424 2599560
-6696653 -4222100
249245 -7793727
-3070218 -1466862
-5933982 5939570
-1727798 -7627769
2166058 2718466
-7227502 4095836
1738322 8404383
9201275 -3487078
1941652 1261280
550349 1774429
8684416 -5221302
3136050 3643773
-428918 80357
5196269 3076148
1370401 6450658
1173283 8499617
9549107 4135998
75568 619417
2991648 6131477
-1150056 864122
7476311 7674058
6078441 -5861206
651717 -785367
2992265 5279716
-2945855 5109721
9888419 6058967
-297260 8254913
-9148378 -4459179
1133321 1790174
-9242816 6047892
-2936139 5020074
-843928 1930467
5066236 -3387032
-7255554 1747992
-7387885 -1942116
-4268058 -5889258
-9234112 -9911574
-696941 4326735
-7877196 1417605
9043678 4811676
870643 -8306699
9948215 8932097
-5527082 -9426617
2363557 -9200163
-635919 -1877408
-6857334 3120741
7567560 6427942
5557263 2298739
-5953269 2633796
3208032 8301709
4928803 -3341154
-3252728 8939974
-4216938 5694691
9628649 -1433317
-6621640 -2094134
-400833 8672327
120777 4249003
-2661261 -7936266
5379924 -2889953
5232639 2218648
-4660610 -5255995
3688300 8375306
674045 5423302
-1942901 -754437
-9936376 -2762872
-3587673 -8734869
2721458 4992427
-6796530 3159599
4242635 8504520
8926738 -7167881
4020799 137347
6902702 -1474095
-6894008 -5858424
-6232025 -5758559
6460090 8485916
5746273 9000615
-107727 4315832
-260866 -565427
8680136 3082670
-9680202 7796233
1577717 8743760
-3747461 -3267875
2408077 -5700825
5320047 -543990
-5195519 -3349288
-695589 4246785
5289042 8825280
5483208 -3792887
-7035093 8395034
-602698 9251184
768151 9424997
-3742819 -4856424
4578149 -9339576
3743094 5996315
-3691099 -4225362
7034750 -3420756
3311370 7886618
4702145 -6712710
-4740348 8235799
7402863 22192
-5731023 64133
-8594234 -3292726
2914387 9558019
469406 6888974
-1343490 -1604354
-2179357 9866708
-4989716 9424661
2601437 4077824
-7409508 2104786
395776 -3655469
-4559872 -8584255
9302363 -2569474
717816 8751498
-496351 -3479140
6543052 -1506180
8557954 -3093488
-3869862 3328381
2886400 9963720
-630954 1560877
9956524 -6644194
-6777485 8025557
-33430 -2222833
4371344 -9250849
2853937 -7431992
-8571109 -521812
893933 5766065
-6803408 -3130981
8136869 -7287352
-766492 -3569240
4924581 -2359482
-2936618 -4223440
1621293 3482535
-4037393 3193520
-5245602 -5492307
-9620148 5331653
-4126438 -5289078
-4995559 6118719
-615778 5840133
924493 1892137
-8629675 4754512
520577 2353384
1738756 -5219390
-2506742 3717169
2664282 -124375
32496 6726766
5019678 -2411137
3587750 7095878
289399 -3359029
-6334983 2066709
9914714 -2439851
-5212577 6561221
2679940 -4211723
4144762 -208136
4200354 4580514
-664974 7585607
-61009 5570679
2867642 9855604
-3910875 4194099
-5930275 -9639100
7087667 1269759
1374974 4102221
-6285549 -5376303
1264669 -5037276
-454215 4003850
4080351 4929686
-5992741 -539500
-2234871 8867774
-1340361 -796449
-6215935 -8090109
2011850 -7140007
947024 3119092
-4508952 4467193
-1338707 -6185334
6691919 -5903475
5366285 2731018
9349591 -3704062
919635 -3258741
-5779664 -6935958
-415755 -7815696
-369658 3766121
5742973 -6335404
-7467629 3637601
-7158848 -6491898
7934345 -6291638
9084707 -3374782
2260662 -53805
-5586611 -7451917
8879102 268062
-3119061 -4408966
838404 5571021
-8133041 -7752776
-8495164 187995
-4231611 2786594
-2512749 8241524
