241 8431021 -158019
878
-3933194 5390450
-4631441 3260922
-3211713 182022
7611598 -8660919
-5825531 1883196
-5601312 -2725006
3789519 -9954960
8078717 1403246
-7505402 4404811
-9791528 -8334133
-2418815 -1283486
-5482302 -4056086
-6108748 1735956
3195866 -437858
-9490485 1110481
-3499069 -6962152
-1184878 9092674
-725304 -5614157
8241276 5603409
-2513395 9402647
-3322359 -7584255
-7539215 1885293
5804891 2983513
-2611676 3055855
-2761926 815842
9532356 -2403204
-3942938 4819259
-3444785 -5949946
-3871452 -7535334
3575147 2267434
-2178366 9154416
8247090 2592431
6978274 6636756
-5243483 -2478214
9440785 5219550
151647 2243123
6644768 -3881573
9101940 2612433
8184640 -5033988
5781854 9006616
9119764 -4577286
2758326 5314210
1880616 7693179
-9842155 1829893
-5902673 525516
-320068 3732993
8841776 1918961
-8927931 -2072978
-2034839 5820050
-6444048 -4171413
588062 -2594054
-3959275 3707599
8836384 9749182
-5284806 7659017
6665633 7021024
4960091 -9502952
-1672390 -1698250
-4005071 -9765231
2064662 -9791774
733743 -3847226
2402119 -1321658
3113655 -9586325
-9142950 1243895
9580297 4185725
2530664 -1177789
-1255491 5652601
-639799 -6881274
-7132092 -2698413
-5039396 -9287063
250314 -9900545
-9403497 4142590
-7555660 -4789595
-4554826 -1075886
-8351308 -1560731
-2891605 26188
8704530 2382435
-4687537 2026867
5787114 1818186
8520263 -3830487
-2491924 5367412
1020013 1050927
-3313995 -1231063
6070524 2896566
-3874144 -446087
-7830280 3547481
-2309929 6376170
4102927 -7233776
-5793310 134411
1090032 2064453
-7909359 -4144618
754170 714779
-7258354 3311524
7646062 6066633
4752498 8528761
-3587475 6166325
9733604 4776926
-6454137 -51110
5361809 -3580391
-1510126 2132740
-4319779 -8512335
7863835 659595
-4057829 3370292
6021055 1966762
6547567 148861
-1479405 9627439
342218 8638208
1949732 1791117
-2142250 -4399783
-5871022 -7887854
8278471 5126600
-96474 541503
3006745 528427
-535612 3449390
-4417870 -1631446
-143781 7954263
-8869790 1262351
7148995 -9763594
-5280480 -2927619
-262406 3170050
2797489 -8732913
2421648 8258189
-7434341 5656059
-8743724 -5628620
8999879 423409
8066362 -4614746
-1556891 7278350
-9676870 -2030112
3935630 3966207
-7665239 -212482
-2258219 9517760
-6703537 -5292667
-5056261 -8611657
-1539276 2961810
-3868140 -336740
-6553301 8198318
-1027140 1445701
-2898239 5868347
2756080 1538519
4478280 -9125611
8775996 1755959
-8449339 -4939006
3030883 9735457
3701664 -8126209
-5822338 -3033487
9000626 6036426
-9256241 -5564205
-4175861 4813441
-2224748 8203850
-9616538 4284863
-5000466 -3576536
7869166 -6169838
2214861 -3511254
543617 7487279
878020 -5029059
-756748 7538249
-7400756 -345984
-610526 793914
-4815943 5630127
5112992 -6908862
9127564 -638281
3797515 -3370030
-8556588 2387675
591526 9621654
-3577131 -8264984
-9325168 -6508660
-2678498 -6061245
427501 8543998
-1452371 2052716
7023657 3487470
1025720 9425650
-8403982 -3733090
-422824 3624964
-8228557 985492
4076631 4761233
6639305 -599213
6030758 -4279453
624575 436820
-7425174 -9478
-5758110 -8783899
-5292559 -1002305
2936451 -5083278
5977073 -5454704
6598012 5880304
-632225 7041054
-1016944 -3861979
-5078717 -9606505
-3465189 579075
-8435433 -2985189
4292397 -9177394
-7260255 -1842450
3878098 931702
-8631478 1286855
3793729 -5497327
8235126 6459700
-4542605 8035619
5468694 5458919
2520567 910198
-3209497 1445767
-8996827 -8365069
-2227047 6158278
-931875 -13770
-9434695 -4789412
2225400 -1880712
-8541754 4646224
-7196225 -3482203
7449499 -5802009
5484847 6681873
3700898 1334373
-2205927 -721424
9830548 1936024
9911295 -4232180
6678019 5299242
9261361 2431863
4066794 -6531478
2143152 -9735466
250764 4356099
9566688 -8788723
-669435 816069
-4537706 -5691560
826237 788811
-2496846 -9217579
7464294 -9207912
-5357187 -7011999
-5217070 -6318456
-1866080 2436886
8204706 -5386522
2429072 -1954785
2993430 -2600923
867599 1690433
1954967 9576577
3932676 -6989249
6738380 -7794268
-4461847 -3984284
324156 8585297
-8109540 -6483201
-5700780 3666745
4458833 -606385
-5102032 4279866
477762 9101646
-5945116 -319102
-3189272 8611682
9173250 4775943
-7824980 9239800
930233 2166680
1743257 -4441028
-8913925 5401553
123637 8192286
-5791998 7824456
6409753 5661790
1694942 -2951489
-9284744 8300214
-2306171 -1489486
-7209619 -2309558
9308440 -4891851
-2694600 -4215505
-5603822 -6636675
655620 4116128
-4127719 -6430572
5736108 2830640
905964 -681134
-5279581 9995718
8188004 1992040
-183504 4844056
-6977801 -7603994
-8039131 8742601
7042815 4717141
-6772345 -7323874
-7117080 7252996
-7638854 8534388
-5681116 -7808640
8071037 -333454
6299026 -8768586
-5199158 -1273343
-8442702 -7828693
-5993474 3053302
3049020 -5020386
6971654 -1273055
6087354 1237024
-3850617 9304502
8047104 1625905
-3656954 -1889748
-6697270 -2393729
-5140732 -7912947
3137794 -3814350
-9106637 9736766
-8080336 -26970
1204444 8964400
-2308942 8218690
2906350 -1478362
4091292 -8235292
-3255678 -570772
672525 -2859687
893689 6232329
5536831 -3240121
8385784 -440576
186029 3583935
3706559 7245182
1848588 -3994889
2190762 8565827
818945 7502734
9992116 -4399523
-5435123 2738609
-6526349 1196560
2234550 -5227713
-3463005 -1103647
8325581 -3674158
-4017493 -4202330
-7970001 -1001893
-1725662 6876197
8951973 7566830
-6332882 9176475
6421657 -861998
5143114 7373677
-1544144 -9213403
805683 9850228
7967057 1791153
-5470238 797799
4510711 -7468066
-2695778 -9480235
-8067529 -3254739
-4412544 -3642431
2155239 -9741948
-8227489 1569963
-9037488 4185238
-5731579 46850
-8260323 9914486
-8431160 -2064461
7825568 8161334
1464284 -771694
-8405114 8797776
588929 -7730033
3067767 9561943
4610230 -2364957
-9328840 -9905170
-3159908 -8085548
-1727979 -7396369
-7138316 -5056100
6513863 2943613
-2871149 7150547
9713749 -7272
-7576434 1397272
1849163 -8546574
2131113 -6007594
-4262935 -7808917
-9011141 -6404603
8381716 9848303
9410247 -5905860
1729183 -6034165
-5939334 4020477
-1548719 2400344
5003975 900758
-1638990 -760346
-7816733 382011
-9951089 -5125127
4867601 -8171529
-4257905 9762660
-8783913 -192481
-3683722 7591259
2298694 -4136448
-8024699 2053343
1901646 -4196094
-101954 -9642983
-5677147 -6171755
365074 4143582
-3456074 -9100129
-5683019 1332707
-9427638 4064253
6962617 2677991
7552864 5271981
-383196 -472120
-709460 -5063182
4744337 5358900
-4533489 -6977021
-1113469 -8939385
-4369690 7765205
-6430889 861832
-6264798 48309
3876554 -4016490
-9872908 -9425593
-8525722 6757981
-1909312 9187370
-4232025 -4208741
8469250 -8820598
-1032264 -7269408
2258472 -1461534
3475284 8584540
-3540208 4065365
-395304 -9264026
4312941 1926303
-7792139 1007580
4385764 9943252
-7492087 8293324
-5723166 8120966
8695373 6384467
3142448 6920278
6107648 2686003
8477262 3749489
4928891 4391976
-361080 6946512
-4515021 -6103373
4997520 -8102607
-1520890 1476615
2212589 -8542688
3383616 600158
-8392262 9041883
8985135 -1892171
8917505 5993503
-3369179 -8506952
393867 5710692
2630970 7842547
528550 6052668
-197843 -8745029
5646947 -994187
8468677 -5268952
-8855972 -4714133
9699612 6470008
-2053376 6141548
7598860 -9304926
1295233 2675565
1717448 -6501172
-5876991 2902971
-8587174 -6781065
7228335 -6959485
8751207 -1956352
-4113805 -2377797
6191223 -6101471
-4846500 -1068903
453262 -4006620
-6759220 -9199553
8602667 -8561708
7908300 6901160
3042708 8302279
1513706 8371276
1046842 641569
-3343251 -7191061
5711910 5280642
8499578 779759
-3663374 -358911
7684737 -1755735
-1617180 -4912167
-1013638 6087284
7534733 -5425957
-6916225 4139863
-2543338 -2012004
-573712 8840908
5742068 8575681
-605687 9850940
8222217 -1215223
1942698 -9091981
-6283042 -8214589
7066053 1115799
-8104442 1945220
-8413691 -1918017
6326249 -1767816
-4163631 1787398
-9608966 7225421
-8200535 4822732
-8521053 7925768
-4086236 7399592
6240500 -8548039
2543995 -2143596
-2292656 1982569
3283698 -8061692
-7153673 8445913
-9768676 7742748
-1141453 9079637
1024857 7297378
7895713 -6729542
1502642 -4872481
-568731 4221962
1447384 -144636
7194448 -177696
-2251928 -4236799
5679145 1189747
2641708 -3821812
-3449056 1919646
6418567 -4814297
-2875989 -3225360
-4779446 -7781383
9961365 -7513310
-8433673 -4548122
5265608 -1180088
2090370 -4892463
-7248592 3161322
9899636 6109365
8481081 2182677
4521333 -6136628
-7857075 5675529
-3134724 4785757
-9036055 7822071
-258283 2023336
7209040 -9968759
-3194118 8676636
-9104747 6849403
1852446 2026436
-5334 -9143382
-7807118 -4064875
-6440986 -4739725
937949 -3200395
5425322 8826774
1009452 837585
-2782690 3906403
-7901716 8047137
2832895 -639765
-2817694 -1036440
-9013104 -3686808
-3655566 -559625
-1882989 712288
-9921956 -4333332
7693104 -8471384
4901586 -5553158
381967 -9795878
7980749 -389179
6410426 -3542666
-4715892 -1081302
2272636 -5647900
8258503 -1190088
-3142950 9489946
-8633467 2873139
-8163301 9689945
8519489 -8934808
505567 5339947
8568588 -5136077
530591 1138931
-4816101 8646632
-6906526 -9259953
3460522 -9914514
-303693 -4008207
2449127 1441271
2876322 8623085
-7024815 7733236
-3456852 -4851042
7155256 3750040
-3376821 -4083450
8122847 1038141
2103333 -9023770
6316177 6642337
4022612 5125253
-3735816 4884765
-3952251 7069556
325955 -6035565
-5950079 -8342425
-2350631 -6213523
5227749 -3737420
7402017 2614848
-7135564 -1895929
-4230619 -9622798
-3356406 -592415
-2159513 -7075363
-3520870 -4216875
9275707 -4036665
-7394328 8582464
3707717 -1891763
5509354 -855364
-3785808 2488253
6452688 4073456
5731031 6540148
2842977 3018962
9281542 5896752
-1488399 -1929274
-1308851 6683560
-422886 -6107611
-4183674 -3023118
-98481 -1262939
-2963462 3656814
9620149 -1102998
-2520534 -3687754
-3063165 4742173
-6113191 3703535
-3808212 -7553811
6519645 -7382646
1673854 -7355524
-1820210 2250677
-9336219 -5483169
-4896090 -2538667
6661245 -8308266
-4415876 3795059
3288294 -3761641
-2508228 1400450
-4942736 -6810187
-5396833 4528311
3356909 7193765
1935938 2082633
-4213832 -9706256
-7260067 -1660900
956454 1977956
-2861215 1775931
6542960 -7369692
9663491 5318575
5296260 7206741
8898476 -5232599
1078813 1957505
712217 6998952
-1600598 -5632893
-9926728 720341
-4751348 -4026981
5683136 -5323560
6759073 1121913
1415657 -9864573
-1525473 5061594
9555902 -3328057
8447874 1947333
-2906007 9211039
-2954033 4990834
-5286073 -3242516
1524886 -7657773
-3183915 6128755
3127707 5120051
9487158 44654
-9235005 4043462
2532833 9560430
6753222 8530000
-348087 -1784031
-1648604 -3971352
-8909758 3583923
-9744134 -657725
-8710392 -9353856
9857184 1220092
8727278 -1616399
5141086 9419503
-8238270 -6558795
2086313 9182324
4302375 -8905833
-6344827 -4785980
1773834 -3694115
-4133685 -5579831
5466521 -5693333
-4961011 5135890
-8835462 7634786
1218709 -4093263
5249013 -7745220
5417276 -6009073
5211019 6538621
7438575 -2209188
-2789685 3938297
-104145 2579661
-5721663 -8511602
-7417435 -8017832
9712540 1097064
7402949 -3762261
-6825740 1486375
-1690606 5785616
921506 1157133
-1208081 -4135265
1771473 2086044
-3142824 2526981
6517908 -2979514
-6440893 -7725547
-7418383 1728928
8183577 -9002318
-3906305 -208067
1280331 -9404216
-7422048 -7111616
3985448 -3620752
-4866661 -7709507
-3706780 1388397
9690366 -9176049
1981084 -2881034
2983702 611872
5214269 3289356
-4183663 -5244825
-5707987 -7928555
6862250 -7665755
-3420475 -2148880
-8634845 9443868
-8247847 7279455
7875239 9975202
5379939 -4451164
1928084 -9546808
5260037 -634613
3270137 -422224
401727 4069609
-8811425 2960503
6088727 4899164
-1811480 -3311371
-6039844 -6180652
8407146 4004857
-1144546 -1747831
-1380358 -2214252
9745968 -2048668
-4769213 -7498851
-7523649 -8501879
-2953043 -6893974
-6440782 7856290
9738030 1491394
3585522 1335607
-4594784 -4475481
1001374 -6012751
1402765 9110144
8315125 -2909899
-6574198 9591285
-3887506 -7724718
527451 -8167052
-381304 -2515699
5435633 9147093
4164594 -635335
862786 -9333580
-6227554 6640946
-2986412 426096
4433842 9848017
-6300024 9267970
-5207511 -1980636
-5477035 -8378455
-9268311 5793863
5400317 5925731
-1966632 9046814
3838448 8826119
3175419 -3337785
4146516 -5634100
6029345 -7205885
2158780 -417851
-7235079 193940
9351238 5537919
8480367 9053719
1418088 8881178
8149149 -4569439
3449925 5118065
6739610 5457990
1251854 7972890
-3585027 -12349
-8449183 9168523
510994 4448342
-8889443 5389266
2271518 -6313587
-3519472 -2226575
-128074 -9182785
-6472493 1155661
9209932 2636847
-5793082 5395097
4276276 206651
5637212 5625007
743072 -5058223
-9600233 -912863
9576379 9999034
-13315 -5832027
5852848 -4008647
2956047 1537502
9443120 -3636158
50255 -3417044
4356381 1714638
-4951794 -952864
-9797203 6744659
-8102142 -1424287
-6029189 1929081
-7864268 -3895224
-8270217 763439
5705216 7772944
-3139919 -5010793
-5011759 -1378665
2789309 8952812
-5055835 -2508722
1545133 -1357843
-2477648 416564
-484128 -6495395
5219244 7572607
-3380257 -6127747
3133264 2783802
3875867 9338892
1267973 5031122
-8864101 7846678
-8873531 3403705
1176649 5382034
-9628758 6831685
7969373 8036730
6989543 7875835
7883466 758682
1917191 4450060
7382977 -8055049
-4550444 9439543
-471497 -3101151
-6712545 3185152
-4031046 6148246
5487139 6420719
1451842 9844822
207852 -3244888
-9841182 -4895907
-9513873 1334322
-9317641 -6148181
4404902 3373721
-6234091 8651732
-589586 -6089203
8360857 -8350625
-6405674 3843958
-4200147 -1739814
5159036 -956118
-7770965 5328356
-6007045 962843
9899914 -9285659
-9440837 9480094
8751558 1351756
-1027799 767016
4617690 1426728
5278548 -541671
5348402 5300049
3951782 -316550
3594247 9114311
3280038 5878548
-277494 -5528544
-4752005 -609284
950951 5522360
-6632932 2923383
-6113774 -4303662
-3589321 -2639977
9356469 -6213860
-2345751 9486195
-7230437 624380
-7948892 6626450
8601131 7387253
2687302 -153992
2045810 -3534114
-4419803 -3360916
-7482367 8156409
5144218 1376588
-9232696 -5243509
2795203 2908565
-4168052 1718255
-69055 6162272
6038647 -7765474
8537018 6341625
-1655828 5395117
8535849 -3808733
5334070 1113735
-1499012 -9413043
-7050682 -3548447
2917439 3704642
-9656273 -2488520
8184242 1013989
-7609423 5377712
-9865797 3328460
-3762975 -6842119
-2607511 -4554241
4124383 -5414675
-3180149 -160214
-3818589 163030
8074499 -4643131
-5935511 -2958065
8155670 6610348
-286342 9398559
8366464 -3343342
2877653 -4820672
2690808 1283904
-7702107 3221380
-8884556 875050
6719862 7204822
2879055 3765999
9211758 5473239
-9941436 -9728456
-7372317 3336141
6015524 -3121585
-5248363 -1190906
5851030 4090023
-6783276 -1183874
-9268963 -3476948
-4303937 2930382
8109710 9097501
-7102243 8573716
-5688552 800518
4191921 7712002
4916824 -4573108
9192891 -6571865
8901375 -2204120
-9416224 8404650
-5742857 8959939
8354707 -6788541
-5463094 -9727333
4362691 5622696
6955174 2904288
9427340 7579415
-6973851 7686211
-699936 -4876597
6213471 -8864141
-5547271 -5285826
-7573824 -9475081
-4048189 1161002
4589138 -140647
7655233 -4855297
6065705 3490513
-5033196 8239009
