447 4736701 6993374
540
9473677 -5470883
-6569925 6239948
-3729054 6793817
-4635489 3409253
-2791334 5275642
-2511411 1750342
8848538 549261
1969753 7528390
7326268 3581769
-6020125 3854806
3334576 -4716336
1344580 305293
-8782340 -7934419
-6025739 5510868
-7236079 -7125801
9919668 -9032364
-276064 -7762402
9031416 -6650256
-724651 5994882
1270524 6912279
-8821027 6484015
9549628 1275465
-1196145 2543863
-3874367 1519381
7890540 8646475
-6069860 105508
-9589199 1225116
-4192950 -2208928
-6698059 4144814
-464635 -7702337
-6734701 -3934138
-9180187 -544966
-4678870 2989235
-8499530 2367581
-8203788 4596479
-6403154 -4712654
6562812 -7024815
5519049 -6853526
-2817792 7883019
6529495 -8355318
-5733458 -4927252
-1185784 -9540365
-9232941 -5322657
1338509 -2862382
-564718 -5931000
-7348785 -9126125
328909 -4783067
722521 5987380
-1645039 -1833609
-7237130 2222991
26689 151173
3126358 8876068
4538894 9105853
6988873 -8838241
-7193559 -8278898
-3206150 3518368
-3505645 9589335
6783031 -1875581
5262037 -2738586
-6153233 -1878460
-1004585 7213671
-7569395 9014334
5001714 1840676
-9992933 3153126
7892469 5873027
-3975800 5286289
4162357 -9564490
9541364 1666910
2828670 -1298748
422354 6530237
-7435043 -1848537
-9742849 -267443
373328 -940688
-1162922 7040182
-4838278 8151717
5365389 2683845
-5785469 4157138
-4002186 312346
5981824 1732597
-2394376 8521234
3807523 -3609355
-3173845 -3853824
7813087 -2030119
-812515 -3632481
-7102244 -6841891
-6174076 2126191
4375100 7979065
-2961623 -5916925
-8876743 -5251572
-7099854 -1608192
-8924347 -3715020
2958470 781887
-8905767 7806537
-460866 1472636
-6130 7076057
-6533298 7144759
-6709065 -6198606
-5712373 -7190791
-823271 3620374
6778483 3475112
-4398697 -5409163
-7430097 3120760
7203835 9976404
-5275168 -7875368
516440 843445
7128425 -9858670
923217 -5891554
-8085017 -7396753
4075883 2017450
-8390141 1454117
-8884772 6586106
-9612500 7592913
-9597877 -5593836
542890 -5324873
666591 -421148
-3313959 -2678626
2958486 6267894
-1239350 -744056
-6103071 162321
-8994234 3485483
-3856835 4413369
1038167 650543
-4229858 7066383
-8399815 2953150
6923620 9846026
6432132 -6789955
3319310 8038848
4961364 -664016
-3472537 3721433
5816637 -4495745
-4658019 7194054
-4021700 -7497321
-5725025 8300467
-9020860 4738951
-9259214 -9311744
-2382022 4501259
7668154 -3116049
6466686 8656145
-5874352 -6561703
5800675 8066872
3793269 -8950732
1604468 2232807
4085143 -2887421
3350365 9082185
7102792 -9387394
323012 -8316646
6702385 -7555227
3261592 6301312
1040263 3493713
4181969 -3242916
-8741657 1781049
1181353 -8200053
2972445 8926498
4881147 -2351961
-4285089 7098093
663713 681822
5430981 2024532
1653464 -7731819
3866718 -483876
-7354918 -4996171
9203535 969510
-4069365 2968094
-730594 5905921
-8084014 1708579
8465664 2826022
-5392929 6097955
414255 2240359
-6316791 5788424
-6563536 5903052
3001145 8564356
-753822 -8332273
-3791388 -6335142
8449391 -5322841
-3290365 7862076
5382257 2316110
5801972 -645283
-7677189 4585792
-6991935 -8267392
3441187 -5891430
6934592 -5075949
3538359 1906851
6663563 4058015
-7637208 6468966
2372018 -9653228
8911129 -4200744
9983335 7889515
4070725 -1842693
-4649181 -3808053
6570375 2520116
7352578 2060454
3931524 1952632
9054777 -4329097
-2596489 -1229313
2879257 -7937158
9503246 -9155302
-4732098 -7669799
6388217 -4442043
-7973077 -8068535
-7721763 8751009
7066617 -3084707
-5195192 3705718
4379378 -433696
-1725396 8875533
-6087999 9730197
-5692997 -5155021
6797612 3780932
9451835 8238527
-2990785 5852389
431583 -3144654
-9783604 9888472
4735026 -65171
5492786 8000650
9932115 1123243
-7609396 36061
6951354 4726705
-1567577 1973573
-8460123 -8243838
-9368305 -7188199
5058350 -185519
-2824187 -5456303
840981 9365354
7603881 -6026575
2342166 292816
7148162 -5386904
7017921 -7226251
2708579 -119090
-2118439 -5730701
-2091106 -9282283
753779 -2186324
5056733 299498
4789423 -2294867
-538704 6005509
1333662 6329300
8660134 -7390657
9669392 -3607987
8273719 -4164053
-7674276 510373
-9196811 5877600
3007049 4667890
7441639 467703
-9651386 -7458678
-3189379 150218
-6615712 -1769825
-1439797 4719515
7535365 4138067
-8156800 6133289
2138798 2324788
-8829560 -6179152
-3569808 -6527540
-7619175 9830574
8182873 -3900416
6609958 -9345456
-951503 -9491403
5176487 -70501
-9602797 4571898
-370428 -4865521
-2198951 -9254183
-8507656 6440193
-6323940 1185337
-4676596 -7431101
8702188 3727777
8568917 9682957
-6496195 840986
-3170201 9739357
2086284 -66003
-1450066 -789376
-7618479 -7214491
-6705893 7676244
-2394257 -6053630
8518268 986946
-1362223 -9480702
3781467 -1852160
7104385 6438827
-2375836 5273811
7842711 3296797
-2975426 -4536079
-4853122 6544899
9902238 8109843
7849200 -1349317
1101033 -3267963
-1540987 -7548164
-4762654 9650967
-156437 -6643114
-2696744 -8952195
-5448897 -34342
484957 8337876
-3514284 3188881
-372292 -5733576
9540236 6106453
-596750 -231776
5232145 -100701
8960550 -1055824
-2945981 -9620977
-970293 8862788
8111177 7419572
9871408 2647092
-5185589 9086543
4959781 -4891246
8672911 4657974
-5376368 -7736962
3117266 -6775985
6412896 5108589
1891366 2119335
-1774212 8556956
-1674820 1431602
3847253 145391
1605919 -6442674
-6063651 2807803
-5813056 8659939
-1404137 -4517592
8129500 -7701879
3901016 -1532729
-3907622 -7056089
118237 -1139202
-6359812 -5234711
-9494344 4741870
-7633189 6757454
-1123211 -565096
-2008140 4258177
8206131 -381070
9764321 6317041
9874367 2053384
7377540 1370240
-7453469 6327068
-8190523 -8435516
6378957 -6341254
-5357630 9938977
5399241 -7203674
1657124 734748
-1983611 -4482522
2775700 5297312
-5428882 -8961602
473302 5142512
-8082959 3447908
-6933162 8465163
-2701444 -9876827
-5307091 5347511
9234103 9689275
6016343 -7929551
6151285 4296987
7955733 342172
-7202498 2530243
-2157079 -7401897
-4150797 8196743
6230573 9500045
-2686291 -3618055
9936695 -993726
-5851214 1884827
7849087 409997
-8608488 -3934173
8705352 3432277
-8703860 -1309932
-1620657 -6601738
-4531289 -9469756
-2656417 6912039
-2745789 4136349
9182944 -4700684
-9586228 51713
-1751544 -2974135
-3474090 8779327
7677624 -5520970
3485304 -3644029
8240798 7614319
-1975683 150442
-1267379 -1393762
-7961485 -584171
622250 -2562026
836236 -6665344
6381252 9001593
5913632 -1178701
-7042352 -6275165
-8459497 -6832156
3219557 -7859408
-833543 -8045725
3249955 3984366
979748 -1791281
4564690 927579
-1458101 -5534948
-2868154 -4678159
3928079 6566216
8498397 5864467
-6697559 -1517054
-5666046 -879353
-9361407 4138677
-7040023 -9284794
6956393 6552225
2236421 8433977
-9425430 8496897
2967524 7972331
-5526951 -7742621
466099 -3782521
7145059 5452797
2434201 7547141
-7131018 -4313042
4769526 9566047
-2053134 -686587
312712 -4215725
4904923 1249308
7904337 4646666
-2121775 -1940132
7128445 -9135686
1814644 -5165382
-6668485 -635133
9853550 2389214
4646593 6299040
5032871 -5673401
2295748 7629044
5176186 2177930
381240 -5270051
6812348 8045168
9874934 7667118
-6548606 -5240786
6008522 187646
-5165688 872669
8932537 -3570788
9809878 2712537
7547156 6060982
7942201 1624522
-5986264 3395023
-7789585 7795751
4638702 1176682
-1194274 7243287
-8062431 9450802
-5819249 -6018088
4543433 2318810
-7497720 3509451
8268666 4418367
-5393987 -4046326
-657305 -3206460
3222752 -8043323
-2814433 -1724768
6852567 3032631
-5342847 7249075
644098 4794768
-4893128 -8812758
2363924 2854514
-7385847 9745574
9196377 3686002
7667915 -5448278
-613116 5893480
-597068 -5272300
9146067 1889165
359191 -9812050
9497842 6268432
741461 9701887
-9506529 2720595
8269578 7927028
5176103 7346038
2140807 5443083
-853323 8336554
1191068 7247679
-490395 4026953
-2287044 3805221
873295 -8777666
7115815 7897223
-7375077 -9739820
-5334303 9035099
9223049 4287342
555774 5024888
4726775 8720891
-6042162 3813587
1740616 -2263401
-4917363 4743768
-7296796 9433071
7769625 7223444
-3012525 1849881
-4123165 -8522955
5282266 6497081
7719415 -3893857
-5996634 8671914
8932094 -2648418
-3613319 -3371711
3431983 -6402209
1139031 8126082
-636674 6504109
317696 8382159
-3881242 -4162484
-9418715 -7941688
4007736 1201395
-9058808 5800841
-2349278 1777361
3254407 -9554981
-541548 -3956091
2150052 -8946975
9724939 -2822132
-2954198 -1330230
-2185589 1173385
-2712472 -4051164
-5925082 -8753606
7750503 8426560
6808719 -4045404
1792113 -1931800
-7357136 5443829
-3354776 -5110250
-9309409 6650600
-9055686 -9897232
-9452212 -9142335
-3098425 -3284927
-2231902 -7477408
-7783188 1567979
2754102 -9990610
-6300873 -737385
5211451 -9431487
-8185092 -6496992
-8070432 1802721
7757318 2081763
-9850037 1254639
-3301532 -7934217
-3044467 5309180
-5523868 -4139956
8479165 -9837524
-8979859 -4579554
2135519 9026953
4065897 -9561932
-5477600 2419970
-5054288 6282710
-4454675 7276502
361367 -8838809
-5335801 3273128
-4924151 2176275
-5741961 -3406233
364758 5349519
7415302 6924354
2233534 7063226
5439623 -5629165
7049663 6709667
4646465 3918788
-4537907 586157
-6459423 9298337
-5765341 9527990
5810700 -1937023
7855831 -8303277
-7142086 -8643975
4629153 -1782801
2909826 -2477886
-3367767 2221355
-2429126 -315783
-3391428 6996992
-3423430 -5013823
-8126636 1358458
