360 -576707 -1932887
931
-4437027 7936496
7206043 6750797
150864 -5413722
5190777 9621545
-6706170 4178767
8625427 5966028
361952 -3227990
-265442 4862011
8259695 -6821701
9306995 -1178367
4369420 -5310909
-5960391 -4688871
7825452 984678
8335588 -8851143
572150 2166382
102878 8919054
5669851 -1348525
-4245895 9825273
9446818 -4179285
2515835 -9055118
6910911 -7259352
-7970989 -6342386
8519626 -2727137
-7032486 -5720079
3101554 6779321
3984764 -7725491
-2414361 9987326
972004 540725
1689582 -4588909
7577473 -8176056
-9257002 4778085
-6570440 -9803296
-9978023 6412849
4749917 -816334
-7355100 1985148
-2757852 -2734248
-6560282 9555811
9345026 -728841
-3932568 -8040656
1255017 -7687460
-5412950 9168986
1672664 -4760218
5780507 2172689
100132 -7355332
6984965 9986442
4764527 -2322395
-9609339 7727963
-3342835 8194087
9894105 2928991
-5085861 -8592918
-8810814 -7460994
4611169 2156287
-8572553 -5371096
9104601 -3527452
-1214912 -9988769
9180218 359618
-1884248 -4111510
577531 852882
-3986097 -6103740
-6117298 -9322337
-9128379 5515220
3243183 1163581
-642332 -8737718
4191273 9900348
3823782 -8231874
6823484 1621764
-6221948 5012968
2158225 1434653
7907201 7721851
7733082 1262826
4138796 9208642
-4902868 -570348
2798887 -7745451
8667161 5674664
-1131321 1329142
-3155638 5066215
-3770204 -259700
-6481065 -9912455
2504246 -1896184
-7611706 226560
-8151675 8844380
-3626299 9211778
646432 -4373623
5864580 8531926
-7688896 -8930015
-9721373 3597662
-6972685 -1033748
-6262847 7892112
-3916872 -1657446
9671696 4920666
-13119 4951807
7208460 -3483942
9119955 -1266971
-646802 3243747
-6529693 -5859447
-7015066 1741492
-6530377 7834984
5977713 -641365
-9593087 -3367593
-2297608 1842293
7956308 5234369
-5799379 -9502628
8389484 -9016377
-673823 -9545873
5374793 6988964
1940771 -8485775
-1969717 7878027
-3388944 -8334417
4909330 -2849762
1290792 -1519394
2738451 8379638
-1269026 4275726
6150713 -1275574
5356833 -5291312
-932667 6557626
-5691653 5575577
6072949 -2976359
-9476384 -1491032
-1036905 -3021215
-6032251 -7633855
-6119630 6854241
4732268 -1575127
90456 1910653
1577244 3859676
-7659717 -5000213
5895777 -7131964
-339886 -2404914
6319512 -5373249
-8148209 8327179
4884805 -5807303
9768274 919125
459118 1709504
-9781528 5841224
5336361 982735
3348880 -8302080
8552161 1820463
-9754664 7229251
-8343744 -4199219
9660457 335792
-2148069 3233500
-1382112 4517092
4628530 -6252292
-9109188 8278002
6605181 948042
5140739 5258955
-3821920 -5993662
5715842 4909014
-6733410 -846449
-9863714 -1549333
-7335061 1119303
-7060234 -3998482
-6769231 3733452
9534233 -6814898
-3962753 7403378
636878 1711042
-3771865 3889178
153239 9254767
49121 -9143335
-5678940 -6439597
8819358 9170655
5693345 1978151
9403517 7513791
-3332658 -6074460
-5107441 5186459
-3694237 -3196372
2805146 -9926150
3807302 -754471
-5053016 -1447732
-4044354 -4142113
85281 984231
7389761 -891124
-9120005 -1170232
-7797214 -9940648
-6380245 -6554531
5132476 -3476154
1018349 -7560886
9952905 825821
-2732287 421867
-4391674 -3379753
-4059773 2160272
2234122 1914089
3675971 8745373
9813993 8557776
6932015 8622955
-7876462 8285991
9911220 -2982703
-1636583 2029651
2089004 -9208785
6753036 566203
-393599 5708759
8147873 1885512
-7288666 -9375249
1046618 617130
7237377 -20953
4655672 -828704
3601738 -6822396
4439330 9406146
7963923 9794061
8417016 -3230325
-4944333 -2587710
-3054061 3056906
-4913443 -5033113
8274454 5309357
-4124440 -308087
-4599327 5027491
-3086997 -2001686
-1376935 6064898
-3317971 -7859311
-5363911 2186035
3873683 -6080594
9613363 9291761
1214259 -2524579
-2730518 -3430955
-4144928 -821818
-893175 8202850
-6223892 910739
-1606022 6052764
1362121 -8620982
1070931 9184785
4212276 -245966
268700 -1012044
-4947145 3641631
-1701327 8891765
-6405848 1734884
-1829358 2934762
-5257125 7467835
7459609 -2215995
-3130598 5957134
7651669 -5270909
5448294 2724475
6151566 -3241506
5327610 9224402
-9396580 7061897
6246682 9206084
-8523530 -5809296
3178660 -7024690
6616941 1745170
-6846713 8231515
-33601 -5084386
366728 -3252561
-5784726 8137042
8437399 -2374045
-6416910 -8325117
8920327 7823154
547629 3751111
3025957 4368621
-3890625 -3300805
-6238908 -1646433
-2440349 -3287204
-6580148 2524126
5499436 -963879
3297643 6598512
4830028 -5367270
-7935304 6450930
-6801631 7312779
-2033827 2431425
-9942620 9929996
4121231 8919925
6743079 6156822
-7575715 -4442090
9926531 9807060
-3493745 5450242
6320162 -3964093
-4734945 -7216300
5307826 -6120187
-4567713 -8798741
7799771 807263
5439993 1246282
-2302787 -4853849
4975283 7504689
-7547534 895582
-6658070 5457808
4377733 5026199
-6300627 7463162
-6978928 -6362836
-6555776 -3876341
4090253 5463956
4016215 -49520
-4749468 410415
-3193419 1797622
2998881 3074710
-6118027 -5244780
6001502 -6684996
-9022492 1838318
-8140640 -6301285
-2889350 5952791
1410599 -5688174
1854377 452580
-9567906 8304685
-8058151 5553751
4193762 5969519
-6050173 -4613926
-2147094 -1715985
1210783 482394
-7719984 -4380210
8694500 8017364
-7227416 -2204751
1110253 -7423526
-3068856 8774086
4989154 2087761
-9443096 -1209496
-4381317 -7900196
-4931264 1967504
272189 -10588
-4456837 8017183
-3496946 -5269610
116464 2253277
-9462707 452881
-9064725 485722
6105512 1748076
-7718208 5731643
-6473108 4800013
-107161 -4945624
6344814 -2846503
9241259 6823983
8130840 1333968
-4049876 9798163
-5717981 6265875
-3744713 1018861
-8447604 -2929440
1800951 -5685197
6568080 -1944550
8508331 4433767
-5080510 -378275
3886153 1959958
-9792047 3541354
-9142281 6167945
3738673 -6265155
888342 750558
-9909106 83488
3933808 -7354047
4960469 738086
9520313 9883933
-6580854 1758840
8829401 -4224400
-7393245 -5028458
3026992 -6853296
7580471 9174836
-8687087 -5948325
-1472015 5016313
-8925980 5199067
1367012 -1264062
2470783 -8068261
-4801350 -4894314
-2294474 5875477
1037783 7805896
-1456018 -8360666
4039619 8514604
273444 -1935705
-3643753 7458765
-7569693 -897155
2249549 -1036997
-9345809 5457299
2025326 -7653627
-120962 -8032896
-317477 -9446689
-710751 953058
-4598850 -8950464
8671574 4276384
151862 599800
-1594304 8893452
-9467214 3705997
2220601 -533970
46677 4572406
-5452477 -7505955
1596891 -1080724
398631 -3022169
4951482 6362792
1225517 -6430826
-4463721 -3023191
-9953528 -8895444
-5426034 5218802
-1215310 -664278
-6387894 -24884
3091268 9972616
8866068 -3719680
9986317 4013316
5995698 1915207
9003965 2206918
4700964 -3957625
-2521996 -6448512
-6954329 8814207
-2306649 7876635
-8554190 513506
7490315 8918869
2539777 9498441
-2766405 53139
9388861 -369905
2121564 6018286
-1492746 5517320
-8202360 -4787168
1742501 -2626677
1804882 -8216042
3990876 -2261801
3780575 808847
-3123313 -8791808
-9977601 3774931
1651566 -77641
-9564135 -9767897
1667324 -4386272
-4887831 442532
-9504329 6723453
-3646452 2345765
-9119597 2400885
-2081795 991464
-1279351 -612343
-722668 -284155
-5983845 -9536850
-1798651 3598566
-5592587 8007032
1731576 4498276
-1726793 -6199547
-3760836 1753976
-5497569 2441126
8054854 9191381
-7849735 6169755
2893208 -6832976
5512789 -7354064
-2436827 1763108
-7245427 -1090456
813553 5481378
7713576 1475222
1938372 2607238
-3794196 -8270269
2253115 2656073
-2845650 -6870430
-3069977 -6015308
-1744980 -2056091
-9614965 -4314461
-5123080 2757451
-1072794 8439890
-8393086 -2972815
-7810527 4336766
-3900126 -363945
1061951 -247353
7750377 -1145553
-9670331 -8124496
4482742 5463953
-289963 2268041
-5075885 -9311453
6334469 -8036848
-4052156 -5405183
2538726 -6735508
-8533617 4202864
9476667 2923762
-6119996 -3656697
-4113160 -1596127
-7259361 8003270
-2360675 -1923687
345312 -1159486
211313 1217628
3093132 -9387958
6075995 540983
5325376 -9907773
3297126 8302384
-9734463 2765843
7360660 -368405
-4587561 8729733
-4551050 -100613
5339501 -3121178
-4261523 -5074383
-4154157 1735857
-260873 1625317
2217982 -8897166
-7540300 -105196
-8887568 -7436705
-6824663 2671014
-6788003 -3278084
-3185857 1767684
70069 1053725
-6180431 2627621
4775568 -7148042
-8418309 -8819771
-6404032 -9811993
9583181 -2969359
-5527389 1451821
-6812322 7838010
-536673 318454
1421288 2926805
5337961 4197662
6760957 3880989
9068355 6450393
-6827690 2452646
6736682 -7719648
-4149571 -7497195
-2353221 -3193249
-7824939 -330002
850228 -7577653
5126707 -6243247
-6696254 4446196
8414370 4709888
-4935749 -2223643
611163 -8397952
-2954794 4527578
-1274760 -7967548
-1570207 -7616833
8833561 8002549
-7028453 -2501852
-7705148 4522223
-458620 9708230
9031333 -1854719
7815280 7188159
9610507 -8793605
7479500 -8818140
-1855592 4737214
-8036546 3299598
-8924044 -3441222
-9322821 -2972295
4071636 1687119
-3764077 -2277615
-7378096 5313228
-4167870 4665716
4680216 3971817
-1505960 -1196323
-1488093 -508580
7636702 551773
-2260068 -9940407
-8734012 -2031666
-849806 9866791
4604005 1261840
-5438562 7294602
6369733 -916188
-1372131 8153746
-7642782 7046912
7285649 -7300495
529086 -1406859
5775210 9907553
3879371 6361216
-4835107 455426
9946847 4889763
-4558464 -3806847
-3747254 99901
584587 -4302179
-4435388 -9964914
-6186722 9734781
-454265 2684970
4285134 -1625284
9044815 -4084532
5478732 -7086997
8128861 -8597967
-7488474 2764381
2671935 -1342053
-4980837 8286736
-8741485 -3448694
3957421 -7299592
-8590087 3721714
-6178385 9398958
7613131 -9820989
2730449 4406202
-3342665 -6822257
-1620935 6543727
7434796 -1280578
-2848757 -7335801
-4422797 6479611
397996 -7370025
5394357 6222416
-5119637 2909522
1196259 -1933708
-2866050 -7584122
7632638 -5028874
8692840 -8908629
3006681 9042552
9221563 5030807
-8046639 619812
-3686092 -5531635
-8987908 -1389304
-153530 4692973
-126475 8446888
-2557149 6997713
9627689 -2032920
-5810504 7840847
-6733278 5022046
5604690 -930141
-5997911 4462981
9434107 5254992
-1137285 -8365273
3193631 643299
-4325894 -8130603
-4994439 -5068453
-600088 -2372533
-1245485 1319469
8528795 412004
-8624755 1117337
-1884949 -9081328
-1114248 -1181904
9175296 -2257260
5281138 -4408400
4661459 -7557982
-578649 885828
8657172 1179900
2814627 -8628190
2015109 -2480113
-610716 -3991741
939806 205567
349386 -3088802
747019 2856070
-6731926 1620253
-7262410 -724186
-7289162 -5356681
-4022232 852641
8595381 1596590
-295458 7669416
-9888566 -3607129
7278699 -5633999
-1937747 -7950863
-6579053 -1547777
5972111 -9123119
9401492 -2047592
8157975 -4638605
2272593 -7142350
5713720 -1492639
-9872386 -6980387
-5188221 1498146
-1342182 -7134796
-3765802 -9961030
-5848088 -2848062
-5178646 7345931
-6261197 3856455
738808 7449140
9498277 3533854
-8013922 8801062
2194295 5435576
-6612016 7958189
5835936 -5887861
-3030211 4062311
5086024 -1891470
-6355505 5199861
9214359 -2270010
-6888454 -9027374
-8988404 -9611471
-2459533 -654256
-3308324 -4836491
9019964 -5121827
-7672687 430479
-6035667 -241228
-1440166 4341942
-222482 8466763
6424952 3270481
7382620 -4318146
9744165 2260889
2885771 6868761
-5415026 -2653459
5076531 -953382
19244 -6200666
-5812137 8188078
-2466178 1030841
-1289298 -5755317
-877144 -3258150
7172329 -9752982
5790 -6033478
8308464 3653015
2119778 1081977
-5647542 -9397665
8800541 -8938917
3321972 -8264921
1120192 1061059
8407600 8724095
-2229287 5705167
9504501 3484132
1672210 7789957
-8662850 6208716
-9546601 1722384
8464235 -7435796
-7188778 -7907392
-3940870 -1847084
4322283 2817013
6415342 -5632406
7486281 -3557938
-9980503 -9232200
5019231 6286823
-2652118 3341469
-5418084 -3860576
4360943 -4244518
9239614 2352629
142586 3865444
-7409488 -6571824
-2333087 -6003911
-3439707 5560264
7652872 -3868852
-3199584 -628484
4704881 -6287998
-9404052 -8877300
-9918886 1120223
-5595625 8082230
4369053 -9899389
-4041568 1939959
595735 4233287
9988769 540348
-7107023 -5043322
1338474 1744736
-2310736 -4448085
-451996 -3554662
-7994398 5356177
4003677 -1375350
7996166 2174826
5886828 3320446
4443146 -4782601
6337622 -1000871
9597711 4524260
-2858777 3258349
-4801692 3966764
-9283597 3099655
-6359997 -1689605
-4216575 -9294828
-5033740 9049332
-5398753 7121899
-6432762 2655525
-1988298 -3334396
5290254 8089192
264019 4531732
-2147822 -4197228
1020171 8667199
-9817320 4811676
-664064 9874145
3132494 9780391
-3736493 -1006489
-7906834 847155
1673902 -3020090
-2314917 8249521
-184795 7457328
4579227 2651343
7823220 4416452
3598408 662817
-8731638 8351275
2883007 -8594986
-2792214 -5951267
-7284068 3251537
-1936787 744309
618454 5414965
5195356 -84499
8909012 6267301
-2885544 -8541136
-1561226 3518530
1768051 1304710
-1237962 -1359791
3807905 -8416744
-1483940 5857618
9036787 1631125
-17600 4630821
6035835 -9694851
-5646118 5381759
-8850352 5759974
-3495717 9586167
5001132 -787139
1644714 -360910
-4093609 196488
-5828296 553726
6588608 -4462801
6841909 -4873169
3767040 -9126989
-7543733 -4396052
-8538434 -9908703
1722423 -6511320
635853 -9501647
3319855 4221175
-7880713 -3328312
4948014 190089
-223744 -6731065
2481797 -8547702
-6392260 7293740
-9993419 -5873489
-2803410 -485869
-2432318 -5821715
-694884 -6214802
-5341790 -5590409
-7470109 5588509
5679806 9630829
5635861 6507809
-477485 9918581
-3343891 -3728286
-4540245 -7157630
3032459 -1224604
2044331 -9592231
4376419 5325068
2618808 -5473872
-8831008 7984159
-9985358 2625389
6803675 -9118066
7183484 -2417676
-5491732 8625143
4213652 4358046
-3494772 -2961841
-6454031 -7590189
-7671608 -7858911
-9070844 -4415164
-1572794 -1015499
7759897 -3611089
9313032 -8540335
6784733 -7679419
9363061 -3794196
-5810037 -8080106
4545283 3048405
3930339 6720958
6819634 1348958
-7509546 -6369824
7988222 -8672098
-9117586 6704106
1630269 7009802
9150892 6944735
-7470429 -3524986
5459515 2596400
1501663 -6526871
-5067206 -4264235
-1943654 814695
7020499 4233880
6153774 9935759
2984165 3726815
-7035875 -6784591
-2919280 -3085496
-6938968 9783759
3628014 -428826
8791632 -8950745
8059057 -2973220
-6028485 421902
6896916 -273699
-7677299 9017438
-7509433 -5127217
-6875100 -3659284
-328236 9939713
-3310055 -6302402
-6366642 9208615
2935430 5360071
8575481 6617523
-6467973 -1584093
-9283981 -4343799
-2256273 -3406940
-9841333 4344033
3887165 -3464641
6957261 734076
2976730 375032
-607530 -3629471
1243313 -2184217
4156500 -5600611
6855454 4368213
8065812 -6171736
-6963121 -6454600
8905471 4215522
833045 -1511338
6904569 -2696
5653505 4365072
3474484 136940
6997325 -6602768
-7551056 -3850497
-600068 884490
-8740478 1922557
8293087 -7623338
192445 -6831656
-9915915 -7947248
-1062683 -5651055
-9306439 6939540
-9515060 9519481
3735003 -6269559
-5264545 1906763
-8095932 -5431952
1449473 4156376
-5706683 73925
-4012490 7440309
-6410187 -8709358
-5308515 -1563546
-9640989 2989745
-2117241 8467359
-8364296 1168450
3221202 8075204
4940502 -8280211
1175681 -7841480
-8321999 5634063
1880856 1660621
-6432615 -2070643
2497405 6616311
-6710960 7987805
-1938270 -6053122
-8612812 -2417643
-8610649 -3434408
-2481602 7493353
-7000550 -3919164
-5451804 -9606238
1562212 882209
-1042587 8700252
2936393 7299767
9458287 6414267
2048331 -5887925
-1710952 3652640
4098349 6445539
-4421797 -5627215
-7639410 -3404245
-6941015 -1132757
-1034048 -7061327
-7979383 6962525
-3027770 -7128345
-8531156 -460984
-67222 -28320
-9146111 8533392
7233644 4011342
1311109 -7672345
1258274 -7313611
9314816 -6714252
-545259 -6693395
2268497 -2396135
1976650 -6446910
148845 7846700
9230295 -3146407
-207734 -4275817
-7313292 -1803753
1067902 1812883
3868251 -341061
2146971 2536746
1070138 -6198971
7812372 3000861
-2155132 -9179866
6022876 -8360167
-5074418 9103142
4926100 5337692
-7058443 4380323
7933413 9710949
7557649 -2565440
4288153 -9401389
-3677206 6787944
7500543 -5919581
-1590346 -8474146
1184793 -8915203
-3862104 -7722094
8595287 -6668235
-1151022 -275614
-6939127 -1075989
563845 -789802
-9170308 9083749
4421441 5489427
-130250 -1727856
-2016907 7362999
-5202441 -9680485
-9081874 8057094
