181 5016384 9919351
330
5388109 -7259139
-755126 -4910290
-8264862 -4983116
-1699849 1368484
-3430676 -65695
-3082878 -9920693
3762170 -6356451
2907471 6859433
-1225540 -9942286
1421372 -8432192
7110661 9088316
131426 1410237
5988906 8804523
-39920 -7423173
7593211 -9284765
-6543904 -7604217
-2514506 2981320
514556 -4782678
6585806 -8263016
1671289 8814708
1410367 5671483
9315032 1104763
-2035804 -4827462
7746604 -5261144
-3693336 -744991
-9140323 -8315672
-4389082 5933678
4738201 -6492544
-3915717 -8400176
4831411 7214633
9610417 -6322505
-824833 8287507
-6495171 9612263
-8650753 2206076
1020784 2606987
-1721530 -4463112
6641651 4947503
2636393 -9890145
-5151289 7122200
-3622791 -7100651
7100030 -6328273
9605405 9753238
-6739306 5227300
6827124 -3140041
-5925408 -655022
-4461175 1658535
-7537606 -6314991
5813624 4713992
-3079932 -4032777
8574210 7162871
-7300241 457204
7921060 -3147319
-3037464 9341411
6463611 557453
-4026845 -5672401
-9484322 5357172
5110410 5589537
816837 -9878916
9497395 887457
2748787 -9839687
1818848 -6428013
9773349 8287612
-4482044 -3202406
2764817 5586973
-4733803 2438025
5411581 -6144621
-6775588 -2034044
9823719 3332641
6406447 -7296700
9547251 -1196318
-5839146 4895954
485491 -9937070
2700366 1787617
-7324926 -8697672
-8537359 2197761
-1713900 -2059787
-3772175 -4202159
2595435 -9424199
6162775 1745781
6700158 7876604
4248335 3945324
-8088720 2111740
7960733 -10900
-4791248 -8265000
538682 -3116468
-8220514 -5243996
7335286 -2784111
1519858 2264977
-3916343 35652
4749765 4194932
4651497 -2453702
-4139509 -6964135
6128019 -9120678
-4858545 972278
-8634766 -5192854
8752470 -8158386
-3530294 5613570
8119022 -9336250
4915102 -5569561
1313972 -6672226
-1916222 7970137
7702378 3093458
7874788 -4580936
-2028932 -777764
5933520 6474797
6537448 -7279167
8273051 585017
1464339 -7602061
-4113430 4401070
1724568 6605794
963760 -2748196
5381726 477038
1140788 7433466
-8136094 3500748
6828523 8572243
-941268 -4305770
1304040 7428653
-7152282 -3238890
-1500302 -8304820
8169978 -6664862
-3944028 -5566782
5018235 4707426
7105365 6845375
-6237203 8998926
-1878928 -7008065
-7239908 5487365
-4035597 9084833
-965349 8141818
1642567 -378457
-9289862 -6585091
-890861 -1528910
8416095 -231130
-953668 2929532
4624712 -8736187
7115304 7546030
4495600 2794690
-2497884 -6828724
2533003 -7969813
-8970887 7123834
2632121 6295800
-5700483 -8333462
3267723 5392213
3534032 -7219728
2401815 -7697626
8233636 7692951
-3835959 -4371694
-2086472 -2657225
-9727693 7096488
876654 6959861
-2977757 -2586628
-9791938 -2008042
1163234 -8482156
-6451969 -9773469
7350365 6212589
-4975259 7093497
1276387 -7501162
7891052 -675742
2104530 -5455890
9362836 -6058564
-8365613 7022697
-7348997 7596472
7455600 -9685220
7411268 564532
-9959255 244259
7657631 -1712078
6279880 -2937012
-8902816 7865694
608577 9959466
6172055 7161568
4255065 -9524706
-7025868 3713148
-6962594 -4468548
-7408086 3381536
7322972 -2341712
-5319014 -8045250
2067575 1473711
1788491 9848341
412873 -476825
9767434 -8283888
4034 453618
32959 7425066
-2192888 8800267
1276085 -6353505
-9191937 8415689
8890983 9964493
3677641 -2420520
-4372716 -8134885
-2236996 -768600
6889688 -1780802
-7309699 -4914024
6559688 4087026
3935368 4757876
-5718949 -9135469
-7419357 -5651759
-2681788 -5951515
-8526449 -4898970
6417649 -132477
3514018 -719337
-9787296 -2306266
-2341773 4322082
4417914 9103687
3485155 3852221
-6916379 -9954801
-1735603 -8751841
8850487 9973309
4060336 954698
8228926 5410175
-1208941 -2004296
-5139703 -7490023
-3441537 -6111946
-1010916 -5305139
4562384 -9451634
-7654618 -4593267
-4383180 -9407245
-2568811 5074438
4178126 3275047
-2872732 -8150897
-8105698 -9820367
-8572208 -7272759
-7299449 -7324948
-3853898 -9721721
-1795193 -722761
-210705 -5624971
9401358 -487782
3400272 4649592
1860806 -4040179
9024540 4905709
2828794 8939542
9532297 3886274
-1039288 8445614
-5762986 9479838
-8671058 5655190
5834823 -6119366
-3392124 5739596
931000 -221033
-7426401 -8175221
1102018 7077103
3968484 778406
2806976 -9108687
-1942743 3369842
1846016 -3792752
-8887043 9918063
8857606 -6613092
7273182 3941752
-5096282 906255
386094 8750246
4405437 -859268
3021367 -5768612
9970984 -7243388
2535580 2145595
3970374 -6581663
3011792 5109179
8403937 -4927608
8480057 -3019724
2866470 1210913
7418161 -3462686
8971730 7228838
-9384254 1047471
7505575 7829336
-8748057 405280
-844473 -7590707
1550026 1638037
5869425 6077316
8833928 7087745
-766660 -1643238
1775099 -6114140
8995039 5720066
3308810 7303243
-5716481 7398976
-8873759 1788867
842533 -333659
-3104820 1060755
-7891774 -185737
-9840049 -2489074
432559 9613801
-7976906 -8588105
-4433716 9588086
-1818246 -3910528
5693569 3952062
-7691176 9532034
-6582105 7443261
3163327 -3399725
-6096482 4929286
-5155385 -3527863
8261004 -9296611
-7113918 -4029144
7031611 -8380110
1434153 -218738
-191459 1656189
1269990 -5889543
-4477648 -9758900
2345538 -4190563
-5584739 -6395012
7557050 -9472708
2575678 -9891169
7552092 2382226
1498853 5993573
922860 715420
-296091 -2081277
-8861536 -1716173
4254683 -9518734
-7898844 -5975453
3805809 -6197353
5458836 -3948339
162118 6130702
6371802 9245179
-4945384 -1799178
1805811 -8766308
4277336 -530123
-7904940 -8120787
4261440 -3146985
5362940 9647153
-7121075 8276645
-3804631 8802152
-2914021 -4900814
-4419548 9850185
-6125268 -8659337
7659662 -9802040
-3750378 196894
-3672404 3118498
2363677 6411740
-5387437 5215751
6449443 -65355
1920875 -1065274
813939 726780
96147 4015935
-3820560 7591731
5868377 -4540913
-5738760 -8425283
-3326096 4580098
