7 9037638 -8065008
248
1718509 -2951361
5445851 -3990806
4213070 -8150019
-678215 -3338607
-3725931 -5333819
-8723170 6560066
2692974 -8524778
-1737892 -817458
-3563976 9391061
7316106 -5895504
8093896 -4263055
5398264 9346930
724913 3057801
-7889437 8074436
7112074 -2097488
4951152 6561908
-7428898 -8653065
5713268 -7086645
-7908900 -699475
3966706 -4964947
4111471 -1634831
-7643256 -2240112
-541218 -3195554
8711859 -6864796
9756053 5894806
4148104 6027966
-2108752 7849949
-6575898 -453632
-2379196 8616161
9035026 -4465334
4612926 7249230
1112517 -3497470
-584115 7184028
9000905 -3174214
-5622809 -5976663
-5095142 2967612
3243852 8488663
7809461 9777954
5429511 -7297365
1113793 6521320
-4934362 5185564
-4448135 -4738103
-2675383 2956886
-5910600 -1024033
-2973015 -2538227
-5288997 -6875574
-7856692 -8360089
8823940 5823521
-7350693 -5924455
-1901118 341197
-6691191 -2973502
8031513 -4479908
-4701953 -930986
1771649 5840974
-5121353 -9272442
-1570526 5401794
3180044 -7539363
-2066124 3981339
5473658 -9495339
-2033565 -5460372
-2335946 -7499356
-5859445 -4806210
3533663 -7676286
-3600741 5480847
-4177955 6182970
5725821 4498141
-9981767 -8352794
716220 -3726314
-7885339 7832632
1076542 5004221
-7077632 9509660
4486649 9506016
-3996293 6102412
6607073 -7579475
-3039847 -8522634
-6021990 7089860
-7716349 -2859441
-535727 -9365083
-1367883 -1666334
-5483363 5863532
-7121975 4454162
-1382280 2758810
9032496 5412611
-4238405 1850293
-3145486 3663509
-4310479 6838138
-1139494 -7706766
8395646 -9823829
5113048 4864214
-1142068 -2480928
-5391068 4589554
4246465 2835942
-4012789 9408935
-2257398 -6289261
2090623 4619328
-8410158 -5224409
50753 -2514999
5413964 207563
4574208 -8400399
5263111 -8824441
8013697 3945074
6238309 3468984
-3838493 -3125796
4254770 4633955
-7846973 -8725444
-1619538 -6887298
-1535004 9278312
1203599 -7373073
8854018 4452207
-8412112 1462553
-1245504 -6539006
945995 -6822270
-4098355 8805249
-9595149 8876311
-9948130 -9524147
4420928 -1815686
4169650 581920
7456124 659237
7809544 -9668842
-8394286 1710894
-2660052 9962572
1757236 -7497472
-4870545 5804944
-7226497 5477187
-3060259 -6016526
9960820 -5638609
-2460878 5694237
-2984161 -6576833
-7700522 -4042881
-3567027 9937042
-1878644 -7648652
2933268 3370253
-5970510 -7708994
5138516 -7094256
-2867010 -8160966
4317958 -739418
1763110 4472938
-7205766 8591546
4068734 6892566
3392392 -4432262
-70871 -8991525
-780936 3353212
6776379 -15397
-1541925 -1248745
-1311703 9075857
3943557 4891048
-1738699 -673995
-5866636 9393178
-7701078 -5192857
9162529 9271880
-1467537 -8051735
6421203 -4003160
-5411614 -9704427
-295509 9215438
7299528 1173472
-5301701 -6903117
-1033553 9745009
-270387 3917364
-7331381 8259178
-148613 8187688
-4404912 -6126731
3199274 -6205055
-6811877 -3627259
-6303764 7332638
6604519 8003397
9951662 5375117
-8628043 -4863018
7948907 -1110782
-1895344 8476696
-349832 -2346601
-6733366 7920536
7665545 4348468
-9217816 -5250566
-6991388 -2604842
8099198 5967155
9840424 2860000
6654945 6210638
-7416621 -4443949
-7111311 2359420
362817 -3720385
-8345267 2009560
-337106 -7169168
1720050 5543042
4019738 -9871846
-2218447 2341058
261594 6186259
-6948921 -6435461
-1686027 -2072861
-2161350 -6166737
2316770 1322586
6698938 8454200
4664839 -5326453
229598 3353883
8229655 -235430
-1439462 -4365361
160552 -8891176
-6060344 -7268377
8274665 9823446
9951600 -1823942
-9482884 -5189244
3513367 -9750495
-6185955 778710
1222202 6564446
2914061 -5355630
5966956 1577204
31404 -4769169
-95622 2665894
8536129 7212595
-3022834 -9866024
8284968 -717864
390961 -1945944
785679 -1554480
-9214682 -3153031
5023028 -8423304
-3612548 -9263081
3502776 5540144
8835207 2417171
-1018383 -166827
4477544 57409
4150965 -8104322
-2873490 -7039148
-1856901 -5817631
3911317 -452760
-7802431 9195580
-1522283 -9111517
-1057461 -9517463
-8555591 1385030
8231999 2244570
3821266 -7770273
5482998 -4228621
3827876 2725071
-4857758 -1014225
8818948 2663083
5236844 4123860
-1464110 -4187156
-1226303 -612191
-3913470 5662400
7725993 6916796
6112376 9997847
3402682 9923562
-9593901 7106445
-1508525 4861573
-2893857 4366860
6596587 9239827
7527558 -9072590
3652481 2079586
3581713 1355434
6534869 1311075
