23 -8842942 -9965270
308
1059813 -3377166
-4245067 8548634
-1314059 7683374
704770 -2980821
5666392 7194505
4370549 814495
-3259455 -9964439
2741467 1949625
3172765 4784854
4987220 1465203
-3715192 -8109006
2722153 -4416017
-3457078 -4405598
-4560223 -1083758
-7410348 -7352771
-8213584 7990859
-944155 -3834183
-6150809 -2458651
-2923120 258138
-2547356 -2929687
401160 -7256728
-7221167 4339545
-3710830 7141706
-5557088 -1963348
9501855 1978287
3869282 1946484
7530467 8303015
-6102583 9107787
-1975971 -5926611
9236971 -8146454
2360758 -6869967
-704149 -8976613
-8918912 -8583397
1674742 -4338606
2731708 -1842032
-6582408 1643738
-4016717 -6867132
2790926 -3803575
4233077 2272453
-5749260 7233838
-8303326 -3748716
-5445701 636374
-255839 9227142
5816883 -9031932
5337966 284542
-4069072 5053854
-1406407 -2301276
-884672 5226779
-9111827 -7808967
-7134647 3306422
-5049840 -3863767
-730898 -3717055
-5004278 933443
5722248 4576380
-5673429 9228799
7996435 2489340
-6874285 -3976755
7766739 5067086
6035154 -4613772
-1812877 3583623
-8846171 1373121
9071845 4118051
-655170 -7736225
-5545192 -9296475
-3473701 -7250645
-1114411 -2679838
-3880541 1476459
4926254 671043
7763775 1115182
-7139667 648502
-6862157 -7909654
-1886408 -9143231
5923855 8779910
-5833862 8396683
1980306 -5524638
5848483 -5130387
8987664 -4349512
-2085737 -2563320
-9343442 -1667506
-6401798 2369071
2205585 -2817143
8659317 -4999857
-1812462 841397
-8043421 -3898077
6750426 -4048687
-1958340 7333264
8190033 2404621
-6299117 -1328396
9584639 -3369759
-6378045 -9616627
-4747013 1564946
7215434 9470438
9423470 -5759349
-4910502 7646049
-7468528 2596380
9779238 -1312300
-3795805 4737058
8094807 954907
7056830 4391733
-9656954 2567738
-98998 -3676392
1244581 -9098942
-7910986 -9392612
-2762371 4945464
-2154810 -8326346
-4245048 859584
-7153626 3098177
7338828 5486738
3132787 4786196
-2617423 -7571674
-6367622 -1819389
5434021 9678167
633074 -163427
6744658 3528828
-3903434 -9793744
9046217 7087705
505115 5997569
6604957 -7192850
7752615 -4889518
9300488 6358938
9734874 8114157
1212334 -4944560
3058530 5097600
-7599852 -1448838
-6504159 8707669
-3111720 -7700923
-8022756 9644571
-8002503 -7677698
5851130 -4873330
7849279 8742155
-1653788 -8052303
461618 6895496
2218998 8851328
6478162 9582927
5941865 -7512035
-9397878 5778650
3350442 -1806909
-6709309 1814456
2881971 -3591028
7632993 -4309161
-2010083 6377812
-1461265 -5478727
-3156425 -7516487
-2389816 536232
-721612 5211058
-324893 7975815
4871311 7624600
-1007720 -9863275
9719652 9606661
-7905373 -4529558
3765444 -1822131
6370960 -7303251
4511206 9632238
-3958790 2178003
7868842 -2606823
6287341 6190555
-9288171 8375111
3374977 -5173924
5362309 -9928244
5282814 -9014839
1477328 -5359303
4781649 7474273
7610998 -3651361
-4044700 -6226070
-8239276 -152998
8024871 -9433721
-6736971 -1957479
-2325241 -3087817
9090186 7774235
7683764 -3767678
-7577123 -524619
-9633156 3971105
8797181 5651058
5722815 3741821
-2756666 -3324158
-6167109 -6478019
-9003745 8720662
7585653 8614541
4904823 8607253
-9029392 6057306
6623585 -818101
7224420 8995479
-4092337 9886614
177201 7415532
-6352146 7514201
-3010418 -2139035
-8167930 -3929269
4238142 9872779
3614600 3145604
9821446 -39043
3482938 -9142065
2094949 6170690
4785231 4479193
-4397201 -319397
8254261 -7793594
1388305 -3426593
8085238 4877846
4764461 -8870922
8544610 6509253
4023455 7458014
-4681020 -7807536
-9220453 3529389
3402168 -2848950
2813006 5017689
-5021354 9533121
2907408 -4849195
-8678505 977937
7973482 -4997643
-2800688 -1376922
829484 6092633
-7333960 -4546427
-9668580 -7782211
-6653133 3267631
-223116 -2387767
-4929753 -8108523
6600293 6316691
-7637567 -7094421
-7427018 7379841
-5086118 -1719047
-2185926 5385988
-9463207 -7591119
3386818 3237834
8240192 4374640
-7002282 -6123348
9969286 7955856
-6590570 3827202
-1438656 5151678
-1580691 6257202
6385787 1908211
-3683959 8196194
-2970763 3972386
6877966 -7083666
2812527 -608330
7672624 9450948
-2646712 7726410
-9864709 8003050
1240885 -9593566
4781074 -3961539
-84887 -8002571
9953285 295145
-5877653 -7599249
7552430 5879067
-5347379 2683691
7108255 -4028261
6684285 -8961592
-2472853 -6575704
8856982 -6286477
-4378455 -5594887
6372413 1669510
-8087728 5810521
-3670076 -6274299
-5867865 -7952437
-9397624 7570809
2084590 8913210
-791645 -6966159
-4565407 -5445773
-9566705 -4152946
1047098 -7012977
-8524886 7602268
1157029 -9328295
6612353 8159400
4389275 8684176
5605641 5469335
9655197 2527172
-1662306 1978054
5703755 -8432531
-6384968 4667618
-5245221 9835891
1265453 6733760
9767602 6839369
-8606404 2990160
1353566 -4797805
-9294430 4343243
1945512 -7599336
-6927631 -7819316
-9659916 5618893
4303069 2201074
-2329590 -2754289
9772884 -91290
4403116 -2674393
-1106923 -1889422
5294548 106871
-7540886 -4975539
-8241778 -9950673
-594952 -3759081
1747431 4042176
9244371 798644
7658240 -6899002
8018014 9949941
4646977 -7879896
7738997 3606736
-4192190 -2496586
4749125 -5441582
-3016520 3478220
3320180 -2961639
-2334709 -8613404
-5990181 4729609
9754070 -7040161
5525518 -3531066
-4773795 4028644
-1929180 -5069434
5729211 6973637
2590987 9831543
2297836 3387451
5507555 609001
-5784263 -3055186
-3035420 -4237096
321322 -7460100
