333 -9545091 -6753675
819
-1365580 2135916
6555516 5090130
2781637 3955802
3476375 -2065450
-2210883 -7169907
-4655876 3404967
-288849 -4585275
7279038 -2775847
4504636 -5371122
-6844588 -2278953
-1560106 4484938
2314846 7604499
-8073333 -5460527
-1984890 2411213
-4617526 5930837
-1933247 -6222213
8867918 4016894
-9510952 7138621
-4926829 -5834093
9512352 3965424
-2629609 2862288
793366 7372829
-5403018 -402106
-3256876 -9411244
-9173845 9101618
-3897092 -101464
-2496965 -733951
-3678126 934106
5861671 -8053946
7876891 4336984
631124 -8755855
5261039 8459996
5598617 -500958
-3818699 5750087
-7768137 3188140
-3949571 8210006
5582835 -7881394
1716500 -639853
-51097 -9820183
1797787 8459624
-9125488 775058
2557459 417047
-8648847 -9106101
-7160047 8879333
3216318 7212824
973321 3233196
-5790456 6363794
-4137164 -3765640
4500799 2324513
-4487346 -5439511
-7229505 6732663
8851269 -5920565
3439582 8353330
1049499 -6915878
4060098 -6611515
-3320105 5363638
-4219315 4934611
5828510 9237354
8116687 9648190
-622634 1184816
6934364 -6150643
-9786849 -9649313
9101399 -8856091
3468422 8592339
-6847171 3602199
-7148786 1497428
5576863 8439676
6793007 4218835
-180691 -983555
2404930 -9641142
5722497 -6120592
1330371 1601177
838531 4019534
-3815923 -2841119
860049 -1044781
-4679072 5561443
-1571517 -2205586
-1061677 -4465920
6642771 -2470118
3648433 4923097
-3579474 9795600
751629 -984001
5751187 -8002611
1013835 -2455364
-9580154 -4429504
-8033744 5935117
-2463705 -1341305
-7321770 3296627
2971861 891178
9846397 -8621341
-543546 -6168090
1626324 7683678
-6782242 7884937
7931172 3080999
-9479551 2376881
2172482 -5904043
-4371691 -3059025
-8545284 -7075889
-7014901 3895848
9466344 -5015097
-9079979 5921297
-5420007 3948953
-2754420 -9027332
1863846 9774575
-8846766 2733793
6565704 -5773404
-8089726 609688
-8989022 -9291620
-3694268 7644384
21265 1458502
-1929189 -3173819
3767156 4710099
150562 3699120
-2405032 -2261776
2723128 -4347987
-8426689 9577665
3526618 -3840499
-2867831 -3846696
-4072121 3288550
-3977656 1512367
5738963 -2918887
207153 5104400
5812780 165589
-9673675 1218131
5192985 -7881488
-1055307 347591
7574042 -6736203
-520731 5228201
-7033574 -2275395
3376618 7074238
-831745 -1794094
4365407 4949929
-8896767 5211225
-1500225 -8502424
3009943 9547464
-3371423 -2961529
-7857129 -8734741
1430848 -647917
-9429786 472004
-4893132 -5726474
4621117 -1720448
1543349 -3432086
4312467 -5288489
2436116 -8977382
613208 -204755
8001151 8329087
-4204632 2297815
-2490960 2366558
3864134 -3101398
8962418 -1474832
5563639 9390430
3172041 -4409004
-2540569 222863
3211219 7119241
-8607233 -9454003
-1174451 834439
7402353 -1469764
3241748 -9631102
3907869 -5768827
4026418 -4322136
6523303 7037429
-664755 2027570
-5605872 -7681328
-8266374 6844285
-4630547 774615
-7318603 -9303956
8803392 3449445
6188660 5853438
2972679 -3737177
-3191179 -8083769
2750670 -3118201
5412035 5634370
-1480379 153024
4384197 -1346217
-3152000 4943842
1981271 -9073033
2954537 -6628697
-4310025 -8683484
8160802 -134982
3155985 9939953
-9364002 6046607
-7987596 -1646266
6723524 1955742
8218566 8201064
-9882705 -7787445
-905646 7543739
-4305539 -4615682
5537342 -5493610
3160173 4214082
-8325724 -7562109
5881210 2524525
5895829 3655548
4972064 -1164252
1217118 4102156
-3441538 -4350782
4212178 6889455
-4756811 -2805540
9150202 6224582
-3058001 -8033287
-5820732 -114880
-2571141 9575646
-5040036 -4210025
296365 -4360327
9853755 3013658
-2032099 5972890
-1502584 4044384
-2300068 -6150888
-4798788 6909597
-6471895 5188348
3353919 -1065318
-4175863 86567
-202621 -2433903
6307031 -6416322
-4449609 -8536066
1349054 -6750970
5341029 -7753989
-1964014 1294266
-549709 -9699007
-4168996 848703
9337946 -8179602
5864782 3798905
164369 -2164638
7261311 -6435286
8753063 -2118067
6816615 3305768
5908688 2106982
2189431 5157104
8740782 -4293933
-2829999 -1503538
-5738155 6807525
1569889 1035408
4846026 2119226
-5063429 2122227
-7029069 -5703683
-3883285 767575
7082833 -7691123
-7339409 -8018502
8062564 9763554
-2354512 2438254
-4255978 -668021
3955313 6978455
2135560 -8347290
9875130 -3855256
-2842441 -6607306
-9799780 9561483
596891 -6064244
6054982 1770109
6408688 7959269
4771938 3507905
-5724519 9379619
4204848 3405006
-2097144 3874666
3638220 6865439
-8179955 -4034580
-2186248 3800060
778516 -2435932
-8266870 -8230935
-9569838 5430428
8823122 -8391740
-8830256 -2412279
-5960171 1539694
-6690197 -5717013
4758609 2611163
-3880932 2234844
1614463 -469453
5451905 394549
6785567 8335664
-2282545 -6645239
-8163466 -7059860
-743448 -462499
7101569 -349714
1419351 -9964932
5465496 1351051
2959312 1849513
1953586 -3195029
8344665 -3354592
928395 5993415
-8879070 4170821
-3594335 -4312996
-2266096 -2760001
150900 536480
-1127856 -6814191
9056923 -3063532
-7607040 6589600
-3872899 -9106543
543743 1649512
-5799067 5745022
-2903927 4479446
8845312 2182781
8987752 2571737
9217145 798898
9308666 7332418
-5980409 -7338107
-9134751 -9570404
-9814053 425256
-9038264 -8884495
-5698685 336848
-210332 -7649767
8939833 5874590
6768047 2182628
-6167860 7583286
-4155340 9828142
4307588 -1966927
-9784145 -4542915
8028823 3152900
6468151 1719959
-947623 -237680
-5059435 -1706831
-8760883 3071968
6013576 -4194185
9437672 -8574935
-5721735 -508335
1841898 6255339
2129929 4067933
-3749439 -6701917
-9118631 -1102024
-1273882 -7400947
-6851521 -3273971
-5300534 5550059
-1297041 5880686
-2399355 -7271711
-4993038 7687462
-4019369 -830625
4757695 -7536121
-9213954 9736101
-8838834 771272
-9737063 -9776281
6479058 -4560569
9507364 -5378813
-2080730 -1391012
23316 8274277
3389682 -1199361
-1956980 8749435
4299494 6538161
2418847 2742486
-2012872 5518805
3206268 2535845
-8294780 -4489558
-2025679 1703251
1439352 6462915
-2765813 -1239632
-8499561 -4883130
556301 -9986524
-5365337 7979497
9104837 -7419983
3370646 2553933
3870924 -871846
-2122411 -3239671
5814842 4430296
-2827217 4693435
-7271408 -1766310
-9230465 -2323737
3186705 5934860
-9845536 4991107
1454022 -8838974
-7562254 1593816
6710687 1204562
-6265610 -6061815
4434035 9783340
4879710 -1630946
3439339 3538872
-7332974 -1749644
5010685 -2689736
-8259440 -6939033
270754 825528
1575570 -8570305
-894042 2999347
-8549441 -5138543
9852564 4809015
5970042 -8394977
-4284808 -6177062
5027500 924140
-2621322 4942231
-2758077 8761891
9647297 -8187287
-2132063 -7878367
371990 3086636
2913252 -6948684
-3887717 7899027
-8759093 -2829835
-8883788 -1100610
-8101263 2816477
194286 222171
-4968814 5865648
-12976 46850
-3613859 3517580
6958073 5702216
-6839201 3929993
2691884 -5663249
8665816 402722
2524356 -5144467
458522 9050105
-7898579 -7103654
3311725 -6628226
-6941709 -9269943
-370553 4552633
9885462 -5825496
-3086973 1528184
9910184 79749
2642951 -5539435
494498 -102792
8115776 9029092
2959086 -2547429
-5694326 -8723425
1679298 8167322
5539208 5487842
4537947 -5796346
9616352 -4002270
-8114144 -844279
-114222 2928077
9997062 -5055852
-8364996 9515225
-6440239 9882525
-7521374 -8935617
8041300 -6530055
3367154 -2362071
9183374 -1464202
-1495279 1482930
-4724142 2142460
-7173866 -4673253
-9185411 6955156
3675162 8365342
6879424 -2131111
7024610 -4192134
1252295 8765281
6225781 -3089612
-3574387 1249358
-6351765 377137
1441520 -7498274
-4028329 -3873139
3764790 -517180
534971 1855177
5854460 2948164
7606976 9039692
-5633560 -8869682
601826 2949463
-6168843 7697381
-4433730 -5723012
84854 -9289418
9475863 -7409120
-7982380 -8662851
-4897141 -1782004
8595133 -1556767
-6538689 -1248906
-2605693 -7446995
2035825 -567017
3804512 3675450
-3376386 -7429204
4126841 -7824676
5821994 6746943
-7787242 8493281
6190662 -3576180
-6782840 -3956085
-3245503 4273285
6864165 -4181634
-2844484 8746712
-3035292 8881786
9841371 -5225273
3525822 -4440159
-1887154 -6697317
-4747982 3436481
-2888069 2665024
-2247828 1572882
3748207 -3748102
-7001159 -8120987
2888646 -429799
-1489626 -4788401
1255514 -8404339
5868946 1727534
7545901 526364
-726924 -4750537
6647601 7217769
-8007504 6237785
4313978 6488973
2308008 -1965330
-8528848 4943177
-2391799 76378
-8350740 -1416917
4834981 -2123275
-7727909 -2086181
373 7833822
5561773 5160737
-727250 8510747
238281 9333640
-139996 -4858304
-7092488 -2215818
-4998049 1649432
-9596431 9555113
-1439562 9510800
-2454530 -2766100
-7822923 3384798
-6538824 -983378
7599706 -7698370
178355 7626789
-4459392 2434687
-7215138 2450446
-9872464 -1942667
-3431920 862987
196627 -599714
-2941665 6806362
7106896 2572983
6738768 -34153
-479040 4625200
-3347648 7142337
-5623763 8081399
1466197 4197822
-6785555 9069666
-8628704 -2556274
-4929485 3330503
8281542 -5933996
-967198 -6872525
-6298839 3582756
-5554256 -8323310
1076977 269241
9591955 -2841277
2248059 8135312
-9382489 -784796
-6159596 -1013173
-3870836 138471
-9263778 492756
7206930 -6978246
-7908580 -5281228
2162498 2937727
8784582 5979069
-9954927 -250635
-4606808 7066125
-6834767 -8405773
-6729082 -905647
1879947 -9872671
-2713947 4347895
-5000441 1471902
-9312894 9534112
-8962709 -4382930
-1728107 7043862
-9947030 -2833545
-7295439 -8475532
-3756760 7259901
-7286020 -5204018
-9224949 922090
3187807 -8501437
8564688 3336476
-2552945 1097351
2708057 4246273
4373603 717973
7582220 -5411996
-1423742 -8340344
3710120 5098131
-9284799 -8220283
8823579 -2736237
-3053430 -8496553
-6972085 1392902
-8830845 -348868
-3036534 -8212493
2709597 -6116865
-4618302 -9745131
3591345 8413756
-488893 6462738
709012 -8961600
-5727274 -7780836
9323520 -4917385
9258623 -8145054
6953078 -9583869
-7804152 -4514905
2748858 184631
-5795570 3535779
-5071319 9695428
-653440 -2767655
-980148 -3902164
-19028 6310026
6564895 4245801
2659557 -2120978
-5658239 -7327408
6227345 4687017
-577467 5050773
-9866612 -9499929
-7644983 -1253946
-837815 9392011
-5122894 1824447
4525431 -6125615
7410164 7625964
7321392 8729861
8478559 4855198
-9046966 9184305
5494331 -9985237
4260565 -6549642
1329381 2059227
-2751829 9436474
4123491 -1812506
-6761733 -6524484
-6024413 6062377
-5191569 -6628345
5280018 8846957
671404 -3513032
361353 -9842876
299440 -4803165
6443049 -9712131
5143067 -9862816
9321489 4921608
4936371 -1387546
-5420836 4815821
9391400 -8286712
3666115 5908545
-5903961 -3360429
115088 -2210394
6368335 9850658
-6777687 -3392973
-4546016 -8823234
-9819914 1018683
1175807 -1358259
-3645072 -6942209
-6654339 3991599
4128784 -7202023
7719585 8488728
9617534 3450273
-9217554 -4827691
9401949 -5803301
2621596 2690198
1846122 3068064
3374023 -766012
-915354 -8038790
-8915411 -257642
-6564523 -5176688
5841995 -3461426
5180315 -6384437
-3326645 9534155
3525754 -8464757
-5666779 -7464632
3540448 -2345462
3621164 4569158
2257819 3157983
7354682 -3080038
9610161 1659769
-5272167 -23722
9210266 -6027365
-4066155 618208
-9639433 -9188735
-4365423 -2981566
-3926640 -6203956
-2588393 -8523428
-8989273 -8746325
5305271 -3398686
-863318 4536482
4707372 2154844
-3275998 -7322869
-1648534 -9155112
-2235149 1498174
-6842057 -4293852
-1801222 9891364
-6136001 -9597872
1020337 9925397
-9263338 -7685804
-8151018 -6102744
-2306700 8887591
-9635837 -2077657
-8307630 -2378741
-3261074 -8625109
-1572275 6997641
-847515 -1608040
1069091 5651449
6496338 -1607160
9891014 1936909
7643057 6777541
-814743 5565309
-1516211 8358188
799937 -4434392
-2120196 2020478
-1565914 1536599
424190 -7754862
-7316167 6127386
6264998 -6695295
7195948 -5623796
3890197 -6996076
1395884 8140025
3791475 5559035
-6048125 4981328
9434589 -7195835
2098058 6359241
-5559098 -406001
-2047813 -8716685
-3151077 -4558957
7461522 8752124
-7194925 -2754921
-7993431 8411960
4539347 -4254383
-949678 -5309597
-8417041 -6679303
8840973 8762623
6902648 5473156
1032191 -7246791
250889 -6789525
-3985360 -2499582
6376011 -314521
9279478 8112698
1912365 -9183087
-3742043 9748017
1016493 1277640
8522719 6235831
4647791 3821568
2083537 3045641
7736044 -8296510
7540539 3650211
2412834 9319003
-2691489 6381512
1651074 -8168165
-4957690 857055
8357473 -8098037
-5896206 1056951
-8313999 4733485
-1933250 -6616728
5647641 -3885281
7392359 -3158941
-6923110 -3335866
-9514298 -1568569
-8522928 241034
-5539124 -4914409
8735803 9213116
1048471 4517768
-6584368 1148637
-4503176 8356982
-785963 5066706
-514978 539135
4112438 -9912137
4821348 3588816
-511559 -1685209
4429510 -7111902
-7754490 -4863918
1800217 1821870
2769653 7838752
-9403862 -5197729
-7595785 4246725
-4023807 -4942985
2091135 -8859982
-5194993 7024664
-2102002 5506767
573474 301832
-9159033 -371612
-283749 2574848
-3836336 -2530243
5784548 7053951
2458401 -1831543
3304540 214059
4552281 4703911
2542664 7621109
4939732 -2678066
-8431341 3138802
712169 7343947
8483965 -9938796
7085868 -7196696
8310072 5805325
-3892843 7500218
-2871394 -8600102
3974746 9464476
-3065767 6844857
3898808 -9861590
-1693132 -7281219
-4550808 -3642790
3577473 4127760
1748869 -9998527
-2676593 -3879863
9258940 9204953
6548901 -1107934
-1046730 -28891
-4709234 -2450782
-6645457 8555490
6055709 -6399162
-4999264 -538300
-8557472 5700667
-4938123 1491834
1630244 -1623239
-6388105 8960685
7834247 2453464
9097576 -938913
-937439 1411721
48210 -6637203
-7432249 6385968
7794387 -692850
1794612 1633004
9182222 9264009
335852 7085378
3202568 -7463234
-5485182 8907913
4608580 719656
-7788510 -4042653
-3149540 9670457
1147495 -3641914
1327903 -7021293
2039795 -8501906
-4573833 425479
3788277 3618708
-7478972 5474378
7297880 -1127620
-9494616 2831767
-5387871 -8391156
1210574 9687606
4740724 4947981
-3627754 6929494
-2350850 9255543
7729242 -9019174
3167636 -139360
-1264921 7096054
-9925238 6831483
845929 -9937018
-6995187 2114557
8249617 6272097
-5737173 -690558
8181822 -9229355
-3881235 4077059
-1797744 1203558
-6592483 730894
8195227 9412830
6342325 8148241
-79864 -5432527
8064651 -6008525
-3631532 -2350622
-5254567 -6251361
-9419878 -2380101
-2317119 7336547
-8032544 -6057596
2730853 -6795954
