247 -2777244 -142464
667
7285905 420992
9164618 -2236547
-6240899 3998361
759781 1691078
-1682944 -4911006
3103126 465050
5802544 7185407
5645187 5415590
-3923790 3877539
-3034488 -3359040
-5148512 -2620620
5865034 8134750
-1789450 6501410
-2665201 1370628
8593384 5759569
-3819439 7192335
7472141 -1604359
-7605998 7861532
-447390 -8768758
-3679764 -4329864
6135186 386018
-9912222 1939714
-2644695 1937730
8331621 -1750683
4890277 -4052133
-4156401 -4702866
5948236 2258117
-8724120 -8291367
3079261 -5841213
2434708 -1389321
8319366 -5811003
2584638 1131621
-1006847 5791507
-460899 -2505007
3165129 1062115
3964486 -1624310
2831756 -699685
3754398 4052264
-7698419 2703413
8651280 2086019
-100495 -291790
4482679 -5505120
8719865 -4152258
-7477119 5758559
6885590 -5684521
-8979172 4957589
-3910790 5204957
-6487184 -3878181
3616812 -2401284
8660831 -4431730
3943960 9298293
-8885040 2625317
9193933 -3224284
9479130 4869358
-3044622 4011866
-6279924 646762
-2342006 6854883
5218977 719108
8994019 -3622140
-6790309 258210
-4784201 5879610
-6399081 -5769481
352338 -6178638
1420078 9630087
-4801643 6485502
5783795 -7402739
5222579 1658669
8434386 6898756
1768114 4416512
-1571621 429868
3592982 1239844
-9388920 -5335193
-2099733 -8749023
-9854811 5830057
-3911732 -3105713
5290249 5871232
-9898249 -6179581
-9841867 1407520
1037607 -7029558
9455944 -5905437
-3308175 -1247683
-9589014 5239740
2138496 4430756
-8636380 1361724
4307944 6422962
-2337193 -7691649
9489511 -2099073
-8331744 -1726113
6620296 -2610222
-3199583 4329797
201029 5224916
1561688 -7909334
-3985462 302780
3273222 -5763827
-9152911 7052146
8320815 -4754481
-9514741 -9944734
4486022 8731801
-7390122 -4859893
-8436931 5849642
674346 6917822
-5181251 -8257772
-7467533 163857
7553635 9003357
3333154 1669116
-3105968 -5645947
8961071 -6465817
-3646684 972072
-2275402 -5024390
4544108 2142890
7388409 -1428313
-1373047 2864923
1596724 390020
5530127 5629327
-6004679 -3277046
-6359223 -390451
1351777 4669667
-5166476 -9024122
9979236 -3599403
8069713 -7612840
9257565 -4171258
-8120722 7480097
-1547830 8218636
-6805754 -9251054
-4591812 -1306880
7264807 7738354
-6880371 -7203402
-4297030 -4108240
4037439 -2767294
3955660 -8766902
-6641001 8032760
2702428 7596437
8572316 4710776
3627725 7535952
2439464 1067904
6896646 1697438
-822464 -5786619
-7567982 1292276
2041222 146058
8839178 8142616
5880971 7449411
2762361 6103985
4512097 1516952
8749658 8465331
2214781 -1450464
9098648 2705319
301756 5573780
-7199091 1801076
-8146619 -8609576
2458328 6428634
-1873927 -3190803
1022579 -8128673
3163603 -180039
9966019 -4029051
-5886435 -4795174
5170589 1321549
9941886 2510888
-5972159 -2067050
-3601719 -3029665
-1963777 -7222501
5482818 8613063
-3296805 -2865129
1452300 8300927
9691351 -495896
-4067261 -4177967
2631230 -5333968
-3462641 -3424836
6395125 6170161
-7858890 2217314
-61508 -1122504
2715397 8771028
1281916 -4890919
3042031 2657283
2143970 -2173891
603609 9440313
569728 -9819807
-2684936 8602779
6903706 -210725
9293380 1283716
7105749 6595058
-8738910 7742471
6833987 -7746668
939845 -9685199
2532115 -4254536
4622960 -4402692
-5631664 -7529392
-2420311 9854709
-4971656 5650252
-6523638 3138073
-4905262 7172314
7352507 -3403677
-4800898 5664466
-4546259 7183923
-1532360 -7897191
1214219 7263473
-2477704 8089741
2859425 -5008339
-4693538 -5643717
101747 -6200729
-603421 354929
-4658111 7241059
7095768 3764915
-8068481 2921579
8576004 4640464
1812778 7924233
-5479444 -6329258
1851560 -8318363
8865561 -7763989
6855172 -178347
-2914873 9849553
455646 -1930609
-4422596 -2876225
1480059 -6684928
-2885657 883866
3755147 -8418194
1339218 6510922
-7207811 9097037
-5465032 -9048662
5591803 -5276292
5164294 -6889028
-3218286 9920933
-8397429 2201202
4437213 8633274
-1545073 2984484
-4649611 -6191263
-5605520 -1943594
5180182 5806035
1637459 -28116
-9144250 -3339759
-9241601 8751802
-2220924 -2872750
-3775713 -5386031
-4434692 571265
-2188674 759255
3870227 3673463
3594396 -7024380
-2306826 -9348059
1801567 5196967
-1818549 -7869612
8455477 -9743506
-1687099 -3951808
-8145772 -7150042
2821842 6009435
-7330324 3491687
-5240158 -3806055
3321195 5944427
-9441603 2538918
5626536 9545482
-7178911 8640057
2313520 5954214
1446186 6691316
-140391 -4092084
-8895116 9139360
-8730252 -8338824
4434022 -8197313
-9632768 2241578
5091536 5263275
1272710 -7778540
-1770501 -2086622
4107323 -3541262
-7596834 -4494307
560964 9944870
2006704 5477915
4117972 8703852
4658066 4827793
1519109 -3568508
2339408 -3895748
-4756388 3895070
-1927402 -4039356
-9720316 9029713
1271291 -7493379
7769896 -9353084
5384728 -3637173
-3207443 -8441041
-1982303 6130579
-8363727 3416233
3361103 -7062785
8415130 2197237
901089 -4632192
2711953 2533102
1480946 8075507
-5820241 6747415
642485 -6179645
-7702649 -8060277
3485788 8715084
3738057 -7422965
5740303 -5242921
-6363742 -5975695
-4416736 1125031
9771963 -7054832
6361401 -3882686
-945471 -8591764
-3878175 -7761144
-9876984 9986012
-4964534 -460734
-9868875 2834970
-417615 6516413
2853120 -5689116
8766959 2741222
1456306 -2333177
-7239789 2252748
-473821 -4805637
-781331 8500514
-7858102 3162438
6107606 -2681715
3435599 -8086139
5838449 -5014641
-2775785 5006481
4992493 4476626
6532244 -2652768
2698554 2544311
-939276 6663369
3490605 -7719061
5022161 4430196
-7902980 -5226084
7026664 8994820
6705535 -5142769
5874097 9069196
2231634 8440556
-4241158 8015995
2446208 -9144408
8357303 1710793
-3282726 -9198991
5277635 -4418482
-4554898 4226119
-3229569 -5673769
-9010400 8143656
2940947 -1652493
-7222296 -3003443
1770474 -9520539
1990633 -5125276
-7751693 -8686510
-9617314 -1303832
9653077 8122404
-1345248 -4869328
8502616 -4588081
-360936 -8899040
-8098030 6859919
4957790 6356339
-6901190 -304043
4022189 -9597108
1062901 -130759
8216749 -2471859
4524699 6520200
6999661 -9005547
8385529 8811525
-9874985 -1009706
202815 3150188
1272592 -9492298
8154726 -144108
-2215837 9927344
3544657 6657343
3517262 7423227
-3704082 5446627
-4857416 -1524948
-8605703 -605271
1780322 1681125
9209267 -5026450
-8506250 -2929
-6492124 -3749682
-4938157 8493412
-9999942 4409757
-2440055 7703210
8210912 -7280775
2575117 8832538
1276234 6365639
-4460666 2875632
-7184788 -5179109
2783870 9056596
-9951999 -888870
1022211 7926455
-7876068 3958650
8932200 -7197466
-4684043 -8666801
-2416483 -9574050
1435714 -8659814
5749943 -4838288
-7135077 -6047875
-3328650 -6690111
4658779 3592187
-7525822 1762820
-5361548 8451365
-6727743 -1986488
-2929891 -2546336
-918853 -1427521
-3501066 9634462
3593112 2619710
-2061404 -8860781
-7527582 2525312
-4532386 3254554
-2888908 -7427712
-2266000 6903329
-9144546 -7138965
8687276 598923
-5808889 -9956844
1805976 -4137593
-5686227 -3334711
4678802 -1039219
-1069203 -9897618
-1325139 4265263
3899725 8011944
631655 -2309852
-1170633 -2507163
2534501 1086603
6857509 -6181863
-3609575 8002115
4905444 -6031399
9345989 4124426
-5276651 -1722750
-9163241 8033265
-6104327 -8569188
-1903898 2642735
4119868 -9274202
-9171820 5291256
-443481 -6949334
3578962 -7980607
-7774107 5972596
5981785 6726969
-2186427 1055260
4873398 -1483714
-3481599 -5328918
-8843964 3780175
-2095399 3940198
4733800 -9497975
8535290 -4855697
-3424885 -1913089
3245999 4947315
-1810535 -2812431
-7521175 -2634133
416533 -982355
-6446609 -5448304
3040644 -6004504
-9277535 -4220716
-649103 -977571
7538715 -8947610
-4276527 6740647
520822 6573469
-6969981 -3120491
-2618466 941776
6086079 280171
8367083 8433176
-4103156 -7338806
-7634884 1613082
8978949 4086309
5620307 7360293
-8088010 -8088165
8423683 9173698
7469334 4952634
6491416 9146148
-9801461 9336583
6077230 4030131
-6880048 8438364
7834225 9114405
56181 -3850029
-1053505 7732111
-1318361 -3857740
-8680194 -2686422
8926660 4578483
-1335207 -6315078
-8954784 421961
2333796 6801452
5975150 5473558
426192 757479
-7580020 -4039164
-4702580 -3082392
3464092 5134871
-3910413 -8625350
-9510945 6584044
5250368 -6076188
-8344077 -6938412
-796152 -5803137
-5973207 337562
7432398 523655
4208577 5469805
-4108234 -3902809
5414995 -2229855
-6756297 741915
4015746 1390145
-132667 3669896
3103856 6435726
-5913051 5164753
-944244 9084300
-1815303 176536
4100348 -7938837
-4877248 -6564935
-9851720 -1727377
1126538 -3157048
7366607 6691425
2161230 -1441064
-2827521 -5908463
1861682 569348
-8688737 -7412526
-3506029 5105386
-8708366 5327010
-5720912 6361304
-5957590 -3088158
-4003857 -9117610
1058926 -4385482
-2324319 4180840
132257 7675627
-4051750 -4685215
2157738 -7203111
9488314 -408860
8150076 -7959303
-3867766 1649544
4735244 -4677445
-9573619 7993917
-4384345 6046508
-6110130 -3079648
-6718343 -3092711
-3664517 -9314690
-8432300 9840419
-4545063 2331626
-3487534 2626627
-7181394 3130618
961756 6644723
9441612 -8716792
874349 5635846
7676543 1446278
5612174 -8459223
-3136667 -6191222
4319047 347419
8910279 -2710286
-3273581 2451054
1874695 -7199851
-6514541 -7475572
-7635153 8210178
541805 7569512
-7287509 -2180216
3466754 7054271
-3784653 -4468903
-3185695 6944862
2580708 8173311
-380410 205006
1745784 257252
-3417618 -4768236
5579183 1125469
931535 -9098571
-4131165 4489462
-194037 7657954
-9817618 7743530
5953708 -4192225
-6622713 -7452771
-7116635 9011865
-1417511 8606130
-5862773 6350120
3294982 4797836
-4512501 -6532116
3672891 -4124309
-1350705 5107089
2855206 -4581325
6544144 5231677
-1350542 -1565611
5440204 -2524321
-4866366 4518293
2261823 7762519
-6429706 7832368
2895950 -9268117
9743749 9463933
8070063 5779315
-5354213 -1673762
5640426 4723642
8191527 7940770
6332813 -8872075
6235015 1864418
7283093 7498460
2730137 -909779
40962 -3656411
3819268 -8620405
5897888 7997518
5760038 1469254
-8182025 -9323937
3924298 1846684
1310618 4713925
493240 3668047
-8005715 -8102967
6620676 5139028
-4403850 151063
1278989 4812203
-3323379 4445315
1943775 -2485996
-879423 6476066
-7180345 7190264
8569859 1677891
-324590 -844725
3140882 -3015901
-9823486 -4564552
7282132 -2524791
-7810866 4100812
-2231140 -8890898
-6993864 -4801274
2854106 -7720503
2430561 9626812
4439015 8450256
-4588077 6225902
6256258 3631988
-7375594 -127950
-2937686 -4623165
7054726 -4555939
-2884312 -4367827
-4867376 9246488
7198288 2772922
-9751869 -4690862
9409951 4480421
-1894125 -7562735
-9847656 9695163
4491012 1112011
-6744825 3006450
1456707 9437925
5663827 210542
-6157470 -615018
9257033 1920085
-186728 -3533064
-5572651 -3680653
-5532127 9384351
8630839 -5940610
-651336 -7883151
-2574012 5829128
-7174099 -403204
-5449587 9352291
1563806 931776
4560140 -5297243
225560 -3945182
-4507256 7815315
-1974142 -8317733
-6416399 -8843429
-4406991 -5615260
-6631971 5356986
-8323666 5406281
4790632 -9688270
-5628880 8660559
-9222592 3421472
-8233048 -3763863
-1650715 -9280252
2588391 -5407147
-1959019 2899698
118808 -5847803
207016 5117473
2932789 -9655632
4542987 -1783888
-8110965 3474999
376091 642940
-4000073 -2517956
-7111674 3744120
-3427797 -9807387
8853172 195310
-6383218 -6540325
-304188 2146932
-4616967 7900086
5009291 8045097
-6538852 7971424
-7876378 -6949727
8167746 -3903692
-3559324 -5153010
-4420546 -6383113
-391762 3500015
-5857045 -2531511
4950534 9984330
-3755198 142882
335495 355212
-9449478 2817005
-1206967 -8294981
-3631696 6683657
4583743 8488845
-949705 1751337
-7760887 -406965
-4840340 2511443
