84 2255992 -9528203
159
-3206300 -3031265
8717869 -9046458
7006257 -4908610
-5851938 -8780244
-1997079 -3612019
-8500893 3506131
-3268965 -712357
-9890781 1610142
7193885 -7819301
8458836 -7452133
-4393625 9172683
9305560 7817805
2642920 -2244453
6773170 -869267
-8613275 8519078
-4512186 -238680
714862 -9303222
8304520 6722035
7941792 -2278881
-3374548 -7547417
-1524934 -4055287
-2251292 -9359089
2251053 5206102
-96847 -9625721
5438498 -8038710
3650325 -9121658
8696147 -8955126
-1199579 -4527763
4602970 1339068
-7625502 8089943
-2148737 -1493953
-797175 -2137688
7100700 1082477
8803596 -2492654
-7523719 5042492
3503557 7945400
8586311 951347
8673801 -8747734
-8373455 837364
-4684994 -8906693
-8028351 7065044
626270 1481683
6953920 -9332204
-5476784 9426691
32986 -5926758
2579290 -3102285
-2723621 400602
-8516921 4298467
-8194187 -5622921
9419571 2803028
748428 6798446
-9733854 2923129
-3308253 -665260
2688456 8939947
2549606 -9165356
7899688 8003463
-7998502 -2962393
-2294596 -8957690
2985353 8955419
-6971339 -5255028
1642687 -6981660
3418942 5607951
-93581 8919067
5812498 4902021
-2294951 -5771416
3543383 5232070
-9328449 969830
-9695430 3809529
-4734172 -2636702
-1802058 2993026
-6487159 7815435
-5146958 8613983
9656293 -4485660
6986111 -4925202
-180229 -4842001
-1823661 -9985228
-1860924 3978810
-4585771 4111633
-8469994 561847
-2693217 -8773272
-1024850 -8248592
2721238 -9149834
4659695 -353299
-473649 3025808
8535186 2441876
-7226337 240645
-1145372 4564380
-9921280 -2373295
-4782144 -8972726
-3814727 -418817
-7887693 -2446021
4049141 -3122036
3505949 251383
3329582 9463371
3206451 5035955
6787363 -9363634
4002884 4697953
-5655346 -491399
5050761 -8821068
3620808 -3612643
6628002 3585948
-1849672 6394471
6537528 7998983
1542609 -9254600
326583 -8244616
-8174285 244234
7122198 2438890
5206626 5874857
-2145420 628147
-4335898 -1463792
-8311074 3577383
-1724664 4967818
-5523581 5691811
-612905 -4863658
1523699 9527181
-4370519 -6992097
1918726 -9331947
8667036 3779809
-2958439 -1543746
-7272009 -7274003
2970231 7368144
-7676614 -5446294
2944915 92429
3236928 7530012
8582573 -9200505
4376878 1417383
-3614799 -9728501
-1520338 -7347786
-2211444 -6622028
5421505 7866757
3391012 1828607
2496661 3567338
-2652853 -4690262
3765993 -6319951
-3593953 -3094940
-5726796 6493984
3564042 1892630
4501412 9112943
6642955 -3491042
-2691547 -2261660
1672075 5225528
-1986620 4201684
-629750 573628
-3532047 -990606
-3123848 -324841
-8496234 -8110542
5456797 2783516
8093255 -3483221
-7286819 5320296
4741709 1859248
-9130416 -8364420
3528210 9014913
644208 4433626
3458936 -1970378
-1715685 -2712836
5029044 3283742
-2514574 9956390
-6953629 5558776
-5431829 6855676
