138 9264367 -6543780
494
1522923 5526472
-9928103 9766312
-2286063 1507410
4870837 -4252713
4439048 9387961
-4019166 702810
1216050 -5428283
-7361802 -4150913
-2754087 9018053
4900001 1940196
-447371 -1053225
-9798038 8754622
5877365 -8449116
-271125 -1494775
-2230408 6064858
-5892318 -4298553
7984112 9292516
-6683722 6695931
-7556781 -4301951
-4913990 8187115
-8593723 6882267
3970336 -6416804
-567716 -4861321
-5843268 6608535
-8934917 6678197
-4375027 9056733
327708 -6865936
7201300 -4173065
4332160 -3794927
4786283 9446527
-4852025 4618105
-3573027 8893965
-1893751 -6867913
-1169864 -256749
-2069634 549468
-2568265 -3567502
15695 -663356
-3008325 -8597928
526959 9447979
-1357472 1148408
-7278507 -5891606
-2757541 -3216147
-4872859 3049201
9254274 -5556241
-6109713 1975653
-3406242 -3443091
7967227 -961738
-5313299 3020731
-7236018 -3926524
6622944 3516837
9949335 -6789299
-4936303 6571031
489455 -34970
-8070639 2055372
-6796220 -8983586
-4875191 -6911758
-127905 8441626
1490827 2367268
-672621 4999236
-3025110 -6738546
-7665285 3217666
4772280 3568648
9105732 -9698058
8891770 9458981
-4507830 4386066
7596767 -1968934
-5397902 -4558494
-2077112 -7339536
4715837 5091553
-1375680 -7631398
-4543156 435969
-1122405 -3734519
1149101 5328939
-7155472 -9631577
6146229 -9523520
3694147 -180582
5904418 8480944
8782887 -9017221
2958113 5010150
-603783 191009
8222076 8450283
6408141 9509336
-7830199 5340526
-7051569 -5668970
9215984 -598010
2354311 1572751
354584 -5327172
2518119 -8768093
4116682 -8496315
-8019834 5362647
-4817935 -7220737
-8739793 -1809335
-826556 3602836
-8870662 2559446
-7249544 -7868443
3098193 -6958093
-7448756 3488884
-1170590 -493666
-3646284 7237397
9155739 -5705807
5866945 -4430300
242528 1510050
-4741691 8737881
-9758433 5277000
639647 1891343
4670606 -7778267
-7071250 -1661935
-8059099 5930814
-8993388 2102194
-3249896 5586591
8628499 -6242932
7245952 9848297
-8129017 -8820257
933492 8591714
-7114092 -1775300
3794400 89231
4115633 1269205
7086 6553281
1830281 9373943
-6218362 -7234995
-5013262 4986280
-6675655 8452245
-3100589 -2084512
2534035 7781598
3368190 -2093977
-5820556 1800491
-5834860 1996689
-4307216 3941748
2533463 -3963877
4260823 -857372
9231859 -2064277
1721280 -9428424
7124857 -4136156
-4762213 4244718
7009724 -8528510
6457770 -980574
9988023 -8003538
-7571697 9782116
80066 -3112566
-2690191 -2521310
9279181 -6551744
-2038703 1489253
-4568998 -6555679
-8003204 -3829567
5313061 480817
8416540 -1226028
-8138100 -2938728
2925117 137820
-5617462 8986757
2974599 679256
2215034 -8607738
5905077 -567631
-8269163 -5280591
-5876805 849732
8328422 1810904
-2224488 1433005
5438610 7607603
3568276 -1746838
-3060053 -9130388
1350429 -1918576
-628252 4769361
4346985 -7716679
-5062507 1233648
-7263243 -2727898
467711 -8163616
5744998 5711356
-4856274 5199097
9918507 -5833573
5016159 -3125437
1201819 -5958298
5474707 3344581
-6531464 1493684
9746846 -6570330
-5700718 -446836
150941 -3313207
3972506 -1833936
-7034263 9522689
756338 -1680508
-1892054 -2096769
-7744033 3493095
-795548 8575657
3774755 8000965
-7832607 -3135470
-3744555 -3790386
251316 7183552
-6955514 7457265
-8532699 8242376
-8327954 -3486978
-1417461 -8785853
-9582708 8487680
9170096 8733480
8256169 4389799
-7290709 -7864166
-7444583 -8471141
-2461693 817237
-8090753 -5188616
-7187651 6742759
6123641 -1799646
4409968 -5020258
4679647 -7620914
2352703 7177636
-2063636 7724133
6753507 3820004
5034151 -391590
-9387557 -4663954
6585878 -2032204
4873947 9782539
-8081627 -2641600
-8596389 99590
3433179 -5526210
-714826 -1058082
8201029 5342426
6059132 -5386124
-7890030 4324670
6703757 -7014548
-9836911 6789617
-2969898 -943540
-7123535 -1900547
224216 -6216390
-8363992 426968
8394764 836659
-6864450 8221887
8096639 -4214937
5884653 -4946076
-7955934 9500250
-1557831 -682167
7176611 -6154407
-1540531 -3356802
-9032131 3235744
6221196 -6914209
9875409 187978
9244438 -1099363
7000091 -3094489
-6794527 4637255
-4935776 9740659
-6906330 -5158518
5579721 5975340
-8239596 -3770780
-6200504 3676360
-4307038 7645057
9479242 -4156437
-7794492 4135131
3294682 6655854
-7592050 -6818671
-3732880 -3221097
6966881 8629146
-9953864 8658881
8080745 -1272329
-6635073 7046227
-696762 -8713782
8644052 -1570849
6920843 2396908
1142480 4223773
-9583515 8681247
-1157343 4941977
3301892 -3890552
2760931 -9161749
7494105 5507400
1205081 -3944387
2834516 2418407
1047554 7472201
-1352565 -7682251
1045421 1093690
-9343731 -3271820
-1985602 4410348
5355851 -7524141
4872767 -3341549
3398576 2276694
-6525706 8531599
3473576 -3668586
-5042786 -5166697
-4328446 -3224532
4799220 7718145
6290111 5682012
-1899581 -3995699
5992855 -8359021
-6041271 1664325
5274367 -5359710
1368470 5004150
-8069150 -1553012
922847 1899220
8557671 7286701
-7920253 8311966
6843566 -5527400
804014 -4445959
-7096304 317142
-391037 5761228
-4004275 -1424749
6773615 -5591817
-7071163 -7714164
6443168 -5125966
6538360 1438044
6078334 -9598103
-2077601 -5670921
2776068 9963156
1862376 -7630399
9656302 -6301085
4527234 -7063600
-2591000 4252401
2322795 1370800
4204294 8213014
-3509406 5226491
6318094 6329609
-9262207 2486319
4772156 3091709
7965744 6182982
-2378974 1215324
-5866427 -2979544
1349535 6215712
6178868 -5427676
-3058075 6641955
-9659129 -1958756
-6506004 9114579
3366980 -2615543
8755257 902996
-8367638 -4310225
3432619 -4524097
-8194487 -1877044
-9390724 -249287
-7157577 5059658
1242640 -2102216
1629460 3324519
-9655025 1380018
-2404270 -1720615
2851709 -5789138
-9147182 -6225402
-5667806 2309986
-6059083 3710041
-8905502 -9657457
1245539 7307897
5514025 2366107
358362 -4605746
3517210 -1053356
8697357 2163875
9739885 -3357162
-2943026 -8460220
-2619349 -6501123
4878895 1202786
9482171 -9758022
-5547159 4990977
1281927 -5149768
-323430 7822011
-5951596 -1869526
-1526983 3617487
925385 7659254
-7458287 2234908
7629162 8955762
-2097594 2900075
7580303 -6337275
-7178085 9116115
-9344104 -163460
3335418 -121110
-8918324 -9447101
-9205122 -9269335
5721643 3080200
7930432 7764071
5586082 -2996430
-2349604 -2392997
-8775510 2150838
-189908 6123413
-1641678 -5333773
-6378011 -5131843
7768232 -4012516
-7833439 -5959253
-6843137 -2135113
7701428 -5011523
4867367 6329111
6882010 -6446802
-5716137 -1534605
-8454405 7676888
5440959 2521858
2041781 1992380
9599383 -6456607
-1789417 9692177
5815591 3340225
522805 8020675
-7111168 -5826087
-7322251 -3338854
701894 3173417
3554656 7360663
-7650860 -3624891
5220572 1256084
4809282 -267141
8198254 2102582
-7704177 1609498
-5868644 9743850
-5747418 253134
-3687120 6173137
5865315 6368317
-291458 4523463
-4939509 1680906
-1628829 2747699
9408846 -9534325
-3844556 -6434728
-9074065 -7372908
-8481447 9710101
966185 -6724925
3007934 6739125
-8641941 8291820
-98682 -6277459
5982743 -6346118
-3576631 4032674
-7277836 -9764675
6603642 2736249
9776064 8587479
-7215263 8828536
1576236 -5163445
7818583 -6327740
-2762468 -6498566
8644878 -6025973
-6315872 -9320180
6471247 -9836569
6902556 -2833334
-4541514 -8004466
-4281925 8260615
4430850 -2123844
4425182 4217170
4452495 -9145781
-3893180 7147346
5734825 1056137
-7598975 8399236
-6764208 1035914
4708174 3977261
-4953 3570727
7544754 -8054293
5141879 -1360075
-1196644 3745235
-9088099 1613126
-3874988 8222264
-1000768 8886739
9279247 -5640561
8576609 -6569918
6800653 3704429
851776 3029104
6601593 5423825
3823061 9102953
-7344780 9002619
2979880 -424795
-6854068 7363394
1825453 5491280
-5868795 3207039
-3047726 -3032668
1096811 -4549086
-6326822 -2135825
-3249086 7221823
4097615 2672410
-1381156 -3969839
2250942 2674224
-4296671 -4580503
3359674 5619070
-2761624 -7695078
3823893 -2817264
-725707 -106404
-2743010 9320126
4811406 2420226
-4372735 1598796
8566128 8942611
-5606475 2579539
2960066 -7820709
1917467 -9416944
3255466 2227332
773845 -3984918
8689306 -8125689
9810160 -6975213
8643858 6908987
1730262 3169835
2868923 8398586
-1707818 -4445845
-5125719 -7856784
-2920206 -1934476
9664320 2202039
1144651 2707059
7802950 746801
-4557556 -1945472
-1362416 763016
5506700 7359911
5891345 4409403
-1199934 -3719455
-694667 -2902996
-5994009 -1389774
4296413 -9534457
8864129 -1747395
-3676887 -2834664
-8175095 9672663
-2261813 -6286254
5915786 -1095301
4128111 9918860
-6817987 9576789
-9852331 1931061
5210430 -1375543
8500721 -8698394
5711009 -6766518
-485972 4392066
-8510930 -5488925
