63 -4367330 4750083
969
1022674 -4183867
8686894 7620537
-460563 -6966172
-6011387 8072409
-8200024 3226748
5738696 -5072355
6676709 -9470902
-4555835 5252033
-4755483 2201751
6046192 -2396842
-605330 7598080
5342399 -8695971
-5300363 -585190
-6580452 6535524
4684547 -990395
-2657910 8169631
5790168 -4292779
-1258951 8545337
6617746 -4670395
1072706 -4753986
-7309988 934075
1463173 -3188598
-7936564 9366721
-5915176 6907339
7026849 -2692047
7422385 -9868984
-8564955 8937871
-1647319 2764784
-8183339 -3865317
-2339360 1772229
-58140 6501208
4724781 -2480917
8580772 -4267971
1061634 -6534170
-8771804 5198518
-3867407 4650692
-8537905 -6081792
5801282 112119
-2980542 -6474469
-6650164 9886106
-9982877 -5953693
5500530 -9227778
-3946642 3968520
2619555 -6146788
5625441 -2129981
6887579 2796548
2831983 8083654
-6184317 1612360
-2405458 1412755
9127625 -2606331
-7955638 -1177261
-4742701 7776571
-2111310 -6493543
9548340 -8941419
-9055312 -2575500
-6012841 5414528
6186750 3478163
9963035 9487689
-6659099 4756461
-7373520 2582591
7895491 1482695
-433651 2030412
-6357228 727474
-7859771 -4101616
3292053 -6246333
2576406 3784206
1560777 -2147233
-6124424 350057
1408639 1965819
9390319 -6576084
8838445 2353327
8347842 -6622522
-7134832 -2458453
-7701992 8310877
-6590180 8722421
-7278532 7440841
-8012395 -8694689
-5450863 2287817
702553 -4369623
-8099604 9205718
2989925 -6005393
-5636274 -3006846
7343212 -5449298
-967126 -1760697
-5820429 -1248149
3621530 -1576807
-5682976 -6981984
-6924084 1969372
-7203399 9698544
8420965 7890276
5331117 -3793578
-9971915 -8857566
-4053397 -164926
-2018196 -5422777
-6217059 6649157
3160116 -117800
6875355 -710782
-3643727 40194
8279497 4218567
-7029582 5389147
-6187660 -7540931
7993437 -891700
-8922328 -1870636
-2172092 3585705
1475982 6390625
-7402953 8765226
2424012 9323451
-841474 -7374867
9718708 886967
-2463876 7140330
-2977470 6018001
-4692780 3212592
-6747213 6414237
632804 1663493
-2947360 4048636
-975943 -3880426
-2255774 -6618668
-5972951 9533847
3119552 -8661750
7728876 -5628691
-6863465 7111886
-1048310 -9674077
5467408 -1923101
8963867 8110216
-2233102 -2297532
-6279530 9016343
-5254712 -2694220
6236370 -972310
3207535 -9485573
4563063 -3130826
-4494899 2776527
6157859 6103473
5637320 -4234321
-2896070 2701260
7072570 -8726776
901463 -5167194
7675081 2725457
3318709 9853153
479721 -4341158
3361310 2282576
-6184729 762971
585103 7081780
8625822 -1439441
-8408662 -3178527
-3793000 1833357
7126236 6154402
-5225773 -5771547
-5868 -4199552
8501708 2927899
-3282525 7098062
-8069132 -1909370
3332440 7618938
-11557 9605950
7781144 -3348851
1450077 2984516
-6252513 1142454
-1775765 -2218300
6342260 4332591
3670416 9366409
-6283881 449950
-3395648 9877416
-5894131 -9157645
9159155 -6105069
6822830 -3383646
-6285584 7660864
8267846 -6459694
3675596 8161637
283939 1600286
767787 -6335960
-835092 -1934917
9207537 -7782136
-435 2912396
9761339 9948124
9314534 8858177
-691873 -4051893
-4174476 5547005
-1094288 -1571168
2323763 -7552255
-935901 -1935132
-4274268 -8337054
7719604 2778516
-6543495 6509930
-1889783 1395200
-2424408 3740444
-8194473 8878004
3612221 6740501
-7830751 -8986936
3477541 6128138
4986315 -8069412
-2121305 -4691573
-9144568 6810794
7755978 -3779429
-1331683 -238856
342364 -7403906
-5740960 248768
5543636 6068096
-4905621 -8021356
-4109804 9000141
2740585 3204596
-5401048 3465789
-7277358 4546112
-1924471 727525
-3144337 -5108109
9338831 -8446930
9377849 4358330
1169125 -2782474
-4045550 -9766719
-7489223 -1074897
1521197 -2860881
7387887 2853142
-8562410 -1703411
-7208415 2931524
1931665 -3468031
2252917 -1318218
4663923 7188603
-5748933 -631778
-9904253 7386565
-7721544 2326596
-3603982 9467763
3826093 -8382713
-8648835 -4226133
8523500 7511570
-3563326 -2694385
4444734 -8965722
-3596228 474223
8770813 -5651026
-203150 -2158638
-3110316 -8437602
-7239468 -8271485
1433470 1658953
-8972825 7424455
4811020 5684538
-9472514 3639275
3107038 -394172
1223115 -3076495
-4786276 -3066869
-5555298 2574281
2396248 -6262775
7287855 -6602272
-3611697 9357335
-6293691 -6308373
-5950659 7675468
9237867 3503159
-2251974 -6544623
5114331 4514751
1939207 9181497
-2617613 -1342142
-7702867 9266579
-1127592 -2090127
4833378 5404171
4853655 2611875
7702508 2563455
6300680 9298357
5212437 98757
-8027556 -3895113
-7687134 -8399260
9276209 -4321247
1698264 -3637793
-7666063 1030428
8061531 1962642
1144139 7448268
-3893874 738
-8216330 1042878
8952752 -9080388
6323783 -6827570
5784305 -3697518
8865937 1177438
-7007853 3486814
6101923 -2317031
3787856 720936
2321677 8074367
-6246880 6100722
4979282 -5885762
-2338982 -2032264
9930378 7313219
-2722161 -4277451
-1760360 -6409130
4633748 -4099683
-3180071 23310
3195740 -3897148
2405335 -6856287
-3162497 -8503603
4983211 -6212376
1470594 -7653997
3066939 -6398514
-8324147 7774802
-3608123 7904968
-7980794 7945325
-4086939 3887511
1200730 -319776
-2080874 8359792
-8049338 994921
6895238 6158766
-3817924 -899238
5203615 -6284832
9375233 1894168
3390565 -9874698
-6087074 -3787264
-1441261 -9109871
-5508385 -2100128
8191027 4142031
2046999 8683821
6629146 7099256
986767 -3417442
-1220866 5058560
-4065296 -7812503
-4301230 6698260
2857026 -2114634
-497520 -7405992
8825528 1555454
-6550378 7222447
7347749 8200761
6929850 -643460
-7236979 3777028
4193252 8004941
2146972 9770988
8454809 2384279
-516465 6710324
-6707118 -2399692
5175220 -9529698
5174151 2072016
-1229723 -8890076
-8488358 -9127079
5983282 -8372697
3182758 1014122
-1763430 4808810
3009572 -851268
8505272 8100671
1877699 -7544226
-9539285 3784645
3555634 -3929048
971583 2607688
-681988 2010443
2127103 -9544881
3441773 -4872754
7199262 9818675
-9071401 -1384075
-7994802 8485891
-9886805 4956593
8487068 7988480
-4686357 -4187695
-2522611 -3276362
7340661 839567
3295341 -4017338
9767307 -781639
-2194335 3756056
8880096 -4160707
366089 8777248
1748719 -9285540
-4158294 -7506808
-7688132 -4809507
-3677230 5557321
4043212 5756819
713413 -9155680
1349153 -3327241
-4998584 -799519
-1559529 6662796
-9981285 2478806
977820 -4218868
-2484155 3314056
9586464 -6738521
-899227 -2162138
-3384889 982913
1697373 9466862
4476406 880182
6070675 55432
8129105 6788274
-4938554 4909797
-1729530 -5311331
1361429 5774859
7491692 9619623
-1201229 6362845
-8641997 -4067837
-5770353 -1182514
-7868458 2335823
5597303 -5738155
2099707 4234358
-4782729 -5301924
6681290 8714818
-404999 -569003
9486429 1157696
-9537677 8182028
-4391822 131886
4820555 -4476231
3814980 3878648
3498271 -3818016
5061182 1306672
-244813 -7702958
-6369120 6419185
-8728639 3984834
763031 8278774
2513132 6868664
4083092 -7137261
-8422443 7730404
-2838599 764382
-8077922 -6311090
4387291 9164182
-703932 4900753
-9575478 9995469
3874117 6632975
5331312 4239502
8062526 9888740
-7814218 392494
9328031 -9665935
-3164748 8333014
6611788 -9400608
-15592 7598283
-9538978 -875080
9371676 -5932500
-2651766 4554932
8243842 9049429
729963 -8213335
6687418 -4852515
-4857046 2542383
-824641 7111941
-6132205 9017071
8905811 -5493329
4899165 4446674
4780739 3607945
1940959 -3256452
9859293 -8384009
9214275 -8930901
194020 -7639947
8943906 2191649
-3253419 -7917952
-8868522 -3707860
-1921195 7506776
-7345739 1861441
-5596175 -5233776
4394517 -2202784
9330639 -3904464
602207 778664
-4774662 752803
-5639252 8017724
-5238728 2522430
-3345227 -1181940
-112841 7136917
9496971 8385400
577050 2597531
-2804068 8440877
7249369 7323631
-2653241 -1672590
2705203 -4671825
-7389249 1021
314589 -374620
5720916 -478380
-9699716 -354772
2914383 -3676877
6857199 8041975
-6919243 7275132
8609544 4134824
1271741 -264470
-1879069 -8986945
-3873061 -6714936
4242293 1214333
-8945684 3322871
4166633 1491663
-663810 -1598924
8402097 9388188
-8470079 1946941
-8531439 -8766962
-6605382 7250837
6090313 4285197
2327172 6309002
-3899514 2947512
-2917664 -2075719
7659812 -5289970
8239437 870430
-3328154 8297095
-488572 -5633624
205599 -9085860
2405803 565744
8966820 6888584
6276773 4258345
-3794714 -114731
-6365341 7806694
-2426117 -9809801
-3008252 -2970722
-6661720 6180548
-8355587 1835273
9759554 -561234
-3334852 -8756899
2113531 -64282
-1767187 -5095415
-8212686 8785378
2215870 260593
-9173662 1992913
-1118502 7138025
1396370 2309510
4711132 7674623
-2002331 118008
308207 8345791
7891421 5571552
1752101 7299955
-864772 -8770299
-6815181 3396514
4639615 -8588865
1346853 -150033
-2729095 9269499
571229 9579667
-159740 -941781
3567484 -7212901
9925124 -6817050
-1991187 4965334
-4843691 -6162154
3955854 -7280055
3582088 3153978
-1274469 -5735939
4080368 1473510
2703211 2993984
8906850 5731949
7143084 -1595617
8254350 3546465
-4667684 -8993711
-9414044 -4474745
-2900174 -1580103
1206996 -7057431
8641871 3183663
-9334651 -6351528
-2513682 -3349316
-8113019 -4178341
1491989 -8557828
8222585 5469070
-3057420 -9782480
-4272144 -5180694
-9448745 2162143
3082878 -5365294
697524 210691
-6266668 1337229
-621164 6029840
6966090 -5680711
9778210 -1004985
4695030 -9310562
-5662089 8420081
7587118 5360379
3698390 -5659419
8299106 9474099
-2540479 7706732
7924252 6521691
3857349 4402101
9080597 6168461
-9196833 -3075044
7135647 2163475
6017056 1500691
-9953116 -9131020
7704621 7912245
-3092740 -470674
218764 -817
-9064384 4118642
-8004627 4556675
1413609 8522734
513186 -1789884
-4083152 -287285
8750758 7972707
-5108839 6357452
2525913 -4875540
2049416 6488110
-8832063 3329081
7346124 -8298584
5086748 7184994
-2386409 -90640
9438686 -4692279
5306904 -2962797
-8844155 -342549
6730478 -1241128
9797959 -6848782
-6122314 -9339561
-7110494 311145
-9199796 -205466
-3848013 4156617
9281077 -4308635
4695827 8677900
-5476667 1330493
3031909 5863765
-4434889 4385810
-5704830 -9364991
-4057270 3178702
2732257 6250209
-4092340 3765986
-7475141 3888102
-444328 5154490
5814930 -7677182
-4849685 3433359
5744245 1220788
-4622595 -4049481
-5841763 -8103768
3090485 -5341518
5988976 8854064
4717829 7613818
-5484020 -8462763
-7827753 2799292
-4022006 -1188849
7577712 -9368671
4397316 8710251
-4885295 6001724
1156214 6922175
1761345 -2813270
3136441 9487496
708285 6911660
5378531 -1119314
776919 6085690
3260525 9536768
907185 6383756
-3486074 -8234147
5819442 8141366
940659 1029907
2357410 508041
1139371 -564995
-1854743 -64878
-4063154 -4463313
4975214 -4223686
2963044 -390588
-8386739 -3263441
6164571 -3900515
-2503476 2321546
-9076412 -5940546
6112575 8273443
-2826449 4184113
5949966 -2980240
-4838874 3687477
-5282616 1769409
-7722550 6101785
-4463209 7074794
-2990084 -4066827
1469860 -3801600
-5508934 -4536886
-2411121 -3554926
-4302015 -29537
-1413700 -797860
-8476314 -8137444
-4077989 6082824
-3127381 4963626
-8335908 -7965414
-8429302 4046170
-2266352 130410
4416171 -3268176
5349962 -5032616
-7957821 -790026
5143147 3403105
2117857 -8431553
9547914 -3386992
-4425566 6608923
9095738 -2863207
6338933 -6211228
8167680 -2317961
-6235137 378971
-4657403 -5910309
8640629 -6846165
-283643 -2993311
-346548 2727679
9459504 7450005
-7582610 -5930377
3279597 -2674182
3245275 6975921
1060720 -1577255
-2447895 -4636868
4488407 608634
261779 3126539
-568337 3584146
3782537 -3399288
-503965 -2400656
1689035 63752
3217587 4838633
4361674 -7153983
5573696 -7066055
2900302 -5984874
-1915250 -2450448
-2608278 -2165956
7326317 3880699
-7696556 -9363003
8516481 -9096610
1512024 -144451
5498441 3004889
9105387 4290156
-9109132 -5069896
2529448 -4595724
5468028 386904
7741889 6734836
2097205 -8798032
6652265 -5380085
-8848606 -2329099
-2263194 -7931081
-7580684 -8247504
5633195 5128528
-1718122 9745633
-9350977 7936640
-9691459 -3201641
9803248 -5322600
8967556 5806982
-9262913 1424987
6829263 2374776
5278032 -4217113
5034075 -5186356
-3984388 3019921
156189 -2868720
-2681466 5184229
7253148 -6176065
-4423569 5055340
-7299780 9672464
1934450 3725978
1662618 982098
7780458 2583473
-222775 -5512488
-9705506 100058
4041398 -1255219
-8880442 3547933
1847173 870661
-1799343 -1086058
4450216 -3118752
4012529 4216269
-8083150 -5393595
-1569660 -8668937
-1097245 9169999
1358815 -3476877
-9750899 1602975
-7414926 -6706735
-1606909 -5571928
-1084416 2881884
-7018058 8170316
9431450 -8273570
5274364 -460308
-9589646 3067360
-8018698 -2878463
-3480863 -8872637
-2140015 6431518
3554275 -9468334
-8137271 -223165
-8536814 -8015385
-8975910 -6718164
4884812 2822002
6115267 -8726808
8217616 -13762
5384474 7024710
5195027 -2866800
-8624018 8366416
-2093891 4626477
-9789811 6650346
6288235 -9167185
-8039822 -7808509
8623010 -7192627
5855391 -179837
2113351 2177285
-3321747 234473
3516309 3576537
-3601461 -9781305
4008239 -9082527
903711 5030159
2054869 2225855
1875407 -3711815
7170954 9766248
-3090923 3251390
-7581912 7593415
942582 -2880734
-689242 1222676
-3453599 -4580888
-2244372 -9549880
-4856243 -7598208
2636265 9868979
3445516 -5661638
-5442942 8668927
9586400 2360408
9906919 8565297
-6692495 -6993536
-705351 -5521860
6760741 5182912
-9049346 8981955
-908278 -6330182
-6694563 5885095
-2892229 -9965696
7969769 -4867453
-4417333 3654172
-1427684 -4274603
8110728 -6757224
-2418861 3724934
2393861 -5927404
6433004 -5345451
5736198 -5503387
-2496923 -1143725
3334416 9043703
-3257032 -685921
-1703966 95157
-3718673 -2306378
-6421283 -95891
-7545235 -413236
4719311 -6797160
-626636 -9575466
-3850069 2818330
6061107 7945681
1670615 -5739341
-9150392 6158598
-9186853 6580828
-8922559 7282612
8655240 6549345
-1890599 -1419481
7894598 1989656
4601165 4852369
5062343 8706984
-1388907 -9117508
-7014391 1157413
4360253 -6417789
-5993255 7704920
-6960397 -6266382
4195651 -7326971
9450040 1617062
-2224340 -4133734
-7552906 -9700352
7582261 -8894841
7654504 -6475465
-5378594 6237501
-9256491 8280257
3132626 5032356
3739341 -2138974
-8740130 -1805030
9352383 4866786
8448997 -5754521
4466752 -3771012
-37394 -7544257
7645124 7506355
-876583 -5841743
-7459125 7095164
7394813 -584571
520588 7504321
3545209 -2506574
6247279 -9308556
8971702 8166615
3198972 6990788
7368166 2104328
2815650 9454665
-3162197 8628036
-7126484 2168033
8397022 -4713199
-9741104 -143380
9879327 -9124020
7550590 7904020
-2484464 -8480904
934525 -9908535
7595787 -5089651
2403775 -8544887
4662909 -6342652
-8176037 -1348946
8158194 3634611
8255292 -2460713
-3006048 5526360
-3329251 -6412706
-1728320 3831756
1634909 -7939383
1917237 -3331298
-9938966 -5589843
4830529 1796564
3315660 7611624
219442 -7653935
-2743585 6766537
738002 -9668419
-6011071 2176542
-9172403 -4599089
1551875 -4187108
-4131468 1502143
9544856 -7676481
-4089187 2862484
9210592 -3784395
-1723778 4182493
3367547 -6638147
-2227990 -9806541
-5493625 -4055066
-6443442 -7397461
-5051395 338387
-2895076 -3707648
-3376067 -5278628
6897914 7842926
-6756163 612862
-1057893 241863
-8255993 -2687936
-364417 4810639
-9810525 3805215
-9979180 -1937251
-7754758 1916420
5278273 -9186606
3523205 -1870858
4074076 -6949716
8169175 8029580
-1632033 146986
6439339 -6882220
-2160848 -2010757
-4167831 -6936728
-3807513 7253419
-2504718 -8407642
-1095577 -2349054
-7538415 -8244359
5560856 1056358
9119107 5167412
-2916168 5581676
-1088578 -8635650
-506508 -7637894
7928742 -7565373
2980559 6083920
-3769094 6097917
1732050 3864878
-8145879 -7329755
8249870 2087554
-659027 -2313710
-8204999 -5557643
2093303 6836256
8591897 699424
-8244218 -2928760
4755004 4152754
-7749218 -9125110
4755592 -8161163
6717295 -6321443
-3886816 6765436
2849356 -2837611
5776658 1610096
-4525026 9080262
4266860 -2491292
9596263 9845448
-2468262 2516730
-524561 -8546412
806196 -673261
2542515 4085094
-8843666 -601906
6067200 -3185350
-2310460 -1572310
266527 834334
4512891 4961484
1726920 9500174
-3337437 3142428
-5247476 7092628
-1310758 -7560778
-7535718 -7256150
-7410702 -7043898
-2010816 4576897
6030486 -7362611
-5519520 7464623
-5933931 -3163318
-1248872 7022996
-6162354 7738755
-3833554 7334680
-9314633 -5956462
9005022 6432973
-1550500 -2285390
3373390 -6751706
-9659078 -2371585
67637 8125914
3386117 -969836
-5497381 2531920
9625169 5975415
1129156 2491803
-7527221 5655655
5008690 5609637
-4851015 -3461152
-5722396 6276170
3610851 -8497017
-4453479 444050
9393375 4296218
4527180 7067895
2832541 -2157125
5471291 -2099429
8542837 3173463
4719979 8055280
-6896448 1928954
-9579278 9222598
-5769246 -7271278
900729 -5933770
9675867 -3296467
-4241267 -4090581
-7814410 7341204
8844187 36337
2996739 -1687207
5125363 6907060
-3508693 -5093533
