77 -5474516 4139432
172
-5282603 -7141886
8761849 -2668193
-9137041 -3059834
5048440 767417
6925500 6055079
-7167266 5694778
-5552967 5216372
-5465763 7500804
-6766825 -6931935
-7364851 2346423
-7909980 2628372
3154145 9308173
1167474 -7672200
-6113563 7359807
-8114709 2269645
5127759 542221
390380 9119041
-3940793 -3594040
7173377 1253339
9824771 3623999
-681223 -3384771
-8168399 -7342495
-9841691 -3717838
-649773 8882191
-6255034 5907836
-1463792 1985377
1293550 -4165014
-1837214 4206705
1566512 4977376
-2752979 -5434425
5107796 -4031844
-4912803 4891132
-8702908 -4501824
-732132 -6337244
-196893 986822
7602051 -8391009
6782848 1638236
7920398 1950005
832196 6941158
-4634654 9786978
1772355 4577162
-9587852 3901555
-1891740 5582257
559634 -8908713
-4343138 2191125
8159281 7806655
-4785860 3281011
1295539 5762830
1941938 -3488768
7498054 -9436593
4688750 -8254955
-4100367 -2383542
9566463 1471599
-9070891 6336383
6123361 -7084989
8525 -3705545
-9803990 -2104284
5994326 -7062975
-5971688 -9179377
-4471900 -3446040
6876967 -314825
-7033814 -6312619
1966563 -7908893
-8881308 -3221923
-2658515 -6091499
8169898 1133098
8749556 4546587
-3981814 -5930469
-9594086 832371
-3736266 -3052705
-4241897 -954372
6941344 6272259
9209285 8470465
9291088 -4547978
2005982 -6762403
-4560876 7335540
-8977079 -8600698
-6509591 -9078338
-2300260 2989484
-585663 -5390899
5742200 -2442423
-7895836 -2415765
1653766 -2991892
356832 -9361297
-9897650 -5423967
3621661 6620566
2892826 -4139547
-5669081 -6920643
-1468620 2102111
-2143940 6138359
3473900 3053714
4453016 -4188463
9249551 -2986827
-9997342 459778
-2414769 -3050709
-2976780 -583005
-482417 5843783
5368244 -8356263
-7717560 3687701
8263734 -4274924
-7654358 -7615210
-9238404 -5598253
9997457 5238468
9856931 -4907485
-8769126 -8954811
-3384745 -9770656
-3959119 -2778874
4234300 3584624
-5955598 -4709568
-5243924 -3246690
6170305 -5854015
2506121 1779296
3423033 8204240
1891942 -2125635
3599441 -1778175
-6877032 155676
-2926224 -1538565
-6300096 -6115436
-1022921 9587585
-9367226 6073187
6302531 -7275695
-54568 -2751971
-9167347 4859764
2666549 -5820268
933042 7393407
4055745 7422625
-8281727 9619699
7823940 -3438134
4436231 5141307
5879484 -284118
2387910 -9447976
-986541 9002452
5403368 1978038
1565623 -4770285
-8697097 -5619553
9621105 -5285251
-5520869 121786
-5018449 -433463
-3737379 -4688216
5221544 164452
-2412923 -287985
-668286 -8206359
-1644493 -694650
6963009 9672006
-8095760 5308090
-1623534 2842494
-5638702 -3191497
8786541 -93723
5135993 9764667
6661466 -7131483
-2416734 -1044752
9077034 6282571
8365460 2062397
-109466 6574937
-3260611 -5371919
4340096 7628430
9422071 -3157182
6148169 6188163
-1623479 -9706070
5602020 -4372470
986376 280762
7089265 6494838
-3598885 5347675
-2371306 -1607842
1260675 -8462892
-6991292 6806512
3089084 8843942
-6577309 4602095
-6306616 -6029104
-8884670 3313225
941655 -7050874
-208056 -2028222
