629 -1580656 -3355877
921
-8929166 7607400
9648736 1724007
-1609352 -7041953
-5757838 -9861477
3265255 -9050018
-4903337 -4708310
6206666 -2655822
-3005352 8773887
-2761244 9221229
-2694773 -3666624
1589318 7427690
9825462 -1639516
5410022 8498848
2147936 -9523491
-1104147 5251294
-4624954 8792059
-6967582 -7516961
-4558914 7540134
195009 -6060581
-5110599 -7800399
-2508709 -6539736
-6679205 -13935
-8723696 6214309
5435539 -7168205
-834828 -8968587
8459103 5257118
-6382398 3270842
1769691 800917
1277426 1543976
-3204730 6433979
-2257609 2689632
-2310977 2170316
-289550 774809
4714228 3130110
5329711 9905459
5882076 9603630
-7893953 5337354
-5931984 9202871
-7965334 -6617649
-5586236 9503555
-2722975 -6283810
6987033 -7127132
3673785 894627
-7561397 -8726924
7707055 7467564
-7326452 -766127
3920541 -4550554
-1259392 362571
-6507319 6147343
6052802 -6545164
5574818 1338744
9192451 -5548770
-6345899 197217
3579569 -6739533
5280374 8205120
4437662 509685
-4101095 -7442601
-4031622 1424695
-4785877 2089043
-443393 -1593019
157206 -7078821
-9113023 2230155
-7407274 6594099
2741442 -7856063
8115126 8601760
-7543144 -8689404
-4238173 3689944
-6112838 4165659
-57522 -8067720
-9862600 -16917
-9507232 -4777148
-9703397 4575063
8516110 8908026
997069 -3735019
-2811686 -6269766
9167765 -9446324
-4699817 -138128
8972323 2571094
4715032 -2107091
9011021 1713765
3024362 -4653490
9036454 3984230
-1850111 1302541
3234821 5439968
7939403 8092368
5831572 3372222
-9536363 948524
-143450 6128176
4909509 1496099
-2257315 -9146381
3923647 4614176
6992400 -3089550
1997897 9223830
9633091 5964724
-2321511 9229281
-5424209 8644113
-4855305 3219203
-5478256 6128597
-5915082 3294584
1386952 7756566
-6354860 -7975679
-4510803 9734877
-1620595 6625129
-1878772 5345747
-1284282 -6711086
419442 5863914
5290716 -7360635
-8136805 -2588157
5892919 -2711387
9034246 4012639
-4826896 6087760
-693036 -6389963
2254987 317799
-6387617 -3654940
6617978 6339905
880578 -2484312
-2749435 2779470
-595401 -1113872
6748227 -1853678
1435236 7525828
3389742 -4536054
-9380337 4371031
-8217126 -1319542
-1514576 4999211
-988150 192145
-3720095 -2480330
-6353940 4184954
7019105 -1896779
4448282 5901047
-5242696 3147840
-9336472 -6417388
6362083 5637882
7040362 -9569555
-1423233 -4233318
-6707490 3788590
9252536 2528356
-3100613 -801396
395415 9872199
4871410 -8801387
1390758 1397191
8916861 6399612
-6899082 7670663
-4226115 5079273
980320 -9879977
3267864 2738519
6321131 -1746024
6408211 -3552256
9394542 -4800434
966249 3448573
-2762837 -9512339
-4467631 -3224889
-1509932 -3510301
8878251 2431756
-3853279 8885483
-7200974 -3733987
5181978 7537479
-2275505 -8284113
-688487 8282896
8402920 -3985268
1269603 2808185
-8937838 -5812864
-6848768 -9892914
-4693347 7470373
918946 -7454226
5549788 -1210746
5564365 672462
-321487 -8917843
3513914 6570785
5456268 -1443236
-2660870 2176987
-7769181 8255294
2487534 -7478892
-9195996 -44686
-1513602 4315399
-2876416 1723276
-1573236 9756001
2379439 -9297902
8172471 1577997
-3359877 7686092
-3524654 -8392230
2280232 -7810089
-6727931 4556064
1126849 4475097
-6968138 -697665
-8520678 9099470
-128884 -7112656
-4591548 -6289859
-3818193 4875002
-809599 8728808
-7031563 -2815443
9456910 -1169662
-467564 1395201
5489550 1836350
-477558 -9778740
-8170970 -7870326
-5680415 -1485859
5586557 -3374386
-8899289 -2408346
-589659 -3286594
8329228 6648925
9536269 889664
-2883843 -1799655
-6924653 7461073
6189882 -4185683
2998874 -5217899
3612439 1674671
-6930128 2455785
-5707865 -6855125
-6633865 8559423
3205449 -3669071
-2638578 7711517
6853483 41386
149393 -7052021
-338614 470547
9635824 9559734
449398 -9493034
-1292689 1688446
-850481 81908
5896225 -5700989
-918888 7855753
-469576 -1104901
-8649116 -7306449
8354778 -4883351
6192424 8159371
-5509699 4237266
-5534865 -602127
9439259 1851723
-2683945 -8681381
-5694482 -411348
-8335261 -506207
759 -6058658
5629788 -5369511
4712397 8708071
-6992918 7295660
5151413 608622
2020074 -5395454
9814449 7198190
-7685161 -4112690
-5953318 8169227
-5077155 1023615
-9578512 -8946665
-4578590 -612019
706600 2377099
4482104 2737465
-7768742 5012118
1469812 6146843
-9222668 2232018
940089 -2900399
6911613 5489730
8614704 -3536477
1068069 2063026
-8222432 -6848870
-961559 -6601130
-8431903 -5907593
5116022 -4398525
-3345190 -3509057
5878924 -1946138
2947314 2076220
-5186314 9101876
-3369654 -2570582
-6423739 -2955056
1793314 8100158
7716111 6869945
-5123973 5249755
-8286722 4627724
9207103 6007084
9158214 -4702301
-1303431 -9015329
7593431 -1803345
3798130 -7218981
-8211686 -4774195
3279668 2969292
-4954487 183590
-714534 -3773018
-3827248 -7624449
-8063153 -1567836
-3467678 -7734635
9135310 3730162
-8503731 6764786
-6091138 6527690
2534774 -6790452
-8976401 5632317
-866659 1692988
2405996 -7763479
-4982460 -3273228
1952577 8720478
1689771 9322206
-494204 7748597
6491931 -748364
-5856461 1307614
9739778 -7335317
-5069952 -3919614
2326900 8788452
5553238 6581711
3109401 3823170
-450930 1978453
-2389230 -4355825
-146485 -6910979
-4674458 6744111
5987235 4775863
-3987306 -7140566
-7818360 -9543835
8204762 218817
9470453 -5796212
5511402 -2786954
-7605919 -6386008
-7789270 5251180
4039633 9840482
6422193 -2946017
-9122847 -7890777
4087676 -7952054
-9791527 -7057425
-3968404 4214799
-6524738 61988
7354204 1357139
-3267075 9462498
9918663 -6633102
3585715 -1085434
3118354 639777
369175 -4427480
-8297136 -8853891
6397289 2763257
2603739 -6086406
967577 436922
2546146 -8457716
-6409770 -5638918
-2696343 9150174
3364973 6315055
-3622957 3335254
7208745 6840236
-1180914 6247599
9614497 -6058330
-4627412 -8745899
1893878 3200212
8772732 1007295
2153404 4779406
-2457337 -9524404
6905543 -1449307
1503968 2662754
-3278610 -9610528
-5249445 6566466
5716640 311620
-3373325 -5429436
7905818 -8402034
954554 -4479930
-8232330 -2369085
-5911062 9773640
-8972259 3898519
-2901268 -538474
-9531179 -4562029
-9782623 8387816
1379765 -4861423
-3794377 -9723608
-4544502 -1714692
-1325220 7709591
4276057 2176888
5004860 -4058313
512252 -7490951
-5892985 -8368465
9667958 -9065578
-1434662 -2422079
-2648439 3951980
-2149501 2654276
4632154 -9104346
-3666374 -2534417
8369752 -2382672
2755905 9067355
1860100 -250483
8034825 8961528
6671119 7315598
-507513 9225957
-4832355 -6536472
-4027422 -5502653
8645235 -1803751
-869329 -7404055
173867 829545
-5218475 212361
5382989 41780
937435 -4851624
2613960 15144
7632472 -212587
-1145232 983712
3249581 -7095271
-8133742 -9285132
546819 -6199242
-6973285 1053729
-2966390 -9960694
7053005 -9289288
-1093039 -4477460
-9365163 5698240
9044137 553985
3282698 808704
3366837 -6174338
-1025961 -1334312
8680832 -5695728
4091685 4104351
7604415 -1170344
-5749263 5462805
-1305974 853996
4654754 -3883005
-312923 9240845
1796503 197821
908534 6720687
-7756773 -8634140
-419547 2331847
-7114168 5394416
-3796879 -1375410
2450253 6168531
7350571 2086310
6390582 3940644
-9438653 -1452245
7377411 -7001381
977776 8165762
-980242 4144500
-9738504 9671802
1428999 6190864
-3611315 -7535075
1701964 5741854
7107715 7297219
-7854581 -3538457
-8144041 9204520
-2170890 -4968749
3716134 -9424568
2661742 2795715
-3263641 -6416943
2130812 -947676
-5432705 9814058
7979820 -7975425
6169076 5545072
-2266774 9515930
5706794 -1053076
1411849 1678578
-2579568 -7904520
1909051 -6886187
-7908292 7044499
6249019 4054470
1602074 -6052333
-5476900 6594482
-609803 7834560
-8582382 7184842
8753519 -1357091
-1543033 3548430
-1910642 -6679186
1382238 8953140
8469070 -5741566
3205358 9115465
794043 4175865
-1212303 7133559
2763724 730827
-9708321 -9303252
4751219 4855432
8803099 -942950
-4348468 8869645
6704205 -6673801
3027394 -2441918
-1282657 8121823
-5813394 1780913
5101727 -309338
-1356198 2275964
-949250 -3516034
8115783 9629225
3805090 4772460
1906019 -1090174
2157005 -7407213
-6710465 7186095
2041527 2448684
-8494265 557106
-573249 -6639022
9203530 9673619
-2768299 8647309
6769132 2230924
-5988163 -1534604
8156059 3472090
8264406 1629916
630234 9316213
8945438 -2684844
-7912384 -1253983
172195 2750528
-2140333 3993635
-6303918 -7670799
4777885 -6334445
-3260987 5737609
1614940 -1200028
-1526408 6165765
-2670574 818470
-6950606 -1778355
6687042 -5901442
87001 9577583
-6276149 4843101
-3324334 -1648593
5666564 4354086
-6899897 -4378895
887985 7754180
-5735832 3272299
5601500 1264005
4929560 -9523398
6214212 -7104263
1695710 -8331427
350690 -9654496
1163974 -9830698
-1609053 7680116
4295027 -3270280
8823655 7594341
-5046206 6898380
-4750213 -7452494
6901592 1629461
7250566 3432703
-6296764 -9998304
3273995 -9345097
1918908 -9516244
-9039642 -8608153
-5712416 -3151532
-8966606 7174570
36426 -1500354
-8814700 -6099564
4096905 -8799600
-9553528 -7907400
9686941 -9091716
7806664 9270127
-8182366 -5359264
6270197 -6943549
-994493 8719226
1237274 -3962885
-3307982 2708743
3192499 7027621
8419468 8610927
7975747 4152857
-6156220 5223405
-6276949 1525493
-2057718 3880206
-2403041 7424704
9517304 -7960813
-7052529 -1956569
-2686441 9204245
-6155019 3270487
-1156710 -868807
-9633229 2631530
8668645 7848797
557540 -5879602
-8851981 -4639336
6487943 6266391
419249 2083840
9823597 -3019958
8505536 -3220619
-9340413 -6453352
3487704 -3552182
-8996643 -1743454
6299978 3005008
2209254 6467180
-262333 6129889
7777434 -1429413
-8797882 8580957
-1053893 8144205
4780955 9870763
7747779 9503647
-1713609 5928975
-9470833 4235722
-8784235 8705640
-4514979 -9647236
6415764 2237653
8685471 8660960
-3082493 -96531
-7091523 2205180
-1327640 5733837
1863726 -2365917
6204671 8410027
-492664 -358840
-9698283 7406789
-206096 8453443
473443 -2400975
-6472000 -2458316
4293758 8759834
7465474 6573519
6926283 -1974125
-9736472 5466847
4127807 3342047
-6754484 1465351
-6329469 3561666
-8188145 -3846006
-3695571 2342891
-6730730 -3808067
5833093 -7490900
2432241 2776607
1230050 -1348837
-1233460 -7773854
-7715818 -8296507
-9536673 2294540
-1131941 -905708
7120168 445153
8428352 8310694
1652741 -99952
-8634600 -4927488
8634178 4898258
3568604 7552283
-7588473 -9553966
9154319 2389385
4898486 -4319203
8457404 -2496235
6154928 -2669273
-7926775 -7796193
-6092700 -5078532
-267640 6873759
-4031948 6886980
9848485 1116771
-572535 5604572
-4495380 8276838
-6650650 3596558
-8988832 -3129980
6938656 4499880
-2537734 -2903876
9485510 9350183
-4969020 -3383414
4120351 4383996
4231075 6004737
8208544 -7208369
-9770549 -1179347
8210764 4632196
-5964472 -7521837
-3888714 -5821184
9783388 -6115986
4677204 -1944897
-8348339 7804361
7190733 542906
7559138 -7337170
-7724694 4129389
-4004076 7537757
-5845657 -8239184
-1338836 1026905
9547994 791046
-3900971 5408592
6745597 7756538
-5094914 -3671520
-8677005 4956361
1651530 -1059385
-4659019 -2565719
-1994264 1434918
-8244369 2534537
5593795 -342603
-5163421 8946365
-4407894 3152933
690690 -2888114
-8610946 1588031
-7385064 -2638615
668783 50219
7975163 4679282
2435820 6767812
5612644 4720760
-322879 -142742
1314225 -548009
-597376 -8671349
-4720078 6655206
-8293905 7408360
9582110 -2964447
8498270 7299890
-7030824 -5581311
-5953073 -5909623
5678408 -3823782
-3946044 7952334
-9481095 809696
-4511022 6722739
-3993096 8494068
3214828 441150
-9701592 -8380452
-6412108 5408301
-746695 1612634
-9215808 2990516
398877 4533227
4085132 -7509712
2306530 -19013
-3083972 2583403
6673780 5275706
-8548075 -6520692
-8568358 -5131460
5678236 -2494119
6744972 -8049453
2960967 -8832786
1608364 -7248124
6887777 8692147
4100448 -5576876
6035758 -9524331
3466185 5870105
403332 -663697
1826591 -6134938
-3637599 7004817
-411780 -5866879
1925180 3278430
6757738 8778352
-6353108 -4106543
-4084310 705732
-4827369 1841480
3008694 -7339338
-4587461 8133598
6825745 7133410
-8443466 -7699684
5292337 -6557455
9312651 108645
9444948 -1241478
-4860063 -7767665
9237152 -6212109
-9562636 1502338
7297120 -8658276
2636428 2362544
8256001 -3428790
7276942 -1200328
-9358848 -5828309
-3167646 -7550427
3099523 3649846
-6700392 -5238755
9577913 -74732
-4115834 7372495
-2518860 4870250
-6371228 7713169
9945504 9442440
-6769669 -8714939
2787400 1699009
-4442915 -6332305
-1453408 -7399128
-827917 8193514
-3006814 -3197407
-6509363 8965377
3931303 -2365661
3800537 -7160657
-2399412 -2969174
-527553 7100146
4472641 9694853
4565103 5356613
-4413866 4470133
3912573 710227
-5488359 8047990
-253001 -340744
-4156697 -184607
2416265 5304085
-3986049 4389895
3708841 4104700
3070078 3007137
3157828 7199478
2555173 -2998619
-3451441 -3041634
6574864 2672113
2366966 6021006
-6106029 1047505
8033990 9448421
-7325000 -519895
-2471904 1946563
4122171 -2813359
7002034 -208553
7611884 9965474
4355370 -8065348
6039352 -6374165
-850675 -9419437
296393 -890570
-1372837 -7692847
-734481 -7148434
5523679 5175723
-6286919 8356735
-595760 -9593003
2371770 -2392947
-396490 -2561770
1901145 5046770
-7766588 7131606
9439406 -3976684
-4011209 1751798
3686450 7051290
-9322874 2860513
-4042572 -274197
1351585 -173549
-5350044 6253821
1621739 2495101
-2329176 -3568172
-5211437 9661770
-9931233 -6099743
1507310 4192804
4147386 2440537
-9996341 -8889179
758779 8564884
-5411800 4753423
-3494778 198185
9765828 -6906657
-1529792 2708024
-7566173 2959306
5302109 4427636
-6802191 -3698235
8796866 9952065
-3616107 4819548
4481318 -3532310
-7115701 1172457
7881613 -2933563
9506974 4391610
-1981217 -5454649
-6889765 2026986
-3219591 1293914
4008452 -9785212
5824483 3285631
-4006344 3774280
-3266414 -5705308
1238680 -9056165
-2754400 -7964305
-8012240 4436490
-8227610 -3957534
-4973492 -9111994
2060463 6253709
-6679854 -2089192
4818770 -57924
-2996221 5343473
9886811 -7162447
-3352181 114015
328803 -3332780
2469204 -9343729
4430551 8669638
-7035670 8462860
1923047 3680489
5716184 -3280637
3672205 9168648
7727466 220297
1108303 5444595
-5785344 5270327
5697487 5685118
8143546 -9948845
-2089020 516257
-4129838 -4852675
5261340 -2202209
4465011 2517981
3174253 8106495
6776134 -3065785
7913427 -9878844
3801646 2256816
1492531 -163525
-8478525 -482170
2254479 -4835264
3125684 1765293
-2964380 -6637218
9047900 7340340
-92153 5249459
-4234284 7191446
-7661228 7818827
8132970 1635878
6670212 116464
-9260688 2597982
2048549 -155535
-34379 31798
-7711386 -7521671
-5168844 6283619
-4198550 3781146
1462234 8868983
634276 8055929
3935064 -5412082
4444611 186249
-4564292 2982964
-7309237 -5647542
4687638 -6282223
-2129993 7545887
-9821297 2820608
7934942 -5459781
-3098964 -9081985
949813 -16508
-5021827 -616990
-4333371 -4245220
9535926 -190671
-8805336 -6015569
4556713 -6485488
-1897569 1828940
4531541 -1508223
3991093 -7452958
-3100500 2483602
6201379 -801792
-3255905 4103490
-3075901 6587738
-8872042 -3077201
-9642834 -5140959
-2641115 -9454654
-71644 -6176668
-421888 2337058
4662739 -1888662
2095769 -8369610
-4855098 5857403
-9797304 9168834
-2339389 3247333
-1689273 -2749411
9734191 -8348295
-6633735 -2273420
-8169930 -1548078
-4960339 110361
-450488 -1245831
-3870437 8683971
9229317 -7576970
-3753638 3488448
8341859 -8325974
-7698284 5824474
7454864 -4479050
3894706 -3086163
-3917328 5116119
-9120196 4097402
3864343 3743283
-2088660 -809468
6917112 3598535
4566809 1277606
3904319 1263534
2534056 9606470
8290441 5970183
8393213 8663619
-5331581 36111
1710137 7155928
2980402 5526630
-8952419 4011853
-9074310 -7048381
584090 -2541361
4072393 -2991638
3267998 1463894
-9345574 -2063264
4051623 3695690
7489648 87890
-8648575 -1381567
-1775097 1393967
9880502 3885481
-4934548 9031697
-932192 790068
-2054004 -266129
7776854 3294297
-2693850 3442750
-1089279 8824435
8799426 -9251808
