226 3620595 5719324
425
-1683904 -1977799
-5999758 -771762
-1491531 -4757260
4069327 3860818
-9092502 8895745
-8693930 8193228
-4384646 -6020975
1922854 -8140932
-1957175 5385605
-4521358 -5149387
-8082581 -9752378
-9417026 5121510
-7589369 8938842
-205831 -6272161
7348435 -135945
402608 8029845
-2741916 -4335469
907272 4402850
-9219980 -1717095
9695002 7492951
-1797468 -8312482
-4333457 -8998928
5376492 3817886
-796508 105750
4956363 -6580683
-6333061 4682134
-7680004 -609866
-9154671 6766265
-9505896 -5269373
-2888965 -6844150
-8814305 7842539
6023423 7513643
-5567154 -9039869
-756964 9447047
6939998 7729218
9416737 -8545610
4971814 -4857470
8960417 -4916720
-2294618 348306
-3716025 -9319739
5362395 -7338254
-5431768 -7532734
9233531 198743
4929370 7929913
-8914237 9727636
86527 4556757
-5413247 -7728541
5747942 -3890050
8073349 -8464049
9265169 -5009021
8961721 5013348
2672230 8681906
6281539 3933536
6798194 1632647
2312908 -6013079
9165019 -6917830
8065788 -9808345
390398 6249604
4179517 7299320
-456692 7836121
-5090770 5265281
53092 2146187
772490 -504017
1031934 -4198966
-6691635 -1154161
6375539 297104
-8504638 4786439
-8763673 -952230
3196769 7776901
4280175 8034521
3633043 8026030
8217685 3445194
-305202 1698832
-8485496 -8875564
1476909 6390668
-5827699 -6425836
-1763297 6386139
-4117877 -3258255
-4940869 9009193
-9628615 -569591
2243865 -9116151
5670288 6746924
8311046 3739228
-5967519 6906615
4941136 1507816
-7949802 8312656
-5725797 -8909468
2789364 2784235
3908671 -3514647
-7123979 -3179780
394384 7901932
4288072 -2951678
3790067 8631087
156633 2686547
4633308 8849199
9733048 -6955630
2307646 -3122826
-9383598 -2080312
-5173697 618693
4642861 7165235
5477892 2283791
3374323 6693059
-8006354 9752095
-3762552 8680039
-4499741 -1581330
-3679398 -8370178
-1321856 5894643
-2957917 3125026
8327925 4984564
-3649885 -284932
2759438 2961234
9838408 8599515
9035555 -4932916
-1797871 2971162
136397 -6138142
-1337999 5361342
-5429247 8130641
399088 -7963675
-9283636 -3435600
4983070 -847111
782711 -3783376
4627619 3820024
-3054949 1977207
-3038229 4186054
-6098878 -4727024
750562 -4171762
6944105 -823088
-3239651 -6894678
-1407164 5979660
2357870 4962478
323821 8729234
-623773 -8980128
-6943803 -2589074
3975326 9775316
-1071795 6288913
-7494463 -8525252
5294773 2227268
-5795525 -350491
-6164437 4756176
2545504 -6317401
-7972811 -9746962
-570050 -6703933
-3598611 8971295
-2532693 -1293349
-6330870 4994226
-3760188 9825178
-9154950 -3490697
-3563419 -1867609
-2092293 -6098753
2706512 -9588092
4403008 -647736
4095884 5212050
7377911 -302219
6970309 8300360
-8017041 -8786526
3982864 -484186
2811881 -5989852
5497795 5929167
-5364182 1729622
9240200 -7034897
-7209719 -9178700
9846955 -4519988
-3871244 -6364669
-9947070 -3716463
-3304555 -3447185
5905080 2759442
-9512156 -8901547
-6687413 964
-9182324 7865755
1595582 2799248
-7684938 5316987
1843488 8094798
4023965 -2356705
1889270 -2658717
306386 1176136
1997436 1129470
-874165 -4386981
-8235298 1844392
8127929 5254591
-8192594 4333984
9609779 7339726
954531 228838
2746155 2613975
-7003917 -3216530
9582719 3563831
-8602829 4591665
-4797185 4414133
-7942571 3240659
-9418058 1743133
-7080731 3946699
7592521 -6595319
-8465948 -2566943
1793801 -3281644
4489299 -6701245
149091 -7561918
9777808 6296706
9041896 -241130
-7627154 -6751308
-7451486 -5695597
384587 -4631071
2476946 -7868767
6545367 1781758
-4977583 7679761
-8060754 1119148
7582199 8120711
4041744 -5141485
-5192075 5174720
4409429 5575797
1390904 6601726
9039809 -1101272
7711786 -8460005
1298866 1333969
4582661 6753683
-8941914 -3811936
-5926655 7131176
1778761 -6040975
5740783 6550291
-3253596 -9159520
1959628 -9236800
1400264 -1314349
-3939482 -458173
7232900 -4557992
-8982195 868443
9986522 1642329
-9458943 2408709
-3534943 9026331
360300 769196
-2477121 7763923
6468339 7459314
4590490 -8902683
-4943657 -9458316
-391673 8885603
9726084 3313478
4076679 6354731
7556734 1685712
3743892 7993295
-6564697 -6382747
-2997952 976792
5135473 -5546891
-621830 -3011430
8531253 -1807118
8962078 5843227
-3876498 -1108446
-3649132 9001309
-9901373 -7408159
5649877 3457710
2343313 7671322
984800 -4741796
4129288 2069397
6271462 7577831
5571126 1686022
-2180373 15354
3508498 1522782
5975891 -2661972
4326598 -1356029
6836853 7870413
3713641 2857852
4265758 5798932
4800241 2353495
-2538311 3132978
-3409312 -2584780
7602894 -6888434
-9113877 1450353
6036103 -8895953
1198230 5015411
-3298567 2307565
4839271 9285709
808491 4521061
-8140911 -1652231
-491908 9300734
7171147 -1297961
4076243 -3655055
4660229 -6598860
5754636 -9141647
3991331 -8023177
-8091605 -6783675
8844243 3098371
-5451275 9511290
3131689 9730366
4745777 -9415172
-4591255 -5670081
-6384372 -8552789
-1515376 -9751984
-1404215 4424119
3724853 -7139935
-5921544 8103877
6965174 -6587647
-3186507 8154700
9013053 -5858244
-3881421 -7431871
8300806 -4479263
8619108 -9456674
-9945384 7145050
6875416 -6832167
6269013 3186305
7516225 1621194
-4415243 -8322242
-8074226 3648205
-9411323 -3414267
-8037850 -6962089
3658140 -3170118
242235 -3959394
6711658 -6860333
-2718577 7055729
9623858 -1758936
3761801 -4083646
-3540320 7924665
5069715 2380909
-1934905 9030649
2216954 -5538517
-1400971 6850460
8528219 -7750469
-1585911 -3299862
3285871 2970345
-1475391 -997234
5832648 -2235627
3804980 -7817251
7838768 -3925116
-6869387 516638
8757702 -4879809
-6447103 5270823
-4288160 -4964145
7416765 12578
-956773 3297907
7759391 7998212
4848672 3776533
-1457583 -3641580
-4425089 -4106757
1379941 6956506
-4040728 1377134
9141508 9904550
4603651 -8208080
-9616844 -4537160
5979478 2442420
78963 6030121
1300945 -2746467
2289388 3631861
-6355561 7012785
310693 -7777495
-9779283 -4795982
1496903 -9413564
9461208 5069390
-9037367 -9960680
6995826 -4963881
6413254 -5141074
-5236524 -7044902
7263371 -1928886
3533954 9367128
-5674100 162879
-3806999 -7970216
-716683 4404863
-1963276 10298
-2976917 4089058
6311563 -5802485
-598467 -149872
436564 -951367
6634375 -9101563
3454109 -7585875
-2549756 113360
4972287 449936
-4078614 6379850
-5549036 9735763
1619243 5701109
-4136011 501270
2531055 5945143
350007 -5426658
4583640 4330724
-1580218 903083
5100599 4123075
-6026796 7247698
-3703669 7018484
433273 -3073880
-659755 -7069294
3044066 -6112617
-3146329 -693158
8203044 -9467295
-9731531 2775057
-1523833 5170361
-4328369 1887712
-9650792 -3143492
1429850 8202686
2533411 -6784433
4118650 8529842
2652917 3469545
717243 -8264399
1270438 6626121
6068594 -470074
-5023016 -8296289
8107446 -4591161
-2767967 537403
1070108 -5038883
7736175 -4564922
3121791 -6145071
-1741006 8728694
8101554 8793422
-487539 -1391798
1823769 -7952244
-9422402 -7954128
-1968231 8458771
2710725 3230515
-7627011 8749013
-9204709 -6018837
8201226 8441583
6366774 8288628
-1173969 6308673
-8730210 6115160
4066590 2412491
6267421 1522317
-7232637 -2811619
8498155 -5473585
-4349031 3385269
5433025 -1989384
-7427160 -8910
-1550139 -1473025
4273843 604610
-8130025 3676938
7658101 6646832
-2395233 5181618
3470246 5859328
-5315647 6487893
-4880595 4812629
-2774879 8470495
-7187 9185995
8890728 -6507458
-9464691 -4723472
