390 -3280203 4478915
528
-8893241 -6106015
5942928 5677965
4605776 352149
-6234389 1462798
9110096 1695396
3911898 9249812
-5974049 1012121
-4068721 -771914
3300726 8073790
-990148 -2469890
-6268430 -3711133
3942150 9026871
-420216 -1609427
7991447 -7711088
-991291 2517664
6411649 2470362
-1851673 115468
2983969 2354577
6333728 5270455
-3034148 -734068
-1484256 -2039824
8972297 -9122250
-7377812 -4941953
-6868163 7419928
-5049962 -1560734
-2755514 -5341958
6201265 -1318391
7072182 -8813364
5991900 8297402
815066 -2420019
-9949656 -4999391
-2367570 9743067
2097645 -9284977
5985479 3132751
-7601316 -9052275
-1092099 5467683
-1138215 -6569220
-1511172 -9603449
7816479 1483974
9923240 -5862983
-8688589 -7233482
-6035521 -2832274
-9129286 29029
-1673569 3553013
3649346 -621034
-3104072 9141497
8884564 3699690
4414714 4528358
-9822539 -6501439
-5553714 -7083455
900580 -7423855
8523278 -4129460
-3732909 9762365
-6237309 9528458
-6334525 -5916430
9366440 6202284
5886362 7493239
-2477732 5847271
-8083364 6757077
8652395 5848699
-2493452 5565983
-734327 -4451677
2593033 8907464
4922378 6196739
1629636 2770495
-2137008 1885016
7755556 -7469784
-7707418 8902622
8431080 -5977353
-9377430 8571625
4773909 -7903444
2106147 9989010
-1647366 660272
9933701 9628415
-2006534 269270
-4164747 8586096
-5865580 5500014
-3076170 -2382721
-6185982 -756195
-7985700 -8153792
3731225 -2039993
490223 -7606355
-8703733 1486781
-1974219 -4700843
-6129217 9727348
4340256 -1351649
-8846287 1161044
-8178684 -3553597
8591170 -493653
2291970 -8244983
2857466 -3415364
4601002 8127223
-4255498 -491762
8752043 -8475168
5887393 -7925127
-7448768 3282696
-1807307 -381382
3621751 3041455
856965 -511040
-8267340 4163884
-7187765 -2755900
8405144 -1410732
-2447977 6482301
8505000 2742813
4497830 -3856807
-4755819 796970
-8559454 -2644704
-620114 9845183
-8629984 -2814952
-8223727 -1868070
3930978 -226239
1908731 -5672495
-114687 -7876329
-5871017 8046834
2210719 3258630
-9497270 -4138356
-3032736 -2460694
-5978393 1424226
-5832961 4519288
3178833 5042960
-4160070 1181222
1052870 8423015
784550 -2719524
-3018123 -9567243
-1435313 -5329082
4444679 -8725498
8118360 -7504335
7135688 -3646590
-5599755 -1996327
-8737697 -8735329
9642667 6610964
6666622 4281385
-4294389 -3390068
3645572 -9311770
5731190 -7610997
3570225 -3175595
7763772 4087472
-8632051 -5376905
-4944148 -8935325
-4264407 -9133822
-7859320 -3863109
-8851092 -9819727
9050035 2775392
-9220935 8284596
9549268 -6549720
2577596 4557720
-8644543 9191935
8318219 -755781
-7551199 9577421
-8033576 1963791
1304549 696343
-5216185 -1946999
2676096 -8415327
-7350652 8668116
2050646 248301
6385192 -1615058
-8918433 -3292321
9483071 50453
-9148599 -9868398
6098235 2778489
-2663791 -9599331
2108957 -1324169
436402 -8791981
-9214560 -7056472
4907320 2885203
6097898 5268216
-6678783 8728221
-9687106 3398066
-5417466 -1486335
8761966 -7037757
-6136463 6633181
-6659140 -2336489
230316 -5054896
-4923294 5340283
-1881228 1081717
-6001261 -8825059
-7632875 -2028666
-820647 -1375952
1567576 2803527
8205083 -7518855
7749361 -3525104
7719469 -3180667
-9782601 3586930
-7899405 8032364
3510959 -5200066
3949467 3378914
3558777 -109152
-2647696 7290327
-4853038 -6210907
-2612838 2429010
-3879696 3265735
-8762931 1385901
-9990051 -8996219
-3676340 416422
2897567 1577526
568774 7045095
-6135571 -6836720
6750210 -9195404
8836960 6598180
-8601886 1367157
7262423 -5135729
-2728529 -2136067
-4845740 821200
-2873355 4623775
9569137 -7182425
6083310 4513808
8416061 -4310559
9209574 7320379
-9746847 8426011
-7480111 -4466765
5094682 -4332928
-1169648 -4394985
-3590389 8959111
5557292 8096914
-535929 7762923
5143546 -528242
7335692 9242847
-7419601 -7584983
7038792 5006304
7823879 -292955
6737205 -875718
-2669925 3907189
-6256080 5153266
-3904371 -3460350
-5410763 -6002927
-335855 -8868130
-3263114 9683919
1159383 1010849
-892237 -4337151
-6574227 9233027
-1295215 1088187
331034 1085671
-3982959 8556829
-3920514 2911433
5134830 5572185
-5303533 6419717
-7156741 1872035
9541654 2026543
8566193 -3412821
-6899395 -4362717
9285506 5671782
5355701 2764750
-6224400 -3977608
-5798407 -3484916
-4251889 -4600285
6487902 -9856282
1229390 -3030751
8042430 9335288
2246722 7246431
-4665032 -5878084
-9458366 9897904
1769940 31436
-7942021 -6615107
-7511576 -6172054
-534771 3140524
-1187694 -4410971
870132 -8732913
9805831 6684359
5715796 -2837916
2561799 -5992575
-5848857 -8536093
-9050492 -8433946
-9098658 -2103115
7659668 8991939
-6886145 -4335584
-4437679 -7005363
3026073 6171841
2073086 -151387
3676559 -2399596
3257280 4561511
-9849460 5658140
6925228 -7930414
1270297 -6462976
699108 6731059
3254836 -3013907
-1549999 -6739092
7343314 -77668
335569 -8084139
-9092200 761008
-1058223 -2004762
-6493773 6538008
2709849 -2979550
6869063 -951348
6649056 7299288
1860799 -6938026
8720114 -7577312
-5507726 -5472309
-1935284 -1838306
7409106 5762571
5265017 8763824
4541084 663942
3102626 -6284982
8147231 1884398
5161759 -6561804
1433434 9055032
-1890608 -5896464
1123986 -2543987
6504665 3335593
634881 -9490599
-6428625 -4329927
-1907239 -7504320
-2976628 4807841
-7030464 -4898613
3380310 5088088
-3631736 2894994
6075288 -1354673
-5123303 -9090651
-4689901 -822085
2616111 -6976071
4595313 -9528142
7091746 6565897
-5978090 -7295295
6040298 -1784268
-1274867 3042927
8713000 -3324820
-8312788 -5187140
9620702 9322113
-5576500 -8773064
-1168624 5106590
-1998416 7803810
8965490 5199641
-1374658 -5923128
3254787 -6157813
9382468 3935441
-3076348 8387250
4953147 3977781
6682486 -5984602
-5252517 1491409
7050688 -4760863
-5569331 -4011032
801829 -1719960
-2397847 -3882119
9861170 422531
-4470879 -5457995
-7654184 -1307454
-6107813 -3952943
123929 3827658
7669845 2517529
8969323 5895069
4282319 7052314
1030095 -4107025
-7575275 -8248181
-4240420 -9771066
7984423 -2827792
-4322471 -7189731
1090309 -7584908
-8950675 6479358
9418241 8692463
-6765532 -9089505
-396958 7463714
6027123 8096636
1924294 -3988419
8529111 -3848948
-7953879 -7889508
1679158 14786
5907761 -1155207
-6887036 5225605
5454539 8332486
8021047 -1127456
1682813 3438962
-1629594 6214928
-4789362 5289475
-3501710 -8063916
-7153421 7145231
4608945 -7750890
2862099 -5034027
977555 636068
-696528 -5213607
9413237 -7976982
2037804 -6134054
-4772909 1092395
-3681999 -9538083
1310755 -1659945
7212599 4288892
-9755793 -8151846
8063082 -8588235
-782408 -1385387
550697 -6726280
-9581049 5715882
7964992 -4086371
-6604046 -2455752
696668 -6656557
-9353811 4373509
-1087121 -9999859
6382439 -9940574
-6331826 3467035
3928952 -8390470
-50415 -13825
6791419 7756060
9604214 9678536
3606653 7035626
8166592 7667297
-9058983 -7175755
1056479 -8766359
9663622 3876321
-8579431 -8462176
-5118733 -6940423
-50562 2117238
-5366269 -4472544
8103235 8862318
-5154295 3532522
5142052 -8228591
-5726064 1291010
-952930 7607989
-197123 -8934645
8100982 -1348716
8834933 5925883
1266480 -1216074
17567 9775951
-3831376 -7677040
6377136 -318810
2740767 -2410807
2222783 3774755
9302212 5206557
-3414773 -627134
-7094612 -78201
1693208 1430933
-7278057 563792
-9311867 5967144
7032499 -5714635
2936649 -6992637
8933246 -2350167
6433759 1771583
-5936114 199726
-4960962 8967679
-8834779 232510
338055 3932526
-2292718 -3577660
-8371103 -7439161
1933705 9525846
-552355 -1785875
9645058 -2644554
7919238 -8859147
-375651 4883353
9168718 1123724
4131087 9173200
9339386 -5378281
-1090346 -4419315
5780411 -1710503
-2742824 -4510108
5722402 3335802
-2731672 -1577603
-2638911 -3939542
-8862351 -2508038
-2982192 -1010013
7204112 -4412294
2943152 6465453
122658 -634478
6765227 -6621257
4502467 2263359
1436560 -1549703
3072016 -8850094
-3269409 775946
9065443 4498023
9987915 5027354
-1636844 8838972
9777721 5710318
4287128 -1852163
5639799 -2861189
6128798 -2058871
3528835 5173960
1639413 -4150738
5214784 8988340
-7632917 4278424
-3458217 1980011
-9569692 -614098
535808 494695
-8729359 -3981324
-9483301 7266399
-5189895 2852437
1691409 -9495385
-1268715 -4310386
3837451 1469130
8607941 5534765
-6524106 -8006398
-316086 4736739
-9413999 7004729
5993069 -8676672
-1881896 -1682863
2813500 876504
-9737594 4659887
-4845417 -4239840
-5704811 -6685434
3097317 8941576
1794013 -5188112
7832855 7907423
-6402963 6001774
-2529095 -3435860
-7901095 -49160
-5539206 8595198
3331938 8091151
5095881 4144709
-2015611 -3565709
-2732219 -6394698
4481807 6102493
-6721268 -9918719
8357794 -2739435
575132 -9050333
9891244 -7347017
9981223 -6327551
-8420128 -5798391
-9796616 7814079
6894571 -4823091
-2355899 -9809359
8785839 1509829
-399020 2104896
-3750395 -5365871
-6415227 -5303139
-9181484 4233994
-7147161 852554
-6549813 5300323
-7439112 -3868429
9597591 -8192019
6977316 -4347628
-675178 2005187
-1276852 6958540
4772619 904694
-1402044 -1073468
-8366475 1667190
-6822981 6242057
-9136695 -9580635
7569846 2778000
-8787 9629262
-3620392 -8845381
2007173 809729
8626404 -767553
-2119629 5457361
-218306 3703645
