225 1437653 -1611209
539
-3469148 8228251
7317858 -9684291
5608067 -2635795
-6604629 9703844
-8828423 -3046788
3758334 -946746
3184724 -5398254
8136705 -8230390
-5041516 8763517
-3506317 8980571
-1711255 -9087063
6787845 -9906529
-2315591 -4424182
-4003972 9570632
-6475363 -3365700
-5137449 4384819
-2783119 55490
7419695 4696762
4400606 -7175052
-7705488 3331418
-7615328 -1911465
-4793367 -1430802
-7144840 5569397
-3150734 -6656661
-7676090 -2186355
-8757066 3342949
3436420 612656
-1295174 8030780
117764 3637182
-9728518 4700855
-8397974 3642402
6214244 7650385
-5136501 -1181093
-5839793 -3849709
9481710 1780458
9868993 8971071
-2459730 4382734
-7531517 -4924373
-9064682 395430
725427 -682251
-7339301 5775580
8904588 1968362
-7484506 -1386529
-7749347 -2390585
4826622 2633258
8792012 5038487
-4794775 -1055000
7763908 -2477392
3672900 68724
-8150818 -8075885
3411539 -4329038
-9946304 -8281824
9310155 3468161
6379943 5038532
-5643719 2761825
-1462595 -2894629
9073733 9533332
-1853196 -2558006
-2432239 4105579
9255189 -7086191
7952297 4910735
-6144265 8047202
8086162 5673874
-4257402 -8380357
6060111 1759062
-53624 -2408219
-8173691 -8011998
5456163 -7483575
7554957 3652816
-3585359 1836106
8941477 -8088762
-8555429 -2531602
-2573256 531562
7153493 -7892273
-4978464 4994505
-7578408 6408683
-3027763 5490185
1164059 -3722672
-9586677 -4941601
-666186 -576990
-468857 -1010214
977788 9280190
-8203385 1357452
7526620 -3566049
786410 1867924
3779163 6457613
-6073989 -272113
2775802 -2259914
-152187 1352756
8863613 -70705
-3662022 -2614299
5392239 -8714794
-9921114 -4173433
884967 -3443702
5979308 -9507791
-8001652 -9781219
2015323 8026803
-615745 -4507512
1926440 -3671709
8196215 9427227
5884840 5229202
-5042911 -5508270
2231816 2327204
6196312 249243
-9821461 4595981
-8018317 -2423723
-1138517 9032869
7375789 7373922
6446572 -8543279
4465283 -1739244
-9004111 -5057767
-7030964 6463631
-8043881 -4472436
1855855 -5130356
6813223 -3601089
-8371887 52071
-2939847 -4785584
7541620 9101555
-8132850 9291970
3887951 3737932
3830561 4562041
3594911 -1614014
8276260 -7307955
6665118 970700
1747808 -2760815
-5302230 1130401
-9889616 -4739951
787613 -9816842
-4947198 -7933496
-9018233 -7356531
-4788108 4382378
9596794 5126233
-3255860 2272045
-5919633 7138414
-6607302 -1388710
-6826668 484671
1387009 7223259
2431656 -715405
2771647 -336730
-581193 -903225
2743528 7035807
-7704144 4116577
4299735 2853913
-2563231 3083469
-1756710 1868890
-3748732 -9065112
6061121 -4028466
8243580 8364414
5502828 5321613
6449256 4840299
-4675030 1411878
-8848511 9622588
-8576465 6711980
8891602 3583146
5196273 -3288466
-6252659 -1689591
4943338 -2060199
-9206286 8559549
1643018 -8240575
3628315 -1769517
-834628 2402661
8374195 2395935
760349 7742845
3064459 -865873
-6025573 8779529
-7292241 -7969933
4169007 -700603
8527729 -6140751
-41253 5592542
4820428 7419331
-4270260 -4844980
-4388827 8567769
7127318 -9326922
-7567496 -3595112
-2848277 -8713312
3689349 -1422829
3489459 -1166553
-3423707 -5420103
3714024 6766160
-1937958 2157104
4187171 7688451
9504201 769801
-2854598 -1643822
6465072 8031930
5451262 7104149
4775521 1285500
-7630379 3697354
-3113215 -9613305
9307935 2013291
-4183669 -8164359
412812 8976010
-2190542 9505681
-5914422 6418623
-4298864 -3097897
9059207 315954
-1995594 3763178
7049331 -4237270
-3364740 -2491393
-4459463 6711086
-3668413 -6899668
-3097816 -9008201
-2794494 -8892891
4010156 -8211843
3801448 4092291
5927932 -4165557
-5189547 9617779
1639812 8857096
5275720 2619911
9522014 -1758258
8557697 -9023144
-2743614 1097573
-623345 -3437897
-3412938 6822069
3533155 6011915
1628599 -5356049
8152103 9864743
-9028148 8530783
-9681060 -4642391
9449900 -2501640
3332803 -3363260
-3745480 5377832
4234928 8143256
-6720480 410684
8652427 -7973000
5520208 -7198466
-3584540 -273524
-1195069 -7223406
9598664 5792115
1804031 5391993
-9964056 3131819
-4487086 5948982
4479766 704399
6062008 -3515234
-3500522 -2684942
-3531849 5511908
-6593908 9832281
491890 2722671
5649707 157373
2184373 3771410
-910704 -3181514
6544962 -2295418
-7002472 5504756
-6186776 -4650107
3258238 -7403808
-1755636 -1866393
-5917411 -4189465
6514934 3757278
2758397 1078707
910118 -4906705
-9394797 9257875
1606509 7378269
-7382708 -5988704
-3314979 -7901601
5869809 8266999
-4914514 8869394
-3426024 7475457
2980214 4146800
9496694 -428495
-5315951 6793438
7443397 -4728716
-6401829 -4555235
9202044 -8474014
2604694 2629458
7722753 -5523207
6251020 6031164
3409433 844308
-2628044 -2142471
-7527720 6026725
4293724 4056977
2926372 8342089
5817547 1895562
-3957637 2016700
4104557 -8685887
623903 8055409
5843045 8788607
-5766628 -1932700
-7890362 9441217
2070675 5951768
2944913 -2769316
-6738152 -7690220
3154088 -804066
7053463 6671281
-4785642 -9473955
4583022 9525744
384185 2024435
-6080003 -2490606
9526095 8718084
2548549 -37640
-9465879 3630652
-5064389 5688804
6272456 6377167
5818384 -8314664
153456 8382095
8129131 -9594589
-7284809 -6901630
2294304 -8609020
578613 5869279
6395324 -8135881
3906215 5792972
-2182593 -6505301
1004093 -5709599
5524837 1737404
4216117 -6953460
-806455 -9410261
6278543 4750238
-6356243 4129156
-1669156 2551000
-6550553 1978493
2383904 8484301
-8417329 -8421422
-7030442 -2384553
6001079 -3606673
-1742554 -3935476
-8142504 -5087245
-1592546 -7836338
8970415 -7808745
-3554989 1927900
4974440 -2988396
-2398657 -9338872
-2072281 -5832015
813494 -6120113
-1052761 1571476
-6450030 9144338
7628639 2396686
3975264 -1549774
-1417974 1727662
8120989 -538825
5525699 -5416895
-7987788 -3621564
-8941550 7383195
2090802 419667
-7652433 -9971135
9556821 8535813
9196942 -161641
-3477303 -2841835
1038052 9641013
-6271159 7336191
6480529 9985291
-5101671 9795163
-9238258 -3374479
8353183 8873593
-1665232 -656232
-3556775 -1009475
-2114687 6376819
-3723634 -1544563
1391456 -1056237
-8511020 8367168
6902982 3739023
6093735 -8954199
-9279682 -1383724
-1742711 -7383568
9952623 1758370
-5739987 -5497518
-5702354 -1050496
-1908623 -841658
-9451712 -4940612
-3080492 8960913
-2048562 -1116944
7776228 3362733
-8181830 5836751
7296866 -5947406
-7580237 3209627
9465002 1302198
2347999 9322745
-2060979 -1924911
691521 3068318
7343040 -1287338
3215144 -6839504
-5373647 4119406
5794100 7512790
5088530 2717730
1678643 6342388
7741797 -7991962
5370771 2146433
-9500464 5518025
9570619 -294706
5431273 312754
-8385048 -8009618
3829479 4896275
5487717 3962952
9547622 4284852
-7002486 -3820762
-660265 -592986
-6473580 -1270989
8758153 -3517560
9200170 1836873
-1820739 3846684
-1628926 -6604834
-1942049 -4078942
3955435 6258198
-4036508 -1442512
8870242 3526055
-1967211 -8605235
-1192608 -9514805
-3035501 4378621
-1336527 -5704891
-7009300 9028473
-9048161 -5822660
-4577297 -5153213
1329227 6994612
-1168515 -5819144
8027540 529397
-3559085 7010746
5448157 8914967
5173165 4498867
5572707 -596408
5445999 -8863343
5047774 -3040699
9960848 5995141
-7109886 6371518
3182980 9441699
986524 -5930061
-1752721 6173680
-8979533 1938364
-1067024 -3813666
367191 -5133954
-2088205 280813
-2708441 -9088917
9826050 4352711
-8632070 5256068
7176013 4999215
-1347776 -543011
-1067358 -4861636
-8866495 6216350
2587869 -1106509
-9148458 -5976381
-1906441 -4229151
4460881 1838067
6292783 -1142810
5043525 -2002300
2863746 7742111
-1977076 7927068
8838151 -9224459
-2355396 -2169165
-6913096 8664202
-3820231 -987466
985875 2779269
7917633 -2651654
-6435304 9918518
-8671639 9051139
5591110 6152565
4439766 4696255
-3465678 6201021
-4941788 -1099353
6898347 5343457
3085568 2618089
545157 -237907
-6946013 -8891508
-1060672 -8100340
3080214 698591
2227478 -5457416
7321853 9259984
-3391670 -6786647
5648223 5239486
-3193023 -7310622
8841944 6976584
1672840 -7601912
1115461 3281710
4698710 723514
8583324 6173673
-8691886 1597057
3875503 1668892
-4706263 -5630377
8785636 -554158
-9855567 -3250583
1292001 1865850
-6357814 2371911
-1898383 -8869794
-1113956 -7233132
-4543753 6266192
3242777 5693022
607462 -5701809
96253 7431969
-9328165 -8277077
412949 7311315
-1091627 9255159
-6559596 -5762585
-1392961 5300228
-5253930 -1265859
5483558 -2607325
1774877 7406855
-7704881 9291911
-9577883 5417064
8183932 -7086912
9179280 -8175487
7517535 6156531
2971074 -5061591
4886730 -9358651
-7635727 -6932672
-9621357 5558566
-2669923 2777222
-469011 -8196632
-380052 770481
9504622 8138028
8047055 -3117630
6805578 -2495468
-3203557 -178067
7755349 9100697
-7986215 9734912
-8440574 -1544367
-5387835 3709417
8647827 1593313
2234663 7583239
-9349433 3534557
-8390525 -2884712
2408862 3545563
-2134717 -1060447
2226386 -8060149
2594232 1584
6883954 -5752639
1751893 -6842361
-4504076 3689532
-4693419 1064689
799601 -6748727
1706907 9836718
-3937512 -5124621
-1014955 6319072
3902311 -5289685
761224 -8780292
-9148652 -2930769
3131146 -5112948
3826605 3260210
-2283587 -9003571
-6485635 8569343
-7183296 -9689355
-6531715 -9601680
-3395796 4568598
-4366713 -1035791
-5268165 -5572862
6780208 -1050760
3824620 6438742
-4725834 -7157304
-2446989 -7190335
6545725 1692829
8762060 830588
5717640 7397073
-6826365 -5590442
7922340 -7939403
-9370060 890048
