59 1524973 -6842676
185
-3222895 -5091410
3583628 7059690
4642565 -6449047
-1591093 3509193
-5663057 -6031658
-1970345 8637197
3559904 4095067
-6965631 -5630230
7823228 639760
320977 294749
-6021995 -401662
1656756 -1173223
-6268351 -8495092
8742617 932168
4973494 5260834
-9830576 4416293
-6007664 4266951
7817904 -3730596
2294949 1151253
-2364053 -3773188
7380361 6631892
726959 5665603
2551725 -6543383
4096377 -3722319
6572430 374953
2489644 6933706
8276836 3066787
4571695 6662752
-9888727 -7991515
-214329 -4169336
-9753042 5084767
-648282 -7528552
-1259148 -5760706
5390547 9685974
8429138 3552154
-7299602 -6973505
1208450 5809499
1782468 3427358
9705039 6276527
9167833 -4121155
5328904 -1206179
-8139392 -5826171
-9163419 3605740
-1869423 6432304
4779320 -9052146
-1451027 432601
2904049 5026278
1781924 417043
103018 4161253
-2286593 9688824
-7284681 -1467844
6858008 413806
6357516 -3559879
-7283352 -1359524
4519322 -1421093
-110920 4400833
8574662 -7635422
-1513330 1749688
-9301656 9411244
2875450 6617247
-2950152 5477665
-6979705 -8575576
1841467 2470249
-3368497 4802220
4491044 -8055515
-7007006 -3138738
-208580 -277285
-1320812 9851002
-1508522 8665288
-2755805 -6087812
8313022 5527152
7891730 7133275
-8600684 6887684
-1184720 -3621600
5512000 4614012
-7391971 -8309269
5631507 5078200
-2451550 -4371675
2946897 9989326
4450164 4179953
3557567 9954293
-322992 7443158
7294160 -6651012
-7985724 872548
4784736 8301990
3829143 -8225176
1424451 3097758
-7498205 -5762775
-6868022 2823767
9954132 1317075
3007806 8643978
-3761470 -7437839
-9293162 -8844335
-8855008 3786980
-9516715 3653735
3608028 5595156
3038314 4040853
7389841 5801388
-3326064 -7151174
-8849184 1920469
3695293 3975025
-2927217 4979959
9217185 -4880255
459864 -425422
3408006 4865515
3509493 413996
-4507490 8932164
-9912170 9748023
-3948644 -3800652
9853084 -8767178
6827978 -3465359
3091846 -4022536
-8221147 -7617356
-4768530 -7001961
4918509 -9030859
4944166 -3617714
3878598 -1386198
-3750101 -7983050
-5892120 -4387865
-9522350 6709764
-2876240 32238
-1035597 3987143
-3748482 2616270
1331971 -947767
-7198593 2302874
1353868 1185055
7162519 9629385
4528381 -5554286
-2556246 1457724
2426866 9759851
8658489 4878615
-6507583 -2628968
-8095666 2537087
8149222 -257683
8968433 8528567
-1439195 8626872
-4869633 8608545
-6258832 7525208
-3422559 -6101762
-1282536 5073139
8774546 -621152
-8475415 -9928668
7033399 5937065
9911142 -1430682
-9154479 -5522847
9355768 2338008
2225392 9504011
-5442550 5364537
7623206 4129727
2658294 5223025
-3633751 -892009
-2283463 3735451
1260660 -5987031
-2088793 1457705
9047196 354453
2249654 6628671
-783644 7821742
-3724841 -3709409
4859910 -3750245
-6756740 -3813699
1040661 5705431
-2274206 -7400972
479917 -6733946
7395781 -5200403
-9977378 -9380524
-272533 -7429573
6305878 -3611129
401840 7444004
-8581939 -9917110
437344 829399
-2541929 -9534743
8286999 5203350
-8506059 6674427
-7075818 7078511
-6735188 -1129797
7091987 -3832558
-8717178 4305474
7571528 -5182219
-382622 -5720909
-5101433 -2516339
-7429560 -7843648
-1454776 4626035
-5413609 8876318
1475561 1463416
-7707184 -3995547
