233 5221037 8141875
712
-2233650 -4401136
7220166 3854610
-8556336 3659688
1607950 -5881024
3449831 -1853202
-8906905 -9169226
-8430820 9834020
4671661 7770778
-7392652 -5886263
2705946 -7122070
-9766629 6597471
3420551 -8630573
-6870178 675420
-816945 -5531001
9690036 2928885
8527749 9841282
3695892 -2543614
3632427 -1735732
2383244 -2344092
5802706 -4759623
8587503 8349428
8183448 6895802
-2817068 -9843317
6786772 -4628538
-9234256 -7693368
8904104 -507282
-6621503 -9000885
1674536 -5158993
-689994 9024671
1953557 3373943
3215225 -999957
-1027219 -7002342
1261926 9427469
9599729 -7394792
-9638063 6161523
4510951 5402436
-5185410 1465792
-5861173 -4789249
582213 1997522
4304154 -9074401
-7065330 1347957
-5136575 -4275390
565617 -3686833
7854191 -945687
4944608 9875624
-8607981 -7675900
-4678242 -1840167
-9896346 364800
-4513639 6583685
-4738440 9703383
-2377829 -4151702
-169557 9772511
7499614 2436761
-5565717 3969270
4894870 -9401820
1946137 1254790
6979400 7829540
6659059 -674086
8380227 -2454982
9936994 4513250
-646298 3324835
4001020 -8670987
-5789835 4675461
-6224502 -3378974
8840762 -303474
-1938823 -962942
-8674079 -3537067
1416047 7891620
1860890 8825535
9423715 -1633318
9621472 9272112
-381996 -6113795
-4271529 -882775
-821405 -3722936
3306666 -5891301
-50114 -884411
-7039046 -7339631
-147818 6467259
-6911715 -2828881
-616002 3627680
-7335262 -8070953
-9091667 7445175
-2146853 6507011
-2151102 2324380
-9308938 2230389
1502502 9788966
-6324829 2828887
-8053888 -8879494
9913922 -596358
-3971307 1124707
2756648 -4263059
-9086338 -1505068
-5037809 5717602
-7111279 765844
6909876 -9433172
5012228 2272719
-7765754 2090966
-1402023 -1563087
-9238707 87393
-7682217 6446875
-1247807 3968707
-3202406 -3663363
9973495 2427364
4347359 -8739942
2384765 9887418
8140711 2892404
-8612664 -4858587
-9140985 1570725
-7663431 8865879
9432708 6264089
-8946840 1762797
-6146237 -3038712
5398201 5803759
-4108848 2451740
-8585033 -1324154
-7355447 -9274713
-2938076 167161
5110877 -8041500
-6781442 -2964580
9439190 -8025412
4866993 5603324
3261089 96253
-8333022 6254329
-2363439 -3363543
5416898 6519899
-1717304 9585621
-3453091 6470058
2273817 2136459
7104551 4461462
-6862692 681322
1406609 1035870
3719383 8298213
2773065 8468534
8020306 -1169739
804849 5991624
-5888700 7459496
-2444251 8188194
-3041124 7372389
6525198 -777273
-4257374 4595437
4181058 1942096
-9071493 -3458326
8678133 3244319
-2294219 3202324
-6116354 -1700964
9334906 -6640559
4174006 -2193392
-3724858 -4429358
4400903 -3052928
-7061304 -5704552
4271296 7722104
-1573349 9566348
6938737 -8172955
-6433876 5385527
-7502684 -4019712
7922384 -8174898
-1633224 6678374
-7560955 8850891
-5430432 9561261
-9623351 -7338822
-3979381 -9030434
-1223826 2227907
7798549 2710977
9658049 -2432332
-5620532 -5284196
4954261 5113097
4679445 8650764
2994161 -6619088
8766439 -5865465
114823 6560285
901739 3780107
-7025167 -1962793
9404451 9268515
1346128 -4586122
-1924944 -6025981
-5056415 1722777
-6049315 -3387973
1839356 -3763888
3803780 4265586
8981391 1497406
-3389497 8183249
-649635 3935652
7316564 -8710051
-4575516 -7655473
1421164 -1400645
-7620538 -1944341
6092866 -7677096
4107771 7870647
-6715475 -1986331
1987688 7970252
-306971 -6124067
-6995688 -552374
5683738 -3839934
-9574347 4843668
-3658926 -512482
-9812881 1923396
-4140952 -4532070
-3242121 -462515
-5601636 5691964
6807671 -5301285
2754374 -1664120
-6824864 1703485
-425868 -8636408
-622738 -200740
-2230488 2858657
-749058 3881302
-6671072 7462541
6138960 2255254
-2901078 9012666
-8983463 6564613
-1511991 -4043651
1424279 3720008
5773845 -3136591
5071725 698510
-2086423 -9827791
-8975558 1879396
-6417119 -9332049
4547895 -5800422
3998838 -4326635
8532022 6441509
322812 -8231650
1747244 -9700684
2554570 -3831908
7697111 -2113796
6967169 2169844
642545 1230000
-5049992 7971530
7351291 4583176
-4718314 -9276146
3412415 2423016
-5697588 -4288385
-3620434 4436857
8636436 -9598355
-3924990 3443814
-7598325 -4848374
9436329 7123384
7422700 2724487
1408932 -6300075
-5897519 -7506378
-2820182 -893957
-9663957 -8930350
1557532 7822364
2405540 -4713949
8526257 -8574825
3848191 203579
5915194 1938673
-3624470 666955
-6415048 4811113
-9228721 7528318
5196297 -340038
9299698 -6827046
-1586206 4632626
8332551 -761250
1732372 9822726
-8554879 -7564968
6021034 8912190
-749094 -8218836
9583567 -9905082
-8479907 4172799
-5623622 8109825
48498 -2115364
8551591 -9708428
-2380963 -1059620
-3531301 -7863457
-5687143 -1609684
1563271 -8335004
-1186026 6128907
-4632343 9977065
9799791 -2853475
-7902091 7100029
-1471429 -8755088
5542428 635295
730213 295830
-5531371 -2357653
8268524 -5233342
2651294 -1154993
-8347069 -9166626
-226245 -6280763
-4144220 -728031
7662285 -1241194
-7059846 -7315011
8813896 -8258092
-8281027 1754128
1417005 6697905
-3685714 4035116
-2203620 -3968734
6666561 -2640791
7655039 5855160
-6502492 9913126
-5320216 -7876332
-6514973 -8233968
5115759 -152570
3566667 -4862041
-3073720 -5110486
-3835328 1938799
4623788 7104917
8846826 -895174
3375306 -4045964
5168293 3082151
-2882732 7308663
-6660071 -8517421
-1158212 4913648
-6714839 2522842
2435968 -3503172
-8863152 -3217331
-8934947 -367896
9479534 -5378124
-240165 6180812
3586678 3046201
-5015000 -797533
-3692616 9751350
-8627472 2125140
595528 -4845790
752714 4747834
2056497 -4236179
9762752 7869982
-4700018 -2087222
-9564380 -1395460
-2382280 -1414857
-2115836 -4612060
5020044 -8729079
-4107203 -1050782
-4869970 4499578
-9937869 -1831016
7371451 1233061
984411 7563483
-7795025 -6321165
-8650602 2356940
9621126 -4683145
-6402972 2102112
-7511554 1677624
2106754 -6640220
-5519327 -9695220
-1110076 2542375
7930315 -5385255
-4114334 6774088
8239658 2950360
9966290 1778463
2463799 5886041
-2880898 2544774
108257 -164750
-3969562 8103513
-7023195 -5170415
146440 9896188
-5485348 -7402068
-3208092 3743469
-380399 9519450
9824230 8898662
-6042611 4100274
8715020 -1285846
8004595 -8112295
-2645583 7117038
-8588146 -1239395
-5353354 9837059
2381833 3875653
6227256 1765748
-7614386 5006443
9836028 4774046
-2813414 7878771
2993055 -7501180
6242289 1701238
1220688 9784963
1199978 -4138109
2478517 1044918
2275425 -2326281
-7922224 -6290111
-9173072 -7203628
1556977 -567807
-8214395 -7761218
-1369213 6203624
-9514276 -3316210
4206585 7374395
2148441 5387690
3266462 -3441035
-942214 9335027
-6447383 -3740483
8560833 -4699925
-6321682 -2710343
850928 -7722837
-49118 6156836
2383077 -6873647
8439077 2028659
3977204 3210005
-2034861 -3946
8716030 5762809
4962952 -887721
-3513326 1718107
-2894203 -830463
5728503 1151468
486495 -9627741
9148129 -5213711
-7397284 -3444535
3845122 7708962
9986125 8797387
-2529425 -5303950
-9661245 -62993
-8034334 9853652
-4419990 8777832
-8709761 -1540777
-5777968 3545149
5173780 2522621
-5759272 9184984
-9129126 -8339545
2811923 1346526
-5764863 6599377
3902018 5814770
-7629765 -6616734
-8907772 6504734
-2181527 -1268290
3427760 3594705
-6468287 5289048
5142701 -3717132
-4939300 8013731
-3527046 3239063
9300564 8867291
1389913 -6788661
-7603677 4474345
-1348848 5630641
9493519 5783549
2382926 3979427
-205803 6245009
9628275 -3715056
5306031 -5319215
-4071153 3236856
-3168439 -6875496
929905 9356607
-4360525 -7120374
3409710 8588958
1828021 -6783472
-7916181 9882664
-6905997 1128585
-4397070 3473732
-8379274 8006679
3790228 4254082
-1766491 3630597
-124394 8689507
-5025549 544059
-2258804 -7979766
-2226558 2796834
5921339 3670043
-4456998 -2878645
-7482666 9367596
7956554 1182478
-3084642 5927044
5809708 -215425
-9086840 -8484471
-2494386 1420064
-8056905 9032443
3286525 -873660
5273289 -1750325
-3060818 4036387
-5419554 7665248
2201834 -5570014
7226820 2321642
8508037 9975276
9612983 -4335489
-4967893 -5948961
-2250131 -7869683
573713 -7011339
-4710412 4665227
6180757 8899774
319838 -3797251
-4764808 6202723
-4670937 -5220715
3028960 1038069
-4925544 3118704
783952 2484495
6914481 -7828746
-2990752 -7014214
5477414 -3342347
2322165 -4482715
-7915323 5090398
-262933 -129376
-4624362 -165454
7016126 -9689219
9210555 665226
-615673 -4286765
-8084042 -7953255
-3173970 4619519
8173941 -2754979
-9636275 2371342
-5144163 5764749
7936004 -6335970
-3350184 -8229682
-1572028 7461604
5495242 -7872769
7217629 3266489
-6862887 7579919
-2585535 9471048
9781829 -1487249
1694330 -5569409
143826 8992384
-8960871 -8921343
-1785471 2059784
1821157 -9618489
2752854 -3611530
4669571 -5298765
-1634735 7608691
1895362 2605575
-7416468 -2468567
-341336 -9676666
-3893825 8078774
5658693 9392645
8863694 -756712
272392 5589510
-9979898 1161875
-7329388 4483074
5561731 -7319720
-2743583 -6290259
6607605 6292612
5197434 9077574
6295161 -639541
9485502 -132994
4988933 7176778
-5291788 1380864
-5779450 7572465
-1832409 -3116772
8792226 -7156923
-5397282 -6173716
1932147 172272
-8665853 -2608538
-8125464 1952249
-2851119 -5995241
-9769147 -47381
-3754768 4405298
-4000775 -645190
1231621 -8557334
1309672 4810738
1987517 717123
4614340 8814958
6387423 -787919
-1388339 1351242
4194320 -5444985
-9102349 -2596113
92511 1313390
8704852 2829798
7298399 1426659
-2052230 -9420612
532007 6963633
-6114717 -9305025
-7433863 6777239
736258 -7599140
7211599 3797758
7031234 4562282
3377240 -8284532
927549 1645574
5513168 -7718984
9352383 9539210
9459450 -7776160
3537230 -9749966
-4403815 -448039
3494972 2242082
-4662178 5410936
2374569 3959095
-2829578 5869830
-4836579 -1223795
1177065 -263440
-6465682 5899679
461962 -1611336
104132 3081904
7243830 6355554
8636570 3548033
-4396404 2756999
-2502809 7988953
755340 7579398
-2868641 -8965578
-4207144 6351525
-5721187 3142684
9618131 1130679
-2999491 -830265
7945940 -3211447
-958535 -5319718
-9420038 -876995
28022 -4907864
8174040 -6441724
9913830 2648506
-3803460 5417871
-9308778 1066753
-944294 -5683512
-8104114 -1811587
-777165 9811046
-1321077 -8456403
4686281 5015692
8662723 -4525911
4643824 4304412
3609318 8179584
-7140134 -4893884
-3254527 -7349217
-2257081 5956180
9514456 6773495
-8061646 8433312
3851183 1944639
-6988608 -9348754
-5032266 4542405
-7269182 -5416550
6910849 9379972
-9076431 -5529994
2002050 8106124
-6419787 -1873797
4946967 664773
-1155643 740389
5846505 -1443715
-6276579 1704223
-2339596 -7408021
1881826 1466340
-100348 9691212
-5847797 3820180
-3012222 6267187
809592 9679947
6779750 1955512
-6148164 -3943237
526769 3690599
1796723 -5224594
2901609 -7471181
3193592 5376937
8633678 -2151424
-1078786 -7962051
-3741476 4480184
-411485 2644635
6627327 -3564720
8642845 3986693
-9676774 9043332
5310519 -7204952
4991348 -2688996
1782869 8636464
-5306773 1771098
-4538303 5634705
-9589889 -2263652
265167 -225228
7668061 -4171928
-3806999 5975111
8013060 6301740
-6701724 5114215
-9724798 6787936
-6776783 2886791
9389836 -581119
-1537787 4382414
7177462 9713062
-2975933 6289085
-2558099 -5314838
6456260 1323288
-3042007 2135128
9871476 4434309
6725434 9884457
-4287471 -7347005
8628106 4393495
-6788413 -5578118
2052449 -842482
-4054546 -3490137
1913006 2327651
-8253467 -8314977
6067437 1302843
1015905 -7274902
1530535 -4238748
-7037234 556324
-8120388 8972436
-6376084 9419027
-3630312 -8646042
-8761585 -6504608
8664739 -6904878
7488618 9467296
-6110821 7292845
8966715 -9299795
9726421 5941628
-9214368 -5087830
9113545 1639427
5458622 5048517
7773615 -2302665
-4025061 -3525472
-452796 -695849
-9207061 -1062295
-9126916 -6056831
-4702873 -5583144
-9571400 9759125
-7145753 9051894
8519190 9093340
-1097463 2859217
-3924225 -7591631
8349998 -2130747
-4702225 8318548
-42025 1651982
-3299501 6927672
-5374993 -4583402
-5592522 6990466
8810969 -6883702
-5429644 -3528966
414203 9603909
-5979235 7959792
7718917 -1772318
-2720424 -5550635
6059057 3089517
8465086 -4201233
-9276512 -5038405
2830848 -5459139
5375761 1589838
-6758180 644975
-2427353 -4666263
-6733313 -57681
-3067214 -5285993
-2169695 -9809483
-3338449 -4256245
7864016 -5082987
-7123194 -407893
7819789 -8115219
8850499 3112075
-3798408 7615718
5930837 4909556
9871151 -5333321
-8276108 6654325
-1755836 -4781649
5863326 7099654
4949743 1485984
