27 -6141791 1725135
45
-4529967 4151067
2790624 -6325657
-7794106 9375202
4854843 6150975
-6691750 -518958
589725 -2235744
-8183331 537968
-1281667 1158383
2084558 -5169567
1482820 7327018
9493775 -5003655
-6170919 -831333
7403110 9395412
-3772641 -4445449
-8070888 6082154
-7250427 7952494
4143189 -2600855
9290699 5540197
1691172 -1134565
8346477 -3338105
-3057497 -2484225
570095 -8547446
2610937 -1240828
3589605 9288428
6615447 7211848
-7791807 7588777
-3242555 -1374426
-9462662 -3962725
-5891822 -5839445
-9757291 -3235303
7233543 -3962709
-4047212 -7007718
1048831 -6106916
2758520 7759840
-5578265 5256355
-7227870 1104997
-4926096 1364238
-9876589 -4141422
-4852994 7684841
4896689 -3770632
-6181854 4278805
5420732 -378765
-1825138 -6908057
-2747502 5958070
5239120 2283040
