577 1143293 1946736
782
949301 9970276
-2116810 87539
-9936209 8243847
8584244 -3310898
-8281962 9303968
7540260 -6598777
-8610702 9633916
5157607 4068374
-8858143 -3494041
2027284 -6909319
6165201 1992868
-8639807 3531357
7098749 2242309
1056300 198560
3858205 -156469
-7669841 -6996964
3090575 7323859
5567706 -7270299
-581197 -4329282
7491038 -3331697
-7414122 1136841
-6712890 -2452350
-8383976 -6024824
-7002513 8444717
4051750 5274233
-2732898 5024771
-1443872 216951
4975612 -1372705
1342207 8171229
-9468888 -3968087
-8448699 7716764
5040623 -7138729
-4409028 -2841771
-4654701 608330
-207015 5009776
8662969 -7163662
383988 2378863
6354039 -8049921
2911148 -5483635
2306950 1867878
-3107351 9479251
-303798 9574052
-9282301 -2034871
-3863642 7188167
5736432 -5423742
-7706977 -3332529
-7954906 7287733
6962314 7333646
-9541672 -9847581
5162195 -7692386
7660304 251313
-7369824 -3658484
-1708404 -9439356
-4922991 1500567
-6631555 3719096
3198347 7383960
-525636 -7222554
-6741073 5410902
2599069 -7291584
9801026 -604714
-1420891 -9148147
8139586 -7905951
1944048 -6859445
-6707026 -2381747
-74133 -5081272
5170042 971521
7313038 -9897477
-9336833 316570
4333490 8120986
1840082 -4259823
5640489 218287
2995734 7554782
2965684 7631205
2855973 6254661
8166299 8081105
8932958 2657000
-2732599 9261760
-7597684 -411104
7207149 9211449
-5869822 -4304710
6666812 9649368
9751891 1816572
4649494 3979850
-5382812 -9584941
8671588 -1017016
9201272 6457270
-3471596 -3171571
-5540366 -5286642
-9031981 9494088
91545 -168040
-7511040 9134319
912431 -8459145
1129752 -7727287
4000515 3314747
9010038 -9146747
-9497378 647045
-7536383 -1806798
4689404 -9745487
3185924 -370537
8612448 9306592
-1719786 1857512
8685941 330072
5043430 4808619
-3180941 5661928
-4506112 -1472199
-9821528 -573043
967812 -9500800
-7228087 1090904
-5594349 4613916
-2016478 6772428
-2580527 5932041
-5874757 -1513856
-8742991 -7600558
2028906 1330999
637591 4442934
8816798 -6842294
-3995870 8917806
-3757223 19092
8197372 -8952440
-424639 3061836
-7511207 -6308740
6706812 -246166
3361090 -4027042
-9413126 1995077
-8716142 7766741
-3784865 -1429604
-427108 -1296669
-6380874 -7143270
4187730 -6653746
305540 -1835616
1322090 7341673
6259479 -877662
1657782 7326220
890132 5018608
-9403203 -144846
-3937234 2981845
5252031 -6914410
-8425100 -7230422
4764656 -1386879
8896215 -7838225
-6751477 6048514
7268197 -4888650
-2031920 -4662232
-1315978 3403675
-8431941 -7844190
2013836 8989562
-9371748 -4593499
5249073 -9210333
5808276 2286035
-7858811 8655557
1637403 6405073
2007015 -1796044
-6510114 -3110566
-1981092 3581916
-1739957 770894
9335760 -3084877
2026473 1508566
-637314 6603958
-7476015 2510905
-2816932 8046708
-447378 -5907955
-7985102 9196904
9986571 180875
-7533090 7263972
5919529 5794847
-5283728 7124451
7844759 -9926716
-3037281 6723288
305204 3850998
-5378108 4981627
4413102 8565247
-7409835 -6042347
3077963 -3560425
1466832 1952852
-7484088 5601948
2210345 8649900
7846804 2068535
-7750590 4225244
-5994432 349728
-3855425 7232672
-3126525 2441449
2514734 860848
-2415864 -5281765
1085585 9477453
-3024568 405692
-1029061 5707477
2181482 -8611466
-9655539 -5922544
6030308 7775797
-4105902 1811293
-7022454 8546221
-6868892 8104443
-5153961 3340702
-6309570 7896870
5129542 -8632041
3809409 -164994
3212206 4519369
1753956 -3675857
-4198404 3312694
6234738 -7160459
1063371 -4706620
9198266 -4794323
-8200515 -6755147
3537003 9542727
-6129628 7829794
-1107633 9431101
51896 -3152082
-9811379 2023475
-79655 -2585712
-1217753 -6120949
-3769591 7566239
2085608 -7408344
-1084201 1958967
7788013 -6160435
-3320894 -2766253
-4956521 4022751
1744780 258829
3503683 -5758255
6300824 3544266
1374060 9557038
8988139 -9828803
9535467 2782779
7322606 -8443613
-1029325 2240440
-1364156 9759303
7325542 7752923
2860931 -2617395
9341573 -8072498
8283419 4293083
-8473170 -354062
-6331310 7478878
-2262293 9086662
-6671593 5413470
-1042264 3757742
3314780 9629232
2316781 2848148
8147279 -5180729
-3624341 -5631400
6609041 -2013763
-2254460 -2137314
8131961 -4755115
-4856158 7587434
2031289 992893
-4714024 -5514585
4131354 314708
-2206414 9329158
8415820 316396
-4270134 -1952354
-8194612 4260580
-3593836 -2796045
2568455 -2363479
2455792 1239297
5607897 -6767913
1218324 1347803
9210490 -5266710
-7505473 8963865
-932349 -141197
3368048 -2361630
-5359863 -8901060
1413649 1170376
-6984113 8771491
-8395761 1723587
9771233 3948059
-1791361 9850458
9570765 4092974
-8270505 -2868845
8370452 -5344428
-2112341 -3298361
8049443 -3505298
1227992 1622336
-6897447 -223715
2151440 3722520
3877242 2170204
3269145 -4480511
6689865 8517379
-194777 7199146
-8560915 9705752
3653812 1409462
1259920 3726671
-9664003 4378803
-8490041 830685
5486258 -7934508
-8716517 2396763
8891465 5890269
-2487395 1849278
-8374437 119458
6358330 615158
-7214637 -3706644
1812845 235572
-8730697 -1429140
8286358 -8980938
3241167 1074526
-7516011 2241795
8484818 9411331
3790134 -3739739
-392701 8820815
3402659 -2183555
-9786791 7609909
-3983470 4686143
-3464579 9104674
-8259516 3529136
6660646 -9322663
-3029307 8098814
-9149262 1962361
3049573 1299890
2318952 4636394
-4289080 1335931
6094079 8076471
7487802 -9288739
9487875 4578897
3399713 1277937
9094382 -904826
9221435 -3197628
4004867 1823943
928618 -4762035
1283453 -9459711
3733978 2669102
-6715731 -2055900
9906461 -9295329
-5479087 6651359
1287753 2956035
6808318 -643783
-2567311 -484974
226287 -4581251
9997647 -5079509
6198428 -285838
1325688 -4086288
2716084 -2190837
9633106 547123
-1698559 9237304
9777593 -6921924
-1736469 9584894
-2471006 3511571
-3267406 -5935848
3231863 -2564544
2907843 1253507
-9390276 -5480383
-3449005 -7767487
-2348737 -1957587
-4520743 6777282
9007797 -2351090
3562622 4194037
-7996800 333485
3396961 8795058
8032362 4152659
-252913 -8301598
-8716704 326307
6354230 526970
4591122 -8671357
-1235901 -6913176
-3143317 -2177014
-5141045 4188294
6420807 -2533592
-1974827 1409950
-9296416 -5927930
-5762668 3504430
-2301532 9711381
-7438781 316306
-8372283 -7781980
-1112969 5958180
172934 2176431
-7497261 8634119
-838911 1456230
2784873 1373321
4460146 6268564
-5908450 4065324
-9230030 3833181
3815941 -8533143
2876807 7190778
3779200 -8158885
-2138103 -3903257
-4191875 8016533
-9150809 -1923283
-7188910 -1630656
6843876 -7523092
-2830308 1698121
-7151408 -2983190
989392 -327569
3562104 -5473966
-9205402 -6225734
355942 -9461398
4371784 7402500
1385709 1125913
-9166957 -1812275
-7454808 6778868
-7124389 4612243
-4854872 407090
1000159 -8799912
-7914216 8510672
3503932 3811249
-4490629 8929660
8462822 -9326376
-7137593 -9125685
-4599651 -547785
-4257167 6424512
6963114 8711299
-1369849 6098775
9741040 1334898
2038976 -9984140
6794728 3090435
-2297321 4584168
7507610 2186692
3386780 -4635841
6391183 -1492230
4835371 5472565
4402225 -104884
568740 2861094
3735410 -4618600
4833615 3431148
-144340 1652111
363411 3092800
-8292073 9335126
670025 8993562
1525775 -8551032
4539403 -7290999
-190479 -1679497
-9492805 4758434
2638946 -2682868
-1658746 3893976
-8117107 -969871
8925245 -6823375
6037720 -1198530
4182870 -506014
5441486 -226870
3941593 -983515
-7890715 -4702854
7148624 -5694996
5814919 -6182787
7782533 -2181351
-6955998 -2659306
-1822451 -5161712
9596723 2853524
2687008 -1315255
5095073 -5247979
3782150 -8971738
6721239 -505682
8295788 -4776252
4717734 -4724689
5048441 2478659
4011496 -7324428
-9510930 -8493613
-4188609 6120782
2454347 7637694
-4543656 -8373690
-8516644 -7246768
-2408480 -8983302
-3613426 -339094
8345651 9704595
-5543384 9073582
2618196 -4042924
5451394 755119
5978867 -660564
4614747 3747182
8742193 696601
-4111475 -7820459
-6314072 2753690
-8609176 -3622405
-5984711 -7986329
6156334 -3638477
-885245 -8012015
-6995316 7639690
-2699404 -777373
-1072777 -8092390
-9018807 8162599
6636027 -4099809
6655310 -3884259
-2028471 2087421
8350956 2634177
5847130 5102629
-201478 -390499
-7636809 -8264345
-1886750 -3999198
-9469175 -6245985
-7368110 2128540
-3367123 6687159
4326850 1746645
3485625 -362439
-5938476 -8372554
2306398 -7587152
-1686961 -4957283
-6325190 -1057575
3546199 7484702
118879 -5837308
9265321 -5586493
4023008 8482362
-9781983 -8419805
-2419003 -1097448
-4827081 -9152380
-4507488 -1888178
7315334 -2195190
2067807 2125389
4279303 1642184
-4214018 -4446568
-2033720 8340827
5899896 8092380
9551158 -1204328
8796726 9574706
-6262602 3097357
27216 -1084395
9914319 5519071
7099266 -5949776
2952776 -9867663
3496309 7196615
7824790 8125696
8446858 8988821
-6369438 5140124
9298660 514665
6068098 7909865
6250692 -4915358
5693375 6550730
7862754 2150588
-5758353 5244533
-9141758 6659480
8091438 -9504603
6014469 885458
-2547966 8005757
654446 -4369913
5343055 2921163
1046859 -5849245
5655928 3167845
-9175679 -7989931
2524734 9286491
7196356 -9877019
7723975 -8890816
176267 -4036599
8113989 3417350
-8821765 -1960979
7214854 4871988
5367386 4552829
7954639 5306292
-4171599 -6101793
-471706 -4593326
8327837 6482848
3149955 -5128651
555546 -8108952
-6098883 -8677764
-9391273 1379867
1502848 -1057797
-7432260 321435
-1198812 -773176
5160526 2744007
-9216972 -3084822
4303518 -1144886
-6592057 7997882
-4179474 -329096
3569111 3878935
9285609 1648928
-1868224 5613758
3001459 7613446
2020846 3798083
5120319 -6442994
-2546775 -1561685
7380518 -1754602
8566834 8956074
-9300750 9948258
2692265 9884374
-3200448 -1623872
7231242 -4008354
6505880 3619423
-6709673 3155538
-2965527 -7673593
3975335 -624209
-5010451 8836434
6449880 -7892889
-1578454 7991008
4064366 -9012922
-574607 -6458134
1787264 -8482408
2990018 -3194089
9270522 -7129550
-7245175 -3794380
4581748 -5520861
470785 -7929271
5690152 -5670657
7484881 -3023334
-8180575 1496832
-9127377 7035706
5872140 5794760
418223 8378524
-1114116 -5161628
-4174550 8839769
-7618365 -7049749
6984195 -2232805
-2910542 -3314748
-7927946 -7509435
-1303815 -3640020
-6644528 7343231
1930313 -6722067
-2392724 -3657391
-4164373 -2379535
1633649 7608509
-2839433 -2344948
-6550188 -4977376
-6598852 -6967293
-9612569 3868035
-4775843 -5196615
-9730012 8729233
-3503572 -9877856
-3192604 7254183
9744748 3585887
2462219 -8604197
8739034 -1559067
-5764782 5817691
4676653 669347
806165 -5641153
-8032644 -9487720
-1832667 4956166
9978791 -8355724
-5323017 1617145
8001533 5896291
-9300324 7580767
6310000 -6774310
5864186 -9030336
8223847 -7193571
-1091332 5187935
6583738 484947
1442232 3887239
-7778717 -2160876
1024824 5677451
-9963702 6897936
7410216 4347341
-696493 4520006
6164282 -4422451
-288953 -717702
7694942 3357618
938385 -9771068
-6545378 8394618
1880635 9764737
-7428834 9318808
-2976905 104482
3105782 -6003814
7883426 -6393167
1445958 -5451986
2741817 -9895291
-481003 4987134
-665525 -4705533
9814474 -3070787
-4976885 8637982
-9563367 -1504892
4369078 4734162
-2520554 8131575
-957455 -4692537
-4927799 -6549580
5285580 -9076820
-6455985 -9840281
6672258 -7691324
-4084491 6649797
3714163 -2927964
-2823255 -122181
-5135047 -3544019
1750448 -787906
6141307 -3284220
-4646237 -5918726
-4907265 3680774
-9068712 8306748
6438323 9461813
7285629 -1589266
1861154 7997220
8920401 -7642170
5033901 -2853265
-544589 -7535584
1630565 -5777489
1294547 -2112728
281444 -4655272
-5682939 8471292
-9800262 5146397
4378530 6067510
2665136 6341046
-7461828 9732293
555393 7757871
7219685 -6530539
1880195 -3006284
-5009064 -2978334
-8104152 6257702
-6595563 6427689
8892105 6929749
-8847739 -4623800
3263472 522670
-1616249 2446808
-6565547 -6455084
1207666 2700812
-8715326 6150543
2491589 -4413804
7834841 -3533837
-5775966 -2453886
1015575 -1609766
-2099698 3960071
-9018263 5412122
1669824 -4592410
-8164720 -7122415
2323687 5074261
2966813 3243737
6282760 -4007700
955460 -3769714
-7708446 -5333489
-116325 -3093735
-6943191 -3984428
-5881880 1168350
7634513 -1935250
5610864 -8047039
-7140453 4374899
-9148677 9142791
4554914 759849
-1316208 4349412
-256650 -3775262
3815352 519072
-6237191 4583389
-9424311 -3217835
-4471197 -9954431
7228432 -5952499
-6529881 -9663290
-3647718 -2887892
796810 -3473072
-2891970 -7013245
-5060284 -1568677
5322574 5235247
4378038 -9684384
1075465 6173897
-6960338 -1067048
-2325957 2275609
-7205319 2783012
-2633599 -8510605
-9212088 9073843
1635764 -9541558
-5494057 8833068
9169778 -1135803
-1507343 -9507586
9535694 8038412
-8974833 9289467
-9762858 -3356275
-8121028 8481236
8796852 5559716
-5750034 -1226638
7706315 -7611331
4664279 -2710372
-9927360 7896710
9386105 -24688
-8434493 9955393
-9586165 -9825983
1523437 3201272
4581821 7436130
7928545 693215
-8752020 -6925522
4880297 7464239
6624316 -7726853
3270735 -2366209
5709859 1019640
9793003 2067587
-3027391 9959825
9765805 15670
-2087620 4153240
-5871448 2354797
2310190 9814837
2505206 -4305940
1411684 -4759623
-7323492 -5971356
-2761789 -4006495
-8415665 3121405
-6898004 -1513809
759339 -1019016
6614775 9726313
745953 6546426
-8869634 2324634
-5199188 -6944692
-4412670 -1897025
-7743785 7082969
-562233 -3983938
-4169101 8901119
7111531 4264309
2021039 8336106
4881102 -1476785
-2966928 4697547
-9664696 -7880687
605505 -8866241
-7368905 -6562700
-6836387 3881196
427622 9245870
-5913143 -3574081
-8002421 1557988
2177315 -1112331
-4029362 -2415090
3600972 -3050118
