533 -1994705 503762
702
63878 -6948489
-4142672 7520205
5329803 2456839
9732004 7222368
-3420481 -949261
508782 -6886084
-7233262 -3380472
-369976 9906127
-9477511 -4884444
-3255210 5225183
7928004 -1624051
-9531336 -9264010
-2489955 -4261073
4349390 -3611885
-3090237 3728098
6779609 7369505
-2593938 6973641
-569520 -7363063
2375657 -7264135
-5697044 -837516
-5207247 8955176
-4425296 -2671910
-2765783 -2440509
-4808601 -2278919
5462616 -9726941
-1350992 -5547458
-4811468 -4093028
1645900 -882327
-1977860 -4785071
8943027 8511642
-1602501 4931903
-5578104 -1761012
-6607723 5803562
1055779 -3631271
5531213 -1715714
-2760537 -2124912
-2280470 2840318
2916161 -4669481
-4432048 -2529900
-2256841 8107561
5076455 -8969432
-3062459 6392167
8026192 2781339
512621 1099793
-7872213 8564685
-3987060 -8028000
210989 -6958361
8845201 434837
6803566 -3880382
4403905 -7582668
292420 -5148869
207802 4159720
2006591 8011951
7998403 -6876037
-8768476 7574544
1121464 -4258438
4650081 -1175669
-8394329 575357
-8324850 -4807374
-6242689 2118292
4090292 6319290
9360929 -7713397
2721440 6817633
5453604 722482
3139814 -7958642
9408842 -142491
6533581 5948587
-3523110 -383356
2740607 -1459828
8631068 -5524707
216855 -3511516
5312815 -247467
2844242 -5133064
59562 -565162
-8446870 4519393
-6644965 -3666775
-1380171 -1840225
7493760 -7284036
3438446 3857621
-1584668 2947364
5321225 -3421740
5043199 -9659474
-42830 1854806
2911331 -8479911
-4004618 5214129
4218965 1542399
3811284 -1271411
-3888122 -7951867
1482971 -3344473
3691272 -1312208
5021018 -4447546
-3771419 7046307
9762271 6157199
14820 -6277659
-813942 -4282931
-5188319 8430152
8770678 -5492717
6362090 9854881
-8625030 -8755800
-1025318 -8210227
3332172 9886705
-1384706 -6806353
7758132 -2856543
-3684664 4727172
-6585035 -758896
-2690090 -9993392
-430733 952335
-2890466 3538491
-222816 -8152110
-2435041 7124354
-1929141 8963242
-6529474 2376640
2231521 9357889
3118442 2348968
4138741 -3877156
-3990451 -7906876
7803123 9987265
9647074 -2858805
-8131632 5561256
-5197640 -4037590
8485370 7799685
-1247980 -5371378
683465 -1945363
-97473 5861554
-4497740 2977001
1940244 -16162
-7639521 -3910529
-4552639 -2072878
2792442 -2891648
-4252452 8565803
3175279 -3068817
9434800 -5726551
1414645 978402
-3460342 9081875
7560637 -4200635
6115402 -6141630
-1513008 6046008
6616997 -5132578
3245328 1686809
-5336189 -3480475
-980285 1263940
7353412 -879593
7047529 1380194
1004899 5317125
-3600720 -7643677
-8196142 -731201
3542249 9574559
552961 -8761342
-9679467 -5043106
-6727389 -391028
3467342 7881171
-3556469 9388013
6771787 4470687
-3842504 -6939472
-7903595 17115
3797407 -6662341
2458066 1116121
5012667 -6332829
8984296 -7978053
-5621730 8533918
-2197282 7899928
-9161 8698480
9937139 -8655033
8818213 3060153
-7330875 -9742328
655195 -7909176
-8521163 -1347181
-6876494 7098726
-9840745 766976
3300443 -8202645
7651366 4772012
-4111867 -2902150
765022 109433
-5352268 -9099199
9434719 -7734330
-9834401 -8457645
-9759165 9753789
-8901244 156438
5732943 -9822026
2951999 9916969
4524145 8402068
-2945112 6123546
-4261375 -1480666
9286310 -7305254
-5507899 8414232
3186244 2586753
9684604 -7856532
-5230747 9074378
2491531 -7034022
7748000 -8066663
-6524308 -5557398
-5803608 429951
3102742 6232880
-1072794 7811500
7728470 -1164315
-2762246 4395557
519104 -5231033
3288302 -3191006
-496260 6257729
4671961 2574612
-4838634 3995842
-1344338 -9625443
1965287 7362322
2844652 -4058733
-2125396 -5543182
-8584227 592652
3538956 1350297
-2416823 8128517
5940017 -3358302
5477383 -973265
-6577707 -3815161
953807 5231489
-7959517 3941397
-7284522 6758461
-666927 1544224
8056418 -96209
278348 -2989209
-5626887 9228432
-4830301 -7756364
9216806 -265883
-9673230 3044303
6910952 3148931
1277448 -3617922
3023776 7010481
-3962783 9733818
8435009 -1498841
6249001 -540490
5917259 -8094832
8663629 8289484
-7649940 8632737
-8947120 -2003297
5007494 2922830
-5332386 -6152420
8607568 1896960
4147429 -162687
5397969 7824375
-6510342 -3009449
3372629 2308921
-680597 -2716541
-2982723 -3603595
-2586083 5356620
-5183870 7968638
9873807 -6337082
4468754 3249741
-5601170 8537436
9050491 -664833
4774349 -4548290
-700710 -3425662
987650 9441964
-8204371 -2093141
8247586 -4864921
2125631 7193598
-497480 -8262756
-979297 -4501740
-5588982 1338275
-3305105 -1445668
9039323 1824935
-1995795 -5972623
7277118 8913130
-33082 -7527041
-5675522 -8324052
9644010 -8466238
-9375548 9098828
1057144 -1056700
-633489 1612102
-736467 2852773
-7437276 -2385903
-8132306 3905516
9403777 -5418404
5919871 -6595251
-5524566 -6185205
-1843918 5131118
1674847 -6485243
4944239 6160287
8633246 -8531683
5660617 7427509
1477623 5474077
-2910743 5304627
6764279 2102075
6230529 8146401
-6484474 -3869209
-3738760 -4505937
9399579 8594602
-6823802 -9354714
-5949964 1319708
-2349145 1612421
9259891 -1474530
-5443421 5806937
1967224 934738
2403055 2017170
-555321 -6883177
8590900 -1936328
5884651 -9077697
-4459270 -4319843
6342910 2648931
1296074 -8228740
9781675 2374788
969391 73666
718953 1697606
-6982685 -3338059
8274363 4768989
5810811 -6815478
8991460 7534254
-9014655 2883742
-5099088 958684
-3408141 3388400
3968425 -3138057
-9699402 -4817241
-6620732 -7630572
5018359 -4158671
-9871059 9722178
-5386681 8830785
-1095548 2426968
-5875426 5582710
-7755349 2139757
-3091254 9658241
-7157236 3035366
-6914027 5235909
-1880349 4350576
7825612 -5928682
-23930 -4463085
2398858 -5582528
-399769 6460847
8830276 2699457
1057138 -4504148
7734382 -3635013
7712125 -6297569
6129399 -7652299
7930411 9132929
1272686 2770325
-5055081 2691415
8243133 697784
-4066307 -9695965
4654611 -8670894
7916776 -3430304
2106611 2480223
-585953 -9590801
-613602 7021821
-7762370 1530631
7026483 -9266974
-2901986 3294768
-486449 4760865
-375081 7326491
6459420 8159302
929628 -9928318
2763097 -2267894
946242 -1609101
-1305066 -6477417
-5148311 6879935
5965983 5865897
-9137528 5284818
-1789631 -1927406
7610767 276520
-8192849 7596767
8329794 9848398
-4340482 1349986
-3889149 7944160
-2212997 5173070
3332372 -1747878
-1676195 -5753577
-5505119 6778352
-4830749 -8913098
-5390515 5441123
-5162590 -3619463
-7753566 -8022473
-221303 -9196607
-8607661 -6891093
-4098221 7989066
-1897815 9003106
1367856 -9774718
1575268 8948331
-591157 7027375
-5283203 202471
8454594 7195846
-8557731 565521
-2656126 -3221601
-9618347 8453502
3894625 -4970523
1410015 7507491
9485018 8732035
2051780 -3827199
-8201940 -8219933
2285485 3444119
-5036422 -2300161
-9558527 -9612330
9336002 6331434
-4124839 2016741
-7780787 -8738803
8457044 591958
-8842520 3190159
9968558 9899313
8352816 -1498646
-3952817 2866563
374054 -5236207
6012181 7457198
-6370000 -7624576
-5844509 -1936039
4024433 -4571940
-4355748 6440976
-655001 8988011
5319445 -3914275
618819 -8802647
-7541450 -8805393
-5697083 2838032
8544543 -9084406
3331260 -4539603
-3521897 1029453
-6103984 1684076
-1035779 2525287
-7501163 4270071
-838153 -5023598
3040364 -3871163
-5926750 3317339
-7725333 -2935203
8569160 -7766146
-1680421 1619666
-4666629 -3595043
-9884084 8938398
-5707218 -2208078
-8776132 -5581166
-120769 5353677
-3616870 4555128
8755556 -1126313
-8601026 279147
7065570 -2280222
-4787468 -6102189
-7456999 8743769
2061108 8252896
7834045 9132603
-8633543 -3147872
988146 -1080443
5324515 -7797612
3657139 6321518
6629792 5440431
2375617 7949921
3303599 7853660
2408789 4771201
-6355112 2203081
-7517772 -6319303
1400475 7560214
3974377 2064150
807920 6613008
-2617744 -966270
-1833667 5385380
-7762492 7732654
-3347789 -7950858
-5748469 -4257993
-7936475 4493078
-7550138 7908670
-1625057 1209669
-936671 4825479
-403320 4194894
-3602024 3988470
7669168 3241568
-6681866 -8603444
-4022941 -8414005
715355 7292512
-3673758 6784979
-5313289 613964
-1653382 -2991072
-941930 9440572
-4817421 -2484819
-7991740 3309601
-6265377 9762456
972125 6974474
1799953 -5374081
8820813 2551806
-3459723 -8603366
-2845446 -4781211
9131698 -5790555
-4204560 472689
-9718447 -4891243
4410088 -972852
9641112 -3392205
3616723 9096799
1053723 -2012270
-1980737 5191146
-8982901 6236302
-1484890 -7456125
9518349 -5248277
-622358 9487235
2039042 1318303
-4768711 -9285193
8449949 1095671
5305116 2385843
5374884 7581647
-7309596 3616908
-7355944 5656437
4780585 7100492
-1286357 4801520
-7210750 -9086340
6104806 9767367
-1479979 -6675134
-4131259 7121906
4389981 7035132
-961281 -4612909
-778254 -6232377
6998782 3594113
-5310216 4453035
9355230 5448731
3030378 2511252
8644513 -2753533
5419256 -1762866
7853978 -8711431
6090090 -7283807
-6370146 -3432378
-3665011 1395692
-2763090 9734660
-627082 4855010
-5593506 3105652
1009095 -6237101
-9953126 3445214
-2960673 2747193
9716580 7045657
-4989260 -5754536
6756716 1588162
8834629 557471
8794605 5401229
-793849 -3229762
-513569 6648584
5732558 7812593
-8275363 3116285
-4632702 -7932453
-561091 -1038452
4583552 4740216
8503116 3845404
9806970 -4407353
856192 8549990
-1888001 -3153703
-6391887 572772
-7839066 3122740
-6319789 -9635170
-1717589 -9004436
-9717846 4991168
1639752 7488562
-2182493 -231415
-7115129 -2627690
-8043791 -457855
8503693 -9231479
5508737 1395119
7756875 3087245
1196244 -3471795
7594548 7563845
6926494 -7947564
2625208 -4293453
1345639 -9465392
-9100562 -2697506
-9185590 -2457798
-7466629 -818151
9186764 -8903436
865150 -3310525
4061786 -2995729
6546416 -3733627
-2965106 -1465653
2445818 -2433539
3170058 5059983
-8411811 202693
-9717110 -5633698
8935090 1699089
7405636 7209385
7743993 -5923350
1379145 -8732372
-1190170 1159783
2857984 2193555
3290120 1343201
8032677 -5438900
1565372 6671622
-7062005 -5389185
3145162 -9371860
-1805398 -7510759
65576 -4409019
-1689974 3881012
8247315 1653765
5869206 -1407083
8318654 -301243
3775408 3274843
-2941177 6062647
9738782 -4845447
7348108 5868653
9728207 2596766
7157867 -6845420
9826202 7760884
-7628301 -8760409
-8132269 5280549
7769790 -1966787
-3859454 -7421315
6459698 -2164633
2005484 -3033075
5559842 -2776635
6922122 -2125309
3665886 3878496
-7542505 697530
-1631565 -9275291
-890286 -7803723
-2690605 -4283456
-8612524 -1162079
9115157 6983614
8223205 -8786321
6494228 4003208
-7963578 2607289
5185974 -3219629
-2867910 -9306680
-2339755 -5837976
-6098259 1653926
9528617 5736439
-7868713 -9176136
-5962254 -4289145
8951916 -5411218
9301411 2406182
639078 -9422017
-584096 -3389193
-6405579 2026554
-4243415 -1468938
-7465730 4333979
-3058732 4767166
4063889 7087044
296717 4643594
1321971 -8804021
2849905 7956962
3693402 5223712
-1436072 -5105125
605730 5824689
2929824 -4881973
7524209 -7926001
-7348018 2231235
1358394 -9320361
-4777455 -5415762
3115300 -2530832
-8196853 979131
8262649 -1834077
7769319 -8739233
-1579287 2326538
3522517 -1933964
-3977001 9742684
-2517251 8888774
-6216351 2232753
-9426206 6046677
-8835296 -3094268
-8503917 -3980030
8251206 1205265
1884904 -5851935
-1267697 -7874048
-7888528 -376198
3119285 4363956
5046231 6430971
7691738 1381934
-6291528 2815550
-9118413 8628804
8371488 -252659
-8847533 9420938
1653691 8370589
4417267 7452469
6874553 -5256163
763808 -1901677
1819941 8370636
-7481299 -8468634
-6342682 6221197
-4155001 -6232644
647664 -4231209
4716114 8964284
346218 -4306105
8509446 2407853
1036657 -3428958
-1165265 9391033
1328323 -8075503
-9704913 -7496445
9956024 5498366
-9757797 -2771294
-2156619 6830577
-2282435 -6477637
-4946271 9663322
5884520 -7247382
-3480026 -8772600
9512543 -8270481
3210156 7167639
-7138466 4228657
9152862 6072726
-7356231 3887332
-4205283 -7294129
-5369631 -6005144
9014763 7123040
2621406 7441808
7186866 8970787
-1682284 -4620038
-1097675 -4969753
7209922 6035281
1304251 -3527593
-9783841 3094442
-2659687 7824226
-2491783 9728702
-3526289 -9449531
6623196 -7113897
6773436 -4373426
-1667555 1783317
5778173 -7431847
2207546 -4520834
5437326 4792937
-3719924 7345304
-7274734 2624192
170792 -2885855
5665778 -5856056
616351 -2619286
