265 4210283 2375354
373
-3238242 -7751306
-9321608 4307351
-5815176 -4831523
-8884271 -1585174
8830690 2763486
-5314529 -202453
5323611 6289756
3567545 -784397
-2785388 5992953
-5111528 -9268527
5575009 9950838
5743093 4671688
-9778310 -3993740
-2041764 -8756784
5453499 -8010586
-5761892 2849942
9673645 4731609
9900087 -5083499
3331327 -6141531
-861693 -8984184
-6670285 -5321631
3484478 -3659870
5555734 1169678
9678983 -2947977
-9700152 -7229654
5237536 -5432544
1755496 -1608790
4397470 980629
-5259802 -5506462
-3517047 4872058
-2278000 -9806303
-2558341 721061
-1846086 9911997
6286818 -2658254
-9126086 -8514758
8679963 -4574875
1765256 6719981
-2110340 -5319207
-5750831 9837342
-7392312 -2431357
-5347549 -5450983
2940227 361576
-8657795 6407948
3417838 9854049
4726107 -3917597
8792453 9900791
-6861795 4964459
4876456 8750464
-3907790 1292119
-4706287 -6320374
-895248 9482476
6202457 6490029
-8829178 3386360
3223702 6608469
-5822887 7936343
5001713 5831390
8709318 -8654084
270216 -9541708
-9687658 -9948477
8650279 -6311945
-6411154 -2445199
5035613 -40916
-1290452 -3272949
535523 -7571579
-3891952 -2681890
-3199414 5829236
2319265 5212800
-1400840 5519395
2127865 -3993560
-6057217 -8177138
170604 -1178670
167246 1460848
1919141 -1120078
-8552203 -9562537
6641870 -5252165
-5181012 2614428
5089864 -9769284
9474120 9854601
-7716977 6315764
-6366126 9643
8355231 -9092577
6120223 -7049188
8470208 674497
-802711 7235735
1574949 -6885575
-5547893 -4343576
7117273 -8254447
-6858173 4619353
-2426832 -8447234
8816953 7105976
-7763243 -5784962
6962107 -6364059
6006895 7326621
3642386 -1047421
1478574 806270
1713693 -207388
2743425 -166195
3024654 -2166084
7586003 1213633
-3155590 -7778057
-2121632 -839048
-6577143 1296517
8432222 7511993
9064759 9081036
6187012 -3994609
-7263219 7881712
4034005 940121
-1733257 2215240
-8832181 40900
-9152830 4425481
-5781907 -4837255
-2487097 -4922785
-4572517 6961518
-9308497 -9462443
5275853 -6986514
-5309210 -2464087
8832430 -6845779
-9333786 -1886353
-2805317 -218995
-1697252 2247325
-7354611 5898048
-3161831 -6444119
5771122 6679394
9236647 -2378736
-7953255 -544707
4618039 2600169
7677385 8781191
5742709 4647294
5184851 -6895132
8634707 -1049435
6486478 -7022944
8647629 -6674503
1439145 -2164739
7616266 1830195
-5922480 1150180
9564580 -4080986
-525105 -3277091
5918656 8919102
-3459634 7762369
-2782337 5155303
-9728176 -8896536
2401007 4352054
-8484300 7949209
3570430 -1856284
7094281 6700551
2193960 2205137
5530634 -3902888
3932373 841589
-7328215 9486131
636312 -5935009
-7499643 -3250695
-4011433 -7282756
-8363654 -5508396
4770326 -8092777
-421122 -9306935
4312881 4504341
-1143605 -7632946
-9683736 -3286112
4857604 372095
9588998 -3596954
8608183 -5531762
-6918298 -5700690
5140900 4138817
-3858699 -469573
3595418 7812685
7078342 6777613
2011209 -1387873
-4379917 -6933091
7490484 3647556
4340621 -9609591
4894750 9585714
-8047231 -8830146
-2116258 6267497
9155944 4785385
-8811569 5257698
9725936 1261295
5560605 9796614
-3548217 -7192362
2338065 701505
-1485810 2593084
-8112951 8449835
9578314 -4407467
-8824206 3898259
-2454185 -4801602
-4411193 8666279
8251993 4402788
5572642 2999910
-732593 2721114
-2493501 5972736
1230434 -1576648
2200999 -1305070
-1508456 956371
-3719639 -2238396
8463110 -2540320
2569116 1134779
-7899034 9493652
7602537 4456166
-1645575 -8320719
9394031 8778332
-39037 -1583408
5335732 7499190
499100 -9270692
3450423 -6575274
9397462 9766508
-9293788 -9043078
-7831795 627896
4100619 2907211
-9331185 -6823899
635781 2897333
6548464 1648277
-6341718 -6795102
177416 8649430
2845063 -8739181
2555503 1048193
9464785 2239094
-261715 -7483534
5762127 -2683131
-6742053 -9762615
2520245 -8271098
-7314176 -7344591
-4200343 -4257191
8650020 -5145971
-9453517 2416629
-4686038 1835188
5999817 1182264
-3096486 -8137574
-9488144 9658099
-9081081 7080930
-1870877 -4126728
8112366 3474422
-1492759 -9889740
9943481 -9632997
-9395611 6785720
8514622 -6798572
8373189 -4359014
1383796 3716798
8570828 -5827153
6589476 -7449832
-3098292 1633663
-7184073 4419790
6282216 -7098474
-7440375 -280558
9316724 -689576
5183696 5994896
-8014329 -2554152
-2443892 -4187585
-3820582 -6990736
9794984 -2500410
-6782630 9300159
-5058854 8309606
2026404 -8409440
8279759 -1158706
-6092186 -6886416
4747247 4869235
-8194623 809523
3711049 79527
2315321 8087593
9914369 -1212974
-5218077 1632045
9077893 5098066
3426833 9283946
-7706790 9150354
9166296 9606251
8906411 -7911806
2914152 -7616334
6490578 6363909
7721555 -5059444
-9429507 4770337
-7844076 -8370631
2438892 5317740
7913619 -6038699
-7951106 8666293
9969672 228940
-8139014 -8036736
-422318 -5248405
6551893 3455231
-4878063 -6995485
-7389234 8845103
3449649 -5711767
9188252 4033529
-7086210 -3636199
-6179291 -1804818
-7034480 -9364655
4781067 -5608798
2225295 -4878556
-917254 9736311
8402605 138914
-9632145 1131640
-4388744 8372277
5640224 -7771159
-1799576 -2294710
709805 2192117
-6446428 3322362
126947 -4163076
2386805 7003221
-6632978 -8168449
26734 5300596
-1547707 -2812269
1578934 2992254
630050 5749712
5486024 -6195771
-3540505 9712796
-6639211 3888629
-5222742 -3172650
-8427457 -1027955
-806312 2933834
-4874049 -227032
-6904670 9903493
8256769 -8804125
8199096 -4261371
-2429819 643575
8460523 -8433882
-8729799 113267
5621873 9429168
5178881 -4634513
-8313932 -3748077
-4035280 664905
7069886 -1854436
4972914 -674491
813906 4363496
-2702670 6545458
8834778 -9992406
2427440 -5060367
-3864492 4446460
-9814911 684209
3844136 -5665396
8417074 -9728378
-7098759 2304659
1733828 2203627
7569115 8523114
-5224962 9429061
93966 1771535
2433451 739758
2581619 9680204
4043700 9922718
6468176 5911877
-1564176 3857382
8797015 -2180694
-7734234 -9136736
-5936175 7448875
4299831 4967207
5238830 7907962
-7271027 2716905
7436884 8140071
6663186 4462801
-3591786 -2477649
9293887 3954576
7210686 6502180
-1301264 -5756310
-5833592 -7691343
8220534 -7257564
-883830 3150936
-9029758 -3343642
-9964026 -2086815
7878412 -6763992
8203216 6616152
4524114 2178243
7411500 -4041602
6614821 7253087
-5767759 4848385
-7629264 3278007
9748935 640455
9658988 4180975
8424666 6959621
9268278 -1642276
-6383487 5107426
-1741637 5165
-822125 -4750965
-4321427 -771395
-5019034 -8269798
8346354 -6443015
5735229 -6815818
-8341068 2870468
