88 -2252956 -5601577
242
1374077 2792902
-2232514 6164007
-6598676 4276594
1825628 7134791
9575289 -9869286
9146077 223413
-7417412 7448815
-4785786 -9598182
-5054084 2483633
-7300062 7094466
7620701 1752063
-2882816 -7187591
-2637365 -7480469
-9170213 4195757
-8057199 8614876
1407779 -4771790
-8607783 -4166769
-9890175 1691617
-8657240 7309893
7440608 1935453
4675219 3434401
883216 -896963
-7978793 -225841
-7742208 6097431
-4291751 -3032876
1235539 7474082
-9713509 -6671049
8364834 8352723
2548481 -9834521
8780355 9194621
-5577168 -2992366
-4642783 -7295514
-3087545 8331401
5641295 -4532958
-81152 -1744785
-8310384 -4401745
4701292 -5405933
4368226 -4910815
3702968 -761149
6205975 -857630
-3383547 9411217
5256520 9957867
8310590 9419296
9584775 -3862294
-4667672 -6624577
-7100590 881483
-3897679 -7728488
3119265 -1743373
-3759978 3014777
3786344 -1239440
-3124833 6158870
-9247063 5475961
3081498 4092811
-6668337 -2362485
6779885 -3215534
8712035 9537638
2011857 -6603662
5331987 -3515092
2622614 -7161200
-3785777 -2566886
830949 471294
-4740842 -8370015
-7597035 6933271
-7535600 8378424
9655336 -1357013
7318209 6250744
-5756943 -3469496
-9376685 587498
8225013 7324555
6625373 -6045022
6008969 5004898
917589 5337409
4338669 -1979174
859626 8765928
-3800958 -3038717
7432578 -409798
-6263461 -453656
-3520385 5208088
3586512 8655856
9815195 -8539633
7711111 3241849
9772353 7133404
-2279098 -8045831
1795076 2912020
-616649 -4054085
3467166 -1579550
6274211 7908672
-4070502 6901107
5667035 612880
90515 -694523
1412031 4382429
-6071227 -9960555
5247534 -2335078
-3679221 -7075260
-5614893 -1165954
4592247 -3864026
-6730621 -7903781
6566740 4364600
9792973 990281
-547451 -1638184
-701382 -823676
-2915004 -7080285
2337174 -4427171
-1297939 -4469154
-2647325 -1995791
-7613362 8792577
8832022 8764706
-3570371 -3684588
-759848 -3404092
5429955 -4733240
1402734 -3858388
-1762169 22202
6903155 4672113
8178747 7320923
-4317261 -787520
8388804 -9852352
5583715 -2502290
3070539 7990152
6037350 -2079111
5925098 4288953
3081530 -6609974
4671084 8311736
7143500 -5570096
1025813 3617065
8883825 8900005
-4958383 8972120
-1005678 286560
7475025 -4204200
-6883277 8413829
-2373691 -1829876
-1682228 -8684186
-1186476 8531465
-962031 -6098513
1822376 4400416
-1310631 -4924680
-9018302 -2252526
8575563 4287251
1233507 -1830866
4302552 -1764585
-2864580 -7740680
-8768560 3186377
5989289 -5306611
-6994459 -7257885
3672296 -4019333
4150791 -3877736
9954431 -8701394
9830071 -7531436
8886403 -1232045
5684723 -1131959
-3540287 708780
972606 -5625908
1177695 9957763
-9356751 -7935479
-7183711 -7588797
-5329477 4945801
-9351469 -7531939
-2838549 8418316
3676783 6637820
5134839 -7316656
-1194391 -2650921
-1352315 -714369
-5729453 -8723608
-7439301 -9005891
-7621498 5673302
8898434 8245423
5135867 -8645433
-8687670 -128959
-5548086 -3686437
-1275234 -8044421
-582267 9784555
-7747383 -4088359
6846309 66264
-3295916 -8069580
-5386236 523092
388524 -8161076
-6359093 -4064275
-2787883 1552561
2546670 -9572194
6101108 -227183
-1981760 -2558476
-1203909 4999543
7386936 5670459
-8015978 -7375227
7096705 4355202
4139758 708788
6620430 -3485562
6580702 6392375
8322795 3466739
6506184 5801138
156414 -7063441
-8611363 -3105292
8447269 3797321
4225127 -1399246
889923 -6489708
951816 326236
7842131 1424515
-2905025 2264260
4889033 5229067
-415731 -921003
2304138 -5497910
1016528 -6275973
2632754 -1075432
4907659 -9886418
5914721 955549
-3591539 -6069805
-6658745 -3928865
2384809 -2202902
-1085796 -8211475
7815169 9126288
-8031124 9804128
1228643 -1233015
-8968755 9811007
5040074 8323618
-2597384 -1563369
-4544927 7140696
3381075 9706754
-8852326 6471602
-898464 -3986170
-514269 -1428315
-4981767 -4983743
-6396255 5894192
6207642 -1640512
148013 -1495094
-2368806 -4878153
-5074025 -2036818
-753480 -399929
-588922 -1329030
-3005411 -7205883
-6252900 6967505
-3375447 -3086443
9136663 -797826
8190128 -9994372
-3980542 2800689
3888726 -2708336
-5175726 5505190
-6084266 8906959
-2733552 -9055629
-550723 -9876623
7761576 -69187
410348 7080471
-3319458 5203903
-6125127 2173220
