145 5952454 4699317
739
6113792 7828106
4547710 4635616
7731015 9612958
2239767 6041749
-9613910 4134440
-2451621 -254072
-7941293 4918040
6182057 -6564497
6337669 -2430691
-4891103 2937371
-9598514 7298621
-736179 879952
-2292577 2883082
8718036 -2636719
5832087 -4136487
-6308381 3417353
-9430679 1945879
-5924811 755682
-3202569 816688
-5048872 -1168692
1093589 9699874
4617914 -4984140
-1548637 -4331352
3237957 -6683677
6253694 7305384
4604006 8346854
-8256841 6655181
-461737 6384179
-6252540 -8033066
-2169553 -1743701
4190004 2095899
6558131 -5961581
4794101 -2724323
8092365 3149672
-8019019 -8408468
3807758 5559845
-9424295 -4409078
1259570 -1574327
1741996 -8456579
8848805 -5502473
5360734 -2004309
7167224 -4030837
-7646658 -379755
1587179 9221839
-2521862 8617154
713054 9417626
5972397 4184494
-8539829 9787537
2937209 766498
-5125617 9552536
-2371267 -2565458
3025464 1198493
9624166 -1795561
-7735788 6801386
-8701086 -6117485
-5605442 -8886983
-2917819 -824000
8796245 -8438218
-9216379 -564477
-9430970 -7100224
4833754 -9221889
4962605 1282084
-6414027 806152
4089002 6422776
-1508336 6523182
-6042275 1479737
-7321769 6120397
6841188 -500459
-3699072 4818749
8701264 9105400
2734770 -9883806
-707806 -6904178
-5342396 9816951
-8231174 -9395209
6020919 7957577
8735688 4854208
-3863708 854673
4177177 -3785355
-7362579 -277735
8761800 -1733820
2262269 -6354563
9765835 5235877
-5264582 -2543148
-7724398 -876625
-9254872 1036346
1152540 -9023134
-5927311 3479898
-4186799 2961086
-3917771 -8753355
1720575 -9901621
4952588 -7896852
-4525826 -7027385
-812739 3605232
5843850 9651351
-9566117 1824682
5470120 4605650
-158473 2696153
-9846995 -2247693
-607966 -2906703
8129644 -7571393
5921826 137162
-6382940 -8201464
-2724025 9994515
3757512 -8053387
-7955007 3358204
-2022295 -4521913
-1549297 6997581
602813 -4031769
-4380418 154316
4495350 -3553337
3568665 -3946534
1265971 -7518178
234129 -6589808
-6980158 1418976
-3636064 9626164
-7720322 -8850514
5464374 -7714238
4796629 -4103261
-9640296 -7259651
-1385094 -8929507
-3451419 -7595303
9402278 -891037
5077194 -2484364
186304 -7478556
-1031893 -9303224
9266594 -5318346
-2836523 5053125
979669 532565
4467894 -86042
-7943526 3999511
5148997 3348182
-1849704 -5663847
-7250756 613372
-4129927 -7053075
6533770 -6891052
-4486354 4484979
-6406058 5598703
-6885661 7432276
9953720 1187488
1884265 3300643
498650 -8561820
6491305 -6332789
4199777 7662127
-2423915 -2529026
-8529514 -8815977
4532205 -7851088
-3514935 -864165
2265559 -7317499
8145778 -765691
-5140391 8135633
-4863036 4679548
278252 373255
-9678116 -8752741
2434747 -4091057
1725939 -9724396
4230136 6835364
-9497424 -7775411
2403068 721441
708768 4702353
-1597272 2495505
4644417 2179254
3831441 -7065067
8133786 -8870518
-7119857 -3902999
6748986 -1204084
5991816 -2260247
629360 -8114050
5649561 -3729932
-5304636 -6532404
6259553 -1915691
-5080327 -1062345
1162244 489689
3727483 -4577751
2640954 6081664
-1422831 -5563749
-868143 -8956318
6494967 -6778413
6867421 -7036702
-8423349 -2854895
5941021 9747565
-9996330 8325637
2727940 1932838
719258 -6850618
-3383021 -1622499
6461810 5414622
-5647723 -7123468
3366221 3897836
1836437 -1969127
6628889 9610056
-5953693 -5522608
8037426 -4793941
-9056002 3178164
-1342185 -2951254
4193851 7811419
75336 234466
-8923544 -7348775
4584063 79006
3228389 3804396
-7818103 7819673
-4249352 2361720
5238252 1160060
-4942104 102925
650151 -8879175
-9269118 -589315
3888077 -2720960
-4998549 7293541
-7011942 -5558144
1490602 -4054551
-6243131 1645873
4396691 8200805
-9147970 3832205
6427564 -2010501
-8206105 -2047555
-4227881 -344047
4534025 6492145
-2347795 1522767
4142044 -7711371
5925806 -4773547
4637138 7308547
-5412412 -826960
-3533418 -8958432
7999776 -7894609
-1949159 -545360
3616865 -7993270
-9792465 1807710
8156267 -9470092
-1480592 -8940434
-8471637 4583831
6756136 313303
9321800 -2699518
1339601 1290161
3578790 -3025995
-5283190 -4518354
-7209807 -7979051
1193989 1870301
-4571779 9894133
-8000475 7660571
9631563 -6572003
-4565273 -7433282
4374428 3248428
-3705311 8158614
1734532 2530695
-2885473 4814097
7643752 3262896
-9436622 -6129337
-2322823 6965553
6455910 -5580668
-99022 3772319
5793268 -8827279
-4440626 -4792477
7618009 -3012742
-5352171 987595
-3068056 2133886
4700604 6795745
44173 -5116977
-6958363 -924968
4122079 6338862
-6330689 -2707478
-9444582 3752958
139974 -8686936
8278617 3635148
8054480 7817151
1589470 -2749121
-9060048 -9528190
8195686 9899091
-3113651 -3500674
3273 5813695
-2052419 -5949470
-9153725 -548431
4334592 -7351815
-5760431 -6593199
2262015 -107418
7185104 878000
7147311 5931327
-239257 256874
-6107978 -2712715
7620788 -9444288
-2193409 4462855
4934665 -8273390
-8374299 -1253456
5245870 3130351
-8539602 -8971598
-4921067 7765496
-2782935 -8075669
7088868 -4074792
-8151639 4068010
6476944 -8671563
-5277210 4110377
41704 -3821600
6435274 -8129899
-8326262 9802447
-9641841 2843648
-2693497 9294526
3537488 -9318898
-572354 4757521
-9595776 5163190
-1292056 7189869
-2528283 -8135377
-6211046 3786877
2228438 4688782
-8726856 -9122177
4722612 4076799
-9296472 7750088
6444840 1961754
-3651793 745232
-6935969 2880114
8240115 -1978055
9832823 5938542
-864003 -4453382
2820491 -4113336
3566206 8563643
-1730136 -4258932
-2394309 -7725850
6061028 5741581
-7053284 -6089003
7305172 -9194182
-2601031 -5780140
4486301 -5455863
-977757 -1897502
1364082 931141
6327608 5370451
5908748 -3055534
5399360 4567723
2630693 -1742076
4144588 -5464643
5615353 -4548815
1192253 -2289206
-15056 -6114783
2143151 1314296
-2258355 8562324
9368142 5089867
1826079 7563170
4623659 9283464
-2614038 -3687620
-240126 -6354098
9016353 1266396
8210862 -3912518
-9344795 -2558546
5699378 -3873425
661932 3285898
1253435 -156034
7554760 8793637
-7321145 4962040
8792688 -2460296
8618381 4822006
-7571775 -3465666
6613856 7986523
-213661 4254304
-9433315 1237515
4883417 7172301
-9044950 326559
-1069607 -3583877
3857577 1682264
7808839 -414402
5387848 -443045
1917273 -9012876
9780761 -3358716
4119676 -527967
-471911 4975968
-7685674 2912365
9446699 -1853530
8649346 -5257449
8996856 6060555
9814422 -1564315
8124339 9563541
-7593548 4697839
-8886038 9079389
-6721995 1336845
3438795 -2512109
7044846 3603197
4590321 -1173357
-2015721 -1037881
950504 -3112566
4379755 -7896044
5016321 -9521406
-8858584 6694081
-8563367 -3020628
5556279 9790762
-9257200 -9566511
2513382 5370701
-7415108 8867139
462880 -2563814
1289383 -6301145
1186746 3740885
9860434 7244530
-3928827 -9252055
-7773584 -3032893
3854542 -3428195
-1324239 3176921
-3828133 -9249351
7444730 6208434
5704158 -2686717
9620398 1397715
-5652444 1260437
9147490 -9636802
9230337 -622710
6813476 -8267618
7947589 -7790431
-1533194 -9380789
7863741 -865664
-7601367 -1672759
5294348 6451267
-6976928 -5374951
7801970 -8334758
-7584109 -5784815
-9576381 6490189
-6196527 2376974
-6225311 6127777
9904566 5940223
6303421 -1877754
7499536 9052056
3300790 -1949890
-7223969 -3170635
9964928 1248380
2899068 1242837
9570078 345022
-3203711 5297701
9922750 -2619221
-953979 -7664287
-3449102 241073
-3268738 -6021735
6355239 9490869
-1865002 -6948913
8991310 -9870072
-9231474 -1960436
9607972 5294731
5861193 784415
130132 -4574886
6673494 8637224
-119938 95060
-9559918 -427438
-5129737 -8033508
-652729 -2763629
-427916 7309366
-2449561 909645
-2595738 -1360666
-1869797 4281701
-150859 -6240499
6405781 6265201
6821117 -1159549
6651535 -309340
-9524925 -1054559
4370556 2512728
1149953 605207
-9299733 -6439598
3132965 3546367
-1970789 3656702
3409425 519580
-9654702 -107165
-9197520 5497862
-5862804 -2104263
4693791 -9276906
-5517405 -5216248
-8951047 -5457068
-4100265 3404728
-6904612 386423
1848216 -7448730
-2419649 -6429537
-3307978 -3781228
-7704473 8730304
-5206977 -2607710
3565344 -2055156
980776 2822234
-7284931 -3025231
-7527369 1326075
9221812 6033901
6756995 9126180
-6090068 -3568045
-6508761 3755942
-2839329 7475237
-9621988 -609025
-5541403 256059
-3657125 2226229
961353 2038948
-6714396 3034897
2943539 3256880
3718076 -1921373
3417214 -3491117
-3999995 -5301147
6024928 -1351365
-5317463 -9011012
2631520 -2236908
-3288600 3955884
-2288173 6541452
-3466958 202639
2109966 -2611150
161261 -3088946
1653635 6568564
-8876136 6504136
-7944614 -7385011
-1611779 -5590531
-4995552 4998925
4024161 -7893702
9321503 8421662
-2929702 2540518
3529506 5346431
5625875 -5730813
8225071 -3838973
5218831 -7662725
2539915 -4063102
-4157900 4268225
-8820720 7166233
3734797 6003362
2507498 -4650733
-9519392 4858662
1784483 -2920764
4594514 -1131170
-6508520 6788931
5210594 -1381325
3675545 -7187017
675766 4797244
9066431 9721403
-4117570 -3698359
-1361083 -192146
-1738895 3617614
-2114161 3695184
861417 4103205
106567 -8418529
-3069261 7112567
-5512419 5130418
-7790346 -2588653
-1203471 6272064
-4422653 6804168
7939195 -5195639
-2382656 3304293
-1898463 -5868908
-6147504 809462
7111104 9684320
-507825 -7748722
5868892 8266373
-5522091 7753280
1856485 6271084
7852555 -2144322
7484597 -8036947
-390177 7299646
-5289006 -8027822
760594 1819477
-8860002 -3976125
828237 6337942
-357765 1595545
5726638 961933
-8228604 260125
-55555 9579134
4346764 1398852
-7818423 9436620
-293748 215657
-3513259 -3340514
-2968484 -8437262
6042143 6855648
4155295 -5483886
9004644 -4348034
-12205 1382641
-77132 -234761
8619533 -6355855
-2243957 -9248895
1713039 -9221880
-6445403 -6517319
5578167 -3999213
-84009 3499043
-4547985 -75069
2656940 2097568
1273406 5158268
-762642 1660033
-1484318 8304922
-7178964 7795853
5964171 5187329
9086322 -8174319
-5892728 -4048034
-7887536 -990810
-239704 5243157
6021277 -131493
3351188 3989687
2506826 2092227
-4408730 -8554293
-6113010 -7577183
-2963263 -6440363
1234257 6543931
-1796036 8310143
6615065 2987967
783820 -764002
-5576673 9436102
3778135 -3252009
-4783690 -6490351
-4964808 7885407
3128564 -2671226
7197281 4795488
-8698473 -8333807
3758420 -6935179
7026880 3808353
-1252478 1866042
-2057968 -9086130
-25847 5784259
4094402 9176289
2164257 694470
9930468 -6774181
-7338079 5464429
-7787579 6870148
2896149 -1043592
-3158185 -2571269
-2726143 7931341
-4756819 2486731
-3330723 6987490
-9947689 -3455292
2869413 -9572303
-5189908 -404457
509413 4133287
-82454 2752124
-5555235 2999919
-6305611 6528300
9754120 6609022
2073452 -6375143
3011357 4932393
-6111198 -3197775
-3252692 -4092493
-6161152 -6753031
5733701 -3462483
-6474993 -8401618
-1856910 -7597022
5347027 6093670
-4310787 3528856
-2337857 -9842881
-4574405 -1285022
-8285103 96042
-3375658 -129639
8995735 -4590714
-8449504 -3621538
3827208 1069187
387764 4561853
-9530640 7716010
-9037021 -348576
6188941 6824561
8422943 -786968
1616010 9713948
5807618 9082385
2611241 9479390
2152861 -8503169
-7271838 2789737
-7114221 7578457
-2551182 -5556941
-7631302 -489879
-1595064 -3555447
30093 -6080806
8481047 -7767856
2464506 2934209
-7414366 8950408
-1708679 3427485
5156870 8774575
8488524 -3285736
8313001 9289232
8768622 -3187506
-9174322 924243
-6286020 921484
-8983707 -6446160
-9486749 9116111
-8857416 -9018537
9942368 -7118051
-3198857 -452480
-5703984 -7511187
5423023 -4717809
6748951 6760522
-7295640 525009
-700416 -4959728
-5729112 377582
-333186 -9695540
9633307 -7416111
-3975516 -1564563
1873273 -9541015
6529177 -7745184
-8629073 2889566
-3612619 7042428
2440730 -7486488
-5422616 -3670251
-1181437 9241873
7040416 -1126599
8150275 6757938
-2717053 -3694281
-6137657 3370987
-6251431 -901117
-8080304 -1866769
-6766527 -4068264
4367173 -8446997
4528340 -8225691
-5970874 8756798
-5837284 1057517
-9383703 -4599947
-9570083 550097
6879846 3057027
-5184747 -4992698
-3602945 8214761
-2510949 4372021
-9322259 7063682
-7048978 4771998
-6129118 -5459916
-4810332 9215943
-4852321 -4209422
9859933 -1576859
197450 9514852
788002 4388273
7962142 -3257072
-5340666 4950718
-4499185 8578439
-5848181 -4910749
-7387095 4897014
-4371873 -8516576
5855445 -8473688
1106347 3117179
-9594471 -950462
3589623 4057369
-4210336 6792763
5099693 1295643
2235136 937344
-7031452 4959626
-652101 -7567414
-8308133 3756551
-1292731 -2689959
8404833 -3648799
-6043196 -3275563
4137803 5073004
6556428 9086062
3128726 2282282
-4600539 -5071775
3977764 -5764927
808794 8321343
5114106 -2432613
8863030 6598459
-2464197 213800
-4826574 1098166
-3952896 -6979297
6777254 -2962322
-3135929 -9744677
9122876 8000876
7241665 -4731096
2858260 -6920319
4682095 1379468
6178102 -585312
4342914 -9672827
-5437753 -8422436
2415259 -9162970
-1595583 -2112607
