558 -1445192 -7511155
585
6570116 -3069906
211099 -7504573
3899110 3076494
-7638645 -2043928
9893880 -7854990
6159169 -6670838
8292862 9088423
-4413274 -6717533
2289210 -5967504
9396998 9815247
8444397 -5361411
-2917992 4472143
-5340508 7573450
-7441592 -2797855
-1726694 1028428
474874 7563606
-9940967 7359774
436268 3202326
3674750 -3525505
-8864142 2797624
-1356862 -3915018
-4826595 7295027
3093846 -3064000
-6515151 -6723516
5608083 7899408
-7462002 5398199
-129658 4052480
1625930 -7863642
-8145145 -2953814
590966 -3299309
6780649 -7355487
-9995713 3582192
9300870 -643966
-1653119 -7043092
5754532 -4508027
1576955 -517261
-3222234 6914022
-6149977 -733287
2543197 2387964
287373 9851224
5249423 -1848720
-7796240 -4658277
9994433 7636117
7198655 -3653958
-4436915 -8150712
7010154 -2210379
3888165 -7656266
1699768 7014441
9971349 3189036
8681009 -9953350
-7954259 -1757767
7672608 -7225684
2041029 -8660140
3727824 -8477369
3890207 -5415774
-4748142 -5984803
-643080 -8344018
9292099 9971970
-3681987 -648647
-6283006 -992894
6796727 1881098
-3258815 -9272852
257941 -6798756
6390280 957305
-6479693 -7254357
-6495772 -2412359
361958 -4433951
-3094091 -8823164
5215819 4919339
2019918 -9366267
-5351069 -893974
762008 7271776
7243747 -3477797
-1610091 -7429541
1577565 6078112
-9524438 2106903
-4649597 -9109356
-5908111 9733099
690405 5608344
8353987 2998521
3102515 4210712
2293113 -8141784
-6964948 -6535527
900164 9199022
2349108 8250872
9873250 -7079918
-9808141 -485609
6036594 635259
-4277930 -48042
8546422 -5573497
-950242 -184012
-6777016 9021984
8755084 4400161
8506 9831225
2829747 -8038159
6172553 -9121155
5253413 8448614
-8086913 -1534333
-9818959 804818
-944310 -4670397
-1750314 2530149
-7955460 -8554708
-5403097 -9042103
-6573793 8081135
5023990 318974
2651314 -8027371
3510965 -5926251
990262 5874298
5705524 2266049
4227890 3515120
4393966 -1464729
-3016115 -7083204
-6101185 -352621
-9547803 -8586676
-3257073 -5920144
-873642 -7975761
-6530468 -2491035
-1533138 1170898
-8231615 -9417213
901761 1893069
-3617950 -691272
-4101171 -6446925
1943726 9893016
-5324583 6889091
404212 -2350750
-1299127 8903308
4336456 -5201822
-3038091 -1798890
-7869214 8235271
4831479 9930459
-8045302 -8609935
-1100969 -6042163
-2354912 7940582
8523370 -117755
4291667 -586527
8722201 -8058517
8010911 -9326283
-9433267 -5378970
4026474 -45363
7603887 -4757849
6661811 -5569314
-8254784 8821112
-2977778 -6485381
-8250110 -1292875
-1362416 -846992
543073 -902279
-4428089 -6891365
3565569 1958456
-8159298 3216999
5146824 -5394709
9063127 6132369
-677562 -3614622
-6477240 7074038
9545027 -7594476
-9835973 7549234
4496272 -334734
-1513622 -657810
2856809 6241488
7464966 5508600
-5338392 -2876949
6220772 -3897450
-8272463 -2278967
9679490 4309035
-2473966 -2190541
-5068898 4036544
168913 5189211
-8425411 -6005771
-8931733 2007703
-3070421 -4902651
5162936 3129646
-7205088 -2906394
6435796 -340792
-4099303 1281290
9306242 -8191043
-1067992 -6634337
-8015435 6484202
-5794764 7669133
1978168 6228455
6554266 6401078
437622 2020555
-2790234 -8514632
-4520402 3122887
-4869410 -8699293
-3601944 9064217
2193864 2060170
1670128 4077344
6252905 -2494872
8786419 -9377723
-7568766 -7846398
8035617 8092661
4576864 -6120405
4065080 2536534
-8718659 1298452
-2300470 -3956752
580155 351959
1837328 8137152
1260039 306273
1606980 7316926
-1102505 -1093019
-9032849 521389
-5401267 -8908641
-1403512 2637280
-4224091 -9148362
5521592 9899259
508272 -1792857
-5396910 -3926439
1126448 7601488
-1100060 8668170
7227771 -5075859
5276101 -884178
9769326 -2192074
630552 -2886571
6946707 1029365
9936347 -7762468
2758921 -4155798
9451914 3419850
8573482 -125993
-6758003 -9435246
2980365 -5650609
-4927113 8763590
7353503 -6511363
3606478 -324023
-1655852 -9003697
-4079555 -7493582
-5861407 8088271
8412549 -8803454
-9173673 -6092081
-2546363 -956899
1280634 7773034
6133588 -2610016
3326186 6555907
-3570086 -1898146
-1333392 1899669
-1234588 -328088
-9048146 -8353027
7651963 -3645349
6030629 821709
1818013 1258441
-3718789 6891129
4979400 7738458
1451356 419804
-3155924 3391949
-7564949 2277683
-7432931 4297713
-8312303 -3767963
-7212056 8700657
-3197488 -2469765
1946256 -782141
1406123 -2014528
-7851202 -9288331
9582672 -5125671
5696038 9800761
-6424446 5613301
-4979218 -2485949
7768861 -143235
2792922 2516534
-4091516 -779783
4014252 9636998
3934711 -9140113
9608276 6581321
5281979 -1861240
-1814653 -7603780
-5869569 4600843
5102667 -9868396
3359625 -1947094
2927235 7251465
-431422 2942297
-8928049 -1376726
-1346323 3144132
5517250 -3907267
8609268 -3577461
-1840892 -1689828
-9536478 7034104
410343 -7826639
8754682 -3085415
-2430303 18619
-5068809 -3446987
3670208 5755044
5886648 -938377
7114529 -1227124
8540693 -753727
4704923 41765
1181391 -1890728
3769756 5776874
4385959 2351420
1290311 -712994
113530 -4488421
-7454317 9449420
4139133 -6906596
7989 -4527622
-1992651 2893815
1963181 7577686
3332731 2938541
4516516 -4366611
-3077383 -8264269
982005 -5852603
-3294486 -4536689
3572583 8203280
3980154 7886905
-7245322 9858691
-854302 -1633887
3877693 4044989
-3989239 1775580
4868985 -1060272
-3071541 -9850106
-4439938 7393326
4971013 4935808
-9609299 7523243
5672984 -9179904
-7444173 4907217
9054615 -7404398
-9424735 -3945816
-5742536 -4239871
6163387 4147848
4006539 753970
9120084 8918065
-4520594 5668589
9960522 -4485871
4453857 1490168
1640062 4829507
-5260815 3898668
-1165523 -283524
-2760281 2226550
3046646 -774822
6648748 5429056
541010 -1881174
4173010 5703363
3979844 1116275
7780475 8430475
-815555 -7340417
4094000 1787014
9971956 -9179119
8851362 9573407
1063575 9932478
-2721663 3305220
9720240 5219989
-5063534 2017522
6760425 -1445283
296248 -5307463
2637945 -192929
7925897 -3055004
5164711 -6821045
4295230 -5384740
5562087 -8339093
-5679509 2075705
6379072 -5253468
8083766 930843
504250 -1132620
-8683790 6935128
-7243300 4084177
-8179481 -1405453
3128421 -7523059
-6451990 9273337
-6034126 -111154
2212270 3844258
3305606 6603820
2299127 -7345481
-2730221 -1529683
131225 -3405642
1186415 -7168134
-9905249 -3031932
415263 -2434513
6432867 8178517
-2370003 -9080486
-2479957 265429
8859976 386698
-4620009 -8143086
-8869749 -5495250
-3090052 -1071999
5288612 7612478
-3267350 1638570
4293090 -1405782
7064536 9031777
8142487 -8437131
-5605264 9712113
9196533 -671097
-589258 7005839
5184356 -388204
-6952338 8359962
-1374609 5330705
8233755 -6915942
-5059028 -9998280
-5493530 -6386254
-4941900 8587576
-1283594 -6067230
5571341 -9653288
-8542718 -2034592
9513537 -135569
-6056348 1038170
750283 7656025
9501280 -1661612
-4655773 -7536832
2074965 -8571626
9788336 3044935
-1624359 5122627
723037 -1586272
-9068200 9125748
-7260505 -1819638
-3232062 7954622
-8112608 -9686053
3177011 -1999304
-1517544 -24915
9839516 4634293
8188816 -2004007
8168370 -6216831
-5362091 -1060901
-6081380 7669650
1614377 -7501511
-1940224 5993585
-6367436 1402713
2332793 -1048231
-1922482 4355602
-7464036 3264593
1219215 -6666635
-6352688 -8179746
-7662698 -4377040
5598045 -659325
6491320 819758
8815751 -2046086
-5746565 4680136
6135588 -499526
9686476 -1108656
-6093815 -9945792
-1435855 1300853
-7296433 1965962
-9082269 2196709
9068663 -2447288
3333658 -1004751
2328614 4120979
5941233 7069225
-7307815 -1507722
349305 794887
-8385355 806583
8760497 -3159374
4037114 2946749
-7552777 5530284
6937980 172702
226910 -7866301
3434553 -9155834
2810128 8791055
-6495883 -1345528
6207184 -3755789
5239461 -7427220
6693760 -7942806
9126420 -9915573
-8906942 -4848655
5946233 4334957
-4858460 1442363
799341 77230
-6976021 6418389
-5534975 -5163544
5009158 7987554
-9878746 -8596994
-7752828 7752421
-940172 -3927841
4726631 -2426348
3817863 2563945
-2346922 -6549833
-4492638 -8426324
4174456 6863190
-7985465 7150134
1485091 5267514
9226229 477120
-9445649 -857016
-4438627 25571
4862027 6094682
4082237 -7457249
-6054243 -7612463
-9860042 -3280157
2792002 -3807071
3766581 -800213
4280084 -2481367
-6514848 -9899204
4190825 -8066838
8796352 -1007486
-3857352 -1634719
6149147 3327240
-6195640 144092
9287076 5375376
7917299 6875063
-4513902 7364801
9907552 2779326
5166864 2084687
8804530 -6146691
-7437410 -2176826
-460687 1596532
1631517 -1154477
-1053680 -6180602
8268912 5116669
6625536 -6862855
1502426 7065265
-7091143 5284536
-4571372 -9832075
5543301 9229569
-1379015 -5284296
-7919494 3460601
8756279 4107083
8708122 4504410
8357720 -3560505
4262670 7512652
-8374464 -9079690
-234166 -6198017
-9862267 3257053
-9109926 1228506
4365651 8406646
-2011737 7515610
-4683501 8384429
8552354 897120
126689 745127
-2022816 -3387993
-9927392 8747674
-4628891 -7425958
7078452 1345240
7784735 -5920769
4108235 5436172
-1127165 2047405
-1634259 5733771
-8492824 1155021
-7616473 -1496526
9426472 -7602749
2429213 -734470
-9833689 -2585265
828207 7745712
-1509160 1235017
7847024 3471249
2218923 6468024
9042066 435985
-8218775 106385
-3298032 -1363130
6589395 9565960
-5870282 -9189796
-939673 -4537770
-866397 2495459
3515285 -6916144
-4518893 -5966518
-4184636 -4541890
2872845 426672
-1827615 8498027
-266956 6217405
-311346 -820423
8163953 -9903580
532405 -8092423
-5469686 -277629
8359241 -5170018
6912295 -6251365
7075191 4948636
2927218 -8957987
-3946176 -3864482
-780626 4577173
8610655 2085461
7543571 -2783167
7643506 6942371
5440398 -7067231
9150174 8332243
-2488180 -4826558
7786215 -1161172
-6737243 -4324227
5398144 -9165028
-4335045 -9690576
-5941941 -3726263
-8777626 -7422750
6135615 -8866750
9785120 -3334056
-8756882 4705791
9307604 -8479153
-8745968 2370125
-687503 -632472
2300297 1413890
-253867 -5247105
-7557310 -6033177
-4677997 7257953
5450078 -9771095
3580229 -1415240
-1105816 -6635426
-361688 9245184
4338786 -4531405
9118197 -6622962
42982 -7009247
212896 1419670
-4543131 -6197548
6172578 -479499
8888029 -3289099
8124792 8001427
5270674 -6295322
-2328499 -2129075
