18 3423462 -1508233
387
-8950137 4211289
-5731693 -5772132
-8329397 -3349765
-83750 -9427009
9027914 -1282758
7991062 -5348952
-7693874 -5181314
3899256 -8572687
-3090085 -9579385
-3289440 -6257655
-2356932 -2200431
-8590350 8667087
-7141354 -8250870
-6458179 -8526816
-2587002 2745384
-3043326 -5450060
-1222192 -1537139
-2370552 1224981
-5685675 -7035236
1682006 7545698
4713098 -6657761
-9322722 -326932
-6383267 -464424
-43809 4576534
8318879 526648
8326218 6666751
-2149809 8478299
-9772570 9735868
3725404 708837
5970573 6285603
-9164457 -8861598
-398737 -7072753
-3331419 -7870296
-4905532 -252937
-2707239 982906
-3158503 -707174
8965894 4522212
-5942212 -9964873
4611661 5098980
-4374372 -3469668
5713435 -4553108
6441544 -6048154
6204067 -6436374
-3211185 6668974
-4529071 -70529
1067874 -7240611
8202988 8822824
-9047472 3185489
-7067447 7387921
-1629173 8563348
-2143826 -7258334
7263878 -2271323
-2236196 9338421
4437401 -8678333
-9631649 4891818
2855062 2579381
6531228 6081786
9645413 -703394
8481932 2735295
5181118 8950580
4226321 -6047139
-7224314 -3751008
1950834 2429310
-182769 6244566
-2675733 4883387
7625053 704411
949440 5180441
-2964786 -2594716
-8756697 1229596
8637766 3988967
-3431651 -8388346
7693440 1492829
3305787 -6900423
-1648776 -144795
-1194214 1787720
-1743067 -6467658
-7702313 -6967893
-2022231 -6451029
2309890 4248521
-868092 311353
-8984236 9634157
4814598 9273313
-3321403 -5518444
5711152 4366165
-1644868 -9561748
-7950094 -3134729
874452 4923481
539410 9743347
-401448 -5819761
-1515689 1406986
4939329 920690
3952798 -742403
2806568 -246632
-5998111 4446919
-5241728 -4883542
-5249385 -4349851
7439814 8290388
-7228056 2081566
-3552269 6634764
7073016 999449
7864720 -2680785
4759049 9122923
1382622 -1260828
-4564237 -4701541
6705446 3497526
-5581783 3920075
-6822328 -5838873
-3569153 887367
-4665714 -1499408
-3866597 432736
-1400763 92559
-1617053 884018
5481936 8555403
5190167 1154892
4670693 4446019
4281587 -5220464
6418811 -4948235
-3692711 -959364
4339095 -2198567
-8701041 1743052
8179479 -6439107
-2277980 -4282824
6604543 -8642849
-7625904 -3330781
7101955 -8061170
2031389 -1492501
1907869 8217544
-710700 2930688
6601932 -2610194
4352177 -5520533
-8224645 1272625
6324390 -1366236
7674400 8194166
-4004401 5148031
-3108916 2013496
-1909259 9810911
-4471913 -4929437
8944067 -1670886
4998333 4648983
-895835 -8681837
-7657986 -5383359
-7165815 3651906
-3417406 4249883
4156041 2123485
-880695 -6815473
-3026496 -1491781
7141983 894660
-911173 5814247
962278 -2667264
1862584 -2399222
-2588311 7853362
5440278 9953325
-1717561 -4543871
-9894888 -3099303
-1781140 -6719227
-2102586 -790723
5377535 560874
7327109 -6752049
-2112211 -8039871
7661008 1483151
9991370 -476554
-9581894 -5365487
-9551240 -350295
6982441 -7976715
-375936 -6072610
4297105 -1154975
-8685297 -447895
5008234 -262617
6638080 -402858
-4605733 -2370302
-644673 7373292
-9549482 -4191967
-8427663 -5267138
-3307008 7777627
-8222870 -539874
8983572 6870352
-8495135 -8231500
-6065442 1918030
-3542332 4469977
913720 -9083001
-7721623 -1401916
8150189 -4789175
4948208 -6406920
-4293426 -4325224
3304474 -5897360
3992284 -6382806
-574773 -7340198
-2607336 -3040846
7253133 997564
-9542310 -3397992
-6527639 9030264
3315116 1957614
6391997 7493578
-5520092 7249674
683026 -7150335
1447749 5393628
-9395547 -4522245
-8412813 -7885710
-2210934 -1930987
-5311995 9810113
-6572693 -8906459
-6246657 8680289
8155795 2852535
6366451 1146007
264368 5408928
-3044456 -659506
-8701892 3736729
-6253341 -9729339
36687 206457
3056122 -1773433
-6379805 3236065
8713820 7020223
9134514 6741000
7326365 2817359
2627473 -3076420
-9466527 -7985630
3211011 6054780
-8576333 -5713184
-2050824 -6116842
9292087 7790119
-2869387 8213544
-5533375 -3752369
9034644 -9054927
1151531 -1786716
-1043796 -928668
-7692603 -5792347
-8772123 -4907249
-8166248 3537570
-3645071 2878743
2318675 9160117
3690840 8982402
5037183 2852149
7138965 9418203
-6698638 6460850
4250969 7604493
5818037 5109801
-8642568 3897934
4843008 2801014
-8985701 -9607923
-8020239 -4005461
202192 -29497
5063254 6803510
341080 -6053579
-658484 -586642
-8910172 6696010
5678412 -8339808
4512341 -2702980
-3284777 -6768053
2209150 -5832342
-8227848 -7467063
7642738 8976471
2874406 106541
-7092444 9000171
1908600 -2282586
-3771695 6438207
8925062 -3595287
-6791777 -1053151
2893271 3988316
5918027 3549304
-7238334 -7765213
-6105021 7007855
-5695125 956430
4188378 923672
5091331 -6463550
-3930612 8913880
7890351 6863483
9486376 -6287874
5228649 -6718891
-6485125 4910284
1348491 9653601
8574666 -256820
8690030 273553
6778222 -8217110
-2151454 -5900347
8850792 -4787399
-7779544 610212
-8433358 5262124
-3814204 9041683
5094485 -1728628
-2814748 3793479
-6826686 3680225
-91296 7591956
-9126935 -7340309
7569975 7653705
-176341 -5612059
-3352527 -8565181
-5775276 -1601675
-7302433 7853855
-8046492 -8997054
-3784453 546113
3672677 -9195699
-1417223 -9047645
2510390 5239320
-6489308 -2715075
-8921595 -9878772
3801453 -6787703
-9195747 -5748281
-3088590 -6289843
-8636137 -8322682
8581611 6997738
8432557 -6296126
2102199 -4770915
5599292 -7342719
6176580 4799767
7862232 7552801
873454 4908479
-1622813 1534910
-3225770 1972583
9257508 -9112423
-8991195 -7198726
-3986429 -9664087
-5412367 -2673389
1036768 9334176
-8988505 -5984605
3529485 -5083017
-1379143 2109458
-145105 1962042
-2864324 3239409
-1960824 -4545812
5523341 5828608
737087 -4098592
7436318 -3603205
8369378 1630626
2518204 6726900
2044527 143238
479152 -3956639
-4113676 8058098
7392275 5066785
1598532 -560555
4356428 920122
5545932 -4871982
-393588 5493638
-8750601 -4599172
-6628632 -741560
-4912952 -8195073
-9777313 8894709
7807856 -1659512
9971114 175358
-3097742 -1306414
8836824 -4994330
-6434616 8946785
-478764 -684024
6899113 -548292
8891153 9429863
-7133663 -8986002
8658368 -4236066
3773924 8412269
6329449 -1735220
39573 5023323
6828250 2217169
-6371770 -2357027
5983461 7050937
-2773705 -8563914
-7353976 -1529072
-4007050 -3355094
8108043 -8517151
-6684823 -441666
9010043 -2370721
9575494 2730643
-3739007 417548
6181482 -7558169
3370453 -5080639
3184141 -44594
7495081 -300098
4433424 -6776286
-6616960 4323331
-6109379 8061654
2014093 9366501
-9646219 -6366732
278174 4660117
-1340682 -3653268
-1578582 -1613782
-1468151 -5509152
-262157 9947813
365362 -1892656
549175 5998836
-9081803 9063196
-8465045 -6080372
-3864117 -3381310
-7641243 9030036
-4130280 3085659
1147313 -4258203
7624650 -239659
3393609 -6838594
7821524 7978432
6841516 -6328216
-5425646 8997194
