305 -8562380 8684651
924
-507918 2075485
4425579 -3025412
-108019 -5139244
-2549858 5239739
5271565 1599889
-8431071 3924806
2562138 -3668151
832374 -317330
-3523462 -2403384
-4789426 -6321768
-6922944 5628627
6378437 -8251009
-2813336 7978013
3826930 -5786079
8167893 7439588
-7968575 -4972066
2002522 -9823673
-4962917 -1026643
-5786904 -8105496
3494393 -4996423
8928383 2001013
849214 -2420326
-221304 1490521
9087137 -8318411
7876173 6255234
1883861 6814064
1079407 -9046771
1447594 -9221349
7508924 8266071
-1777989 7790877
-7181189 5676817
5853144 -7230211
1743146 -2662315
-767811 3406579
926509 -1527406
2989959 5242934
5338961 -7628756
3861766 -6160827
8037114 -4882343
-8627108 -4534745
4795671 5913288
6866517 -4226895
9068108 -4124922
6657502 -9169536
8621341 -906616
7286553 7395865
-9834346 -8559848
-1222163 -4343951
9062629 -5574848
-4585902 526379
8285665 -7494510
-5123266 8404057
-7756769 -3859022
1258636 1254852
6720108 -9719655
-1290015 -4852120
-6562663 -5967869
-92790 8092855
8923319 5021798
-5884818 -3435288
-6039423 61012
-5982484 -8598264
-2942215 6642584
3584088 -4688295
-1645564 8636766
-8857744 8998187
7402244 -3359898
2781080 -3981009
7273843 2161827
-5041475 6556068
-8296052 -3489697
-6941213 -3815138
-5722283 -4858714
-9836916 2965997
2047061 -6798964
-4221600 6794618
8196354 -1476010
7682926 -204084
5107622 7770492
6407258 1267015
265202 -6537942
-7381488 65867
6084858 -9816202
-5138022 -2084055
-5527987 -4124947
-5098291 -179497
6005365 8692314
-6166400 -2039504
3442845 -9716917
6000471 6513036
-4175994 -4510094
-3469752 4295224
-5908860 6536713
4307205 -5786825
5480190 1715114
5177173 -6769185
3296682 8261744
8445542 312037
8227982 -8102108
-9710702 -6692480
-4355625 5216348
3908662 -4808993
-4332145 -8350259
4449176 258614
9288002 9110700
7116958 -7034001
-222425 -4887992
-8351279 -6352794
-2139619 3868716
8100182 5955926
1703094 5856923
4118667 -4206293
6105745 -5000224
-3102331 2564210
-1611918 -3149921
-7933573 -2813033
-5105674 4032458
-1801449 -1508559
8750055 562181
-7810767 -7352273
8130078 8038057
5666418 9306191
-7046603 -2092346
4292722 7315139
-4212582 -6669869
1703406 2392904
8186612 7490512
-7509712 -4177926
902636 -3191291
3658788 -8095691
-8392372 9290718
-4160472 -1758432
6733009 -3498046
-419513 4038079
-797842 -2000583
-3962526 1769720
1075911 9848589
-2243757 4220244
1535384 -3454339
-7607856 4565317
-3041779 -160846
-2670334 -3388098
-5049672 7661185
-5530106 -7663694
6756968 5852964
-2339965 8128683
-3629749 8364596
7382903 3499563
-9946005 5619612
-6380971 -3036610
1249463 -743847
-895258 -7827144
6393100 4841726
3903739 -622663
6459006 -9555164
283990 6295883
5424138 -6582772
3594765 130008
2466315 -9625534
6227431 8064660
-1290305 -8260365
-9895769 6403818
-7580267 -2403702
-6784090 3486
6966877 4990080
-5753766 9351292
-8475852 -9267308
5574418 -4132672
-2238982 7917248
8362085 -521842
8290393 -5779976
-9846396 -8837573
1292436 3714531
-3394650 -3735278
-5670618 -6241249
-4501614 5349133
1752951 -4444571
-4331921 8118969
-1877544 -3310964
-8320883 -8599659
-9248367 7605685
8338377 8441703
6825383 -7724219
2709382 -3570853
-1576343 -5413599
-8677222 -6412181
-5249754 9230403
-4538714 3992734
-9742544 6042682
2317785 2066636
-2584231 7103190
-7341381 332523
-9032155 9168720
8374109 -1673302
-272960 -8393347
9212338 2569578
1011281 -7004975
7787159 67067
6496214 -2163336
-5060582 496541
-3399288 7436224
6666627 -3737804
2771282 -6132690
9909993 -7872087
4194550 3028739
131929 -5255870
-2406994 -8389681
3295392 -4693099
-3850049 -1439149
167504 -5814147
6755431 -1606657
1388369 -8103806
1963261 -2233288
-1880272 -824472
2188421 -9024173
928403 3059146
1837694 8789133
5172795 -2404970
-277056 -5391023
154068 5082788
2343271 6433846
8044165 -9714003
8109250 2452629
3529832 -6144091
-1958238 -5740798
2652545 -6302664
8109882 -5202807
-4919743 6557266
8249146 -7410505
6081674 3199986
8775484 437567
-8256948 -2989922
4605108 613179
-2261492 6915848
-5485012 6844404
3278250 7892576
694925 -625389
-8172760 -6161232
-9788971 -1195824
-4420270 5357072
1570760 -9230856
8082689 8232275
-2694106 -319358
-5213511 -6837053
-1120715 -4444960
5992608 -9131836
-9605406 -2345231
784300 252012
9684212 4999702
-5639541 8522808
-1068264 6715553
-3909836 155061
-3489819 9626662
-9052810 -2082595
5790829 -3278789
-9993293 -3473080
7275547 9877942
-7925064 8089396
-8747657 -5418559
136482 -3138574
-2270410 131628
302750 8645442
-1102546 -9359464
5640238 -8912950
2126211 -8901981
7813572 2517049
5188463 -8942053
3200961 -6096264
-5662507 -8301356
-9063793 4148151
-9324929 2644675
2522617 -9057086
1548663 7950619
-7467940 4597553
-8541021 2801006
5448987 -4815106
-6169664 -8295079
-7654543 -4248263
9355139 -4755857
-3657838 502048
5535449 1481350
2539298 6672086
-9424178 723912
-5061091 -4259741
2404763 7429668
74343 -4124884
9334383 3079834
-6453195 -7403040
-289135 883046
6200404 8595218
-6219888 1169845
-4608882 -5834257
-7566168 -9873199
-4629056 -9747072
754976 -8211028
-4213326 -5770542
3417896 -3709575
-469310 8325972
6582584 -3489930
-6060262 4469599
2861067 -8496301
-2900115 -3469567
-8356255 2195450
5594848 646691
-8241739 1354611
5040808 -5688395
-1522652 8054725
8181526 -9568074
-9315146 911181
-4783495 6068822
2814632 -6043818
-7237040 1003179
-8154496 -3767472
2742599 2293650
9279601 8428088
9931787 6682337
5729123 2140668
-5663881 9548024
194715 7372868
-8756169 2447319
6758924 -5530672
-7475946 6284639
-767082 -4763727
-1336194 -9294420
6774403 -7565876
8906659 3880311
7399842 -410965
-1662084 -8330381
-3520379 9245346
189786 -8919485
279204 8275574
416242 -7362075
-7814050 -3991673
5897548 -2731287
9716033 2380665
6849994 7141379
-4057629 -1008691
4227582 9374048
2595980 5175289
125765 5407740
-8195597 -8113265
1475771 -967576
-6781605 9204246
8449592 2330039
3410554 -7785632
-9510058 -1360621
1277304 -6310242
-7785562 906185
691250 3463254
8360272 628338
-2230283 407283
1914945 -2273382
-2899334 -3771560
3920081 -3857473
4066620 2212998
4099734 -5954153
-4405377 5871023
5075269 8091857
421896 -1186981
-6456261 3524862
-7835759 -6167550
-9961440 -5966318
-2543781 -4042103
9421152 4769350
-4602312 663821
3587457 7781424
-4491958 -4316242
1912198 -4497598
1644929 -4874940
-145590 -4167720
-7605521 8227901
4098925 -6045856
-7953999 -2010898
-681527 -825806
5215408 -5015751
-8666949 -4621435
-587753 7379649
5853899 -8628388
-1342686 -615182
-9951361 5275051
-4427173 4055003
9738761 3636096
9138498 -6402779
-8761367 -5832689
-7484057 -6700220
4044033 1093043
5047188 -5089578
-4584123 -1857042
-166495 -390459
-2889857 4734350
-9887085 -4951087
4944915 -1556806
-7668842 -7958486
-6057316 798814
8590217 988473
7559828 6507676
-7339876 -5836956
-9723383 -185059
3982252 -8201377
7614755 -8484750
-4875355 6498196
-8591382 -5824860
2318099 2688185
-7702273 -3175505
4075198 -7848396
-2799483 -8075778
367416 -3295535
-1254020 -7854568
-4539402 2698575
6203400 -4794984
-8287308 -5949185
-9269789 3763228
-6421831 -5627183
8687792 -8993172
-7477922 76773
-3425031 -1181101
2994039 -2353276
-9665091 -9500060
9840787 -4687862
9980094 5148988
-410438 -3567663
3136803 9696964
4358748 9956979
-4828094 4399135
9604151 9819347
6386514 -8624694
-2345114 -8683156
8206013 7116726
8123554 -6250593
3826180 6893805
-4287296 3161985
3325061 2917502
-4066206 1223095
-948414 -3823678
3841663 8290933
-5276729 -968320
-8755004 -6568775
5904556 376426
7291913 5603745
-2060556 -8923538
4968120 6896064
729260 -5674042
-8557316 -7376994
8888765 -1064727
8345430 2082591
-4755424 -4768702
665152 -5941866
5281230 1085989
-221337 -884702
-2593769 6849168
-4119152 -6379674
9567904 -5354146
-2461368 -2874155
5245942 5472460
6548923 -5169455
-8273390 -6814614
-2488656 1517043
-3343598 -5027778
-3576152 -1045971
-8963380 8061519
-6707183 -5230722
-8656235 8797548
-116463 -3525679
5589619 6624995
3474163 9662200
5798879 5512203
-9841943 1871363
1513560 5366783
839243 -9786958
-4956413 -3240498
-55112 9904518
-6062086 9286549
-5741228 7456233
8926614 -6889332
-8827813 682620
-2031750 2479586
1277134 6981357
-6544322 -687985
8453362 3677023
-4144425 1561650
-2926147 -5556123
6315241 4170806
-462411 -2768090
-2555048 -2171199
-2895344 2893185
2797703 -4995108
-5708559 7049544
-2977871 -748031
2362637 -8933435
-5734463 -4051257
8428329 -3948823
-6967466 2233788
-8454197 -7778185
-1584810 9004564
566214 9999166
-5556957 -3212882
-9042076 7640067
7388330 3274636
3619790 -6988134
5905051 7349634
-7645474 -9275554
290342 -8780894
471076 9162320
2745237 7312472
-6738785 -7166287
-8598758 7010775
-8239085 4205897
-1055936 -5566224
5954693 -6693282
5822236 7359255
-5853627 -3479093
6677327 -9734720
-3943732 -4895703
-9367485 4065657
-6068357 9676058
-9599496 6537566
273025 8802522
7964842 690847
-9480329 -9255899
6094166 710079
-9762794 6297238
503135 7495409
4445537 -8001879
-4695160 1963552
-677193 400230
-562510 3643428
-3574940 -4014468
-6393819 -3885183
2696826 2481329
2157387 -5761303
3292615 -855179
-2052657 -4925756
-1718557 -6434360
-5690259 -4087815
-861383 -1198886
-4901648 2920260
415669 -8107825
-6109703 -1882160
2597744 7377558
-2222211 -8288511
5354917 4436903
-9577565 7215279
5846448 -8220022
-3222341 6544968
-9216335 -1456726
7688095 8935046
6525642 4076281
7641921 8151791
6580328 -5192915
-3875449 4468015
-2611725 8235297
-9872527 -6260744
-5626552 320296
-2302146 -5982230
8245611 6971192
1408095 -2008005
-4792726 3600528
-2103142 1830530
-1624502 -8946278
-7886652 4674517
-3874084 -8324484
-1731851 2317796
-7014061 -7348442
-2541356 -4089930
2894437 9566267
7801565 -3900453
-161197 2799064
5635712 7929038
4463160 4212251
1183443 -6666433
1325562 2708771
8825651 -7408462
-3061580 -950811
-7380737 -3277490
3913379 -2169729
-7977861 7248964
-7916888 -9960705
5207206 290288
-1283290 -4930949
-5364682 5182202
-8718251 -8388852
-3073436 -7563117
2882273 1120553
-4667196 -7437723
8412196 -2654567
-9945796 -967400
-5859510 -262242
1303299 8879856
8118718 1078911
1425534 -3561085
-6312121 2032097
-5412255 -4035975
6254313 -4229009
-6643606 9794951
4977153 -5028977
9098523 -2008288
-7055052 -1224746
9895807 -3974912
-8896283 -1656427
5689007 7744964
-3222436 9515913
-8229977 -1740437
-2860581 918054
4513317 3073323
2028590 7774489
-7677061 8455203
-5580772 5716469
4003812 -3089316
9221987 -9326459
8160917 -123442
384622 -3284508
5490746 -224208
-1682768 -4154078
4189496 5386554
-4352130 -579051
-1063138 -7605145
654418 2425434
5859840 706886
6296561 310190
-1915321 373158
-8655287 -1674849
6557972 407618
7318302 -4236058
8953835 -6921864
2954694 -943359
5772133 7114752
9406897 -6660684
-8298409 1262880
9165786 -2275871
7145079 5891087
8285942 -5186344
-244558 -3918059
-694821 -1059640
9250550 -4384718
-1495208 8118092
8959595 9851582
259200 -150494
-1870200 -1966081
1112055 -9906145
-849504 -2916365
6714740 6583101
2438770 -5077370
-1298138 6121637
-6154234 4140361
31448 -2132352
-4802344 -9009155
9589139 -9166258
-7709546 4953098
3084732 -8589330
2045115 -8458995
-8607413 -8410475
-6044617 1004710
1554982 -5831861
-5738006 2085183
9168818 -7332963
1766491 -4071157
-6632175 -1600090
-5478453 -5794739
861974 2069687
2453687 -9116334
4390863 3409774
4243516 167695
-4879207 -3503646
-2092975 6533970
591327 8205525
2311402 2468492
-6526798 -5499734
-1331594 6266785
-1648032 5028184
211574 -4553248
-6108053 -9962861
-1562951 4494417
8699678 -2740228
1845811 -4525051
-3641385 -7921996
-1995870 6815850
-3016455 3265830
9762185 -7752354
1297968 -5379310
5342568 -2330790
-9862298 4405648
1422266 -2346030
-6079244 6127256
-6328207 2607024
8053777 -5210924
7342567 -3600281
-9105864 -8054276
-8278151 -4220383
-6229082 2110166
4188170 3567660
-7100137 -7354115
5911715 -7807700
6956298 -116592
-2979549 5673900
5859462 -9229382
5176266 -7636981
16989 -1486484
-5359227 -3401467
9205557 -3545903
-6240474 -9171082
-2771363 -224314
-5762237 -8897907
9398062 -1877227
-9767061 -4040388
2043624 -6831020
8331217 -3062539
-870239 -2540161
-140400 4242933
-7566815 8602411
9373029 6880051
9243070 8292648
9322516 -2934352
-3819467 -8223589
-9253139 6479641
7308559 7902442
-2321871 -5493613
-4391520 7053548
-4823679 -5567756
-7091792 7522895
3208227 7925612
7379425 4951832
4928024 1539445
8298730 -3490814
7627949 -5212376
-8332325 -9268085
1540915 7000979
6582979 3427097
5203508 -6620216
9859425 -7236488
-9334046 -1533279
2973108 -315663
-3262115 -9139565
-4707321 1097941
-1379164 -5569441
4872523 -1799113
5669072 4345415
-4115140 2251949
1277487 597096
-2098928 6699942
7431858 -1094563
8422768 -431253
-7004156 -8510875
-5131091 5005747
285611 715704
1698778 7244687
-3070976 -6532083
-5671647 -5328114
-1713821 -3816739
613820 -378968
338272 -576633
-6231217 -4513656
7738293 8523696
-8362856 -7830005
8869938 -984220
437569 -461784
9106963 -1181852
307273 -1139663
6382436 4619159
7851215 -2307465
7453574 -3331953
135965 -450007
-3261768 -5617402
565859 -3019330
-881946 -2459237
6964131 3696032
9182376 9456326
496374 3249266
5419261 -562979
969153 2133518
-8328266 4289199
-6892653 -8593277
-7216588 3295049
-2085792 -4069027
-3860140 9165849
8350248 8281776
-9651879 -6406566
-9507616 -1513787
5466883 -2913647
4627117 -6425405
7270627 -5415062
6557616 -5892400
7356866 -1030645
8406376 -2946009
9187509 -4707521
9581679 -8108118
-6701395 3375596
-3329355 5205378
-8863649 -3917983
7764218 -2898794
-4617018 9792563
-6614003 6114467
7117032 -4268897
-4666191 -6121619
-2547023 -4899732
-314794 2477278
6584878 7239956
-3790688 8759174
8329517 -3541904
1750575 -5384312
9023922 7517027
-6591025 -6151394
9053985 -7677473
-9079103 79620
7180826 2706688
2499252 1201467
-2684066 -7436192
-9188736 -1598399
-5203665 -5567033
-466765 -3854927
8622351 -5234336
-7994380 1734793
-6989681 5207229
4181677 -9268716
7863325 -8660163
1373216 8448604
-7702789 6887247
9209775 4782191
-5138189 3867548
9090588 2647024
-6151509 -7957362
7122798 1589840
2507794 -6319222
-9369903 7934062
6595487 -179519
4586145 163332
4414477 5217838
-7058581 -891883
-160598 7424796
8764633 7123096
5571701 -2297273
-5410026 -7345799
7436392 385264
-5747188 6316101
-1036875 -7701796
6857194 -6656600
-2550407 -4672031
-991253 -3503656
6946759 2473739
-7705780 -361156
2318528 3542246
-1239915 6880365
8504834 9249357
6674153 -5782144
3857305 -1655764
6046963 -2044861
609340 -8054642
2330622 -9363062
6953039 -9437915
5376641 -900214
-5040462 8432517
6276838 2233835
1246531 -5074517
7399222 -4714415
-2559219 -1806710
-8264463 9693442
-909841 9759309
9008666 -6988026
-2770170 -2405006
5939230 -1800829
-1329338 -8912865
-6967507 -5497454
7655836 1796355
2358440 -2120533
6979253 4608875
-4442256 -2264919
2485268 4455144
9380627 -8165418
9636519 -6268201
-5558558 6779850
-1010356 -2922700
9352961 -3823021
-8294695 596156
707502 877979
1593503 -8548513
5054975 -3353268
-6334370 -9735835
2060520 603820
8483288 -8678534
-1553306 -5581040
-5329607 -2021107
-7565963 4004438
-1644627 7155661
3403813 -8185335
1110867 -2008108
-2414455 7845255
6538586 -9899489
696667 -3061494
332838 760243
2211730 -8595831
-9432746 -8073659
-7809494 -2733295
7870526 6749236
8070703 -3232621
1186339 -1129834
6849059 9033749
-4445461 5856733
-4471254 9283097
3614114 3909912
4418157 8932559
-705834 -5275019
-5174508 -7996298
-8541440 -4167248
6592995 -1961488
-8040967 -5692250
-3765909 -1195274
-1412217 5042639
1791876 -9059050
-2291671 -3541691
5328475 -7621069
-8587320 1411020
-2732247 -5306113
6493336 -3032781
3393484 -4687148
-5754589 107450
4832431 -2188359
-184657 3539578
1888682 2174275
2729139 -6209745
-1901994 -9001970
-7680892 -2795475
-7752836 -3151551
-2210601 906891
-118447 -3444608
-1065677 -1985920
