16 -5353617 -5583577
266
-6821046 4382527
-4274760 3015593
6089036 -6367749
-4585971 -4656076
7243613 4811083
5810158 718615
1503092 6483470
7894347 -6089481
848195 1299861
9846362 -401470
-3561823 8355191
9329821 313420
9928248 -1653552
-5091330 -5613235
-966852 1282866
8181745 -8158555
4857038 2212102
5844353 6423337
-8232738 -6537573
8273510 3774735
-5506650 1527227
-1989303 4083669
7994188 -1487205
9812656 8421397
-1980073 -8641265
9713926 2175371
-7511209 -3025544
5320905 9043748
5946865 4933391
8732609 2745927
-2896276 7496366
-7775180 6914354
3337692 4477115
7939542 585526
-5639739 -2378694
9148533 -1270596
-7186927 -8630037
-117242 9675582
8096979 3323613
4682348 -304585
4387138 -3883094
3091363 -3087373
8472727 6875929
1809320 -9071380
-3809101 4419592
-5567690 -6941718
9972636 -4189025
-9711910 -3342869
7242657 -4173320
3447986 743984
9473389 4119270
5489233 2596519
-5211546 4802814
-1873572 7888344
-2416241 -7114567
-8481308 5325128
-7762245 -8029103
1363178 -2873593
-9428621 -9289518
-2353573 5688850
8747132 -3237722
-4910395 2078737
1252220 8719769
-5453551 -4622304
-1361968 -1505123
5130499 510788
5623659 -1888579
-7085764 -6863915
-8975571 -9587887
5813899 1040664
8882144 -8875460
-6904563 7332591
6975350 -8880100
4346734 -3025033
-7336183 7546729
6825359 -8006839
4071899 3927302
2647071 -8085036
9809012 -4675881
-3664651 -290128
2737012 -1552955
6558466 3982200
7118285 -1639328
-8710863 1989054
5546070 8142714
9267254 7103036
-3048021 4428215
5548115 4879043
-8145990 -6072671
3990410 -105151
-5595637 7034180
961482 815769
2730734 992614
-1166915 6124905
8351129 -4943902
3503143 -2315214
-8333013 1088142
1965166 -7422038
4567016 8785272
-555661 3254303
-7126308 113087
-5458698 -1288407
6106989 -7657977
8785705 2605769
5016970 477351
-2488469 2776115
-6408115 9421333
413947 989365
-2885730 -1161029
3895069 9247033
-3068181 7981752
-8413754 -2601787
-23825 -8884842
9900431 3551412
9322067 7059543
-2827370 -8138878
-6910933 4712111
7054135 -5769716
-647595 9196056
-326592 5839840
-1384045 -5630624
-6209291 -298709
-9309343 2207840
3563163 4204657
-4031958 -9678721
819383 -2541767
4856446 2899861
4015020 2405629
8473393 7348973
-3075132 -3568197
-9190723 311813
-4976076 4097499
844135 -6101656
-6905599 -7921941
434251 -9803459
-5434083 -4715839
4985452 9050207
-6225601 -9127022
-2406013 -1807539
-8969907 7337563
-5204204 3562029
8978243 1849476
6771458 2168594
-7966081 -4490385
-5542230 5244851
-4443336 -1041213
5572638 -4732953
-834609 -6903059
-4825000 -3583226
9129667 -5223856
60305 5609252
-2824189 -6304416
7084914 7562110
-4245429 950210
-9195875 -5321098
8240931 9301016
1150493 8116273
284867 -264474
5245141 -9561697
5683154 2318786
-8722426 9702911
7486310 3756171
6853112 6850212
5783338 -3348298
1427846 4544464
-7329932 4913005
1124941 4004504
1566614 -154121
3312442 -1790144
-4594890 -162463
-8345094 4116567
2232841 -6353959
3381568 -4678249
-4239946 5034060
-2647153 -8856939
3362325 3959560
-2284269 -8853227
513337 848635
7500337 7085195
-5853988 8813028
3726033 -8555464
-2034608 -3183920
-821688 7367327
8093535 9532006
-8114105 -7509246
-876327 -6501355
9661038 -6459199
-1137448 3872866
-1093073 -4441042
-3297980 -2861042
-8901481 -1223874
-7560749 -9935655
912980 -8669398
8415798 2952588
1765616 -9070330
4890558 5078162
4410594 8008002
-2108319 -7144050
-7612044 -6411094
8596012 -4014784
-516139 6790203
2847357 -9763962
4108904 -8338749
-2779790 4226261
-8634780 5532183
6824661 -3561418
-3497073 -7536261
6310693 9263912
-5267147 -67741
-6621719 4726491
-7678995 6498469
-2977177 8268839
-8875211 6731600
2836858 4914504
-9100280 6029097
2819301 -6050777
-5814739 -7100067
7077537 8183010
-5074377 810517
8859053 -5702253
736329 8807195
3787286 5683714
4947627 -244392
2204219 97980
7340823 2196832
-8788347 5582501
3851340 9661829
-1090219 -1765523
-6851019 4976130
-6478421 -8253361
-4304138 6565054
1981339 -1142768
-2959758 -7602525
-4275655 -941124
-4127025 -5517782
-6710587 -5416602
2783464 -874344
1397616 7076700
-2825320 -9752557
2444275 -6398164
1700689 -5484497
-5822668 3655929
-8109594 -4447971
3044511 -4396535
-2649895 7555739
-3362855 6566091
-4576677 -4437681
-9523853 8618485
-9806287 -5020082
-537864 -3799508
-6699758 8583041
-2291303 2751549
-171751 -1399942
-1152498 1622666
-2259146 -480719
4034785 -8708223
-2535942 9441543
7509924 728469
6331935 -645536
9426556 -6929212
9636879 6198392
4277063 -3936299
7198538 7576554
5072824 4753210
3470054 -91396
-8992003 -5465040
