179 -559679 2755251
666
-5777799 7409405
852619 4476080
-5953130 -7280179
-2484325 9292443
-3086862 350284
-5949638 -4496671
-6047099 -6266469
-4352381 553086
-8628874 3051251
-2732119 7597671
9470033 5850646
-5219295 -244434
5829894 4710233
-1825606 -8714501
-6757828 6219559
3628965 -9070355
-2077923 9980725
5216898 6997936
6290379 1968948
4835584 -7267427
-9247746 5719869
9453401 8885946
-8044615 7221508
272759 7617372
-2268605 5842863
1693509 56992
9812559 -2798571
-8088338 6474214
276065 -1841195
6894717 -7397592
-6467946 -3965411
-3984686 523682
-2478382 1454131
5939431 3748564
6481137 6328349
2048218 -6708632
4693666 -250256
-3028748 -5982029
-8364657 -834597
-4991734 -239637
9817355 -633261
-915480 6701775
-4307659 2146266
-9694928 -6487466
-3885057 -1515242
4519347 7199789
-9760177 -7836651
-3866168 3051013
-3200423 -9722207
6606142 -7926736
7880984 5797067
-4453189 -8829288
-4811316 -4908998
4256406 2518063
-7721574 9340379
-8776530 9264672
5966448 4612133
-3241600 307990
3820525 4175141
-7340100 9579824
-704035 9935468
-7901183 -304401
-7253387 -464212
-186419 -1767351
-7177735 -7937458
375961 8936075
2623139 3219601
8310604 5922772
-9042813 7811823
-331445 2567010
-5651966 5751965
-7119549 892025
-8799984 2830834
-2994024 -7844797
-8264973 5020541
-2527639 -7817772
1877827 1030992
-9433220 -7912470
-7163469 4624440
-796665 -7103287
4349140 8175149
1394750 9579296
-1981579 -3027721
7300455 -7778294
-2694932 -8508040
7243926 -3030990
377387 1653103
-5516063 2640729
4795932 1577403
9114296 -5993735
-3811507 6530959
-2438049 9103009
-8809461 8066321
-4792887 -9354917
6058148 6543423
4718572 4410448
-3493903 -7076360
-7587729 -3886678
-1664971 4524518
6016478 2229078
1714440 5640097
9809552 -4223244
8417485 -7908172
3669231 -5706510
-9183893 3213417
-255624 -4700120
-5597111 -2995399
-4929078 -177321
-7015886 8109781
4653204 -7205613
7204836 9042262
4482254 -628224
-1998550 -6289067
751803 6894526
-876396 -1147169
7009281 -3231719
2545038 -9161955
-7070127 6818833
3628675 962523
-5824059 -884544
4415336 4444783
-8550616 -3563331
6259349 1334578
-555641 9036658
-8168955 9243463
802078 6613915
8502043 1552233
-2220482 -4715668
-7821142 -3496507
5356325 8531321
-4700397 1302463
-5343140 -5118042
-8299209 360993
-8676484 -2413267
6702189 5329467
-7709398 8015809
-5547521 -6366122
4968456 6256338
5292996 3228180
2471643 6929167
3543082 -359607
-8807373 5790073
-8925594 2045125
1064970 -1027855
-9980181 5769616
9588431 8937647
-6180395 -4680578
5680415 -5754709
-5651624 -4479603
3366216 -479717
-9947555 3566918
7200796 5656818
1913156 -5495076
249456 -5314396
-8385229 9722504
-637103 5237451
1027525 -2325795
9719330 -6928124
2044022 -5381717
-9612101 -6699348
-7761700 2063841
-100385 2492683
-745674 -3942095
1578302 8096382
-9866983 3602703
-2830379 7460870
-4365960 -9814538
7206738 6886769
-8427627 63548
-213948 -2543806
-7306354 -6812856
861349 1665302
4737178 3721171
855806 -6902969
-3602317 9297552
1361393 1243705
6252740 -1364017
4693889 3777360
1873742 -4492933
9109770 8788543
6249414 2006760
-5291426 8795743
5682512 4399806
-5536645 -8084687
-628493 7254885
2958381 -3234241
8431061 2065153
8302676 6336082
9433113 -4315408
-5017856 -841518
2918540 8347148
9499484 6343538
-7362750 -828720
-2805301 -3290275
-4501732 4510993
9034105 -3695531
-4899788 4264034
-8819807 -6257321
8174344 -9217276
553961 -4356452
2409307 -2454148
2127357 -6487658
9848424 -6643279
-958687 -7053614
-5378780 1797889
-7338610 4023457
-7116653 56112
1743745 -7839126
-1129401 -4479402
2547943 8938444
7759266 -3114781
3665606 -5901600
-9642569 -7140522
6158555 4845799
-9510653 8531776
8593980 9228868
-7258789 -4584994
-8711921 -6762311
8700427 5105987
9420229 329392
6869202 -6678352
-4105888 -7918381
-5757507 2268901
7789499 7637857
6576302 -4370556
2514663 -7146206
9468546 4335568
-288602 -3819731
-8973932 9825978
874106 8386305
7615174 4031767
1963126 -531914
-4777873 2872737
-2021276 3251205
6096950 -6077445
9760555 9915305
-8003076 -4517496
7751405 -4345333
-6707475 8755769
-5614787 -1942743
-6572597 2385179
-3279253 -583771
-1887150 -7104050
-7278072 -1051503
-2665197 -8344729
-1796610 3596034
5580472 -5050023
339066 -9833484
-4065926 3318951
-242142 8317790
749448 -7968976
-9970120 -481587
-2310567 2746372
1502142 7781285
8354894 -6501690
-1600159 -1596293
336288 -8217702
-5321752 -2363060
6585437 8449139
-9895590 9916528
3512562 -6079760
-8613431 -1692200
-9009331 -8390614
4928337 1725635
-7440222 -3075257
-8527881 -5313804
-3279039 3309226
8571950 -8498001
1799636 -3073254
425056 -7409556
994152 154531
-5546819 8824897
-3538163 3846792
2295931 -868571
-8435691 5563627
9483867 -5083307
-4259154 5076871
-797391 3386789
7628776 -3268485
3656258 6647298
-8666506 -9811446
-3985868 -2355271
-853272 -9429192
-2502446 -5413917
-2823473 3462716
6133599 438963
-8219788 687031
-5466176 -9413220
-7765439 -9241598
6322029 -653893
4262801 -6201130
1392093 -1677752
-8290963 -9996353
9251514 -9405298
7242001 9337814
2042720 -4575876
3068853 1091847
1662655 8056853
5159288 4731933
-1805351 1676562
-7884475 4852167
8055551 6844601
7431381 6412089
7170491 5105727
-5548166 9665943
-6535187 3492520
4331121 1230987
-6249014 -2626741
-2032039 6040158
-2105676 -6997500
-1573376 -4790038
-1181838 2453397
-6973398 4011829
-1256238 -9519183
-5326269 8185890
-4445591 -545236
-3700635 9305608
5717698 -6390040
1232039 -6269254
5913041 2888189
8897062 5683874
9431213 1894207
9267466 3228183
-8215307 -6817800
-3815300 -2764573
-5038258 -7804630
4648767 -2872323
-8860494 -3703744
9293425 7675369
-1622389 -7600379
1854385 -6032843
-6727235 3932020
58333 8153750
4400848 8990463
-5604995 -8709628
-509402 313890
4724449 -6707933
-963398 -1078188
2104012 3991915
3743694 -6662353
-4466983 805064
7932741 1221788
7518044 -9818216
7857153 1588600
3988221 6811470
-9221373 8751116
2683137 -4157394
6512708 6567744
5558208 -7258530
-5968158 913556
3743798 2469565
-1722016 3522441
-7555747 -9015401
4976514 7314586
-9347767 -2935383
386033 -1279791
2458349 -3814749
8883387 -1681225
2423727 -23606
-3212136 -743107
-1991991 -3588052
-5229094 -9917157
6650587 -9308854
5948968 3799966
-5286478 -5274853
7194712 9980811
-3980396 973673
1958272 -4527304
5303634 -9019791
-9438822 9451139
-9312300 -1527780
-2826177 947211
1782338 3146049
-6877557 -3942790
-2169545 -5793935
-6865635 -7573341
-7490498 5838465
-954037 -9578377
4221589 9160090
6401589 -5005068
7492095 1451464
-7574863 3596302
1585350 6028051
7008260 -3100239
8867252 9405337
-2122443 85790
-8966999 9554952
2701002 -2432268
3624942 2815340
-462243 -1660203
766457 3971750
-189785 2672123
3093746 -4207689
7468753 8856178
6367462 -2684664
1283152 3870343
9982997 3859557
-7596040 3708289
3124402 -5915301
-6509964 1928572
-7985638 1991655
-5937041 -6116055
1451677 -6952636
-1620944 -719687
136463 7592972
1564722 7916813
-6894712 3419272
9211583 3891289
2747467 -1284613
6030723 6680337
-6932968 -8368718
5490839 -2686125
3538516 5566381
9651080 411152
-7660276 9179270
-6312723 5657469
9541414 -5645913
-2598549 -9733411
-453098 -6490556
-8897584 5780507
-3786328 2199717
-4381011 -4816510
9074779 -681039
8034348 -5169427
4027262 -5661402
-4030120 -3418577
-3588350 -389354
-4822973 3977072
-5611776 2466518
-5837860 -5171893
-9514424 -3272052
1082035 -9634230
-9367641 2543343
6052787 999838
9296697 -7304387
4895331 -328445
4855045 -4489630
-2654317 -9485680
7861245 3929824
8268422 7896383
6994158 -5595141
4015505 -5761697
8215375 -6594192
-1611322 9192532
6536992 5119951
-8152101 -4932830
-4567060 -461080
-7917737 -4553713
6446125 -3934701
-1239087 8135050
-2193395 -1740825
3769545 -6343756
6686916 5178002
-892174 3631580
1527963 4548162
8953021 9892601
6647256 -1477879
-5555719 -4515121
-5322589 -2621017
-7501066 -4650689
416481 3730755
-6730324 6863185
-7690528 5849422
4431073 7868291
-1480306 8755598
-2985227 -6808014
9364582 -1157349
-5979346 3300670
9448602 -1432149
-6883987 -4355168
-4462567 -6507083
2015038 4585386
-9929735 4701041
-7919976 -1024329
-3158666 7264029
-6488864 -5421042
-8557856 7257815
-4376411 9297164
7165456 6267968
-2460082 -9945337
-6753351 -4314850
4527801 4554691
-9628287 5127584
-6304565 8548455
-5806712 9820315
5829584 9327800
-3570462 -7752927
6948115 -9639026
-663355 9016156
-1203463 9028139
6123450 6177979
-4047853 2307673
1604838 81946
-3650086 1575736
1630399 -1229706
4455444 3889833
-9039124 -2606599
5037337 -8500403
-9951947 3848942
-3814391 1249124
576924 6757693
1521118 -7984806
-7623832 7006462
-1461030 -1530767
-9986275 -5770834
2923497 7335507
-356819 -1346473
8735473 8875644
-7032267 -8751981
-7465335 7601739
-5992076 -2885516
-2975763 -493539
1006058 -5031199
1334095 -7938426
-4172950 -6429537
-9671844 7519704
2051250 6403974
-4073211 -5634373
2834860 4427419
1172937 4465759
-5682381 -4635063
4018464 -5903566
5488431 3960800
-2274829 2753937
-7127971 8456164
8087000 -7223812
2282649 -3120047
-5634894 -4888762
9689164 5805059
9375523 -1784447
-4264742 -4483785
4436541 2220031
6585658 302860
7246631 2879682
9861794 -8063129
-2698192 -1580432
2516003 -5820587
8140213 -8679727
-3409438 -1995566
8976950 8381736
-8842076 -537409
-1141103 -419698
-2792108 3440573
-754368 3224003
-8560443 -3102943
-5070376 -8862493
-4126109 9691167
-7489621 1882517
-5237800 -7540451
6912772 9757011
-1823421 -5376006
-8680241 -5785419
-4465146 3208934
3729720 9459972
358060 -5358232
4104360 -4776978
4803325 1515984
7472909 5479609
-1296388 -7988783
-8575374 9234893
-9627599 -7340479
4867040 -3645750
753120 -3753708
-8777807 7377420
7134431 5515320
2655666 651318
4865899 7827362
1036297 3975425
-4048251 2917105
7558873 -5233983
-10960 6309809
-2174207 -5820415
9659194 7308717
9319934 -4701298
-5466405 -9120841
6055032 -9255439
9615163 7422348
6184992 -6561575
-9184155 368283
8399955 -76462
-9425144 466628
-1706010 1055621
7547398 -2042893
-9125788 1846639
-870991 -6500853
9808956 949437
-2354625 1634401
-1056882 -9848899
-4550197 9820921
3216432 -9220596
-8476035 -7500249
9922099 -8212183
-4773758 3655481
-5976236 6107092
8546982 -3957913
-974933 -7576280
-4004307 9121838
-2921055 7319057
-8317951 -6456908
9558591 -9530491
-6064702 811058
4961811 9367548
9518649 1580673
-6082053 -6095071
-5315667 7484805
9984556 -349269
1438548 8724651
2380132 2423007
-8953549 6664790
-7293123 -1079752
-6139680 9593433
8715271 -5751704
-8432646 -143986
-4084542 8310568
8780077 5765755
-3423187 -4525951
7357949 -7284624
-3187599 4054976
7959905 6876599
-3122244 -6753300
2897432 5160590
3885241 9378664
1801671 -5664020
3517123 8781725
-2298026 2848123
2441556 -1259648
2988649 1562294
3934660 -6326820
-8016252 4556003
-7161890 2366470
7840520 -9236174
5995554 -8068725
5986251 -2285179
7107772 5324307
1087360 -3537492
-8376902 -6014472
-6635808 6501144
-9162876 -1975308
9322769 5165864
-9469661 4354247
5610952 -2975257
1103390 2971895
6645075 -1400399
5671956 7554402
-79127 8628824
1909002 8510066
-9558659 -9722255
-2007434 -9579092
-1738433 6427592
-7109900 -4899661
-8397781 1865279
-1633577 7029550
7570594 -5033588
2648628 -8280100
-1409501 6893364
6434459 3178967
8667214 -5798549
2801052 -2462151
7608604 -2171358
8973818 -1526992
-3016926 -2470523
-9676426 -6600828
-6179920 9940767
-1115289 -9167508
-4067169 -5402001
6463279 1774811
