634 7832650 -6466305
833
-8260630 5647144
7733897 9076110
9915434 -9184339
7016737 9946172
4774024 -5572086
9171331 3183712
1154731 -3858443
-8000712 8823873
1705093 -1600863
-3218685 8465451
2468019 -8999208
8457034 -7756919
-2135283 -2607967
-2596156 2157483
-7493515 -9954099
5693045 937539
-7469998 -5754145
7577868 -4056705
-4110533 -7554564
-3126650 4594605
-2221682 3179843
1837752 8561034
7384907 1449401
2364890 3837040
-5181156 -8393648
-7392856 9146205
3905638 7286863
7195248 3580530
8254366 4286708
4332609 7115444
-1947016 -9239149
-4993293 25655
-1514698 -6900662
8061126 5100927
-304467 4374769
-9929036 7450828
6011862 -9797
-8560396 1908717
8262109 3396769
5003121 -3679154
7983404 -6919047
2884169 126618
-6292852 1889042
-3824250 -7404231
9711214 -8038486
-7277634 -9491640
534015 -9719450
-6620112 -9754575
5346352 1535669
-4089562 -8558986
8891842 7558237
-2451560 8497754
406471 4903705
-9183174 -8495604
-9658405 -8815067
-5734114 5819948
8462918 8324999
214041 7150055
9745825 -7829934
6647933 6389792
6898152 1973391
2253941 9370299
2132076 9948519
1484188 5633829
7074843 9994780
7553018 -89022
-1591268 -1516963
5903094 7617810
1638559 1331556
2516489 6719921
-4943779 1980154
305153 -701273
-3551217 -6480861
-4310795 3035546
-574662 8710960
-6799297 -7662862
4223789 8839842
1304713 5454644
1088473 8872217
8866998 5305253
-4783769 -9320332
-837295 -1063632
-3445822 -3858684
7472872 7582152
4302073 709089
-7310757 -7494287
1804440 1874646
5393785 -4489252
8546295 769575
-8003113 3599342
-1547167 -9512015
1844180 -4802410
-9347766 -7323378
4065192 -6851107
8454147 -5742941
7453079 2932190
-8131442 6186730
-7671954 -3384215
6714289 -9060912
1648178 2317270
-2660665 1016362
5407360 -3146227
2364522 9143776
-7570297 801145
-5599513 -6572831
6431506 -5573409
-7859467 2853320
-1953705 -1724314
-6059068 -7207232
9566179 -7888513
-2439971 -7604921
1098161 7019259
6151396 -571413
-7115973 -4057440
8259830 2865685
6398399 4532205
-8614021 -4400834
7259294 1805759
-7393096 -3733147
-7789626 9688997
6631940 9523743
-5106584 1158232
9433919 8772474
4081594 2939711
-2432450 5891203
802634 3647773
667032 5127579
7072518 -8099205
-2156645 -3181572
2200465 2472897
-2994897 8619538
6735056 -8884784
2920975 -9092566
9690639 3994350
-3800301 -1955769
-9915673 4417365
-4424403 -7168360
-8395886 -5022257
433806 -4990484
3417071 5685708
-666519 8001356
-4354713 -5780295
-3879499 2516866
1851646 -7282195
-2292946 -3519792
-4900254 -5947888
7683680 4712157
-1864057 -8165198
-1654496 604656
1165239 -9657066
4760299 4545204
7376844 1249566
6227309 -9664103
7861765 8980958
-2816982 -3338885
7178823 1278837
-1985106 -967149
-8450283 -7175890
8058267 4135395
3131956 3401364
-30172 -4234678
2993831 8231702
2582857 -2346492
774516 3646127
3989061 -9071639
5473565 4456108
-4294326 -1250639
-8398390 -4633239
6864071 4449336
3626803 9463375
-6741436 -5952911
3079941 805627
-3853911 1273459
7925206 4629658
-9452626 -5795643
-7513969 1057162
-8194783 -6966446
-6796585 5479862
-874011 4388074
5316435 3977931
-9049609 -6884949
-5619236 -6693647
-1326886 -3343934
3621754 -4017626
-4554251 -4462814
-7899373 -2751443
570536 -8779334
2494125 5180568
-7673421 6716626
3437335 419331
-8523506 -7126047
8423860 5923366
-6080420 -6718289
186137 -8372725
-1878442 3045570
-1323027 8018924
-8674723 -928050
-1755632 -4425911
1556463 -7485256
-9431718 -8133878
-8368969 -481436
739230 -7331091
365830 2201568
-1081806 -6766645
3652687 2692409
-1917286 4871881
795247 -2354467
-6556404 -3493426
-9349799 4714827
-9723251 3629733
1648657 -8711888
-7123586 -8529926
-2955837 2973935
-1994969 1120782
-4496744 8600626
-9364457 -8910335
-6241426 -2865713
1852207 1374773
-2875519 4124404
9333165 3286753
-1841366 3293520
-9060947 9932232
-3561194 1470233
8701413 -5617351
8012382 9605360
3409824 8978162
-9551763 -7822609
-2332322 6286238
9923372 -9991248
1125731 5672709
6762374 -4573372
-4922733 1761274
5652399 3037301
9678057 6929475
-7267420 5293232
-1413248 9011223
8943455 891215
-7638552 -7957843
8941158 7898613
20325 -8937139
2557376 6953540
9130932 -6569851
2232739 -4478035
8047069 -3201390
4987672 2156111
7582739 -827200
3450426 -5733602
7303699 5176359
-5377814 -897174
-5603942 -501891
-8974316 -2645234
762333 -4500837
-2458680 2485491
-7099544 -4359866
9219347 -3517521
5952371 2920782
-1132717 -5706925
-184960 -2400345
-3085382 -8899977
3256134 -2137890
-448738 4418642
8685040 -6644774
1047937 -6998311
-5379133 -1494908
8003201 5670123
5541241 -8466723
-2967560 9028885
1514376 -3696425
-5539939 -2909887
-3911056 4414832
9851966 -6320592
-2027516 -7958685
-7842677 -1280750
-7664375 303876
8165986 -8411707
6006935 5591759
1463337 -9766399
-6764710 4691975
-6802933 -7488726
8181397 -2143843
-610566 3716620
2745505 3722639
2542566 -1061773
6028340 6776233
-6292582 7002627
3198387 -7882716
6674951 -6440616
-5205014 -8829129
-6008900 8832274
-9579433 -2869389
5238723 4673438
4907039 6427502
-6364170 -3297940
-786665 8142329
-4001514 9349249
3065870 -2605268
3633723 -2095727
6842500 8327727
-2379687 8692641
5695268 2870840
-2495524 1327731
-2596533 -8589992
5097231 -5820573
-6988298 2198454
1845417 9088331
3761770 5948621
2376124 -2915860
3786201 -1331191
9327491 -1471694
-2122445 -7000464
-7089380 7842329
-4253398 3459777
-5696143 -939304
-2246663 5105454
-9507354 1924170
5768253 5964958
7374966 -2002878
2176550 -6828280
-2113474 2472197
-5923119 -2295396
-6346775 9731944
9332436 355003
1540164 -1454299
7074007 -4365011
-1365475 867655
-1290015 7467915
927692 -5938502
-4361454 -3027061
4594746 -2252099
9672071 3391883
-8126807 5087392
-6915485 -2043324
1128397 9248159
-5763291 -2222583
5482021 1531275
-6220429 -9170058
1184945 1651598
-9802700 -6887992
-1253003 -7274891
3592765 -212341
-2744426 -102125
-3524275 4819102
4308393 699619
8447520 2114271
-4493846 -1096861
-6009468 635944
8592620 -2620652
9143859 9591399
9885168 -7762631
3768645 5896920
6726862 -2116459
9535139 64568
3176576 -2088193
636917 9732439
-479901 4439926
-5662199 6746034
-5918512 -707975
9991644 813526
-7072203 8389881
-2706979 955517
-8408539 -9049697
-9153997 -6200095
5907656 2700433
-2545845 2506215
-1596865 5792824
-6323635 -8777200
-6196280 -4870002
-4441843 -6788496
5460296 6980297
1420223 -1288574
-4542540 7496747
-3211228 -1725624
9087902 -461052
-9554818 9296769
252286 4532051
-2001294 -9745445
-5945540 1843747
7060532 -8638938
3867277 2478468
-1728708 -5485313
8253839 4786764
2433114 -5535991
-9808135 -7942440
9037857 7991272
-3297302 -1831487
-4334740 -7025568
1248808 -5323489
-3268189 2454033
-5732846 -7146938
7385113 -2823007
-2568452 4519440
8879539 7900171
9261233 -5997640
6480828 5940071
2971111 3128510
-2084725 7268472
4248833 1224950
-4201138 -9651611
856013 4440699
-7390788 7353071
-9672497 75064
4751575 -9209175
3244858 -5907337
-3054275 -8516614
-1339620 28364
-5452196 6847190
4747362 -1391720
2610641 -6572657
1883766 4008595
9653458 -8392179
1392646 -5145123
6079828 -9914915
2949826 -4358521
-9917822 -8121310
9231762 -6194160
-3602744 5207743
5998568 2075617
6168281 -8851169
5148569 -8240222
1788142 -6885994
2477549 -6191051
-5066418 6335946
2279641 -2775089
3749858 7544223
1668396 -5836593
-8465363 3403316
-3995247 -6938958
-1297478 7614465
2009507 8954580
5276772 -8698948
-974853 -6242379
-1650409 -8325972
5339211 -4976285
9299845 -5482128
-9851770 487780
-3186918 1087987
9940285 2625779
2367042 1746664
-8192761 2219926
-1100314 -3883099
2036569 3475635
-946970 434323
-9434860 8041323
-487745 271904
1572956 -4909001
-8635027 7305379
1495759 -9401896
8138171 -285436
-3251212 -3165030
-160898 7438017
-8957644 9413370
-5444498 6652184
-9084800 -9017358
-4281080 6922544
5555797 -7277561
-1285573 -2865042
7569281 -2407633
8150042 7767457
-1960639 650773
5741773 -9821351
7484028 2128669
-4756875 -376902
9337662 -1020213
-1668891 5897649
3335666 8602802
8016172 8170211
-2661252 4378022
-2122984 5088026
2010571 -1746052
976388 3595937
3247247 -2433632
-2324913 2207167
-7509024 816529
3983654 -4174871
-3996222 -6953311
5175358 -7758221
1864877 6004158
7500297 2934836
-1167515 -6281109
4838045 8347758
-965678 4684503
-8421123 2854218
-2057756 6373070
-5372982 -544106
5568183 2469167
2551888 -1880242
2843277 -1184570
2148311 -9773025
8568457 5334253
8380942 -3868034
-1626255 7088587
3092746 -3927347
9007489 2754975
6473866 -6890605
-8542846 -9643674
5040829 1311912
6682482 491476
9380898 -863942
8591952 7141078
-7873402 -5992084
-5355973 -3323513
5491918 4678486
-2578187 7487304
2821558 -9843419
-3711453 -4009730
5595210 1202500
-208495 -2821355
9933620 -8795692
-5686297 -1201006
-8328328 -1076162
2752102 -4229143
-1221315 6712501
-4151440 -8049064
1608367 -1840417
-5316148 6956864
-6366648 3734965
-9070197 -672121
9331535 1641622
1798203 -1648384
-3141761 -5330555
-1611702 603103
7781748 -7546551
6174109 8179803
-3021202 231720
1671910 -9512188
8775022 -1349530
7879324 6940365
8891301 -9929941
-1770357 6244236
3201100 499668
6750985 -4570153
-2725922 -649196
3508778 7680788
8548757 -3394387
1275059 -4693018
5910085 -4593004
-9623203 9663357
7843160 -3791815
-1043743 6550906
-444930 7338310
8505133 3144519
84884 -1669908
-1599848 -1099191
-4854955 -1023814
1992206 -853853
4575994 862497
2729654 -1256808
8940332 -8149928
-9027963 -3761568
1545414 7489089
-7103915 2247096
-5573195 9971851
8696388 5789234
2340140 4786318
2124628 -9831003
3313517 -8104789
-7258345 -6853887
2046922 5914753
7407291 -6341841
2804306 -291681
-9429183 -600502
659042 9896652
-8253276 -4183177
2055255 -400626
-2911536 -7281238
-2517790 6117022
-1394775 -7499099
8290136 1909016
9211686 -2698386
9986963 -6853372
7558191 -6147334
-3001220 -4183168
-8268414 2816199
6474358 1562054
-8729626 9138877
-8945273 -8204983
-8308331 4357543
-9825634 1713769
3829496 5954746
8673508 2229621
-9137005 3434312
-1548435 8672070
-6902562 -531779
-713813 9258053
4921034 -7690876
-3838209 -726850
5089983 2479225
7811776 3160571
7238977 6821569
-1523202 4286135
6081152 8509351
-4616754 -468474
3761647 289173
-3756081 -4442388
303586 -2408857
3541807 7433779
6105850 1166581
-9365198 -8006627
3767778 9203288
-8487587 -79011
1710492 -1311188
-8831962 -2325796
3351127 -3199525
6138396 8979814
-4217699 590104
-8384192 -5384806
4146720 4379805
-5331021 -3000946
-4926981 -9575280
-1984137 912898
-1653322 -2107043
9059538 4074023
-1416252 6968880
6172168 2210693
4648034 -7648474
1040339 200933
391489 -3641474
-4324647 -5275271
6220895 6258968
9365425 -8186251
-3571056 -7996803
-1100646 -9018767
-9503361 3092016
3516736 3568333
6997584 -4430342
-4021033 4048952
-1877025 -4655738
-7686858 -4961494
-234449 -776925
1574601 1001662
-8797404 -5586415
-6711536 -7385060
9856021 -5889563
-9630594 -1036183
777567 6076917
596466 9734831
3232416 -277137
-7185121 9495820
-4419494 3729055
1815066 6331616
-7103080 -7421910
-2077648 7794033
5348891 1019895
2759322 -7248154
-3730140 -4885558
-7955620 -5666077
9465216 9988808
-5900754 -4667156
4296661 9321237
-2085494 -5531348
6719835 -4925772
4797091 8510972
523145 -47749
-6318694 128323
8976291 6103651
8681741 5496372
-4193242 -8126789
-4590542 9120445
4388643 -8844351
-3729908 8168780
-7497297 -9341497
3163664 -1685528
-3836332 4484271
3805509 7262910
4247914 -9539671
8050910 4236367
-4736308 967749
-9080000 -4635647
5492676 5786837
1890488 7117658
2614031 4468967
6342178 -6911419
4725378 937141
2092790 -8248364
9920416 -885979
-7711124 879234
1710058 4939472
-576257 5452540
-4768198 7873726
850408 5745604
-18028 9479716
447465 -1098682
-3217977 5245664
-6451147 -6116183
-8998524 -7725300
-739981 -2044307
1044274 -3868141
7069000 8118550
2386538 8286004
-2599975 -8321858
2557377 2306955
9762779 -7794747
174146 -5732565
4657514 -8297126
7448479 5405948
-2597983 -4492078
-3074408 9946803
-2291181 7849482
-8266700 3707615
-1501333 -6225976
1729717 5251128
-8617013 7758687
5877237 5290343
3576347 8451987
-9869871 -1736225
3087082 3492724
5697977 -4796142
-8012354 -4633787
-2930912 8388475
3794424 6645160
4669434 7033919
-502926 3712793
1562275 -8404974
5302641 -277755
3496269 -4188073
3579407 -6198691
4076348 -4774014
-9483671 4962394
-4069267 -46415
733712 4092676
-9898248 8577215
-6218927 6337147
-8296640 -1683919
-3295443 8285071
4930231 -8711200
8322719 3015333
-3271874 -400335
-6288957 -2180207
7542038 806753
6618681 1530037
5331346 -6445341
-1219355 -7285560
7676835 -8075954
-5606017 -8186674
-1577646 6123920
4701135 5127695
-6018806 -1475894
6840188 998561
-716368 -4315445
-3026645 6061097
-923570 -5786136
-3670119 7812427
8148572 -1679092
9127661 40925
-8429038 5690611
1761622 -1737306
977135 -581340
1342706 -9457732
4871946 -1346030
-5222110 5736689
-6619264 -6705699
-5665241 1995378
-7006061 -2638069
-4437162 3691299
-247604 2277571
-992213 -4947455
-7135028 1345178
9666086 -2145979
411298 -8986455
-779492 8793748
-2943558 -5501388
3917272 -9017870
4040750 549929
9203899 7776330
-3970629 -1087303
-5276650 6498142
-8990128 -8073541
-8195258 -8425539
5265761 -5996189
-1202266 -2632420
-5063522 -4981843
6363336 7805522
-4340457 -2198550
-8668653 6029422
-2660478 -1412807
3085805 551855
-5949662 4395965
-5054106 -2996923
7295759 607440
2036489 6666146
-4319360 5841482
7767941 6759839
8334301 -3309488
-6789325 2089036
9456616 -3883586
1134571 2008409
-7669717 -5606906
-5289103 -9985741
-1439966 -9493822
-906629 -3957756
-889548 5899556
-7188127 -7820824
-8301395 -4322858
6284582 -9725880
-543382 1510716
9868550 -1678928
7597263 -2346390
4344122 7636492
-274472 -1552084
4564330 71149
4595910 -8301504
8607943 8215254
745865 -557454
-51276 -6681160
-8122564 9305899
5205456 1558448
-3746024 987888
6665030 533681
807801 -9531066
-5503998 -4534035
3787037 -9735581
-2081971 -5635447
4517397 1384300
2348569 4778503
7366004 -5757075
8457773 -3087101
7644505 1961915
3920813 -417932
2900908 -1609629
-2303730 -6130463
-2055663 -2705303
798937 5418078
8468112 -3285334
-2816400 9980320
-4553715 -724087
-7943315 -5804046
-1439493 9233322
-6866026 -7508934
-214078 -6922096
9837181 -2001105
4911795 9668278
-5853455 8294955
-2122977 -4927348
