219 -8162657 -5020916
546
8090061 5185719
6750449 -5195990
-8192857 3247348
7868073 -9506523
-9848982 -6806748
5918431 -1894697
8207472 7313620
-3794646 4845172
534427 7626979
5557655 4338346
-2073303 2292752
-444553 -9734435
4612217 1723086
6495942 -9465660
4888035 9562762
4748482 3991379
8795389 2978096
8741796 -5984717
-5491239 -9397468
6312136 -873779
7231525 7176131
4489751 2230567
9592091 -2044651
8098681 3211457
-2450197 126519
4935623 3656336
-3561746 -2007147
2232291 -5508930
7541762 -8949529
-9386767 -1271767
-7280388 2429797
7924245 -2121933
-5590297 -8484999
4633885 -817607
8308614 -8565184
8610947 946021
5692941 -1943509
6011841 -4382950
8828507 -2198616
7927903 -3373126
-9716790 8894662
-3112485 2863526
-129052 -3278536
-9711713 9119806
-9635608 -2587290
2358859 3417873
3812292 -6915996
7115358 -7200544
1981849 8221995
9656811 -5734405
-2272031 -7193184
863307 784110
6401160 -6579090
1222294 9391500
-3981626 5229667
4124330 -8333450
-2953572 8817937
-4460599 3528197
-4835644 6917377
-5669913 8344041
1761914 -4471252
-8870896 -794701
2004755 -4425794
6312554 760814
5026410 -6013395
-3206579 5969365
-3246524 -7245621
8691641 173080
-435419 5670988
-6582992 -7569713
-5903163 5582955
4400892 57690
-6414113 -6340382
-9423005 2456646
800687 -1249757
-3204657 -5092918
-3371267 -7437399
-9346841 -2075552
8685262 8633489
-7379906 6965713
-4548569 -3771976
-8501245 -8070133
2102947 -5278741
-9607753 -9809604
5137036 -8332472
-233164 -6190745
-3616703 1750225
5409843 -5832272
6624374 -30815
1235780 5986838
3410273 9941413
5020366 8031124
8471924 -9960994
8672495 5673526
-4844409 -326462
5901563 3808941
5738808 607022
5328281 7400318
107067 -9641892
4541988 -1763119
-5437512 -4755897
-489320 -5691176
-1523447 945786
3431323 -5079476
-9092638 7617279
7558693 -5332897
5214579 -3166013
-3127006 2579059
-9231063 -3797145
5876394 8061841
1870783 -4075471
6531551 -5705691
4210979 -9874057
3000403 -5623815
2613066 6834398
4594853 -2457608
1851216 7175554
-9362308 -5894466
-8457590 2844121
461401 4069015
8736119 4966124
-8199888 -9463554
-4368143 -3532950
2669906 -8810542
9251299 -3599205
2325324 -8937348
7873313 -6361566
6280730 -8626773
-4250588 2084292
-8564957 -718867
6823525 878830
-9429263 6029896
-9864570 -8808906
-3448433 -8791571
5277445 -8322160
-839683 7012968
65766 -3470084
2996966 960429
2149887 5697624
-7901581 8183224
1762228 -6082462
-2444027 -3059905
-1686678 -364459
-8280166 6353055
-4365812 -3420913
-25731 -6845123
1701125 4974066
-1318488 545006
1753436 -5647092
8547100 5233079
-5237600 9547233
-3922851 -2292583
8667846 4828166
-6957858 1590467
-7709956 -6665915
-2748376 -4859439
-5402992 4052272
-6312186 4807597
-6322996 -4573317
2005770 7924000
3595229 -688808
6801610 -8019961
-4958602 -4703646
-350738 -4516878
-9283798 6794834
-1141581 -1803637
-1579868 7994954
2823120 4935568
9042387 -2912021
422064 5865263
3522176 3848783
-2098944 7673688
-5002363 635537
6062220 -5894778
4545574 -1325359
502186 -1932010
-7435619 -1859197
-4046491 -2696204
-4696729 -2394221
6916965 -1880876
-1168161 -3980527
-5985573 -4224616
3227304 7251971
-5660050 -646101
7735514 -5213956
8634827 -2721633
7468407 -6225957
4409580 9052235
5673809 4982397
6173390 471800
1056142 219383
876538 -3324424
-3504275 -3863125
-3740993 6830048
7465524 1798996
334821 -6824028
-8532291 -3702637
-6450666 -3134400
-1264149 -2788635
-5486239 -9594363
-2315996 -3528634
-7238239 -6851411
4717176 7668763
2651160 7171341
-9840507 -7092662
3126721 -1175449
-1983521 1215635
-131138 6519612
-4133988 -2971444
8827552 6127869
1820194 -6668464
-7854749 -8321275
-1455675 -4195745
3015620 -4305415
8616574 -203471
6267895 7529382
3194323 8816930
6485694 9029656
-1282651 -9572149
-6664811 -8346794
477757 -1123158
2608829 -1021737
-4502125 1010589
8039145 -7522309
1121913 -6119761
-2788225 -616950
1061775 -7057893
-8737286 -642974
-2432037 2122453
-8081018 4278334
-5675932 -3815462
-4998532 8186877
-267115 34743
462595 4003514
5656721 966586
2359780 -3685864
5292399 -3865522
-338581 7484961
9962652 3306626
7186865 -2299435
7083615 -6399083
9059376 6914992
8788370 -1854610
2784195 -9677910
-2883223 -3643666
-4942776 4703177
-4593594 1440845
3991941 58692
6578559 5139291
8622229 -5545464
-6714976 2235280
886110 982009
-1533030 1093776
-5599598 -9452470
-9235553 -9054025
7063244 4103620
1018612 7848062
8509804 6122621
6444711 -7676665
-1320331 1294000
-4002823 6077840
-9964962 -3746755
-1171711 1403584
9059227 4026979
997867 -4593152
7642128 197809
-8820182 4282891
-4623333 -1471761
-8407879 -7836859
5625468 -7706578
6397042 -7643432
-9795370 2688712
-8672315 9932006
-7744659 1230786
-7475214 288749
-3633411 -6548638
-295393 -8961684
-5041748 -3598373
-9571394 8532897
-6060255 -5982521
4215288 -6057175
8225717 -8418126
-7373535 -2088541
-7409048 -6397616
-4104194 -5781414
-3424846 732772
5937836 4809200
4741207 9296136
526922 7265522
-2445729 6996548
-9552089 -4431939
-3393623 -3562788
-4644808 152518
-8798233 1564629
-1901540 -4216202
-7757024 -4858487
-3276613 4830101
5257912 -9531307
6587429 -8133796
-3915210 7848864
-8902012 4999588
-191212 2659944
1956080 7035824
4301346 7066347
-3420752 4999354
-9432585 4371969
-9190818 -2972841
-303971 -2826208
1254773 8680726
-5535476 -6585851
-1444338 9353234
-3300313 -3292500
9692545 -2204599
-338395 -8042401
2322815 6279975
-6204085 5746395
-9077309 3420803
456627 -3878945
-6812597 -4604877
-9605523 7274326
-5837353 -233349
-689838 3478245
-9347963 7488181
6168907 1522543
4936692 -5576837
-6223603 3149784
2373636 -6507646
-6195893 -7007564
-5049965 2066182
-9137491 3465712
-8271541 7272850
693653 -5341576
779479 5167502
3078977 3666632
-6542690 -3516766
6249885 -4010193
9468052 -2380042
-4891861 -4439953
-401057 2636441
7059604 3793399
-3056817 -5464365
-9455658 3352353
6344789 9316819
-6100647 -5651551
330514 -8705176
1084026 -5238138
-8063362 -5424675
9742828 4294031
-2039336 -4767530
1715704 -4661843
1327964 -6065674
-5929364 -2034410
-3958011 796016
-6567542 -821224
5488527 -1842716
2692920 3008414
-3639232 -7568290
4264881 -4246386
-7381585 -7294443
6516734 8164235
-7073903 2948929
40607 -2399240
4411144 -5137264
-7388442 -216565
5121592 4888160
8822486 4327262
-7707148 8965909
-238075 -7106877
-5411749 -9148806
-991522 -4289265
8719150 -9923222
5024840 4217750
9971364 -4920082
-9698173 -710279
-2546044 5106132
-9428587 -665087
-547974 -7103594
-9724506 612020
2911807 -6136830
8751330 -7112948
7214314 -9450248
9515661 7573816
2983291 2023519
-4608935 -722414
-2495326 7571542
164672 4399543
-8866354 -3776176
-6179906 -4810488
4479234 3621362
-1272506 6638273
-4026813 4449542
7345948 -701092
9910928 -2058435
1804735 7621442
-9491506 2822736
3372488 -6927583
-9353767 239161
-7737320 -4595499
4682087 -3854123
-6282581 -2346255
4569640 4703113
-9073063 -3601556
1587956 5703286
-675351 7263383
3901657 8583542
3033085 8052143
9867403 2391196
-9667239 -7104615
-9483172 9778332
-4882580 -5346152
-2273735 3541674
-6219165 1006260
6410761 -9111150
-2965273 8559867
-3786388 -6390800
8312314 752147
7150591 -9216747
-997109 1755603
-981013 -8745101
9838442 8327540
-1103964 5436996
-2171808 -4612121
-1716736 -1236561
-8941877 -9322695
-4668847 -8683556
-2625529 -3824457
-301845 3057418
-3537380 -6328342
-7768474 8625268
-7765531 3497348
6765847 -9038510
4261095 3063135
7335090 -3567210
-2312311 -6736013
-8408473 -3645923
-8208927 -9957517
7946714 -6996085
1767355 -7864383
-7187078 -3770021
-9937225 -4658170
1517374 -9339573
-3765803 -2562754
1108905 3731881
2357150 2696818
-3805834 -4143217
-3181727 -2892029
-9828894 -7039987
-8090845 -8920631
-5656644 7506196
6376626 -403156
-7844320 8451235
-8544849 684051
2819669 -9897606
8848725 -4261142
1080688 5632591
6293019 1427853
1381451 5114414
-1153704 -7472784
-2259614 5006708
-9136509 3719798
-9172231 3934552
-589083 -2318235
-1238866 3515227
-6462225 1320072
3433269 -4379158
-5927923 2430753
-6885195 -1894699
-1792305 8043580
-6217562 5934474
-5916583 9572773
1000626 -2620521
-7506107 2892788
-2063643 4898429
-94862 -6143459
7576339 5676743
-388704 768629
966746 920460
-5564313 1538565
-7141362 9727880
7865074 -9510185
2920568 -1191741
6913560 -8062848
2497084 6035373
1969847 7637607
7210380 -1204125
6175354 -1430383
-8537595 -9272642
5625788 1185599
5042141 -601238
-4924494 8047278
-1184093 2618480
-6461059 -2796846
8741719 2299006
-5456762 -9509020
-9019205 -8399643
-7075032 -7591687
6861817 3901364
-63263 9838528
7476136 -641099
671128 4422937
-7007446 -2797132
-9553421 -3153518
8032082 -5545041
-3629926 -1411281
-3364003 -4409425
725407 1445580
8648734 -2031744
-9732738 -3219300
-2728319 7390453
1507163 -5189499
9735166 -9231172
4670192 4432131
-3212988 6596983
8472236 7123282
-5937429 6779500
-6017632 -856635
-1493801 -2944875
-5973564 -5571053
-4465982 9054633
-5354792 -7087138
4358442 2170015
2654624 5370616
-7848684 -4476472
5430334 2921886
248739 -8060651
-7291822 -3062503
3885980 -16095
9097240 -105278
9534356 3189344
-31156 85829
1745546 -6403073
-6831596 3951213
896512 -9748255
9306379 -2805159
107703 6430531
-8883102 6467939
-5645093 6982498
-7493974 3771522
-3306591 9022576
-9038075 452712
7390209 -541500
1958758 6186455
8597530 -6207458
6981886 -6427650
3658179 8131886
-8271186 -3049269
