872 8986899 3582024
905
-7311682 -8676611
-196308 8785629
-5874850 -8429002
-1660860 -6275528
-714357 -4323356
3149541 -4877484
-4586685 9413477
-1902652 -6038039
6200622 -2605169
-8969895 4705192
-8347939 -3530222
-7622700 972176
7900232 -3291807
8619954 6690832
5677732 -2575864
-1252475 2201979
-6496040 882402
2453400 1067569
4792041 -9854538
8338458 3308892
8431408 -5922316
6007513 1487999
-2033688 -6155277
1239554 -5895138
1326406 -5833066
636713 -5213989
-1725461 2978467
2203012 -4469635
-7778803 -3825229
3598907 822967
5541298 415281
-8702317 4862785
-4069646 1561610
1707072 -3732565
9576327 3238748
-167216 45530
4049881 8007735
4368811 8356650
4977864 4532546
1215832 8124717
-7089271 -3695730
1799090 4368897
9899262 1185268
7360040 -5997898
4825069 4636812
-4947907 -6524701
854436 -7117281
4444329 8866129
-4866436 -698857
-7460109 -3848599
-1286717 7226244
5233979 2372675
-6754323 5279517
-187937 -397210
-2272492 8223541
-5472188 -8972105
5396793 -6845411
4339857 6326902
-9670996 -2187593
-7550781 -5783751
-2308451 -2329574
553145 -9982335
1400146 1062337
-9636520 -5002525
-6334772 6533710
3759954 -7096629
-2207601 -5105136
-9825619 -8489714
-6370572 1038076
-738382 -13556
-6469309 -6126712
-2972123 3789430
-7367316 1443836
9256244 3884087
616688 5478040
-6851534 -8294537
4239480 824589
-8113073 -3782036
-6268209 -4360374
4689689 -7749593
7670131 -2602981
2291883 -9034005
4992633 -4537470
-983042 -5017384
-2514588 8622062
5011702 8278576
-5415642 1016104
-7540060 -7960420
-1559981 9733394
5211435 4232536
-1545648 9056707
-7602351 876253
7094217 -7306168
-9150189 -5715424
-3465017 -9173992
-9260620 5539500
-978153 -5794886
-7816004 -4452385
530232 -5985519
5152895 1200955
-8004117 8015644
-8451900 164597
-5279471 9096594
8829988 6524393
756929 3160548
-5266392 4041423
-5082323 9211281
4421466 -2868743
1415833 -7988106
5354255 5271277
-6672871 467168
-2811365 -1390013
-3326046 2348976
-1120191 -8111017
3089938 7204186
-2263817 -5967296
4197302 -2397826
-3301232 -715717
-4191324 8917831
-5405268 -4471244
9570180 -918042
-1706761 -671660
-1024051 7004209
1532455 -7285295
7985982 2908134
-6624698 -3113290
-1986951 3829463
-3821560 -6919711
-5030727 4687004
-5592458 -2425399
1607306 575563
694089 2143725
3944361 8320960
-244857 7392857
5437966 2269389
-8648653 4349875
6194567 -2475502
-5471293 -7839061
7391996 7686868
595002 6061162
5464225 5377979
-8276206 -3513343
-433054 -6522726
680630 -9581414
-2006812 -2947429
144487 5088173
9748250 2116846
437806 3354928
747786 3692611
8478353 -9807051
-2940823 8702104
-3773398 2346052
4506991 5770096
3456965 -6728339
9332823 1898988
9793319 -5948033
538624 -2686600
790675 -8482887
-8064300 2621923
2190846 3987657
-924170 -7554760
4562086 4851685
-1793386 -1175919
5033044 -5000108
7709193 1470752
172856 3511397
-4142550 7284722
-4428829 -1084190
2187471 2880793
-5220219 9028136
5596455 1520294
1350047 -5426900
8606566 8651432
1273355 4657074
-1355269 3058618
5503858 5980553
832239 7720562
9060995 -7417704
-9901460 1555205
-6974043 4094039
-2394563 324085
-2391192 -4284835
4630975 -4020761
8860032 3179979
-5275533 -3181554
855092 -6360186
-9270734 -9679078
8972354 -7794861
6862213 1852184
-5089198 -7237939
8742615 -4493055
5743859 2931012
5513308 -7908794
3646411 4804854
-1101107 5611848
-4064066 6672368
4903885 -979318
4999921 -3938906
1757425 -465140
-1130342 -3623694
16120 6481892
6802814 2241102
4446242 -6738262
5113923 -1708479
1053582 -6175193
-8151896 2541077
7988442 -7687451
-5596245 108315
-5086831 -3981898
-8370049 566518
9755238 -3671585
5349097 -9917763
8659683 4659123
-5806017 -7134629
-758323 417108
9415352 -4420007
7821096 1774149
5035887 -1265482
7026039 -5216310
-1391503 -7333838
-2276408 -9404026
-7091477 -7027046
3081269 -4287966
1730136 9828631
395149 7994439
-5677146 -4123561
8475028 150388
-5190489 2188303
5053674 7134711
-9931829 -8480153
-2900160 6811703
-1414148 9483523
-1781958 7437288
-7779022 -6378260
8804254 -4755919
8356407 829476
-3681218 -3472154
-5243768 -8735069
3609914 9400051
-89158 -997279
4879160 -5994937
-3328197 -3249952
8938352 -4129459
5521604 1481315
-4482486 -3491622
5836434 5589776
-2410349 -4866294
-7429005 -5577714
-9439622 5807693
3568127 -5208027
-1862199 9364633
8408831 1924534
-4294183 4456583
3856635 5681416
-5315863 9315731
5837147 6283829
-6966122 2079649
7950190 -7491050
-3493383 4488582
3513312 3471795
-8422077 2024131
-325810 -650254
3772033 -832426
7491620 2245185
-446490 4332411
-3786604 1059747
5500633 7691312
2147895 7138580
2819996 -8793549
3038534 8520882
-2678936 7504133
-7899866 -1124319
1384632 354942
-5156476 -9949675
-3961528 7891249
-7568267 8356836
-2293417 -9867253
-699679 2105923
6867460 3994968
-9156269 -3208059
368040 -3579030
-5887718 -2942872
6712060 -4131326
9591477 -1223470
9813764 -467944
9552541 2630011
-8494307 -2865172
7489770 -8347325
4219352 -4593323
5814278 4849646
-4277165 -9742176
2906923 8246011
-7131714 -4054230
2457090 -7792755
-8484462 9735746
-3843283 3300821
-9642051 1883579
268605 -7214649
1561881 -413639
9118417 -139918
-7509907 -6108002
1026826 8670958
2839986 6512138
4435167 -8967051
-1601053 -2940662
9833515 249446
-1504543 4121782
2583904 2740438
-2535965 -6119904
-6384158 -4959006
8341816 -1020426
-9136847 -7711089
-4925737 1216117
-9197521 -6351890
3508192 -847504
3044494 2437248
1108207 -1485363
-4973224 6587673
7620622 6464545
-6476117 9461943
-7772259 -3980431
2657704 5873750
-1385811 -6760449
-2880353 -4758392
-7201045 -1405424
7574150 -6748159
-4459247 -8859229
-5126760 953655
4601765 -6868632
-5199784 -4324281
8112968 -1890043
-859053 7844711
-3051264 -8262473
8202072 4167723
-3853982 -5430642
-6894721 4242307
-7367590 -1626240
1613311 -1720665
-3962704 1246599
9841175 1249310
4501151 -1163749
-7506626 -68322
-9114667 2558256
5689624 -2633386
-4441314 -1996549
-1370240 -9510159
850904 6188006
441885 7770707
-5545218 315992
-2598298 -8839691
5402616 -6882847
-5992735 506981
1302669 8035026
-8202023 -1863072
9386238 7339965
8692568 4155505
6603535 3887389
-3554354 -8814058
-8931092 5220
8008671 4651622
-2342185 -3372406
5331952 -3361568
-5590861 8508719
-1175289 -4226163
-3065854 -8619726
-5502573 6226413
9249747 4853115
-4595507 -1495308
6641620 -6931232
-9591267 9718823
3874328 6027858
-7568401 1617653
-4680053 -7005785
2999435 -1122755
-6471132 -3611145
-4467198 1008107
7646539 -6296965
-7788245 -9135246
9154944 4572030
5952304 -6447182
2295584 -3910910
-9057795 -9550269
-1045577 -5938317
-2869549 -3653301
-3934478 8112395
4140253 -9944464
-5810459 2456202
5450417 6571853
7965450 -490512
5898343 -1550148
1974311 4010670
7713706 3947497
-2671396 -7862798
6709233 2441813
-1489017 -3516452
2572638 -4822111
8143973 -9193433
7384602 -3968804
2377895 9614748
7727144 7031405
-396707 959769
5932323 1867397
-9044398 3792834
-6697678 -6100908
-5134704 1437405
-4551925 1717018
8180867 6839608
8976810 5678133
-1880054 -4490529
1993019 -1797605
3380285 6630930
-46151 -5434342
596854 1524258
1139006 9854804
6886209 5491101
8967222 -1133850
3249900 9005855
2798689 -2584103
1314989 -3278146
8159259 -1382636
2850734 6180285
3019893 -6392665
9285468 1031601
6541073 -5486944
2715451 9921767
-930951 -1465908
-4383898 -3904264
7619994 9022898
1394054 -1270692
6736761 -8724647
141503 -1719736
-2713881 -1779665
5636232 5907755
-7370390 2601160
3734876 -3048779
5647859 -9211131
6912556 -3414390
133564 -1332248
-4302840 -1285623
-1363856 -3325363
-2274919 8412612
-5491652 7705193
-755557 -4142464
4586844 4644695
5920048 -9361502
-8564886 -6160042
2060293 8577903
4485659 -8762415
-3644903 -2303474
-2835901 7115269
7904138 -9910026
9191936 -7188042
-6003937 -2666953
6047424 -674500
-1483511 -306777
-1894165 -5316432
4905113 6241571
4615459 -4869464
9775231 6665908
7304406 -8281345
-4441387 -1788369
-3210466 1255872
2493457 7618907
7831785 -8724807
906814 8848555
1454881 -5004116
-2192157 -8672695
-1339648 646817
9972318 -5679742
4013481 -5292224
-8092304 -1511193
7246730 4635669
2282557 6812809
-4004931 -5621459
-3902803 2057788
2785771 5815828
-2928300 1655810
-8208931 9575305
3366851 2081510
930065 9622854
7135091 -5726335
8117322 4901298
-4451885 7459286
-8220456 -3222326
1485450 8036785
-3474407 -1690623
5461398 -4090502
5238659 6288675
-9332783 -2256045
2318095 -8766271
7049557 9280766
936576 -4896134
7195524 -5878743
6202767 -4756002
-5133148 562375
-2647608 9649184
4550482 4518295
1977581 -4530285
-5236259 2614950
651735 3757125
4582855 -1234456
4675042 -306320
8498708 44253
7788209 -86298
-6336217 1682277
963043 106304
5210171 -9286660
7350949 4415971
9659969 2405695
5484422 -3929931
-4280747 7043174
1561469 5353166
3339233 2786088
7917390 -6460949
-187472 8102975
-3131481 -1430875
8262806 -5604617
-3044011 4059913
6489967 6761514
-1556209 -5255802
4850502 -9846250
-9132910 1923186
-3660843 -7422975
-2500928 8218040
-5711891 -4000873
5558653 -7016506
853013 -7476286
-2173846 -2879878
-6824475 -5807754
4811573 -4256456
4312670 -4495594
-7583859 -8319908
-1743642 -4908172
4369694 -627870
4116328 -5253675
-5099924 5329837
-2746977 -8516817
6576560 8283518
-982090 3592180
2107659 -5924367
9575479 3306019
-1653914 -2333688
-2697213 -7055156
-2862909 -1311408
4432137 -7005336
-1500930 -8051336
6145109 -8738841
8869339 -6568436
2803694 -5598533
-852208 3239033
-8914778 9436375
3435910 -3435780
-5152261 -1661755
4446777 12470
-3395545 3865649
9688021 -3445563
-3262899 8696287
-8358869 -9449541
-760949 4039888
-449095 -8705426
-6756761 6187540
-34949 566327
3997891 1904700
6306167 -8649258
4589775 -3198414
8754313 7970311
7050884 -1808651
6529594 2190223
4719045 -8101377
-1719376 976372
47161 -8676499
2536140 -9515003
-8964544 6784262
-6659497 4177271
5471846 -7209140
8978400 2891408
-6542265 1231437
-6863863 -8540196
-7189454 7455627
6773565 1958656
-7554681 -83326
8108023 5527878
-9765547 9496203
3911178 -2846030
8130342 4953498
-1206649 -7808197
-7323200 -9306145
7478117 -8670509
5506763 6228609
9019469 3334972
-3773620 -6505039
4726398 514221
1974025 -7799532
2172447 7862535
-7662457 4784572
7217598 -1053988
6990242 -5217138
-5720934 5325621
-7520409 7224695
-5305455 8190244
2898399 3126285
3820140 3487897
4817388 5575200
1803809 -6185390
7149582 -7159497
-3664536 823278
3853851 5892315
8092783 3578214
1440749 -4172123
3128801 265230
1727594 3778292
8561155 346399
-4327980 -8765812
975235 5356573
3546817 -9332036
3794249 5669780
-842323 -3554783
4536769 -9869258
-6054648 6491418
9331921 8856930
-7803440 3611286
-496399 8183738
1761952 6050411
-8121712 -9887264
-7105682 -6797298
-502654 5007089
7869840 4621912
-1627548 -9425147
-1552222 -6458139
6726177 9347687
5017468 -8005404
-9043835 -6963222
-6832480 6691497
3182915 5492934
-3133784 9629224
3240511 2514837
698575 -937224
-4886813 -7255888
-7143151 -7539473
8179581 -3008524
4514917 8267519
-4594216 -9806720
3284485 2384758
-1557029 3778236
3125924 -8267736
6243212 7685500
-9277722 -9340256
7351241 7199377
-4791337 -6110201
-6480977 534157
5565346 2074879
-8862345 6759534
2019999 8780273
-8759200 8767194
8275022 -2606800
-4339281 1936734
-5353634 2789940
7691050 1066503
-5155260 7930851
2179467 8650373
-1147775 487016
1146760 -1577321
8138408 -425497
-4019346 -1501999
1548510 5863423
-2061698 -500322
8775564 -2886144
-4105871 -8407691
-9640496 -6688085
705115 9651282
-5895632 1150878
-6059182 -1117813
9948690 -1249266
9197937 4148220
-4685055 7309782
-9686850 -6106243
2316436 4167170
6258026 1459910
2474264 -7028803
8834620 -7761320
1738358 -5977226
-6347017 9289275
3397936 -6969725
-3657810 -7936536
-8285254 -3726208
7424671 -436342
962197 8335466
9602552 3881841
-9453586 -6572761
-9262978 8800490
-7305753 -4138641
2544882 -8949828
-4973565 -2472965
498232 -1197092
1041588 7500699
4039825 -8150795
-8861520 5296299
842926 7692808
9756273 4536416
3326561 -298532
9265126 3987371
2322838 751232
-5366927 -7256325
-3829085 1925390
-6757768 -4820513
-6442801 -3092063
-9525539 8452831
8496219 6102081
7421341 8017248
-1965701 -8489197
-6639992 -9020719
-1208068 -7925875
2283285 7014840
1551257 9634858
-663673 -5444090
1059634 -5122182
-1854598 -8882195
-6138519 -6617528
-2175786 2778475
7957963 32396
-543315 -6417201
4551982 4031514
133595 -7552502
-9535253 3048201
4559005 -9928712
-8949431 -1500954
-6910477 7919013
4933854 -7641146
-8006288 -2110839
2445071 9001463
6395633 -6153609
-5035803 -6495295
9403529 -5458965
-164138 -8657970
1374426 9744096
-6673105 -9689823
4341691 3347463
5794961 395229
-6556569 6991638
7062926 6259708
7275107 8002436
-1562199 629848
2988702 2880982
-9229857 5888007
-2594178 -2501234
1345158 -4268433
-8247376 6317807
3375194 6309355
167737 3672506
3416602 -6788943
-6478766 -8457837
4889626 -740151
9655078 379278
-2629084 -6799061
9460648 5614861
-3866351 6950195
-9903605 -747893
-7866911 4571451
-7024190 -4398551
-4383433 5419585
3667504 -7102015
9215792 6961725
-4212568 5420128
-907366 2590987
-1681604 5955169
13684 5025588
-5714563 1839630
4735260 -5096690
-1895750 6456868
2071729 4622529
1572724 -9918750
-8150291 8205379
-4706818 -5814529
-7696728 6499150
1918735 -1731008
1166977 -2080161
-5118435 -4413761
3522720 -7100878
5490109 -6814651
9140519 -7384646
7640943 -6191495
-1835513 -845797
-3426134 4442732
899600 -7100252
7522277 -2805532
9792070 -7028670
3693061 -8388647
8313176 -8358221
657281 8986243
9771587 -9383552
-1463713 5092369
3194960 -6545083
-3645961 -4065796
-880446 -3282320
-8150613 4360500
8169005 -9223575
-7553020 2006682
-3550586 8849844
4265944 -979154
-1268334 7349015
2836697 1788221
-4084074 -8959912
5198219 9046110
8032353 -5770898
7361902 -4144499
-9052130 320292
3775209 8414542
-5651254 -3340818
3376863 -9870752
-2993900 -4015348
-3238923 -2257398
9749284 -4824895
6541302 -8275590
745256 -3801302
6064065 807246
5111820 1993275
3033363 -8582886
-9536776 -8972254
7773201 -1768417
4087084 1011929
-8667778 -2348545
-3934003 -2448694
4210488 -2376217
-9730616 -7068904
-1084252 -9896297
-2153695 -2724516
-5033058 -1806822
-82412 -2404411
-3689360 -8491756
2315490 3179196
-4827529 -7625295
-6208180 -2572690
-9028591 722187
8953770 6771396
-9700322 1260962
8912417 -4442794
-4375136 4148252
-8227965 -5021585
-2090489 9835352
2455408 -7958581
-8166744 -658389
7534789 -9698287
-9586345 -3199802
-1691558 9968729
3147926 -3275705
-8384648 3140284
3083947 836749
-8441064 7923524
4694921 4055356
-4683682 3029058
8586264 -2489049
-8340797 6745087
4239854 -5788872
6562833 -6568762
7989010 -7850635
-5992671 -981759
-8163694 9822266
-3377536 4058470
4027200 4766313
-8509392 -2552742
-9412458 -2824874
528227 -6894039
3545837 3671489
-2273155 2087164
7632574 -9242890
-1731939 -4440485
4820955 6218839
2946319 -72736
3358503 -939191
-6273473 -7974496
-6439903 1347513
-6313869 -2266144
-8207674 -4603596
2679069 308595
7755853 5819526
5511004 4169678
-208009 859747
-5468763 8555584
-6840900 5854180
6611291 -5225566
-7149698 -9208326
7010513 -5120648
4806617 7671257
-3267934 -7526815
-5501311 -9318528
2028985 -7025055
708801 -1941213
-4028457 -1768532
8540063 -4982520
-9162994 8650612
-4663358 -1187732
9672015 -1135637
9936299 -2355015
-6500834 -5796748
-8505961 -6904601
-6112927 -9889543
-5010191 -5655659
-7984402 3413939
5887124 2312778
2994250 -8735984
-5761038 -9614187
-9039048 7539587
-4228945 4947763
9965243 9448847
8099460 6827470
