97 -7561512 -2802809
187
3730970 9081307
3700408 3940741
-2119298 -4643985
-7161718 9679116
8954925 5495060
5392179 2380446
-1957115 9681121
3577247 6228923
1284917 8803509
7742843 6326987
-3251230 3875233
5886048 9929524
-3419704 2134414
5040470 9629608
4584448 5703482
4784789 -7762339
6178402 -1684582
3671433 -8998450
-9319334 6575457
-5413131 -973933
-8593486 2151943
1833064 9979048
-1275676 -8034249
3285612 7926663
4253650 -9990759
-3599173 1028456
-6525668 3518773
8169539 4803227
-3050813 54628
8274463 3210009
-2035977 -8466365
-7634595 -4424396
-3422846 6658777
3234234 6036839
7579258 9774172
1926115 7821104
316504 8985772
-9048476 -6240821
4202195 9040828
1566422 -3246512
7781944 -1544155
-8025382 483601
-4713172 3772628
6343609 2660510
-4129481 2236016
-3713997 -2865576
2710028 3834542
-6990328 -1348591
7204600 9287183
9061355 6243906
-3418638 4783858
3769631 -6496177
-2736998 6897867
-1544953 -2762493
3990995 -8534803
-7562605 2537821
-6978578 -5710708
578272 6928365
-411125 -9175397
-4423029 -3078119
-3427343 -2024253
4326641 1862974
3030735 9282686
8569869 7336313
-3903428 235335
-4980806 147576
3651399 2677934
-7907847 8788825
8542684 3430754
-2587697 -6936447
5601374 -4949969
-660677 -7633950
1810768 1139149
-5519896 2433948
1872181 -8600357
-8108258 57075
4436401 8444839
7727525 6218384
3554697 9983489
218824 -1186254
8961322 9651269
-5154444 5238018
-3456805 -4870926
1076180 -3062291
1262 7602231
-7347737 1004835
3370886 8118989
-8225510 1991586
6941886 -4818346
9097649 -3745406
-1171979 -1185932
-2741093 -9010608
7207776 5780774
5764263 -5013568
3800178 -6721175
5446447 -4016912
3737458 -4722148
406926 -9707997
9746064 2797006
399237 3999458
-4995706 -7736321
2899020 3051500
7559439 891532
-1410462 4673510
-9071896 4501325
-6684607 -2312813
-8807069 -7727523
8053251 574300
5560732 8400707
4195885 -3666133
2316955 -8122738
-2844885 -357668
-7549313 8570765
1367771 78393
-5922148 -7803249
6976782 -8232991
-2665139 -8401502
2490030 -124198
-5450688 -5105700
1911978 -8920432
-1233245 7993768
-9733755 5227371
8318024 -40313
-9123254 835849
7169716 -3604892
-1727629 -2411017
-252333 -7996977
-9426212 5427486
8022231 2198354
-3088542 -5542088
8741273 -7899917
-6301419 -6111760
3764043 -3923866
-6513213 -1295037
-215469 829707
-1176524 5398765
-6857512 1067639
3543678 -8393927
2441922 -8539488
-2144379 -3063224
4525760 -7872010
-5868987 6127992
-5928170 -5726573
-1011866 7221154
4195418 4610413
6710497 5899592
2304184 2936691
1529177 2925430
4146746 -3931773
-585713 5015964
-7068919 6447629
-2484732 8237763
2360188 -3926430
-2465918 3575298
3028427 -5197889
-3069899 5389703
-5965953 -9929461
6860318 -6422533
3314973 -9377771
5232643 -4151548
4264396 -2489609
-9552918 -5540508
-98726 -3431419
2636808 1976259
9508576 -5951980
-9504350 4567447
-4678438 -7560343
-1486773 -9472730
-3381079 7681751
5000214 -1436338
-6046635 9647348
9717887 -8069685
8024134 -9496235
-8874006 6578205
4943010 1339107
8849498 6358637
3334481 -792594
5775987 1812932
6305544 -6764244
-2716224 -9070852
5496595 5814120
770129 -9704222
3339401 -9181842
8499909 1799709
-9636629 9958322
2122022 3500123
-2053210 6833088
