161 7741307 -6317446
175
-7988837 -6388117
7763228 -572916
1578498 4381109
-6032125 755061
4025473 8271243
-7952825 4939289
1702144 7338042
-5712759 -3078575
2000482 9748077
-8566019 -2024562
-3262985 6969838
6327628 4089182
-4631089 8006133
-8839104 1421126
-8321215 -3086915
-6958680 -5156550
-3213114 -6310051
587410 3320900
-5924038 8365385
6636628 -2928363
-7989074 617787
-9527819 1200155
8121581 -3770577
8493852 -5240577
-4748787 122063
9608254 9927833
4017015 1988228
-5639 -1547766
2389712 1902278
1331716 1155257
-1484940 4068497
274798 4373036
-9789711 5301946
3667331 3378561
-9549802 6802603
-2579610 -7179688
4020467 4977477
3723252 -2107429
-4831654 -5341600
-2703184 2217104
-5338711 419559
4924139 9421422
-2126344 1194656
-6903066 7434852
-8893538 -9736632
-3151783 -3054998
3834391 -378478
7439820 -360632
-6982071 4044680
847283 -6376496
8960168 5984479
961956 8267673
8676596 -4503013
155388 7201560
-8064984 -6155057
-3219146 7452204
6873626 9112657
307313 -8295006
1656198 7263634
43354 -4079400
2865602 2762660
4900534 6891571
-3469061 -3300007
3261025 -5143293
-1519789 -451132
8049700 -5891692
-7624019 -2559621
2937366 -988344
8729569 3568930
7413873 5609106
3061310 3180937
2293595 6711079
932425 -7548712
9714922 5117260
-8962140 -7411376
5351284 -7725372
9166200 -3580185
-4363840 -7231829
-2375122 8213491
-9721288 8897186
-6994506 6105089
6061820 8328412
9856420 7897828
1466758 -8484462
7124645 1102341
-5716721 -8603017
8108062 -7297693
7669948 6576874
-5789514 -959512
-5854536 -98778
2175851 -4751653
-5815486 9496748
4781271 -6141597
-7928106 -179326
-8765788 -7593851
8511238 4866958
3195370 -5760293
4653887 -2910590
-8878699 -4431857
6670484 8636997
-9966020 762298
3464605 -9046237
46989 658394
2215234 -6349095
3552128 4257476
2022175 6360698
-1626201 8244331
-7897266 6206689
8543715 -6844930
-4438780 6690980
-5925709 9777928
6533987 6588810
6194573 -213987
5354156 -6295774
-7658777 7315874
-1921828 2024641
-4505244 4891555
-4450051 4059129
226387 -1941902
-7684426 281536
9158586 -6221485
4539198 4337749
-6939210 -9951263
-6796192 -841716
8365616 -8395495
3898785 -8718620
386542 -7560093
2225921 -7050876
-3346650 -3418885
6413341 -2419923
2121070 -1005427
6402480 7007865
1066995 132179
8190277 -8047570
-5249682 -8706618
7588249 -9494149
-2640048 -6091096
-6042358 -5356201
3802083 -7062906
7057951 9677802
3475534 2167699
-2876041 956737
3905861 -6137924
-7040456 9349880
9446309 -9440788
-7929863 1889237
-1102897 -5916268
4215911 8472618
2941400 2480450
-3709816 -5077460
-4571609 208070
4116974 -6121567
-8961416 -4695305
-1758211 590968
-7214878 4840667
9524718 -4700260
-1227171 6260656
2639085 -3351323
-4001443 5195043
-1729393 -1885019
-9995782 7961219
-7955049 340744
-8670286 -8582327
3898123 -1222786
3699754 -3212534
6995536 -9811693
6583092 1644497
6949192 -6371137
4219831 7621676
-5021305 7707333
5523425 7004954
3265610 -5496586
-6331557 -5703745
9491298 8421047
-3463972 -7816647
