82 6857986 1237507
127
8038430 9938669
1153447 6703872
-8814399 8732555
-551168 -6958703
-779771 4616497
7713371 -7503981
-4251207 -8508973
-8727717 6886499
-7729068 -6479769
-1377021 -7678944
-3621199 2273298
3282179 60781
8875879 -8361007
1987979 -596365
8777973 -3672995
-3734325 5741838
2445710 6816403
-1934689 7419122
-9539581 -3852337
-9235839 30495
-4957134 -7803000
-6311973 993884
-2119617 -6691989
-3171758 -5039689
9797719 151316
4940966 5451222
8028355 -3823480
-9668135 -1776855
143132 6904234
-6768760 -5163804
-9421966 -8562543
770213 -7986733
9432389 -4459903
1687760 1351876
-8617629 2409160
4606161 -5031727
-1521490 -3574763
-7750400 810540
-1712797 6358893
9026561 -922158
-5470936 -1915077
-3222205 3967527
4707025 5073771
1978006 9626013
-5537791 7366509
8803967 -2274402
-261135 -4959756
-6903307 -425820
-9073944 -8312394
-3386882 -2699195
2269079 4824779
3766368 -8780721
2029820 -9252411
-377166 6015968
-4906190 2833375
3434650 -1350604
5133275 -7860773
7212998 -9787554
2354811 -159700
-2793190 -8292644
-8050694 6817020
4373616 8527129
-1898691 1688171
-4107871 7470309
-5228885 -8456283
6368496 2505248
-3759121 -443454
-7179513 -7348784
8667184 787051
-6379573 2443321
3609069 6277346
932925 7055077
-216125 -1257655
1098997 -9337724
-7630368 -7861314
1472059 8305807
-650712 -5681061
-1476538 8362027
-1651311 7450597
1510666 -3068056
1953544 -4363844
5192702 -2120838
-6953270 8194423
-8502173 529541
5489214 -8286086
507613 7634606
4689683 -901716
356981 -8559462
4619166 6989911
1644949 -8544022
2278138 -494849
3824090 -6882992
-8520964 -8372574
1594376 4863904
-8204152 -172275
5463881 -6894958
-6499443 -3734256
6976520 -6827065
-3781172 -3452713
-9222446 8474347
6108953 -8291958
-6677322 -6198481
7758409 -6685012
2821251 3679659
-2348010 2377576
-8117273 -5533799
-9900439 2446480
-3409742 -1776831
-6912927 -8421403
-6077326 8184634
3806029 7399274
6181370 1902907
-2407806 7306586
6370225 3157890
1632237 3811022
-1964583 -335869
3465650 -9742458
6088883 1358095
7554107 1224060
-6398364 -1089866
-4107313 -4793903
168929 8000715
-3776116 -4007751
-9912802 6759187
4943822 -8172691
9226583 -5990127
-1570868 -8733797
