53 3687127 -8897084
566
7191803 6702115
-5393331 220343
4662782 3485423
-6106534 -487065
-3939388 8484716
-6935195 8436233
-6646299 -6715340
6121949 441409
5574014 -9550935
9259797 -3238729
9132301 -594412
-7583784 -1020902
-1627863 9262612
2947881 -4345346
1858134 -8048298
1170169 -3432851
-696155 -8433711
5051712 -1706809
322478 -6033373
4967696 1461530
-102237 6383090
9667750 8032501
-1526090 -4232184
-3783118 -1693949
5067322 6564277
-4030135 -4523321
-3027871 4199623
-4021412 -9097567
-3442913 5344266
7295968 8926469
8009971 931573
2497862 -9017511
-8207968 -2686184
-6203205 -9934074
1527457 2114510
-1502400 8764491
-686655 3941572
9709389 -9318298
-1012246 303607
-3132116 8442623
-6080698 6571428
-6712596 -4645899
-3743466 -6592217
8752049 -734008
-9291187 -4670026
-1222101 -1435631
-7936790 8718784
8548952 -8724238
3858040 -6144757
5969753 4862100
-3857057 7901849
1843422 6983706
7665408 5456288
-4240104 1552811
-7488214 9169514
5740943 -4855868
-6985414 8947440
-7644777 9028347
-1705661 -8212528
-2882554 -8892728
-7812007 -996848
-2278063 5895346
-312540 -5748797
-1893554 8787241
-3834307 6061852
3963702 6592552
3576258 2308637
-9718723 -4192876
-123713 1241666
411181 -3958827
-6298342 2388073
1335513 -3847876
-4819529 -3283756
-8979932 3690736
-2685640 -4008838
4994314 -1862485
6549213 -7981295
-3730092 5232603
-3463803 8753025
-2668771 -3107293
-6514741 2701890
-4989473 -8705069
9618407 7061517
-1696817 -4708195
-6150670 -505306
4399119 1230716
7382840 -9932660
-3216416 8250984
-5541928 5079663
3587177 -2196347
-1542480 1772432
3791137 -1418508
-6185905 7523085
-1207538 2577398
9470105 -7133356
5568535 6123691
7418623 -7044636
-9983119 3095414
8387219 7037030
9048077 -9163584
2067133 4752902
4820242 3447196
-5785467 -8033675
-437659 4120179
4440184 -1327395
2961390 -6850482
1731010 -7102296
2937141 -3247473
1846277 -1938542
928102 -8270397
369646 1316382
-3211902 -3503363
9592052 -2211731
7341652 -3195021
-9842252 495623
-4751475 -1093919
4869629 2224881
4191206 2585120
-3294701 9084162
-2243232 -6246453
-3096934 -8854517
6559539 -9281842
9987037 1150428
9211886 -7986968
6258987 1833315
5666049 -7343659
-8330670 -3371367
-3066745 -7545852
-8224521 -8738618
-5726642 -5725093
3180988 -8066773
-3325540 -7961765
-2860293 -1949383
9651132 -9134333
7135566 3845006
-2493159 -2592100
-9357590 6554984
-2294587 6582732
8595764 -9370553
-5020886 -3082701
-7910008 4854751
-8516615 -9354836
5615664 -6240677
7537057 -9067008
-4792101 -92505
-5642925 -8189585
6365003 905239
1472208 1031535
-5586446 -6495290
-133931 1123340
1047592 -8450879
8104105 7372910
-3528005 1690002
2319450 8325870
7759522 -4932241
2438863 -185084
-7023568 9849514
-6391163 -3561400
-2628408 1108448
-8984056 -8854105
5472662 2579491
6001082 7889371
-8562742 -5645983
-2141272 -2526710
1112983 -4149187
9916286 241149
-2385941 -7839425
3850578 536743
-1137386 4086054
1670166 8686380
-1498704 -3377864
8988002 -5890971
547629 -6005919
5102529 -7403160
6259087 435573
-6984936 6118473
-3475804 -5751899
-1397881 1532498
1522140 -2038545
3812268 -1022801
9218348 -7364877
7312051 -3755094
-701999 9348759
-4048834 -6321019
-7634639 8160615
7299103 7621332
4246713 -6616991
-2622910 -1196542
1400298 7310694
-2253733 -7520380
1114445 -9824263
-5576162 761331
4810181 7638642
-4399903 3025957
4519508 -3667679
-1032555 1928717
8173623 3737856
3086616 -3720504
-41523 -2528376
8148592 9037782
-824534 -5159810
-9260449 -2035953
6767505 -6577821
-9267127 -9367006
5628966 -9315845
3376244 -1520860
1756823 -3256589
6898405 7800083
-6657608 -3432996
-4584323 5014854
-3056429 7861901
-5883891 4383122
3178970 7633546
7621523 -280923
-8726789 5653799
3010341 -1713533
-1233134 448677
-3612792 -3733755
-3100761 8050724
8734879 -2879919
-1884427 -7471795
-8212032 2111124
-7572441 2388748
8955752 1202726
-3782420 8286303
6148204 6887782
-6212744 -4322496
5827402 2780666
-7500257 6966227
-4863622 -4034723
4251744 -6227045
-3262016 663072
6929317 -6981389
-8930665 3125193
2761626 6344908
1389465 2320566
6948042 -9122800
3265948 -4306215
6896511 9375601
7661905 -5261947
-8374165 5630444
3824300 -3673539
1623479 -4586909
4895670 -7831946
-1866668 4123223
412530 2548401
5727825 -7614924
7920039 7150514
-7207941 2657142
-8481598 1505726
6342645 5553686
6430886 2907867
8601652 3290687
-4817359 -7786814
9467591 -1985484
-6355040 5360898
-8312641 -8906574
9022870 -14388
2153666 3310839
9950414 -3565108
1499645 -9713002
5188427 -7120704
-9970190 -2772530
2400964 -4375182
-353103 5338222
891908 3919366
9343585 -4010458
9280229 9839146
4568684 7945238
8476106 6979222
2340120 4036276
-2353946 -7878934
-5376970 -3456168
2371023 9185276
-4379831 6776696
-419953 2321437
5200733 -363834
6863637 7284826
-7090356 -2253105
5601469 -8219047
5700320 2556541
8546083 -3506623
8848875 -2439743
-4494505 342665
9838239 3417560
-2546164 -6018399
8619019 2178360
1238544 -2383758
-3198481 5758401
-4948550 -6390433
-1552644 -5061960
4574206 4631497
1916323 6164441
6427688 1437843
-4264851 4825967
9898861 2029158
8522535 3951821
-8487922 8444944
-8696039 -112237
-6694677 -2982426
-6484473 -8857799
-4163087 -6724489
891753 4650899
409300 7075457
-9314976 209624
5147664 5460750
-7391401 -8351268
7813173 -278129
3676066 4524922
-8132758 4240861
-3729981 9411215
3363036 4282455
-4756249 7308907
-2803330 4875115
4409041 -3452287
-9793734 -6981655
8810208 440920
-4908181 -3956821
5634988 -298039
2427938 -1982528
5994574 -1163636
485096 -2424398
7297473 1119526
8160800 -9185379
5055482 -6510108
5417459 2544394
-3173151 3841854
-6332887 -1219504
6171963 2070601
8618314 -6619865
-3601520 -6902644
3538276 1340932
-99537 -4791312
-2572999 1146448
1680272 -4464549
-3111833 2371291
9946894 -9808802
1310724 -110385
704236 -239281
3250611 -528475
-7984081 8276070
2117924 -8815577
-7518729 -1157231
3429722 5785037
1681524 8653234
4266942 -5435612
5905320 8080004
5805044 -9678430
1468018 -4194217
-6142414 5748398
-1880311 5664642
-1627807 -6737895
3151720 -9417065
343655 9682917
-8329206 -6144044
-7867974 6110618
7295041 6203066
-4954165 -3233697
-7448660 9776312
945898 991909
5556297 -3250783
-5170779 -4787160
8050763 1461617
-216248 3150618
-8584632 -7964867
7699776 -3842310
-580205 -464943
117993 -3928031
8271238 -7428485
8943823 2978000
-911382 9942033
6145099 -8924151
-2157848 8900012
8676324 3707286
-5300805 -7090155
-340938 -7861425
9867767 -9744508
-5766539 -2995365
2671605 7918530
9953664 -3466435
2691255 4086973
6138383 169792
6241761 4627402
7198917 8772728
1750728 4512999
-3028616 6142740
-265059 3355698
2255710 5632835
-659879 7577094
3003291 -6551613
-4413038 -3444332
9327512 -7337647
-7816660 -4545271
-6626740 -6439027
94538 4854946
-1058081 5843276
-3986932 5302145
-70453 -4919698
-6146970 -7745171
-715820 9644816
5787556 -1879890
-8524191 -1228083
-5595248 8038850
5615944 3731519
7179906 -3738774
-4666754 -1380765
-6202060 -7233132
-9262050 -5339241
-9261916 -4018720
-9163774 6627562
2470838 -6651025
8651120 -7705502
-2625200 8483906
3255087 -8902980
-9258164 -6255817
1864293 5055619
6343888 -954255
-2915405 3340102
-2928378 -9251359
9526219 5216891
6352478 6767880
2051101 -5140535
-7963424 2666770
8648050 2789051
-583387 5291013
8639988 2000629
4295127 4403803
-4595939 -192540
-6579168 4186279
7930462 8659148
-3768881 -5837331
-4275234 -7688892
5651210 -7424992
5840001 -4674287
3058956 5239184
2007065 -2117428
2742037 -588566
4594556 -5941834
-636431 -2705034
-7414021 3242606
7759587 1296534
-4299663 3742319
6066131 -5428934
1273698 1104398
-7720102 9486964
6165985 -8279488
-5968380 -8972631
-6397623 -8109249
9732816 2199183
9954719 1958730
9841302 2791772
4719558 -5521864
-1463698 -4900308
2394658 -685886
5073072 416223
-8287243 -2503011
3755660 -4650988
-79922 9929446
1033844 -178209
-691245 -8806224
-7085711 -4169906
-3142536 -4525260
9881843 9462261
1661444 -7023807
-2548724 9614659
-5077217 1616164
6094300 -2707422
2392270 9642341
-8527193 7146955
-9920470 7303280
7316621 -937768
4411244 4308640
4238086 1072281
-9105927 -5668678
8041451 7788283
-6381623 -7280820
-9289727 3472092
-4549295 -7007807
8484739 -9407884
2723128 7112150
-8755334 -4063985
3228593 162263
-7679043 -144682
9518625 8137216
-2043152 -6206236
2855996 2114508
-3576852 7789822
-8621545 9783592
-5885085 -9338766
8449517 4788880
7508061 4672718
-9338838 4584247
92792 734686
1326802 -3888133
5740369 -1422469
4513546 6566282
9244898 -498613
9356706 -9741508
912060 -8434145
7875971 1391683
-6493809 1385260
-8308566 -6751680
-6968088 -70661
-6893074 -6930110
7858770 9663179
4335897 -8443557
-1342958 -2116817
8617869 -2486589
3625279 8749835
-2672634 -7538976
1543658 -634352
1383388 4357265
-2867891 788556
2354411 740094
4648129 560521
-8054219 -7253265
-4004945 670673
3116364 -6362784
9223458 -8456681
-8793501 6223290
296086 7082228
-5034588 -1941252
5572160 8953128
7702963 -6416719
8560657 -8286209
1079439 7546682
-5579701 104316
-9107128 4979179
8235625 1552408
4629281 -4236364
-1489629 2883755
6070780 6575062
2728630 -2978222
-1434903 -812856
-4589565 1952088
-8449331 -7712052
346697 -1777127
-2823999 9032433
5132066 8435209
-9851000 7395317
-2541649 3692724
-6202960 -6255209
8723971 1878650
5947410 -5310088
-7030100 6959596
-7640297 576691
9668105 -6003377
1018401 8430483
-2382372 -5086912
6865176 2099851
4387799 -4455585
3767288 932197
-35370 7250848
5686057 3459641
854958 -4903303
8789421 5835057
2096201 8313309
191959 -7413539
9792725 820172
-2220232 8655721
-767588 5278978
9275601 -7344176
-8913693 -8583130
-3670042 -7189645
-2573442 -1296065
-3235298 5711486
