265 2254356 -4795766
284
-5031331 821368
-8981738 -7136104
-1501253 1218291
-2369969 9862210
5077961 3378776
-6686578 -5241054
3693672 -5956243
4770537 -2249351
-8233416 -5492388
4615695 7383036
-7157877 -2053975
-7962906 -6999576
96874 -2896637
966935 -1289002
3481707 7043510
-2135122 6171169
1551418 8450376
-331333 -1116860
-1254650 -9949835
-4054707 -184950
4573997 6339664
-9616579 -8224933
-474284 -1732331
-4708367 -2329690
-4946654 1292301
1754678 2423681
5424105 -2104531
-2484815 -3691876
5019123 -4479020
-7435510 8482120
-2830359 -8982818
9467558 -7054280
1828860 8721059
1287576 -8347423
1467627 3090562
-8053422 7232870
9007937 8557976
-3174354 -7670001
309 -8949994
-5141341 -5366369
7057312 -2429993
5465477 -870311
5437813 2481418
518750 5497014
3979134 456936
1474118 -4400408
-1454688 -8851225
2386187 -6541972
-4889395 2890524
8497438 -6326237
3422985 -905415
-2347439 -9555983
5290368 -5052725
-4002719 -3005441
1628191 -4709322
-4622963 855940
9985629 -8798145
-3800375 3358866
-1144120 -2060206
8396731 6718375
-7682033 5351366
6500142 -7612799
8361582 863279
-6246197 -8597319
-4923556 -6527813
2566772 -7748758
5211611 8499430
5963057 -9780666
-2786107 501979
-1690991 -8039662
-4667370 1358436
2560292 3686047
-2955087 -4681741
3258053 8759917
-2005355 -1582854
-6231488 -5828864
9074690 -7171036
3692244 2785006
4187687 7436272
3424811 -37601
-5270007 9264132
279914 -4008416
8727270 9941604
-7040064 -3757029
-9280339 8457515
-7667696 1268945
-5045008 -3947709
1370550 -2591052
8685217 -5483742
2933404 7144955
3832444 -3320138
-491173 6701916
-513077 -4576514
-7140242 5717423
8196174 -6325390
5455094 6284569
4792505 5442520
-2099524 8251360
-5505669 -3963873
7009995 860412
-7870642 -4786008
1266283 1858651
9267599 9600702
6633312 5153185
-5185507 7952816
7149031 -7916932
8784985 1163289
6586775 9174210
-2592015 -9211740
6979222 9446533
-1752546 8120511
3563031 -5049331
-6797971 5556312
-8407561 -8536492
-5159728 -2303639
-4573295 1118786
-7022563 9485982
1603037 -790659
6878878 4761388
2714205 -1763651
319418 -8306629
-4626988 -7620412
-8446202 -8379245
4925367 -8040213
3922672 -1038217
-2917706 1904589
-628390 -7829873
242791 3161678
-2858462 2573640
2786353 -5648418
5470369 1981810
-6015855 8213058
9938751 964158
-4274453 5587182
-6176469 6817630
1027353 8439752
-9180660 -3340699
-1719944 6400366
876505 4889490
6367625 -6794577
-2373635 -5200822
9485657 5966271
-872051 6997975
-428385 -271552
4080030 -1214161
3284002 4874320
-4396269 -7933249
3030910 7268147
2855329 -4457518
4876464 8756457
-287439 6678860
-6661838 -4096182
4820536 -6951747
454095 -5865430
-2660006 8213393
-6987429 -3178280
-7212009 -2517289
-5519314 5014580
7259380 -5567707
-4265516 -3431346
-8557026 -6144237
8438866 9018486
6286633 -2953295
-4894460 1469776
-7257415 -858038
8337175 9982004
8402174 -5028502
-1980249 4191689
8326259 -4260938
-6047544 8473846
7811918 8182605
-4334684 9481379
4495960 3116262
7548555 -7337645
-768991 -5728308
-9356193 -6716961
-7698474 673983
237041 9082674
552450 1104511
2762826 5342581
-2159063 -4188612
782886 1100001
7808042 -3756888
1982174 1318990
-207164 -1349347
-3166741 5934630
5416010 -9878893
3237369 -4985073
-2322718 -7571678
9216366 785924
-3414685 -575357
2614979 9860174
8942848 -8596807
2507705 -7147980
710953 -7988350
-9660610 7786883
-1113116 8551890
-5204998 1122277
-7558733 9211278
-2138069 -706471
7744511 -5249545
-5128438 -2788458
2226470 3160521
-1894805 8108931
-8588793 2420104
-8155252 9837914
9698088 -9487125
-8083932 4459727
-171901 1157288
-4314710 -3059875
-5272992 -9460948
1607294 -3975319
-336690 -3869756
-4658478 6402297
8212178 -5379071
-628616 3203454
-9585004 5956689
-8366437 -3240701
-5131770 -4842182
7577923 -7744890
-7906976 8795790
9308665 1939023
-3601250 4307464
7981104 3741085
3197563 -1256799
-717747 -6333605
-7792572 7924571
6571168 3405899
-191804 -5612910
-991981 -8087310
-2367504 -9463274
6493416 895755
7655054 -9436155
-4278337 8126979
-9617911 5039637
3835427 5815938
-2245039 4991466
-701070 -4339556
9401529 -3329937
5413264 -2719965
-6537218 2599092
-6959984 7211869
617769 8186562
-7426348 2127536
4040226 2942317
3479044 1581671
4993778 4189075
-2730728 -7511188
-9384209 2648833
-2311530 2990935
-8676774 3514232
-1494302 4040249
2217045 -8405461
-1735397 7804629
7601016 -5865074
-749629 6194219
-4077559 3580150
1766712 2290387
-5582077 -943438
4515231 4340364
8438387 974501
7679928 -2005725
-7000561 -4051483
8597350 -5050800
456488 6131582
-354185 8802172
-4641227 1779714
-4109395 667865
-9011154 7575818
-8289255 -3328440
-7134220 8589862
2170012 961116
-6748497 -8695427
361135 6453076
-6690208 -9814222
-6323369 -5123634
-4613006 4264531
-9786951 -8643440
-3694240 -1613567
-5481984 8810399
128924 6762248
-8941686 -3319817
7348048 5487697
3063516 -3051080
