114 4957060 1462343
834
-7750820 4084317
153204 -6852619
798030 -7032976
1084080 -9702175
2638134 8945885
8551039 -9802026
3004651 369123
1170960 -439783
1255381 8726096
-1257188 -791377
7038373 -6687022
-6090991 115095
6570922 1181755
-5605692 -4355343
-9398283 5923756
-7475575 5856651
9004033 -7149103
8334274 2677630
-4508193 -7681585
-8735700 -581646
-7867319 646293
-8984584 9815339
-624443 5137332
3863428 2186377
3911352 3147290
6460269 5122593
7754040 -6533923
-2835816 2885630
1046639 4324962
-7234930 1558493
9931496 1648357
-2984394 -4710504
483478 8935529
3770297 7866232
9800939 -1508363
9137930 5034597
-2633711 -8066380
-412696 -9846653
-5143924 -741802
4921840 -6549268
1089677 1283780
4749857 -6101539
6784092 -1156283
-6831320 -8085958
-4011113 -9652917
-5488208 -4066250
-6260402 -4079617
7372265 1527399
-8090017 4223076
-7285287 1142562
-3822841 -8289078
-6355458 4368996
4522343 -3940200
5317998 3231846
-801069 1894771
-6821449 239839
-3345348 2804960
-8351322 444760
-5124846 -6561256
6302180 7333710
5783812 864041
-699223 -9186028
-5142277 9523411
-3737161 -3326958
7815604 -3232293
-1521371 -8506095
5862901 6509115
-7431084 -5360476
7871370 -7098404
-2687281 403266
3159457 9586653
2391614 491270
3452382 9814110
5769206 -3443356
-6109646 8327537
-8292070 2071386
2885359 9674166
9197577 1008707
7681749 7743082
-5489211 7976769
9470674 5497353
-5477179 -4494229
145295 5333575
751523 -2908263
11355 -1983335
-9880329 8064242
-8928136 -6829187
5501275 2511285
9067929 4524246
-4631865 1270481
5858220 5474635
5148801 -2923934
8084773 -1256421
9003013 -3137269
-5160500 -1717125
6296580 6030155
-8464074 -5689826
2160101 -9180599
-9572510 1681221
2214238 -7088376
3492218 -7044802
-3873989 2333909
7361546 4564082
-8395320 4143638
-4585881 6429475
1904110 -3027184
4048882 -8727661
-7467730 9569264
-3568005 -5349993
-4550766 -8464716
7565439 1271495
-1901979 -8254185
5081568 1617717
-6701062 -9741878
5686098 5509059
8464257 5513176
-9636562 -821684
6258750 7106620
1250258 7724984
-3329188 7863430
-5163754 -819271
453069 1091274
660538 1401480
-1432160 2985339
-2963025 7092533
-9119620 4017074
5762889 7118766
-1263517 -8505247
-8247125 844458
8869869 -5448227
2581302 -44675
1649993 -149522
-3042902 2944740
669724 -2091257
-4227826 723708
9904437 7340536
-1568189 -6875228
-2957395 357506
5859198 1608701
-8782413 5610445
-372481 5412525
-4952356 4614319
6109073 7906761
-8732429 3784127
852253 378300
-9666374 2653792
-7495730 -6566445
6378295 1983619
2408715 -8022280
2701428 9564371
6904908 697241
3822013 2605865
5479724 7853071
-8021876 -9135382
-1008585 -6144726
9267799 -6804289
7810031 1135287
-957952 6831795
-6867725 -3564544
6813756 -7174029
5479763 3984528
7418083 -336266
4163706 7984033
9961753 -3687270
-4122899 -3427579
7269662 2663181
7785398 5298361
-4332216 -6391973
6988998 3265122
-363252 -2354091
-6642028 -4019587
7115700 -8579100
8252695 3684355
-9880189 8674100
-8499929 -8615030
5369498 6933568
-3402698 -503814
-2519781 -4696067
-5866985 -9238992
9849781 9958324
-4862143 10117
-4691522 7119443
3243823 5439608
-8778918 976263
1138524 232821
-1270414 857831
2278731 4496496
-1819148 -4154713
7035739 -6952222
-5567251 -1699337
7750583 1052163
-9451651 2318599
138885 -5652114
7625246 -9455079
-9496755 4271900
-5717983 7475028
-2889177 8157455
3597063 -7893152
-4400537 -9645354
-6896181 4818145
-4324024 6737987
-6249165 1833406
195045 471059
3518838 -5551961
-4734945 -2769216
8282947 467939
-7213462 -6984362
9879876 1347649
1892570 -4558225
9713676 7505123
4980151 2395815
-6930378 6512045
8618893 -7909026
4961973 6666685
-5998817 6734708
-4010953 8065792
-100802 -7806489
2664571 -7743765
-3295726 2610595
2357732 8699761
-832300 1969329
4984968 640679
-8011672 -5529410
-87634 4864844
-5113681 3880898
8793066 -373958
8654439 2382822
4473797 4379040
1045726 -210315
-3475607 -8047878
-9982086 -2436739
-243228 -4970207
-2713972 -7566535
-2439588 -7578657
-8878896 3990302
-4040368 9918144
558824 -7194844
-2724253 3460952
-9157852 -4936496
1460755 7188113
9330507 -4271532
8111290 -7229827
7149213 7984946
-2225369 -4898561
-2946439 -9288709
-1725448 -3184623
1845170 9587828
4537645 547677
2969020 9131198
3121500 -7901943
-7983798 -3393523
-588367 1597484
-4941564 -4908622
-7328766 6687380
-3608155 -4099415
-5854595 4131989
-581486 -4277648
6223651 -7743305
9874487 9084080
9795371 6514634
-6669989 -3071952
9032228 -9413724
1133953 -2308467
-3177269 3569873
5667931 6619325
5742154 2460584
-5941932 200485
5291863 -4846212
4357520 -8367143
-9950206 7963097
-5388561 -9250634
8988070 -5804801
8968246 -3453695
-4369615 -2271927
-5757292 8842733
8287134 7942109
1044737 -9910929
-2219395 -164286
-6594412 4695042
1314367 -2880312
9580272 1589871
-8209644 -2943478
-5273338 6154693
7787550 7082219
-2438332 9084182
2349900 353696
-2934753 -5310541
1235765 -6145677
1582396 -3966507
7392579 -617498
-2675389 -1658544
-1569472 -1803935
8031779 8369348
3064390 6211133
5847173 -8562633
-4456410 6895110
6467984 5427446
1582139 -2666054
6932517 -8805354
2795180 -8113959
-5243911 7010538
-8300003 7661433
-8484244 1821336
7854829 -4547886
4834617 -4385496
3955961 -2236240
-1523823 -7840772
3044929 -7613511
1113974 -3492043
-9538324 8625671
-1962867 9477499
4904945 -3994733
-4144435 -5494883
8216115 9003436
3405829 -7211917
2314973 1011296
-1327271 8161918
-16746 4014970
9467085 -7295163
-1680659 -9645564
-9365452 -3181946
-8506366 -7724698
7178143 -889274
-1864965 4538563
-4319413 -9191531
-9714031 -1403289
-2881670 -3765928
739190 -2292734
-3289297 2973896
-1721669 -8528343
2482953 2632884
794803 -9406696
-2875374 3672034
6376871 -9221943
3648845 9108063
-4073883 7212565
9487867 4283394
-6605880 -2580248
4474667 -817637
-7492816 1529155
2642218 -9844746
8905679 5309505
-6983228 9760549
-4749203 -355131
-6367122 -7756173
4876711 -3954520
9155136 6115832
-7695782 8187866
1482276 -3720238
-4612174 8681090
-1589993 -4868879
9414515 1313943
1250047 -9585774
-403411 5324987
9370494 -4275285
8396321 -5379874
9929631 2012713
-5710386 7302000
9463221 5462755
7706582 -7943237
-1897757 -6903900
9211932 -4900354
5803864 9773731
-3946507 4032502
2713592 -2713860
2417262 -6042329
-2212033 3639951
4054178 -5651871
2189469 9038014
7279081 -6349233
-9212755 1559963
-6427324 5675403
2977403 -9283123
-1304016 -9621358
-7564595 2440625
5536725 8918919
-5981435 -6946000
-7172269 -2734991
-8702489 9822429
9624922 -8602423
7871600 -3472544
-9832593 2042184
-1093335 -4340433
7213934 4221585
388705 -8903866
2656098 4493015
168418 1175950
-5590821 -1254874
-876231 5662174
-1897201 3105164
2024083 -5924474
-2870473 -6360476
904533 -1441000
-9102219 -42742
-6128813 2202044
1245852 -9477297
-4918761 -8257212
9918707 1413260
-4365155 -3495743
-2399609 -351007
6658361 -1460098
9715853 2772841
4034320 9343131
5005305 6641384
-7737100 5674441
9749967 -6891896
9263980 -3196665
5362335 -3120506
-646895 -7315135
-2596738 -1223531
-8184476 3224292
4967080 8649114
62374 9413116
-4082627 -2597860
7051133 -1786428
6753474 -3965884
1323310 3709494
3052626 -1014321
-4372936 -4642370
-8967929 -1942069
-6317612 -2110036
4693300 3298390
-9822115 -7053632
8147586 -7428013
-6135192 -469010
5271634 -4449152
-5800038 8196685
7609801 -7244933
157207 -3221311
-2491387 6043526
4593994 -2791660
3434187 -5737913
3247767 -4082696
-6208714 9003165
-2938904 1391183
1797499 7339709
638100 -6740164
8722557 9007151
4095491 -6667663
-4620321 6870143
-7579009 7960299
6156984 -9348687
-6593620 9137305
8432346 -3716863
-7673337 -3920061
-4195368 -4059041
203047 -562990
5354314 9238819
8241984 5967166
9874701 1661953
-8481986 7819432
3595621 1672200
679352 2156114
-1995197 2318178
-8295327 -5225157
5251494 3384482
4035796 6642016
5779321 -6075169
-7275680 -41472
6038468 -3271980
2668979 -4949016
4487994 -8156900
-8918081 5388378
-6128104 -7641340
-3463035 1840255
-340313 -6253403
5418798 -1945020
-9788906 5771660
-1910162 8614502
5905697 -1784102
4116732 -205489
-3563473 1157191
-2401626 -1847472
8111057 4732201
-8539779 322695
-2109969 4149525
5992625 -3354448
-7966069 4894377
-230611 -409104
-8568849 -4094173
-7831223 6306355
-5638665 -6392810
9378851 7587575
-1281571 7088781
7821031 9985041
-7704095 -5375874
-1702331 1937764
-9909708 -8751216
5980985 5896044
-3781261 717701
7383578 -42442
-880537 -3374878
-8480501 -4107445
5483451 1153394
-424427 1288888
-2404757 -569046
3038145 1744350
-8151723 1956578
-954640 -5066652
-5081611 566706
-2292816 -3133609
1320507 -2785706
-1536921 6004854
1900898 -6072848
4644853 6960416
9434327 635989
7261111 -5455216
437339 -1446210
2223536 1296962
-7414150 -4079209
5351745 4315461
-3940188 -7302554
-2829624 -9093758
-4160410 -9575559
-6492500 6215736
5598480 -6725668
-6995022 1214684
-2780462 9435339
-6637509 -6015591
3461178 1636788
4789129 8007345
5068481 2895505
3965647 -5433408
5863554 -4494180
1426611 -3810817
-9495356 965757
-3820445 9294709
2717303 9080808
2021602 3349931
-7917980 1073246
4347578 5529102
-3256214 196852
-367809 -131092
-3630330 -3520323
632817 2994683
-6481620 9830848
-4757295 7938299
-7495109 8586861
-5907319 9208352
-4602465 884798
4366907 -1964355
9846706 8418531
15692 -9453538
3896393 2564009
-6362745 -7962706
7566396 5978413
8691617 501185
-9629906 6826534
5822563 -1676191
-8681508 -3260236
9086964 8971733
6910032 7353224
5940085 -5670331
-6461979 1931275
5332425 2549118
3101115 -8548092
2386791 -7784316
-7237854 2947821
-4488169 -7597517
6956129 -825108
7669657 -850914
9650272 -2961123
-6134588 6361275
-5314916 2536718
1792834 2204327
-6307588 8519928
5873152 879798
5209467 3118796
-4949928 -5670411
-604941 1263840
2715748 2898849
-2369114 -7503825
5443996 7618891
-9978625 393032
2084276 -9044173
-7378734 -506144
6532734 -7729714
1147913 4787890
-2675392 -9601854
-4881175 -1650651
-3130723 9117442
-2760 -1188762
-8069966 5258781
2104722 7723059
-1013101 9496458
-5088340 -8500219
-6004044 4218999
1837890 2542546
5451930 1956305
-4571516 -5624383
3869474 -9947441
-7677155 -1950250
-7162360 402208
-6683294 3470758
-8179893 162248
-8203958 -9048117
-236879 -8794264
-1019131 -5690366
-7967307 -5790492
6222318 -8914409
5101724 -6464056
7754943 -8866022
-3807124 1614033
-6429662 -7890814
-3515197 -8355193
4213718 -1001178
-435075 2870629
-6727163 6536563
-7476327 2402565
5081166 9105895
-9942221 6860132
582220 -606440
3703195 -7662748
-3453240 9563089
3165032 -1747760
1788185 -7230921
6419409 -9216892
2397141 -456872
-5831334 5128638
-710203 -1516169
-994 653470
6040451 -6496485
2556430 2080283
6999200 1829641
935536 5080103
-5543413 -5403282
3990279 993315
3330568 -2444841
9634600 -9790174
-1537934 2393680
-2320889 2799632
-3900908 -9749749
-7690268 -5901479
9227159 1012586
9496417 -3521602
-351780 -1483044
-5463177 -7988225
4092058 -4311328
7518313 7093253
-5310292 1091259
-1795671 -1546151
1963517 -853705
-782194 -7805392
-7595566 7810437
204117 -1147594
-8347962 866501
-6366896 7883229
4498102 -9732518
1280068 -4057164
2421235 -3758387
-2725079 -6707162
-4695387 4585807
-9725521 1811744
-1095003 1913024
5520635 309144
1279346 3594705
5257352 -6275036
8435925 5759215
3569652 -5524842
3327564 -9159641
-5776788 -6226231
4173350 -2504046
-2236564 -2143683
3799153 -1328548
-2570583 1559857
4852695 8736740
-4161100 4704338
-3483918 2673660
-5413316 8629731
-1061124 5421079
-8467864 2623671
6348636 -9781778
-1506211 6789488
-8735354 4784561
-1858728 -7936559
8353562 -2891438
4604516 2364485
2737154 2526913
3714717 4884305
-3555838 9052659
7789400 -8855865
5848473 3813209
-3513131 -6371700
4774383 4880908
301987 1073554
6213577 -6286741
6447833 1834124
-8860036 2562213
9863126 -5058378
9521415 4920963
-7970475 -9479249
-4598412 7874978
-7081757 -849606
6551051 8138742
7191401 -850688
293447 -7004787
-675226 -2502847
-6358195 8658273
3539181 5811643
-3114803 8416189
4645800 6357520
-9292004 5615127
-9306308 1093634
-1448392 -8152039
6768924 3073171
3593922 -1926976
-4051998 1314801
-9534805 8995510
-349396 -8617403
531909 -467402
-4955837 9358357
-3144489 3341709
-5483666 4368937
180581 -6986332
-8570143 8055515
-3070613 -417870
-4802743 6075658
9685644 -2362616
-7998303 -4109050
8964121 -1762748
-1173372 1286973
-7398226 -4925605
6586257 -2709018
-1326421 5583322
-4884080 -3763139
-4404782 9205489
2547198 160084
-5470979 -5032919
-2019250 7063532
-2364601 4709602
-5708267 -8073041
518969 -2918862
-2765126 -7994658
-2103708 -7279035
-6525430 -763429
-9476456 -3139587
1934808 2301198
9592181 -6874681
1224993 -1478935
-2725722 -1734240
9987601 6340913
-3499003 -4614151
352930 -4948849
4631035 1030019
8255973 850032
-4706656 4782786
-8136075 5064058
7069401 -1671335
1049631 -901201
851723 -5034307
-5657541 4524201
9341751 -6108381
-2983062 -1206381
-168963 1450284
9716045 8241931
-2900803 -378333
5007516 2219998
7271150 3600194
7146565 7876799
-8756817 -5581463
9201324 5402539
466597 -3463473
-2618455 -8934751
-7319600 -2464002
-4981956 8431176
-4528271 -3951525
-59905 -8123145
670474 7329832
-1219883 6957033
-2284683 3017863
-7360469 -8987486
3232512 4814514
-9068940 7647047
-1959802 -6979986
-2561448 8077626
-4003483 -716618
-1663739 9156228
2737829 6463114
6515465 5717806
-3334666 5418229
-8533295 4049861
5926716 -5346585
-8016752 1406800
-9119815 9113542
2131406 -6720283
-5707769 -8888146
-1557280 4770937
-5065664 41095
3061110 -8109867
9967759 2974535
4774269 3016014
2172242 8480628
-2539906 -6889470
1344689 -5089929
2844652 -6024441
541772 8010023
5179791 -3172291
750861 -3531512
-4417969 7163039
-9557244 1631047
-4740747 7713437
-4999274 7251339
-2707566 -3781674
-1891541 -7548586
-2057699 2869896
8402262 -1923782
9073198 -7283430
8343453 -6909144
-9482721 -3466708
-6974796 -311858
-9785483 3361932
2705993 3566976
-9964535 5394308
2557347 -6543145
-2395746 8133848
-1636363 -4483545
5284146 2863507
9081833 -4119285
-1667871 5092933
-2037171 -2809708
-2217138 6274431
8991001 8881444
-8027700 -3143940
3389353 -149194
9538948 -7510420
-1632136 6414557
-7502115 9753466
5147774 3590209
7047064 -7466650
3183550 -9778526
8254281 -5348682
31178 -8452813
-2572098 3538428
-8852287 -886989
