434 9660748 928433
805
7616912 5116134
-8656635 -4250258
-5710040 -2013656
-9540514 -6037427
-996254 -7504898
3198860 -7867053
-673702 4441900
-1848571 5213055
2951818 -1584527
-9400356 2336148
2277215 -1057236
-5842220 1261966
-7979280 -1054744
8664338 751612
412360 5671524
787658 -407229
-2141135 -9454376
-1468031 2131024
-1390051 -5334822
-2839720 -1008545
-6359246 7613695
2055596 2875493
-1911452 -4516596
3898878 -9792975
-4940475 3556718
-7500518 4498522
8276840 -146908
1314701 9173615
-74773 -9702440
5969085 -20961
2088162 2853939
3399563 9273095
-6079529 9947027
7128557 4447884
5955691 2530420
-7339532 -5711162
-319317 9596445
7596202 4716064
-2560559 285583
-6157699 1495080
8509954 -4984681
4868411 8858135
8031750 6786794
-399294 -3816888
6162151 -9526671
3327268 8086143
7359239 -9233335
-9286307 9243184
3691068 -8720290
-3673517 358602
4647440 -7836888
4275909 -1013049
6219367 6844475
-2869942 1872111
-6632809 -6341192
-8809521 -6511289
4863199 -8122855
1180291 6058891
-7757997 2894949
-4115369 -9219002
8867141 920507
1687172 1728251
971435 6226380
22443 -5082783
5275820 7178856
1858320 -1134722
368581 -7560388
1800440 -3865771
8006341 -3412052
-7236892 1446850
4935562 -8626468
5767030 -6046412
-9987521 -201239
5210062 -3052679
-2271681 4770834
8207693 3611045
-4660703 9111813
-2145455 -7588782
-2671565 -1172916
8522292 393340
9258618 5120607
76572 380612
6514842 -372801
-1268501 -8122988
3323862 -2962465
-9072581 1494608
5448196 -9224224
-6909111 6694449
6158123 -2022973
-7252139 8300952
1911997 6402794
5514607 -9044445
-6633227 -232354
8594731 -6630847
3762493 -6788440
848520 7117023
-9986012 -4462536
-2318985 -9074908
-7197896 -954818
6082717 6412515
-2092877 6125966
-581905 7010136
-3779062 5871671
-6151302 2508984
-6673712 4895413
1298207 9112911
2584818 5238286
-4994068 -3187185
-7301680 -1532057
-5804144 6117015
-4249609 6460813
4514629 5044376
5969468 -4235621
4809561 -7804355
8608160 8771572
-2586110 892278
-9581234 9031635
4903306 6831985
-8142678 9156056
4051469 1268356
381267 -4816390
2938248 7866029
7195196 -7033914
-6049619 460533
-3422452 9893516
-1129319 -1853763
-6809387 2327939
8092318 -6614689
-4419044 9160081
448005 -4581769
-1173139 -5810884
-6779249 378248
9726585 -8238020
-9081964 640409
-8091235 -8416093
-3232482 -2514142
7868239 2290032
-2227530 9705766
-7317349 5063435
4956951 1722852
2385441 -739800
4104491 -6172368
9729295 5576055
-2747512 -5286838
131393 -4689749
-500633 7700494
-1921258 8958255
-9279765 -4763530
5876879 -2194673
-8094413 4154623
4156833 7785644
-7407971 -1326895
-9104777 2025072
9604859 364499
4603703 -6422125
-4645573 4561810
905795 -3010855
-7434800 1975270
6688432 635090
5945342 -7665960
-9965466 -3180174
8294433 7961061
5713884 -9370372
-9048692 1531020
-4314357 1590763
-8107240 -7143105
-5953648 2358829
-5616099 -5515211
-2634360 -5058425
-8964198 -6011239
1066923 -8030656
-8525159 8906581
881852 -8027282
-4875839 -5959959
8890433 -9913364
9422814 3585855
-5936732 8924968
2070948 7717247
-751733 9777152
-6115732 3022256
5879151 -2549737
9809092 -4222972
-7221831 2441855
7383431 -5807007
-9301894 143809
2113153 935585
-7641481 1765030
-3745900 3587994
144387 -4243277
-4156641 -6105387
-3180 -965179
-9523859 -4733826
5499773 4060089
3837241 -4936559
8085698 7264393
-5285344 237861
-1468759 -3518799
1439409 -5476252
-8766907 1309410
-8546780 -8660808
2274777 -8068800
-3787418 -3917275
2187072 -2850352
2906371 -5016966
-8606000 4847811
6398984 1266083
-951391 1390820
-4549091 -608523
4454919 -5451618
-8187225 1804503
4558716 -4943031
-5945478 9043783
-6432469 -6910042
4399368 5493931
6833123 7316977
1764529 -1631060
4451666 -8375747
-1226099 493463
5476497 9155090
4002901 4196625
7979060 -613151
-9222330 401886
9793363 9544021
6608755 8744931
-6934214 -3235366
1821603 937883
-18334 7624503
3230813 -1607522
-6113591 3549198
866175 -2369819
-1484526 3235885
4860138 5147056
-4359481 -7032860
-7877770 6150391
-7136632 -8882984
-6979782 -1358517
9043369 -9157572
-9613551 6314240
-2424477 1353085
8117719 6995205
-2066912 -6842338
-9217835 -7544325
848153 431106
6496656 -3470670
-3324137 4734562
-2029553 9879183
5026239 5191337
8158477 5346937
1497329 -9333242
4300127 2797059
-8561457 4360697
-2280522 7320345
3634585 2998264
-5648651 -9377721
133836 3726460
6884122 4985421
7441096 583276
-8985617 182639
6711969 -1710751
-6976189 7511039
7390223 -6612167
8579170 -6489389
8857548 -5067186
-4400427 -746000
-7948941 -7128771
7231927 9899700
7220045 6005954
-995781 7467757
8090036 -6629018
7097442 -4128080
-9142659 -9259775
1323501 -3502083
6680556 8298437
-3412314 2337884
-7634724 3392526
-703289 -7872150
8154813 2271851
7204665 -2124119
7129881 7012361
2399943 -7195762
5220290 1697293
-9780401 -368130
9615979 -5043313
-1672331 -776182
-2387909 222367
962592 7941464
-5560619 -1530568
-3232130 -7713906
-2859670 3636289
-2971185 -4128092
-2000242 -7978042
4293809 6325526
6717760 8670923
5683285 1498475
-3180935 -3636007
8061286 -1916772
231450 -7960644
-3003957 8280886
-9978944 -7636219
2586148 -2159935
8297881 -2366853
-1381068 -6451259
8351187 5253614
-1110097 5386802
3775062 -4508483
-2486524 -1564929
-5239403 4291173
2962096 4323637
8338464 3994709
-9641297 -8838267
-8238687 -4842470
9713238 8419989
-782773 -5490885
-3127104 9225633
9582050 -8245364
-8095865 9459045
5524138 396283
-4350103 523067
8426221 3875325
1883194 -2943847
5491224 2201284
-3507543 1913022
-3763340 2768173
-3237117 1970905
3132639 -5424876
-7750994 -2878414
8057927 4893952
9403068 4478596
-3779418 9791507
-8453857 -3724036
8251361 -4197368
6198916 -6549722
-3510302 -3708149
-9832824 4365165
-8578682 -5084081
-366445 -5433277
6479745 6912542
-7802932 -1357636
-9386730 5232757
2324234 -1040049
6081537 3745909
-1360139 -2910408
-8431811 -3344184
-3552677 -9440719
-3164754 -9694877
8624107 -9490182
6476449 7602959
-6105189 -2660625
-8295459 -7033853
-9601582 6578339
-8854938 5642211
-4928894 31974
8674338 141160
-4626083 -2731826
6228125 9287608
-4450131 7698151
-5212256 -5173986
1481830 4189731
4749012 8872285
9177408 445506
955324 4100610
-5780078 7801515
-4859109 -2568227
397920 -1885267
-5306928 9361784
5003995 796339
3344665 8354487
-1504353 -9924899
-2656725 2019003
-6177036 3869564
-5915932 6087752
3430118 -627167
6078916 -8611836
-9739551 7428301
-2126193 -6655719
-38757 9437857
-244276 8829131
-3739095 4181165
-7704102 -2587033
-3225249 -824823
2487868 9505323
7859810 -8221253
4370200 -4167467
367889 8871809
-4742275 4229828
-7166068 -3292795
6080038 -658207
729957 6264051
3692352 -5324693
-1980412 -6493242
5460967 -8433841
2911642 7980831
-5321651 -4783308
2629659 1688899
-9135923 9490599
8995922 1920763
-3784138 -4131703
-5782817 -627916
-1756107 -9413938
-2667758 4585072
-8707723 3501619
5359764 166175
-3569774 -111333
4563974 -3910278
-403520 -9877422
4205089 5099914
-4402902 -4942552
-7209508 -2883269
1321983 275447
-233954 -2063497
9857266 2186060
570709 -8721679
650405 -3926872
9175543 4787892
-8110684 8894299
-5087730 -3492215
6673960 5697945
-4413387 -9727966
8878108 5620538
-1740532 2666939
-9716794 -9009059
8564741 -7535443
-7902359 -4119696
-1327897 -8644767
-708264 3419624
8122036 8438149
9716470 -8334645
-2261517 -1307255
5996990 -7116772
4293879 -3085974
-4061836 7886306
3584252 9206149
1994535 5128476
749015 1687217
-5645844 872644
-5620063 9008483
3989393 7153714
-6965982 -7055322
6816263 -1396614
-7976990 1706121
-7339377 -3892001
-9710294 2661398
-8645857 4893445
7776673 -1971810
-2541432 -132515
-2246208 -5413096
6309405 -4086916
-8958439 3854396
-4458387 -1696059
1692937 -5693072
-6684589 -7587879
9565836 6072874
1533904 -178844
8424542 -7400146
-3177672 -1649833
-3025482 2963904
-4374698 -8000697
6892748 -2735775
-2191233 9495798
-636717 -2814226
1772678 -2216313
3696772 -366573
-6512177 -1917916
-1097623 4738333
9045261 -970564
-6042090 3111666
-815460 4877024
7214533 -6476254
8639952 3234796
-8415037 -1844573
-8880668 -4537720
9977935 -8924167
-1659942 9260986
8756784 6870684
6572810 6148825
-6067487 -9363580
269847 -9138160
-8539724 145637
7400322 -3725977
-2180189 362653
-6525681 -1038065
-6161041 1777721
5301467 -4824789
8410007 3569844
-8274728 3941420
1920052 2511322
3587156 5360956
4621942 1897988
-8714976 4443566
-6891256 -4104921
-3468501 374186
1236026 9557609
-296754 -682302
5591721 2696303
-6941044 -2896432
6065503 5927885
-2294394 9049628
6741191 2420814
8507011 -6992926
-535154 5151199
-9821127 -9767717
-1890409 -8615102
-4200762 -3717619
3242300 -7268467
-1373388 9600614
-25200 6351044
-1574995 -2325537
-491486 -8789173
-3576518 8128251
7748171 7616587
3544472 -517562
-8951582 -3669974
1267192 -8749921
-5742847 7789610
-4542839 -225797
-7477162 3721999
-2376751 8152386
-5565232 632429
3363963 -4061160
-4460546 193420
9060816 4506927
4697743 5514255
-758566 -2514179
8130424 -5793743
-8177156 5664916
7663706 5878595
4724973 -2116331
-866252 8712125
6501735 -4007835
5766369 -4092747
2145604 4475248
2627634 8289207
-8562011 9768853
-4292307 7062402
9772174 4801952
-8174769 1247148
9277755 8832990
-3681189 6522974
3245583 -8964459
6700457 6965587
2844182 5068428
5468449 4364163
-4407360 -9914493
-3922327 -5397803
509450 -7905625
6569623 4360394
-4834047 5171406
4940259 -802742
8776012 -3396058
3922246 3164305
6927805 1064539
-102471 5747478
-5213196 -1278088
-242547 -1267307
-4301720 8032388
-4382832 -3542090
-9177927 1058815
1144322 -8914383
8204166 -3585286
-8974559 -261653
-5901259 -1286384
6401374 111417
1825027 -735305
5868637 1341633
7022290 -6882609
4181930 -209116
8054714 3950095
-7327993 6595812
-4671495 -7158482
-9126094 2429460
1403722 1026785
4601952 -3508926
-9906957 -5257852
-6326786 -4253725
5484622 8297209
9527177 -5301345
-2673576 2099716
-8635589 5928551
9786537 1667803
4785195 -250600
2056636 6808827
758923 -8516523
8079289 111350
2952869 -4052718
893095 5924146
9467284 -3656873
2834202 -7703183
-2961035 4069236
2331863 -4556403
-6259193 712179
-2072813 -9667162
2432554 -6732016
1712888 5253611
9437767 -3686683
6062717 1499425
-1691748 4222962
5706439 -1880646
8230704 1583527
7530810 -3697919
-7773773 -6300075
43053 -1576095
-6762926 -8306489
-1720900 5393607
-9162796 276040
3504571 -9389037
-9056199 7094363
2878700 -8568242
-798278 -4107293
2206024 -5408412
6091013 -1360511
5378803 -9214906
-1095552 -5600735
5982793 -6398406
-96325 9651504
5867782 -3970045
-3029788 -5353745
-3660234 -4089165
3820794 207286
2999678 4618866
-2253818 4657998
-5731286 -3495750
-9547640 -1310017
-2900957 7147414
-8260998 -345918
809923 9305067
-9909839 7830015
4745632 -3811274
-7693327 -8489039
3678818 -6755223
-8208916 2210348
6856603 -453400
-2026213 -1238704
8968583 5712722
-7152060 -8205419
-1031069 -5515387
988863 -6889526
-5683190 3237645
385059 1441224
3611658 1415853
720920 2124061
-7529572 -5578418
-6873340 -6672566
7354747 -267587
2977190 -4566667
160034 -6450083
3096517 4768275
6045923 9532989
-2237937 -8929696
5381237 -2469142
2015472 -6873644
-3763170 -5649831
7587814 -6995665
-3038089 553640
-8030507 -9510774
-4870361 -9426430
7511504 -4793234
-8949448 -2399932
7332481 -9361836
8587850 8405299
4471569 -7173977
110650 -8735764
-9202775 -2431914
-8845257 -3843426
3687432 -1440711
1685645 6535980
3402501 -4297096
-8776408 438827
-9007532 -6493332
-6004106 -1814497
-1240927 5478313
-9314921 -874467
-758047 -3729423
9425094 -8264369
2657283 9090786
-8083190 8012944
9277180 -2871148
-2786710 2027460
700386 2590757
3666398 -9115615
-63282 -5612181
-7392925 7868395
-1692777 -6660781
9362239 -6169333
2016171 -8183957
7294356 -6641867
-4999981 -9224756
9562174 7979436
2231419 4241972
3332759 8987268
-483436 7405054
7050258 -2234079
2309733 -8689904
3900853 6779901
7664286 -6989880
9914291 -9916396
7951999 -9882644
5972928 -7478634
-3647966 8775574
-9408383 5335167
8693301 8368205
1659801 7885974
-1618238 6209672
451644 1221975
209243 3129533
-6949060 6300755
-5933324 9725807
3552255 -9898802
-602549 -1107238
-5580766 -2546891
-9946935 9578090
9695446 -5666475
-3145109 521416
-703009 5668374
1003542 -4276723
-5908518 -7595040
2807286 -7786805
8422867 -1732364
9489611 -8810952
-3165066 -8609137
7691619 -7784793
4457366 -114126
-7496576 4274647
-6832591 -1990378
-2020917 1900876
1478966 -9897005
-5563480 -1967852
1069916 -6309236
9359139 1291412
7014689 -9633093
-7228132 -7120967
-4907772 3622524
-8109840 -1904494
-715445 6031447
7422310 3896123
-1372318 -1364159
8521715 5113929
-8095071 -6914951
-6388977 -8974861
-4557633 7588690
7691686 1590106
2138606 -562315
3128450 -7871794
-4064030 -6791478
6091782 2487589
-2117026 5467012
-8394112 1380002
9475508 -4508446
-8476999 6012400
-91477 -8723585
-87744 8945311
-3424407 8536206
4137607 -1566029
-8024537 -9003126
8585564 7748630
-8144912 -2582170
6855516 -1206398
-6561839 3993694
-281432 -7499682
-2495741 -625869
7357495 -4189650
-293296 5387233
-9121213 8963383
-2507865 -817787
458628 4918140
-3620197 -82989
-9030431 2887237
-8678792 -4528252
-3531378 5107176
2855806 5813023
5747206 7570539
-3635859 -2772754
3737292 -4880926
-2380608 -197698
1692786 -6544140
-8217437 5123651
-6972764 -8433367
3046369 1489267
3187832 -6093977
1340515 -9461496
455515 -6353539
-949950 7720318
-6807933 1425084
9048612 371258
8700634 -7822959
9747580 -5579230
1648016 4447840
9566914 8628074
-1569624 -4614692
-8642479 9702658
-2657339 2639514
4206148 -6859916
-2854297 369897
-3207728 9768869
-9692627 -9666464
6496349 8132787
5853105 -6720759
-2779323 -4453601
-1565991 1561524
3738566 -3730710
690060 9650995
4098835 -3997502
-5369428 4854429
2756089 -3817899
-4115241 -4422699
8216815 4113610
