661 -8080574 -498334
851
9514500 9063141
7062258 -8694263
2037472 -6692393
-8706675 -7208075
-4719053 728944
-2033857 484028
-4283884 3194850
7784621 4696435
6640778 -8907604
5284832 -814288
-2468119 9745414
88434 -8666778
-319162 -6422052
-7086116 6888358
8807784 -9071960
9991182 -5068098
-3762361 8322285
4146244 -430208
2361717 8275111
-8479593 5439570
-4076402 159016
-6646133 -7997098
-784311 -5843934
7764814 3654840
-7159447 -4143532
8118234 3049646
-3100780 -7111214
8983086 -1793332
-4904973 6580059
24451 4413323
9345225 6419163
4741448 15633
9585426 -4417135
-6142024 -1112307
-5672737 -5536505
-2861136 -4621616
9897638 -7232787
-3076721 492731
-5852429 -886672
4969796 7204445
-7229556 9504476
4909614 3088030
3811050 -330336
8766075 -3590947
-9177624 1422429
-2158407 -1209473
1322512 2683953
8266818 5099393
-6012914 -6575710
-2112214 4641147
2535883 -9169299
-6402086 5026650
8035733 2433521
-8453151 -6962455
2758343 4699656
-3279515 6516645
-7878973 5528787
-4801549 4146451
-9444496 -1551570
2387211 6480879
7787758 3894232
-3421814 -9771196
-2155450 -889730
2534561 -5154996
2002503 1831636
-4821310 2938699
-9518299 -5461614
6971908 -8707044
6846854 1033786
8249794 1035109
-9931893 -394803
-4866016 -5029721
1633083 4705486
-6846084 -7151213
1846018 -5295061
8599172 5541128
-1713716 -366224
8744047 -4822642
-7461286 6130834
-9521177 -6205040
-749989 -2942430
1595956 8173865
9466821 -7751936
-4201798 -8915784
2119326 -1169973
951576 -5952004
-8465372 -5296215
9409271 -1398088
1450700 3167711
389002 5079540
-6862980 5813070
-4553153 -1011826
-3318116 1423304
-9929509 6707246
-9497794 -8263049
-1205479 3065666
1239531 -7731431
-5483367 2906829
3991046 -6777296
2052732 314835
-3120817 8626724
-6669491 -6995692
1606221 -1586189
4097874 5256132
335672 5573273
1386343 -5513123
-4008597 3472692
-5104003 -650458
-3943212 2673288
-3073409 7482840
548506 -3441006
-8656085 5721112
-1372059 4304389
7527093 -4139452
-1308265 5135339
-3721585 -7903823
-4899514 5570919
6501082 -7874724
7381409 -776941
7312684 598957
-2397814 -2282919
3706126 -1300973
564922 3593589
-3733123 1118475
-1398685 6621710
5697057 3193468
-8569068 1666173
-4029438 7040972
5417873 -7424774
226917 6014007
8110185 -5890392
2196879 6505333
1146961 5727023
-5049918 -8785686
1813271 -1471630
-1238196 -7737234
-6521855 1931809
-4474602 -7532070
3586405 4043067
664778 -5691372
18448 4704072
-3629755 8878187
5919159 1449381
-3459041 -5142841
-9128834 -6146616
-9520655 6767876
3273209 8981351
4708374 2676224
3890538 -5579829
-4535107 9658456
4437574 8220161
151970 -3256951
-789021 432072
6991491 -1806279
2502349 5313736
17808 -9827379
9050808 -7479203
-3513470 -1095595
3761564 4969968
8823352 3027489
-204634 4632731
3614082 9302697
-5504726 5584927
2521450 -9161191
3013617 902164
-8361322 502696
7245745 -2548808
399616 -5693000
2500721 -3543275
4286813 -2608893
-2436271 7519422
-9959780 6820974
-4274621 -3385463
4100857 9043102
2070592 2003296
-3363973 -4559438
-5256741 -8134042
-32763 2766461
3605270 -8245115
-4826598 -7511312
2991384 9135240
-3413568 -3187920
1119080 237129
-789794 -497600
6893507 6136154
3655576 6013372
2834346 -5542764
1071774 -3787852
-4744749 1076077
-6920627 -4827369
613193 -157805
-5775495 -284600
4998214 -2127195
-7855958 4191742
-803218 -8880164
-9744924 -2682556
4129524 4704518
7458000 9357860
-1139740 7764957
3901111 -3331794
5197930 -4246232
-7272644 -9926961
-3714812 -1967724
9108354 3799130
1488114 -5943209
-3584662 -7812273
-5580520 4617659
5006816 639843
-5168415 1934046
3053882 7150859
-5531697 -3455280
-8750762 -4174689
-4816829 1114180
-8604511 8707238
7891797 -3440216
-5170096 5296600
-2114009 3089727
-8877996 -2442740
-8643609 -3312469
-6739326 2746710
-2549211 -4639143
9978516 -323988
-9684145 1870269
-6195685 -2498315
-5347456 7663793
-5791487 -625450
5199861 -8362801
-4732269 7974103
6681342 -9616968
9459168 -3336780
4476172 -2910509
-9820782 -5710928
1846333 4878516
-8433953 3817574
9080636 -4280924
1079933 -5173278
4502734 -3468574
8401695 -6425199
1076486 -2665058
7515087 4722363
-5903087 -1754618
-7601066 -8276400
2214055 9296774
2196158 -9816983
-3153762 -8588251
-1498760 1655327
-1539249 3838762
-1282722 -1319541
5014385 -9692916
-3973840 -7200322
-2373600 4095022
-9373552 -377555
3197247 4645486
4496780 1544495
-3733142 6790085
7551820 2011867
-3748181 -7119877
-7823103 2467106
2650123 8465875
9877624 -3110592
1061087 2012713
-4148524 -1621135
-424324 9521838
9828923 -2914894
-115216 7106413
1201435 8371435
-2006119 27536
7189375 -5655765
5888731 3707480
-6986083 1686155
-6301977 4671941
7552065 -9434263
-4450805 -7533806
-9067931 9728962
9134722 8199319
212032 3326046
4221263 195809
-282352 -1420140
5664967 -6203061
-9096648 -7937077
-9565642 8066103
-1906360 -5378860
-1034625 -1571761
-7864281 7799367
-514478 -5145894
9526048 -4850363
8231726 -4300103
-9317556 -405535
-676573 -6219078
4496593 -8385487
-2543089 -9025498
1170311 -5291375
-4195162 -8321826
-4524887 3404311
5467234 3986157
-5431388 8894818
6032310 5901593
6846184 -4821396
-7022029 -5002315
-7631856 1498256
6647893 -5020154
679743 4410544
-5994991 -2604029
-6306755 -6121461
-4506947 -4155212
-3180710 8189838
5414816 2949964
-2855509 505954
-6089735 -8780346
-2277837 2619604
-5969226 9377500
-2204555 2290775
7469380 -9936916
7577122 -5358371
6139885 -9552649
-4572803 9945266
-3127838 -4695870
-4783546 -1376707
2501832 877171
-761689 -1090301
-2900462 511237
5977554 6057602
9079908 5030706
-1233288 -6877955
-1741999 -7009827
4884025 6488875
-8703998 -5194872
7384564 -7320530
-2678900 8765382
1729086 4961686
-2576696 5977337
-8718532 -327365
812280 4295466
7688989 -3502078
-2076027 5830465
8858054 -3072699
5501255 -2460137
-7429431 4835608
474005 4581163
87688 1337281
-9657492 1248359
-1430161 -5028286
-2348816 4154863
2920245 -4045597
-9083910 -2511364
-6534026 7165683
9354671 -9144254
5151213 7263794
6278068 166951
8513768 -4643446
2283855 6718393
-5741743 7371823
-5276217 -9698538
-2601023 9345178
-6801188 -2285859
8962500 7486666
-7541620 -6458680
7696183 -2467661
-3996906 -7374084
-7369095 -6867219
2814816 -3080816
-2225069 -3903121
5877025 2169487
4852791 5442496
-9200950 -5328555
-8610162 3366559
738382 -4400742
8417072 -4351905
-5006726 5462166
-6823693 -4183950
5819068 -1807914
-5750242 4655159
4703850 793800
3419716 4462294
111427 -9293056
-9857519 -1433027
4663852 -7073757
5095731 -9566236
-1607388 -6942771
-2271326 -51478
-6684919 -808338
-2692728 -881487
4766608 -3430184
4548334 -4275655
-5943253 2276234
2984672 240993
-5103848 9875815
669615 7234431
-5786923 2116354
2823298 6605683
-4827343 4324504
7250747 -4517869
-4084105 2352861
5410091 -5137170
-2672296 -3175141
6016522 5655117
-5226370 -6840862
-271046 5840146
4080843 2056591
6849177 6793640
-2965367 8137590
8013405 -166150
9584633 -5552863
6563491 -8800628
321408 -6202290
638566 -8096859
9901625 -1989583
2879630 -9594335
-4731504 8333872
-4841268 -9193927
6461191 2596200
-1728310 3691606
-468248 3751173
-4192236 516996
-2689364 -6387404
-8249814 5173294
-4992856 4345269
8792406 2279944
-4004332 7108129
-9094161 -2127751
-7708257 -1166572
6843845 1544405
1950070 -7806632
3043592 -7760172
-6954099 -265082
4847471 8202324
1893930 9507092
-4225382 -6880839
3636158 -8574317
7554631 -5901266
9272028 -9053206
-2191584 9304817
-5898887 -5720828
3903653 9117174
9505776 -7386866
1446562 4809492
8870249 4313871
-976409 -9193240
-6953412 -6663328
-4412058 -7932817
-9730492 -3907511
8115934 -9564587
6070927 2163438
-3894527 6406904
-9494362 -7776563
5686583 -6339896
5481274 9777667
6573191 6011351
5128526 2098739
4711873 476845
7802689 -2849346
-8535475 -3841564
-3034804 -810709
2525963 488116
2555299 -7471864
-8863023 630257
-6417977 2824807
7504598 9252911
5659815 9652950
4392739 -6389929
9786528 -1318194
-1540527 79322
8607026 -2215846
9882893 7549016
-1974139 3735552
-9113794 4594767
-9246797 8344903
-2465806 -7649269
2838847 -9765249
5279239 2576509
-6793234 7910498
735306 6416216
-1814520 -3211211
8958091 -9243744
6882679 6361647
-4956547 -4132818
-1537143 6669207
-5546639 -3980722
-6431705 -2930117
3321787 -5663745
1447374 -5889492
-7544589 4207993
-924924 -5283071
-5048320 -10395
5082466 4430275
2340773 2747271
-836513 8289233
7594374 5592431
6348687 -134681
-3773033 -931182
-2547648 3231367
-99426 -6213228
-193949 5915209
-7014908 -3129712
-6277105 -4109302
1206 6306879
-6968776 5170269
9887198 2456618
4962575 -5377348
9052927 7355230
102501 45042
-9149373 1393701
9502484 1782340
-8352340 961353
2546523 5851172
-917461 -9609021
-5822249 9998876
5914085 1499465
886105 -3499846
2390852 1415530
-9761239 4609000
-220731 -7607941
-2634971 5786338
-9591010 -333533
9538049 4843956
7405350 9461918
-6628029 -359450
-8577109 8255977
-8266317 -7125545
1241979 5586903
5977882 4280206
4279082 2840870
6856688 -9844367
-3344212 -7290480
-3358598 -2257207
4868146 1562992
3955051 -3119837
-7333499 7163767
-3169765 3836432
-1319611 5591844
5053762 8884636
-1474813 -3914261
6858069 942085
-3667108 -7535570
8051333 8591752
-4611690 7574872
-7067906 4029215
-3298800 2183745
-2590383 9788782
-9952072 -4126660
7436333 4051019
3447534 4916074
2079841 -6092264
7744169 -1369612
-5777768 1426428
311065 8940910
7543001 1792346
-7265569 1352604
3817034 4401070
-4490826 -8416325
9158547 -5615281
8413934 897485
5597582 4606994
4395776 7631486
-6495173 -6992801
7058218 4443704
-8123870 3457512
-118400 -6977896
1652492 3955972
7898752 -2374231
9083031 -1608924
-9816578 -1790183
9562421 6626033
-6456545 5434205
7017881 -4104193
280526 -947370
2466467 -1307220
-6700226 -8789188
8842299 -1935951
-6412400 7695551
-5344393 4863478
-9162658 -9354182
6184274 -3468262
3004062 718942
861064 -2163233
6227843 902814
1628984 -55905
9086480 6411266
-5638177 -6292243
-396435 -7370064
-5801082 -8620296
72485 2400443
3611256 6665385
7245786 -4111389
6100514 -5030093
2349737 -9166614
3995556 -9243878
9804212 3187079
-6093979 179830
532949 2808274
6227440 -2716563
-256115 -3239207
5688411 -2143576
1564182 -1169635
-6023347 2566586
3946291 3684099
-3915458 -1824429
7357308 6535128
-7576261 9695798
7182057 -2880554
-9530816 8524254
1796728 -468206
-7281127 -3018908
7160923 1600940
6925566 9141247
8941036 -9789776
-3028983 3153006
-8990569 -1315079
31639 5175780
-2257633 -4910035
8774064 4008292
4700216 4205010
-6743510 -5141394
7070757 -5426124
-5790325 -4319771
6720835 -3230834
6300961 -5321141
1659952 -8966085
2634855 1536186
-6806215 -8662773
-8452549 -7923227
5229780 -7865178
819743 -8965179
-1273047 -1244437
3845528 3367734
9892379 -1014328
5707034 2619592
-5450 4592595
1682823 8963524
7160106 9581659
-3649174 5892498
3087710 3880941
4914857 -7348213
-3295675 7264014
8601241 -9933936
-7857162 -101889
2032933 2665044
3699865 7372618
8644533 5369028
-1263237 4943171
-6071157 2490061
7626005 -8854506
5738089 9635878
8599402 -9863093
9718567 9937264
-1653885 -1724140
-7843198 8585745
3753884 3950177
1214191 -411989
-345925 -9541791
-7127328 -7668216
4996828 -5686735
4202235 4905605
-7209014 -8786954
6156217 2846768
-4663171 -5955899
-4810405 2601412
-5246358 5479186
5616094 3444036
-4102348 5869397
-5854743 -2148987
-3563242 4243767
-1806056 -3697941
-1593578 -9809358
3165203 9408135
4256271 8060498
4890115 6037876
-6540167 -746900
466146 -907649
-8060881 -3749181
-7188728 9138715
-5743521 9792301
5271487 -1999133
3961255 -989878
-5120481 -6596067
1254946 9858908
4102675 -975224
-2156812 7691704
398698 4812972
-3262541 6249610
-3173540 6080254
2118130 -9006269
246831 -8283424
808927 5577963
4345135 3229329
-5115604 -4735602
-4943301 7156407
7673627 -859125
8150997 -9671813
-6267880 1634882
1493790 5546868
7087997 4987067
-4804877 8112818
2925790 -5068815
3697147 -1889826
-5809572 9663249
3173332 3039960
-2727112 -1175090
6919225 5936515
-8317804 8081815
5862565 1264360
-9062880 -3433408
-1776180 -9080735
-8752548 8610747
-7238019 -3625183
4438038 7495924
-5000657 -3227876
-5115058 1526035
6457220 -7289181
820993 327084
-7493315 -7329281
5710679 -2472227
6352683 5680018
1616533 -7016433
3581734 3271908
7052621 3298730
9865322 -555700
363565 7989741
-883160 -9394506
9496664 -5872631
-8376707 -5604827
1167297 3934702
-4539263 9138989
-8150192 -1431409
8895675 4434309
-378620 2670801
2714926 -8597639
7082379 -4667940
-9168021 -932391
4855869 -8784736
4513994 4413714
6374366 1908490
-7585417 -3104331
-2498837 9254283
-6618348 -5952225
-1557051 -3002173
3448881 7521297
6660286 2126598
-9304810 8909618
-4139721 8510094
-6302753 9590865
3509578 5481660
-9186280 6412173
-4520218 591957
1807222 4162051
-1424235 2852004
-5239506 8837568
-4266763 7466483
6720766 9691430
-6260795 -4249247
-4735068 2618770
140068 -5301494
6825105 8713814
139784 9316706
7826801 7520295
-372488 6000064
1481724 4040400
452574 -6862909
-3754600 -5188204
8973847 -1551292
-8699288 568974
-593457 -9934035
7532448 8577559
785341 -2343868
-4076763 -3230433
9388337 -2959102
1739405 1188170
-98016 -7955243
-8638536 -1435490
8601157 -9958232
-1441816 1704617
-4254983 -1771331
-6117888 -9960092
7368056 -1286057
7162652 127513
-9303513 -1141744
-1075779 979716
-7926373 103030
275515 8973021
-4257412 -4624680
2416219 6198752
-2613078 7647278
9692035 -5844376
-4763514 -194742
-152973 -8946501
2758116 -6162357
-5417336 8405211
961472 1019486
9733429 -1535223
8592290 -1670472
-295864 -587567
2908502 9288777
-8091840 8628357
117731 -2501519
2873802 2183675
-1617573 -1623329
-3976051 -4709979
-8038003 5769350
8090960 -4284015
9285836 -2801517
1036126 -2062013
8859551 -5439695
5579791 5618790
6599919 -7662625
-6816745 5313220
7242006 5192209
-3002661 2887392
-5967899 150508
7648989 -1094501
-8910826 4149832
5042856 522791
-1670836 -8012047
273655 -8933195
9299142 291161
7489644 -1635384
-1181045 1101331
5661636 -8957878
-822735 -2321494
-7467767 1241427
9070999 -4222816
3485746 -4284511
8602881 -1170643
8979865 -9516915
-611416 -7365018
-698833 -854793
9667998 -7005890
7498415 -5655977
7927180 -9486485
804676 -2227929
-1346961 -257325
-9155994 -9189327
-8147205 7471994
7666853 6505642
-9736579 -6453588
-8160051 -9800914
8430927 1850772
-9319870 5325695
5808780 7033808
2185143 2176347
-8678446 7713716
3224178 -8513690
8346685 3505905
4019420 722593
1011016 6273865
8532892 7340448
8151121 2180407
-7831246 9376898
-1601108 2520269
6066681 9835607
2551045 -8821335
3029438 7906630
