74 -5641642 768382
368
-4746324 -8412260
-8454618 -6674453
-4262852 -696267
6410481 -7623840
1592074 -5069795
-1976275 -8230817
2014685 8839634
-7634986 -405047
-1116007 -4688529
-1864460 -7682084
-4193781 9968879
-5115805 1260822
-4569511 7251899
-6116939 -6569512
-9694801 4485857
6073597 4651443
493342 8075227
-2621040 135331
2511492 6230490
-8839304 6305793
591329 -5896434
-7056799 -8299227
-6187921 -7393986
-2082515 7824567
2658835 -4787576
-4818697 -1430622
9830200 981406
-9250343 -7418150
-3987662 7777042
2262899 7149070
-5683134 8833889
6909116 -9147152
988179 4810208
1040699 -5711924
3110222 -6500329
-9880410 -5282253
8934872 -6298449
8823917 5579143
3403710 -7253049
-2040625 9257755
-2172867 8578897
-7923344 3140678
5722528 -9826315
7950727 -7173687
9975384 4251219
-4398540 -7270022
-6417174 -5707750
9102458 -7489423
9315005 -2912642
-6896619 -7340491
9893608 2425227
-1356870 -6777029
8802114 8828481
4091784 -2532952
9241155 -5277824
-6698926 4567512
-9775458 -2931712
-2758027 -4622270
-9279605 -1536577
5230994 -4807299
-2077321 -9304221
7504381 -9167546
-6656969 -5978142
1109216 -876808
1782701 -7341963
-2400384 4212597
-48079 -5807338
5537495 -1240901
-1257501 -1245965
-4007436 -370721
-5803209 -2016346
5051942 -8190010
9704072 -5578666
-4598891 -7706085
-9997032 -9575533
3636599 -9367897
-8535443 -9558000
-5536142 1140980
-9735828 -5192411
9981978 5573074
-7697977 -5436774
-1244112 -9902054
-1142955 2253944
3524332 -5706617
-3560986 7599544
-4416802 9516896
-8673114 -6847842
-9910156 -9364860
5445408 -8969042
3971777 -4509047
-3876944 5448376
-1593272 -2391624
8749357 -2412387
-5088446 2870586
-9039988 1529881
6093107 -5106468
-5008521 -6737964
5515980 7365347
4175082 -3635124
-6035579 -959688
-8926440 -9385903
-6233745 -7936029
5215464 -7599554
5947756 6372451
-8136596 660872
8625600 -80466
44262 -2013540
-1909575 -2967671
2419267 -8690029
2839853 3001980
411864 3379280
6641316 -8550688
8814660 -2080305
4284572 -5326352
-3769687 2989742
-3879809 765345
2829316 -2696127
-7779328 -7597202
8775249 -1955220
1222004 8168428
-9395686 -9361347
-8858535 -7636043
-8087362 648577
-5525100 -8251757
4750223 4331905
-2288815 7314753
1280418 7678439
8114487 6868853
4058854 -7388570
-1882476 2399059
5680756 -9710833
-9890608 4237716
6640514 -1489928
-928795 -7669936
3014845 -2067884
-8912879 -9706791
5173518 3619159
6784088 -7771413
-6023170 7086156
-6065586 -8741011
1090094 1243405
-8561804 -5838049
3547157 -7629488
-5018058 9552683
-5531906 -2393989
-9588470 -4384181
9853535 -9851150
-1341077 -9479078
-7149013 -989599
-541131 7730128
539689 -1617816
-7998657 545991
2774578 8229560
-2167932 1301784
2560773 -732240
-9488835 1766482
-1555214 6167219
1054084 4465713
4018397 -8008057
-402046 6036026
4168197 8486491
8635342 9484
-6953242 4021732
5548486 9810617
57097 8414097
-3203719 7523707
-1930302 -9403214
1342698 -8686023
2615761 -9155724
-7371612 9174767
-6542399 7692886
3860105 5655905
121619 1902387
-3589318 -5085811
3466568 -5859984
5142859 6008636
8534472 -2365235
4172850 -3705447
-3894830 4097583
2511680 -7762312
9761395 6162267
-724594 9307962
-9378061 -2168906
-8808278 -9381896
2309223 -4245948
-6553062 -6179889
9476016 5766825
-9814436 7307043
-7778767 -7886013
8770355 -3403753
5121235 -1795847
5838918 3913215
2724120 -3827940
-9730357 -7471880
-5234192 8829291
4991558 -4702325
7121989 -5472796
-5125350 6783316
7401421 260280
6014332 -3933628
-7597165 -7773004
510173 9461270
6768314 4395204
-974457 695738
-191663 1505899
9710052 -2204101
4225466 7445924
-6382016 -1934678
593443 -3050414
-4221123 6403979
-8298345 -2124397
-5080841 3286788
70104 1339996
-8399723 -206191
-1623466 9987877
-7785126 7614609
7075880 -6704279
7690925 2725047
5937137 -3639454
382797 -3283531
-2971280 -4254526
5707751 -7390799
674523 -8745814
-1796228 9325735
-1753933 3784318
4176274 -3500998
2302142 -7535926
3804070 9095433
-8594405 -7627754
-7639876 5404347
-4464691 -217871
3077850 7091350
-7667251 -7388811
-8511913 -6714872
1597 8269887
6531713 1870884
4480085 7030317
800855 2239464
-5918448 7670960
-6028369 9004627
8019981 -5156029
-2691955 8147905
7243338 322123
-4789278 3628467
-967185 8648933
-9052586 -9912802
-305100 -2915524
-7787983 4025265
7310393 2027649
297536 -6299896
5570988 9828342
-624989 9345602
-5898582 -7432575
-9761615 -9824134
1696845 -1817030
3026941 6726368
4874273 -283173
2555302 2851338
-3520194 -5366036
-6717103 282376
369574 -1971027
5113449 6746664
771929 -9935526
2092124 7325466
3541922 -9401326
2943368 4906012
-3232034 -887090
-5803313 -7681621
-7505755 869385
1568707 6951424
3677793 4191090
6424269 7112001
-36661 -1447934
3186030 -8504076
1778300 -1040503
6988470 -1014720
-4268056 4664227
4728701 -5381729
4460089 -979775
-7864749 9337177
-3240458 -1997989
7114921 5078619
7396998 3527508
6913245 3827960
779385 2407595
-3401315 -1518047
8110306 6973530
-4474404 5539307
7035231 -1926355
7033143 1227979
2729611 -8670117
5994110 -3462035
-6327411 8461555
9998132 -6760836
5092693 8132678
-3865310 -7866617
7212002 -8147765
-2103904 5765963
-406076 -2874648
9532947 7325693
8323998 2889661
-136809 8647984
4187291 6434304
-5492050 -2094861
9133118 -6261126
-4931242 4057445
3111762 1862729
-7159364 3579220
6818384 6784351
4917030 -7161232
7488503 1911078
-3720335 -8948280
-665965 4700505
-8174143 4175761
-5982193 8927959
1817620 3875156
2523141 -7658195
8776110 4197163
-7897697 9226784
-7034341 5800412
-142143 -8764579
-4385497 -9449231
4129989 5485971
-5213325 -9028509
6326612 948374
5375804 9703705
3271777 3815115
-8968027 -8344531
-1652417 5122164
4050124 5374182
-750661 2365390
4707195 8384096
-4902388 4288832
3515616 3483305
-716283 -2800085
-9048312 -1002373
-7935252 1657926
9660250 -3433809
-9945965 6194738
9659464 -5553075
6666982 6380647
-7287886 -2448380
-792911 -61241
-4939077 -6255913
9118270 71024
-7563586 1627399
-7472152 -9116039
5172793 7143610
-6856733 -2374540
4825375 -8795239
202389 -5056663
6601263 5777063
4859607 -5216511
3494579 6261513
3224790 -2570006
-6189359 3154043
3222015 -108228
2346883 -3477245
-7216805 -7570895
2500129 7407807
-8448442 4417817
5301778 -2547104
7112858 6595758
-5778782 474571
-5804316 -9743875
-4800538 1562945
9856361 -3085575
1697915 4317078
