132 -1821652 -7239296
726
-9416839 -1896524
-277878 8748597
-6018930 2560929
-2712501 3173970
8062063 2844635
957134 1611714
-1942252 2355141
4609842 937284
-9950674 8970176
6533883 -2212229
-3380003 4537896
8698957 9353748
6928632 -9019415
-3898403 -5763775
-5069075 -1432642
6670834 -1137698
-2389101 -4485913
591368 8909308
-5400370 -5891679
6952956 7878867
-509418 5178045
-9950461 -9573557
-6119921 64682
-965142 4659381
4963504 6445757
983653 8085094
-44806 -8416498
5080439 -7801038
-3564813 -3116174
-2032464 -8817964
44338 -6117535
-603448 7154722
-1419617 171590
4279911 2504272
-7100508 -4303635
3390763 -6250780
-5824337 2390074
4971108 3440302
-9383965 -1944258
-5498501 6522319
4607413 5579539
7163041 -1998495
200467 -5437393
-6037215 -5240168
-4058131 -847993
3034472 -5553326
4117748 -1497441
8674149 4947376
-2548352 5214483
-9089151 -4529587
-780367 351140
5257566 4301612
-9741734 -4088352
-3516258 -7254973
9267346 -9125699
6453840 -6498407
1503098 -3608889
953718 -3866766
893066 4219918
-6628075 -2567145
1879529 -648713
7853847 6406397
-6129875 8513630
3728113 -955652
-2968887 -6161875
-3294382 -2844686
3973278 -1232902
4678746 4479536
7224563 4231544
5105845 3678840
7180434 -991739
5399372 1559686
209272 -8800116
5419802 8869442
-3697702 -8897662
-7030022 8791727
-2285524 698179
-788191 -9176175
-7615475 -5899047
-2060921 5456275
-7388411 -584361
8182737 4644697
-875767 6584868
-6667236 -4622164
1573028 8865149
-2126590 8438610
-7485352 -1246538
-7530301 -6727217
-7857775 2723920
-3657390 7889501
-802419 -9039125
1659055 -687412
-7347235 6912057
-8986989 3387216
-1156509 -4962709
-3030718 -8531558
6113139 -6028567
3072653 7668371
5562559 7753724
6618873 6405417
-2639621 -2864412
-1594598 7008636
-9718581 -124973
-7401053 875101
-1235397 4939996
-1582776 -1058442
770498 7962184
-2609407 -9923721
-4020153 3423264
8460555 -1596396
-7611602 -2660309
1311124 -4570163
-6901792 8501537
-1228386 6900129
-4178102 8660768
8312708 7906839
4915475 3182278
-6942695 -3281890
7593212 -2286754
-7346757 -4343747
-2885837 -3642185
6836351 1070467
-6336902 7884661
1307925 -5773056
-4853099 -357055
-501012 -7715168
-2285331 -2464701
8553189 3326464
226593 -6670770
4506350 -2675197
-4768358 6048492
-769230 2819058
2053520 2663470
-9623284 2288075
460680 -353268
-1479101 5546311
-3383222 7574843
-2024143 -4642750
-7899453 -7203772
-5044474 1800134
4084967 -2752552
-2700901 4454514
-2219021 4315988
7645218 -4147712
-4306557 523924
9088768 -5332080
3330 -6558562
6104908 -1680462
3123966 -7943149
1703583 -1002024
-5455712 6100998
-3807806 2740835
8098085 -6322582
-3526353 4168051
-4031815 -9801368
9962432 1429173
8400039 -9946848
4369141 -2738468
-4369828 8697370
-8262353 -5469289
-8285016 1323616
-2718594 -9173585
-854046 -5765334
-3708483 5902666
-5099358 4786272
887270 511453
-6747712 -555070
3122349 7079464
-6236133 3866725
-3418290 9595996
-6458479 -267947
-7698443 -3455858
-3677974 4457912
-4328365 -812950
-3765886 1952199
5792167 -2590718
-1764303 -2050902
-5299884 -6926427
8976239 -101997
-5315725 991634
4019439 -6123119
3321812 -1912102
7683714 -211921
6171156 8960513
8556509 -8552418
-6304013 -7247134
-8186639 4614382
-927706 -4002456
-2299053 -1864613
2603938 -2739719
4669563 3935061
4400511 -1603895
-6013970 -7094739
-4680384 9100627
-7391387 -7037731
9355503 -7479756
608142 -855596
1448835 -4806333
-5845820 -9191792
-7744210 -2380008
372858 5227041
-158577 -4048223
-5534326 2186219
2837959 1430069
8690351 2166621
8618034 -4558103
3838003 -4123734
-1218473 3018545
-5364476 7824033
3302655 4101144
-862260 9760490
-1095106 -4825490
368177 9745882
-9445910 -9646270
-2026278 -2961291
-7734250 5326233
3794362 862932
5565504 -5376475
-1430054 776388
5459361 -1596537
3845360 9776649
-4347084 4077395
9612292 -9800285
540101 -3049205
3568291 6764169
6524659 6359108
-8466382 -7293969
4968265 -4570447
8299635 -5581853
1456856 -1961292
-6635059 -3726643
-347358 -3761042
-6621165 -324345
-9547956 -4781854
-3862039 1948781
-5758217 5911405
-7494847 9983321
2699389 -7588949
-638154 -7882555
8881614 -6760510
2114950 -7069862
8152521 -2077375
3352179 3648568
8066715 3120787
-8840505 -5831834
-7042124 -7960077
-9204767 7040788
-3283557 2610518
7828664 -5825932
-1360799 9684839
5596245 6482977
6466298 -4602664
-2191613 8101398
2735195 -8317961
7437881 7170234
2616724 -5866838
2055787 -447169
5717751 769245
6406384 7924318
-7907515 -3699182
-1659259 7565879
-2876981 -4949639
7660879 -8347674
-4173606 -3644185
-3959346 -1994105
-5511128 -3018052
2379284 -8363101
2254649 3471522
-2330086 -9812328
-125742 7506197
-8360641 -4892205
-2823021 -7509018
3260227 -3788502
-5864183 -7105270
-804451 -333388
9748843 -3771698
-6204985 52642
1704969 -3128137
-4255970 -8544106
-8021859 47715
7029663 1784684
-4062064 8983365
-5028761 -8074700
-7887028 8192585
-1784866 2641153
265301 1987230
4478212 -145507
-1417656 7442280
2853362 -9745209
-7562245 2718161
1462815 -7951089
-5382094 4702951
4091166 5257830
-769924 6322875
8886942 9835196
1619880 1208217
-7292066 5916606
7841906 7557816
-1733246 -2320827
2836679 2471230
6974812 6481888
8852734 -6898020
3060612 -6030624
-5775833 -2564922
2669591 -4086026
-9520762 9178275
3881226 -5867594
9390236 7613496
3936371 -2027608
-2192412 -8863336
-5138767 -4660335
-8743729 1943820
-498363 -2430833
-2235308 1614529
6602111 284743
-3233369 3117723
-1263945 3576923
7546299 8135717
8087147 -8203333
-9773006 4286819
-4018554 756738
-2594504 3222584
836080 9862672
-9648584 -3204268
-9551252 7288803
-7371532 -9324644
2619176 -4690019
2879148 6401092
-1984379 4637165
-5078092 3160193
-3722084 7134085
711008 -5795108
-7659391 5013972
-673009 -9226340
-2423169 2944109
-6299153 -446015
5292921 3558277
-4062699 1106344
418428 -3870999
5934156 -3711283
-3035927 867177
6177158 8562625
4963717 2099601
-3263233 -8427341
4732852 5495690
-4853873 -5824973
-1620081 3527120
-1458908 5857136
-852852 -6763119
6180990 7868084
9938421 6723979
-7201392 2398189
6020885 5231343
3876696 -1264091
5024626 8955666
-177157 -189147
-1626522 4505051
9121004 8516353
2605364 5853547
-6134411 -4142229
-7450849 9854568
3381689 -988283
7385205 929070
-3317697 -8077219
2307217 -3467647
5772684 -7136707
-2222165 2245639
-2523018 8571292
-2692799 -6201280
-7245614 3870030
-6319117 4848179
-646770 -4906419
6126287 -5429287
2940612 -9009414
9364710 -1268349
-1413780 6806202
8334271 -8086139
-4640717 4484261
-1076606 5719476
4768181 2041587
-2578768 -8769388
-4007397 540865
-887843 5199067
1514140 -4014063
9855967 -1064290
-6216111 -3215122
1878460 -6463149
-9376084 -4346529
-3355943 -1995253
-747250 3564529
370731 -3991233
-9561020 355322
-5160417 -1294998
-5575522 -4201736
356203 3762978
-2490058 1709011
-7750124 7777435
-4507145 3502545
2004834 -6121615
2814095 7006995
6308225 1860801
-2085996 -885664
4767807 -1813315
-1292216 -1462079
-7897550 3928216
2453336 476887
-9167791 2473181
3694535 2892316
1206932 8188145
-5532525 635365
-7655624 -8436865
9340571 1977417
7996314 -5405748
-1527363 7349778
-3126875 1148
-8138051 3803084
-7082580 -6818650
-6115612 -7707694
830227 201579
-5870205 2592172
5585411 2932677
-4594142 -900517
-8008200 6417621
-2877882 9100393
-264242 -4284916
-2721780 1589593
6083362 2080134
-809262 9135143
-998727 4079676
6597176 179727
-6017189 5874398
9055748 975477
3267783 9416583
-381838 5456488
-9434987 -5901990
7030687 -3735691
5363793 6150424
-4915603 4952897
-3430358 -128055
-1896619 2206515
-6203892 -1178248
3418238 5381601
-2966904 2395822
8991850 -7391024
-4694945 6034369
1908767 5589026
9080856 -712134
-8779199 -6519132
8937356 2348639
-1036998 -6644685
-380375 9502369
5652794 8510041
3462939 7499770
-2628285 -9262809
-4539941 2548933
-8629314 5475096
-6626950 -8227481
4168342 4788924
-85747 -7077502
8956868 3160192
-8734429 5219308
7023527 -6618013
9379207 -9653573
-4788582 8244328
-8400356 8316564
335285 -3309228
-4799186 -6264379
-8764609 8504431
1757975 1180105
-6270962 -8876542
-885094 7218034
8990553 7616076
2405001 2487956
5410455 3158895
8835440 4835606
54914 -3116325
265662 -9898989
-9552562 9594793
355474 -355130
-9522214 8175208
-5134019 -5528530
-1792909 813071
-682497 -7416853
3763252 -8041166
-6917708 -8924522
809864 8642
-2375281 2197198
7201507 -199583
5475665 2546072
-2618322 -4871686
2011989 4311105
4412116 -47056
-452262 4794003
6955225 -2624094
8067466 9903212
6891034 -50637
-9237565 -7066553
-4483406 -4901875
-2943041 -7403710
6188120 1796198
-8195159 -7344397
4852801 -3002016
-685247 -8054088
4491984 -5429340
-301026 -5209582
1617875 -8126338
-5657042 4227315
-8462329 8546343
8438601 3890696
-3689740 1009248
-9041388 6506068
1955867 -6798706
-9184229 4237399
6833689 -11186
-8214988 -9610918
-6955315 -4461839
-4947503 6106205
8052117 413839
4984499 4367250
1674021 -4939547
9450467 7199826
-6056507 5808248
4354592 -6206574
200474 -4518836
6490413 2793193
-8184387 -972913
-5255267 7449025
-5797224 -3712167
6276647 -4439495
8465939 3552817
9090978 578011
9200569 -8489375
-5559184 6659827
-6456571 -230962
4829492 1941667
-858507 -2266198
-6457949 4279959
8073385 -4398661
1082503 7896643
-6793812 -9209788
-182701 -9910732
54645 7538154
-6174013 4562032
2638889 4257421
-2189762 -9897366
-6803003 1104829
-4868194 9417568
6077395 -7602434
2166605 -427378
-8485711 2137177
9870979 -3003903
3792408 -6827865
-1226526 -6586970
3826025 -5617854
-4827642 2372329
-5022050 7032214
-2913280 4989657
-448311 -2451053
-8193631 912707
-6468307 4706931
-4188240 -7867041
4066880 -3271310
-873743 943566
3032540 -7339373
4797804 3809214
-9194689 -2936819
-7248332 4668784
598166 4597719
8979865 -5958506
-1069824 -5575808
3972758 6668575
1658232 3908126
-8542927 -8940522
-5511463 3726274
-1566795 5779794
429106 -1979770
4748920 4244965
7704883 7012338
9672965 6391529
200743 -6746225
316956 -3012878
4172258 -6477594
636478 -4415023
-373529 -5229576
-8289032 -7867305
8801271 8556647
-5018875 5683726
-740444 -7024145
6702129 8954551
4734345 3748093
4284675 -4864666
1896651 7679803
4692141 -8450052
7941477 -7882114
7888013 -3118541
3868581 -9341427
-5819021 -9278678
-3693701 -1959161
-4672385 -2666191
-533495 -1550878
-2994230 -2961416
-7277690 -9215872
-6240017 -5496753
-6542202 -5501781
762664 -9537887
8113799 708496
-1611701 -4952660
-3402712 -7473197
-5355311 5596793
-7521748 -5461235
-4802662 5049055
5770377 6346833
6904024 -8105330
-771521 -7923324
525798 -7768361
-729777 1211336
1995464 47920
4551168 -5491114
-992895 5755448
-1266087 8008966
-8766186 9769769
-5182891 9364064
-8109133 -377886
7735259 -6069251
-1530485 9051909
4100964 -9786489
6560344 -3816795
-9405773 -128659
-5535631 3464368
-1787641 -7660941
3550395 4990167
7554440 7482583
4507821 8062212
-3665988 2105608
-7369074 6031278
5801047 5067925
-3051659 -6135259
-3996793 3134509
7065258 -1160791
-2108882 -6261534
-6048023 8051125
6750683 -8007918
-5620225 3028673
9009393 7344910
2200321 -1155856
6350663 -2778248
7220687 -4249283
6329281 3905103
8527063 -5755140
-9723862 -7336707
247570 -8842010
7539083 6077186
-8271953 7195911
-3964880 6058642
2313460 1309657
-639217 -3557410
-9048976 -1218211
-8189538 8627818
-1510920 -4669201
-3308705 3336207
3074311 -9310598
8956471 -6958041
-536586 -7188649
-2943789 5285752
465397 -2009522
-8335180 -2667650
5925888 -9287033
425230 9203903
-2221103 7653935
-8520056 -1023297
5419293 -9907643
-1125854 -6642921
-8015103 -1113330
4217469 -6799040
6537167 473978
-6320268 3425117
-1016572 -7872170
-5060819 -7363797
438307 8446842
8953672 1995393
1844095 -9096296
4133023 -9381508
2338747 -2230017
7940270 -5441747
3534956 -9882356
-9789999 1936566
5293646 -8529398
357272 -8399501
-5198541 -205105
-9731127 7091093
516210 3854978
5982809 6464957
1617512 2015990
-7020815 3438342
-4566265 -7944181
5475875 -8067143
5067702 -205818
80517 -391102
4167152 -2593551
-9959554 -9462861
2473706 -9781540
-8310938 2766799
4367299 -2232648
7562247 2046334
-8346220 1685110
-4459911 347473
9328782 2169990
6702333 4039250
-2522408 946295
3002114 9681518
-8385625 -4572320
5221862 -1522010
603240 -801571
6604879 7818732
8355871 7286744
7505205 -838323
-8071524 829577
1113281 1710619
6273306 -1187873
-9502762 -8808119
1539354 7927086
-7386572 8553679
2592929 -6615512
4330783 9315761
8997279 2586873
8014553 -2667102
