57 -3740720 -3261220
971
4426902 -2611893
-8715118 -5488200
-8423122 3953590
-4817626 7152939
-7066031 6718920
5380591 341670
7811248 -3855716
-5709529 -1859729
9247555 -6504465
-4406312 2025742
-2413720 8391421
1437629 -848909
-4210928 1051023
743304 -6973799
-8198167 -2883958
-2979499 7482085
4510237 -1254912
-7301322 -1694617
-4541678 -1396533
-4677612 -9602596
-6744574 -9091357
-2947072 3219331
3875954 -8933326
7078561 -6140249
5885493 3123509
1514931 -7327751
1823341 5988126
-2960851 5468912
1011465 128765
7244807 7782454
-2219109 2813299
-8441613 6781660
-4912957 4807480
5927299 6773417
-312826 -6938283
-6029640 3766039
-3014630 2942600
-3474373 -6460360
9915744 -9138676
-3498814 -6395812
8792790 -1682411
-5694285 532469
-3998619 616131
3261248 1344865
-8356329 7012846
-7657503 -6977593
9804067 -575438
6748394 -6099116
3190654 7407462
-9530821 2675693
-3558267 -7122172
5820428 6955891
3011884 -4056545
9321132 4862407
8466596 -4556020
3761569 -4177682
6354787 -224262
2908221 8067285
-587850 -7643832
1885366 -3830531
-808124 1055821
2996735 4227864
645100 -1004057
-3596595 -7738519
-2546474 -6164246
-3286418 9388936
-1138821 -3588389
2355067 5050363
-87230 4389415
9833395 1676199
14869 -9104282
671456 3594965
1662250 -3630344
-8757824 -6420323
-250854 3590752
7162925 3127542
9871758 1457374
-9546683 -7323988
-5062507 516859
4352613 9373074
1278362 2391019
1318983 3582548
-1367089 -9860458
4528957 -6325950
-2133399 8545681
1957752 -3121295
-9526330 7881470
6767478 -7370792
8725238 -5347728
8243024 8009654
-6346452 -9009264
2448111 5405949
8081961 6041659
-3441482 -4582220
7307207 5535806
-9556823 3427483
-2989969 -1414431
-1274889 1762160
-2047438 5642942
-3295024 5770421
5165478 -1664485
-3783015 8662728
3808288 5639148
-9708580 5500815
-3973179 -4950122
8556967 1050796
8973097 -7803278
8238381 1005078
-1060790 7055058
-4892784 -5203101
8224382 -3753583
-2651661 -4449607
-171094 7750766
3393708 -1410198
6876575 7781468
8633336 2615036
1277764 2042053
-2318799 7366673
2867489 7602405
5168635 -9511027
1539769 8894310
-8908968 3725602
7247032 512866
-9915724 1845765
6642664 -3813757
-5050988 7707844
5774590 -2616601
-4865835 2297351
3403506 -4396504
5901316 1044225
-6340738 280081
-7677865 4534652
1901326 4937026
-4944217 3336
-6991338 7285167
-1304171 -9775581
3950021 -2935217
94002 -7696786
4148979 1197054
-100351 -7305370
-9597525 -6692004
691395 -2634987
2178717 6177065
4296913 5825560
9386137 -4417777
5862304 -7285419
-234414 -6954601
498778 8184439
-9295872 4183264
1468431 5554561
-1704668 6229142
-6706075 -9835740
4983826 4761706
8475112 3387927
6082558 -867194
2440802 -1625239
-1743874 -998615
-4821550 5648549
-6009539 -9565157
-3982934 1991715
4706296 -6623402
-3578002 4395723
-4903486 -5528118
8655146 6920776
-5008311 8316994
4546136 123577
-7195810 3287022
-1951272 356414
6260693 304368
1953526 -3476160
-2585047 -5140397
3860988 -5605672
-9957123 5671079
6105923 1555790
-6452495 6549690
9926289 4639341
-8448584 8253802
5242036 -3651713
-6730937 9164283
7481277 3897183
6537112 -1739248
4064126 -5456234
-2583468 1857654
-7837977 -7887146
-8846954 -6322775
-8946819 4115549
1026230 -1432001
-5760921 4914169
8986312 -6414541
-9864850 2861354
-9982953 5050169
-4179677 -9938561
8926078 4084816
3249099 -8937640
-2524105 4711493
5488597 -6753272
-2209506 -5986993
-1612986 -447276
-5818070 5207026
1400604 -6934611
-302710 -4665023
3902976 2453785
9884306 3239872
6825332 658407
6036113 1386970
-3562860 -523166
-7945375 -1430487
-7345671 2257463
3319823 -9019297
-1791452 -1580220
1666508 -9204282
7325078 -6302855
3249869 1973355
9696733 -4287908
-8706167 7431800
-7233223 -6386311
-1416174 991123
-5769004 -813895
2360865 -1531867
9855103 3572680
-6950486 -1603022
6966491 8808595
1066059 -4895861
8601194 2137172
3073304 6902234
7697953 -3190258
-6976761 7256165
-770480 -2460617
-4232173 6273109
-3778739 -8557395
-4943705 -2938340
569135 -8495610
690495 3640121
4624606 4800131
-9110837 5567712
-6035309 -3003938
-4195343 -6061323
-8440832 3447534
8101059 6870716
3772951 2676714
2002808 1174363
-1569472 -6012744
1526639 5026048
-6184491 176400
-5864642 7294466
6872478 36770
-5942488 -808347
5348126 -2558387
4758097 -2735641
-7167928 -27267
6968795 5647260
2102290 -3203237
2760649 -7226548
2160521 -3822190
8854525 -6621940
-2931224 -4066528
-79272 -6626315
8399733 5499304
8192057 3963719
-6225463 -7784758
-5231636 -7672585
-5964580 -9352985
-9395020 -1174124
6090236 9383546
-8127369 -2120571
-6473310 1438660
751775 8841426
4131231 -1854668
4323142 -6487576
9406837 -3708248
-5258424 -4305981
-932295 -3524387
4491269 -2821344
-8857625 9983790
-7800967 2683326
-2472907 7433264
596631 9483749
-9174022 1562513
-6537588 1201611
9081041 -567434
-9128774 -4664957
6692822 5124083
5785767 1623001
-2348223 824053
7115805 108909
5802929 -2941386
3534227 -8142619
-963963 7386986
7370776 -1974503
3225175 -7305236
-9871972 2086161
1569911 -9247731
-5168866 -6758989
4442622 -5087759
4344807 -9190102
-3855058 -3959985
3680450 5216033
9355386 -7162236
-3821831 -533783
2091479 9523515
-3417870 -6706026
7667707 -9589240
7797746 2632709
-9341794 9220096
4431212 5168522
-2745316 3883382
-2847997 -2924408
316603 1340947
6253188 -5500511
-4690612 7275577
-6684407 -6885653
846732 -6029318
9324798 -487605
1494965 202118
-7758015 -4497033
-8686707 -6413556
-6002796 -1175885
-8543175 1497352
-6766200 -8205050
-520176 4631383
-8968883 7665012
-5259396 -749140
-9408193 -1816880
-4801038 5057207
-5150864 -638653
2475694 508350
-3004616 -9318919
193477 -6677574
-3959104 -3679818
1823149 -8311558
7791238 -1717118
-376651 -4347206
7150146 4304794
6099744 -6403474
8227910 -9616054
565310 8095920
-2653219 9259027
9958500 5305914
-7120527 -2061412
-183712 -4842538
-1817836 -2271391
-1590309 -7708018
8130761 5177548
-8502270 1119520
-4675686 6688009
7487243 -4162769
1490025 -6884448
-63302 9626945
-6776529 -8843477
-8459531 -3963558
-5867638 -8548619
3226761 2105779
9928045 -6004505
1934084 3185261
859075 5323870
5568831 -8249628
6558706 9041239
-3264861 -6021478
-2385606 -2794181
-6106171 -9250779
9102804 2938708
-1429388 3897424
3524369 592829
-5734296 8507310
7060104 6747841
715574 8322525
-7055344 3708819
7704314 -6057665
7127596 -7127299
712923 -7845250
6421474 -9496977
9544262 -3718246
-7223371 2980181
-9814000 8795753
9544974 391023
5846084 6596181
-6990042 8647778
-8243041 6933048
-2043289 6534327
3282168 8539015
6861540 -4983185
1241986 -6002257
-9543570 9806196
5195249 -8537347
-6382597 100379
603402 8424524
-5293721 2555230
-4464589 -7335983
-8540230 -2517092
390283 8237763
-2649703 3521097
-5314773 -3763633
-6830584 360255
9410934 -3557813
7497554 1126127
-1340706 -4790545
-8276450 4359095
-3318357 2417633
3880286 -7820020
2280359 4393245
2817769 14041
-7430729 -7116238
-4452221 40400
39660 -9378966
1375150 9523901
3044998 -9570056
9182663 8725447
-8397946 7730226
6688765 4868431
8510910 -8987012
-3777557 4186319
-8938234 -2829795
2104190 -9537655
-7357674 -9740238
4653007 -4015524
5998517 4922685
322799 9987128
-7456119 1084141
1705175 -1613070
-2089168 2583541
3013485 -6919675
4322124 3472182
1202408 2196149
-2935420 5924178
-546481 -9592475
-2889803 -4424509
-4737952 -1807686
-1345340 -9311685
-9051923 -117410
5867066 -6186662
1252375 -1882564
-9379083 -5618065
5466076 -8424825
-7521543 -6835202
5748339 9687604
5284281 389289
-6138528 -1238175
3474326 -393594
8046936 -2419768
-9495890 3055258
1147101 -9983193
-1790878 -9869341
-9181026 -1074499
8808091 -619866
-4290176 -8232948
-115512 4675157
1573445 6962199
1053726 505405
3670203 9555873
9243477 3532184
6437825 -8065105
696720 -2955889
6650517 2815649
-9604118 6687398
-257344 -2786195
-2769387 3416344
3547003 -9110242
-7668389 -2043913
-147427 4365977
-1350619 -8860297
-1668788 5562397
2524596 1050222
4071979 9904657
1976883 6094675
-373141 -9741465
-7806570 -6263288
780823 -3935316
8880334 -4593498
-7906100 -2568660
4645146 1792568
7725264 1836556
-4757334 -8124241
-7651802 1272267
8154596 -2425722
-8769667 2200771
-2236832 -3196022
7854200 -438455
-8017445 2804116
-1101209 1926179
-5298934 3959438
7696150 8525650
7106687 -3105504
2300998 -1523026
5908314 -1496627
2812293 4394898
8747807 -6930188
7461923 537557
-8190176 6506825
-5918897 9810121
-5472756 2480772
9284750 7827788
-2610666 2290412
-4905471 -344698
4097834 -628111
-6668673 -3490328
-4964677 8798900
8209749 -8972523
-7979197 4658362
-6838265 510747
7421998 445470
3515282 5974028
-3488415 6169805
2676630 -6506442
5820031 -9162239
3318533 -725914
-2898126 -9652724
-4845960 -4880364
-2708710 -2992440
6379449 248569
6758242 -8610876
2704377 2227128
-4229042 4309917
-1031721 914126
-8575127 -2208239
8237231 -5353634
-9379606 1363223
-2466972 -5731134
-2237576 9648331
3002444 2726011
4516449 6098807
6446083 -3679023
-6043035 4134675
-8857764 -8399876
-5634955 1248256
-4846268 38037
-7734834 3639639
-9534092 7858109
-1227765 -1963876
5827885 -8049461
-3403095 -7286539
4076684 -3418531
850335 9733651
1898334 4126065
-3147924 1129111
-2772082 -5099222
-6261892 3884877
-1980448 6190354
306830 -9788575
1459681 -838212
9199826 -2811773
-9172133 6613414
-3012125 3981344
-7982532 3810127
5760667 5760111
989924 361705
6943174 4873924
4607576 7582960
1709025 -2206491
8922620 9022262
-6076959 1077453
-5037670 8666891
4857245 -9822499
-9611074 2981883
4660023 7680427
-5131346 1848608
-9021626 -3623799
-9642455 8212873
2023001 -2033751
6242712 -7624987
2736719 -9699980
5173944 -2767364
7331949 -7803755
-10245 -7702128
-8679865 -959026
-9881572 -8571273
-9904382 7759528
7937029 7597110
-6904655 -2530785
-4850358 8325955
-7309085 7755369
6647922 -7465351
-9252478 -6330711
-5848109 7005468
1896833 -4713125
-4413105 -9605397
-9856408 7149904
9346150 3277192
-1908584 7475541
9032867 -8147743
-6719016 -588449
9687431 1667647
-735242 5892955
-6637830 7624460
-1533232 -5123545
-7368176 -8971835
-6437186 1157683
-2656675 1796099
-8682081 6826688
-7886436 1495216
-5593829 -4268896
-7118991 -9783189
-3989645 -5450237
4541656 4743511
6595768 4101772
6029675 3574524
-4757829 2393104
-1713941 5717107
-4142081 -2976719
1899737 -5835418
-4807253 -3158961
7998723 -2952087
8844012 -8728087
8098601 7858400
-646384 2678283
8409388 2728517
2945329 -3723861
825903 -8709603
-1449740 1472036
-4426192 -4632441
1458435 7662380
55484 4119836
-163057 -783041
6240240 857896
5022478 -1788786
5052254 -1860023
-2295757 2731577
4003490 -4432671
-6574271 9064607
1742891 2102091
-5169391 -4704303
1571836 152279
-6040972 292290
-8235674 -7602261
-9718349 2509288
171668 9854487
3974323 -5743562
3473397 2743504
6117752 6327618
-5461168 -7770010
-7113681 1140230
6388159 9591086
7674767 590562
-344830 391649
5010093 -8899504
-3603807 -8601939
-5933308 2357054
5165696 484382
2882121 -1974280
-9464992 6930022
-699139 -4319876
-7547085 -6776972
-1517116 -6724816
9602802 -1557336
672654 -5399363
-1742781 -5858365
6249073 3558974
6665888 -5354621
-2446620 3923841
-2459311 -3678942
-9764529 5079825
-2563121 -3546765
6937617 -5697837
2327883 -7397425
2048950 -7663910
-9467433 -4620757
-8881377 -8650189
7141348 -7014518
1428146 -398492
-3281503 6744150
3402137 -7899199
-1823873 4975716
2137447 -7832437
-1392244 -5157985
-6320574 2207180
-2712995 6148445
-7398320 -6085103
-9266587 -2759763
-7640836 9539297
4391740 -4422352
956892 4408114
-1725722 4924307
7909789 2075515
4193375 7931978
4676128 -8145713
6471440 -9088128
-1596059 -9405382
-7237819 -5352433
-510417 3057740
-4735080 -6113711
-9965266 3169009
-399742 -4931722
2308515 5152767
-2791584 333671
-1572328 4667679
-8407854 -8399844
6524463 9384564
-6023569 -133576
-2201598 -3049396
-1195108 686159
-5885617 4990882
-1898148 -4723668
-76100 -4965324
8092417 864033
4750322 1929835
7615196 5873689
-9058033 -2698591
4970528 -2784546
65478 -4233166
-9565486 -7821056
6295453 1009502
394066 -7973340
-5590564 2819916
2286873 -3113151
89360 -5275810
9715072 -8908235
8884449 4203744
9238420 -9666723
1197310 -8675299
3254536 -152811
8237231 8463985
8281746 869732
601539 9179198
-5053967 3252274
5431218 3183369
-5807129 7896899
9923559 -5756977
7062940 -2896711
-3493510 6849347
-8426463 -8133835
-7042070 6595851
-6684053 3804961
4138238 -8157621
-6832919 -7445633
-5082091 7851901
-1167762 -1062031
2324054 -6844860
4850690 -2886016
-9633742 5441945
-8858334 2313075
209974 -1686172
2556852 7850889
-5045822 -7350115
9499232 -7863856
-5997691 -6022980
-9427129 -8927231
-2605917 9476591
-8681030 6405170
8959538 -8467679
1900574 7002403
8456725 6393799
9548939 -9267188
-2153204 780779
-3777276 4399629
9229057 -9270594
-956765 9880742
7731631 -560969
2088917 4116439
-1231065 5202161
9179181 -5895499
7693623 2771244
2247835 2268405
-1326425 -4912294
9136379 -3916843
5601913 -9850535
6543264 1036954
-5713882 4058638
7355769 -1391445
5524537 2132915
-4621327 6094845
5975587 4753594
6708977 -3061740
-8945301 3707218
-1090621 -8685754
-4581252 -176366
5111230 -9395088
-4610331 -6887629
-9283571 9875417
-4041425 4063245
-3270938 2369160
5922466 4076840
-9348170 5788679
-5602766 -9791415
-5142148 8007599
4102444 2438123
-2808283 236525
7174786 78031
6301601 6417047
7731293 745837
3085824 7727332
8332244 5666393
1295116 -1802946
-9411176 6238266
-7182137 2011545
-5619294 -3452601
3140591 -453075
-4664396 2819524
3028109 3792421
1800020 -7750809
4687314 7885961
-9361161 8418816
-8986801 4395384
812431 7813625
-8924186 7314800
5042132 -8939924
6726470 4161638
4875045 -4109272
-7871006 -1978414
-9966868 5463869
4527620 -5053143
-2989865 6930190
-250286 -2331789
3976984 -5137909
9627634 5294176
-4303511 -4222996
6712172 4314949
-8773315 -3664672
-5851047 7725371
5040171 -5444532
-4384456 7741120
1902758 -7401345
-1510617 -7657986
363601 9294155
4758024 -6865270
-9402061 -7086915
2359627 -8198004
-529793 -2391926
-5013482 4625693
-80131 -6552809
-8259453 -5385848
1445453 5616359
4468039 8452719
6178090 -4811510
-256042 8616993
-1125535 -6265387
-3666732 5359503
217869 3293575
2587731 -2660996
-7009914 3097822
-1472741 9862107
-8335896 -6411975
-6287548 -9113114
-1971068 1134311
-2902145 -8784678
-4170526 465153
8597864 -8645246
2323826 7274928
-7536582 3065904
-5800751 -8981732
-5247118 -5276271
2599584 3073714
-3632711 -6397498
941506 -7182547
-1568372 1471372
1333480 3931592
35970 6958887
362126 2997584
6648247 -3735226
-2519904 8391058
-8627437 6262454
7617209 3309570
-6899150 9970428
3036332 -58965
959303 8080621
-7195650 -248067
-7174353 -1771463
1831040 -2079714
737739 -8290712
3180661 -7227454
-779509 9169367
6128255 -5485859
28077 1772813
8037587 9006733
7397791 -3323676
-7061221 -4482317
1343605 8770354
1257134 -9444012
-6986625 4444456
-4958571 6809818
-3438249 -3510970
4717568 -9637869
-1717583 -8096250
6129391 -3451392
-8162494 1536508
-6777772 -689948
-3659455 1057997
5347162 1866835
873568 6368622
5561298 3384749
1418784 -1728641
9558065 8500077
1572417 -7237610
-276802 815200
-2374982 -2897856
3591175 4764627
-2356890 4186770
-1393128 -1691257
4857351 -1558121
9978387 -5263737
-3437333 -788791
2785559 -6799385
5067450 2903212
-8211814 -1867279
4033823 -4058982
-3271271 7349485
-1634086 -4547393
-1785003 8803147
-381653 9938332
-2959524 454547
-4780826 -240283
6462839 3148003
-8543254 -4621364
3820515 -4930288
-194025 -1169551
8041659 -3684745
-7967778 -1115005
-8211793 -6656430
1476291 -383975
5557043 -6423606
3442231 -4489886
-6520926 4802125
3605272 -8191855
-8253523 1694071
-7851381 5739971
-4500312 -8696694
4451309 9884145
7779134 -8037472
9548592 -1575592
-228791 -5883999
431256 -8129081
755914 -9670780
-6327210 2463479
4595856 -4939526
-8846780 -2334566
3175548 -7330749
7471376 4595451
6403596 6654622
-9134954 -6407000
9332971 666426
-5513916 5530017
-2069486 7349012
1827892 1453745
2394505 -4290352
-174350 1376484
-4236245 -7834285
-7505065 2773258
7753089 -963978
4096496 -3832274
3833160 2348945
5018197 5249716
-7638481 9525060
-1303965 -4994075
-1401074 1281467
4464245 -7922567
7607450 -2068103
7797261 8950329
-7079573 8054316
-6236035 -374847
3517989 5314932
7480647 -3894033
1395577 9281745
-1682233 2491935
8659661 -851333
4013964 4930615
180331 -4990827
7050585 -967839
4038087 -4941798
6339669 8262972
-9659595 5153365
-6914738 803915
-7729404 464207
-1481476 -9117476
-6975971 -4808977
-9494044 -5201159
-6578840 6542019
5823764 502955
-7005110 4816737
-6034596 6657883
1588498 4170903
1696428 7979369
9527882 4285181
9343383 -8736634
