153 -9242107 2184519
427
-3707699 6236153
218315 8255014
-8951998 1201706
-4454911 8328325
6997650 4871585
9763557 -234297
-7690615 2691334
2838159 -6020744
8603845 8431537
3857206 -3637228
-8820192 -5260693
2469442 9992272
4843325 3066774
-9018911 -9210141
-8452248 -2616897
6135609 -4318039
-6063025 -2159947
1558111 -3646076
7198601 7501329
-5110733 -380448
9385256 -3287397
9403937 -5347176
-1367920 -8305359
2642530 2242096
1121221 9752278
7007937 9016088
9008360 -5182619
7884156 -522621
267238 3851686
3751141 1381597
7063558 -5668657
2171396 -113250
-1242974 3516885
-6465433 6245860
-4134588 -4044373
2668230 -1576166
-4406990 -4749332
9461661 -5411481
-653032 -3258557
-3506279 2104192
-6363368 -9531811
-4714430 -6498342
-4504611 -7355007
-986969 -6830274
-2932324 5762627
2610322 -7235828
2650923 6647586
-7319176 7298071
3543931 3924301
9879929 -3784609
-2844423 9409343
7176364 -4935489
-346969 2748587
2006382 -845623
3774921 8999999
9468188 8500103
-7998239 7411554
2572899 7270110
2956189 -9986498
-1707518 -8414070
6866454 -9976135
6671451 -9097196
8200875 -7966271
5958031 9352275
8084018 1744806
-6329498 -1645688
3418823 7755947
-6979113 -9153134
1243 -6928146
-7928147 5027269
3527373 6292517
3704071 4056393
1326504 -1954514
-1941011 -3723030
-9620748 -5717307
6822910 6351471
7254275 7245706
1795788 3494361
-4637011 -2028497
9716309 -9729829
-1375517 -6552993
-8797045 -6613189
6750029 -7956694
-4884839 -5776158
9251111 9267625
5560142 9703366
3759760 -4705164
3340323 -735787
-1942465 7602616
-8114691 3915664
-7216513 -1563213
8198845 1224571
-5281068 2554114
-9474383 -7489015
-7218844 -7401727
8561633 2758279
6145090 1405639
3448946 2280940
-978866 -4588528
7195449 1080459
-6699823 -9211403
-3916566 2755591
4536156 7059937
4662553 1940109
-4144227 5110043
-6453170 -935786
-9711215 -1360740
3709726 4262027
6773013 7524070
-9877657 4235344
-3006377 2070521
-6523839 1200328
-6518732 5655065
-8933463 -558541
3038270 2502402
-4192648 8261986
-6466071 6338447
-4085263 1890786
6347247 586437
-4303520 -9422710
-7842143 4719372
5874984 -8240338
6021690 -7553358
2487064 -415290
-6179946 -4688945
-102072 -4874240
6326088 813677
8985095 -4109559
5331900 2323709
7342463 2567984
-6653677 -9113478
-258678 -6850185
-2443047 -3119748
-16958 5656059
-1250299 -6095800
1139924 5679522
7439185 907558
-4129447 -2985092
6599619 -4022773
-6195366 873969
5999729 2936025
6266055 3702562
9593004 -5157830
7165879 5251150
-2180866 -2558744
-9155869 4508342
174510 1165457
562062 585453
-3758488 7731463
4152016 -9454896
6224626 -2492435
8415124 -4708060
-5176799 -3819837
-5326258 6802029
-2324002 3939172
-3124803 -1521624
4697291 6192080
-8965750 5657604
908754 -3193353
-3235745 8200129
-4775177 1244241
4926050 -2391614
710191 5399333
-4352851 -4511888
8549568 6951703
-5540731 2315517
123809 -2709453
3470710 5390745
-5290874 4947010
-1113818 660805
9139181 2385124
-8906444 -1722268
-6064664 -3647176
-4324177 -7872194
2844287 -2639557
1121036 2440079
2564817 585463
8501148 -3952914
1535199 -6724991
-9773288 -5851703
-1019834 -7398881
-108334 7202333
-4890570 9103976
4050986 -6637623
4023182 -181444
4720033 5453521
6247605 -4321285
-5452108 5813589
7941396 2699293
2576088 223715
-7336206 -6697965
3887498 -6302876
-255789 5228612
8503621 2388647
-946704 3795762
6396881 1246685
-9034629 8033463
7137439 -3711452
-7832723 8591153
-1590290 -6295223
1674650 -1293189
-3098122 5646095
-6023964 -9561393
3137901 1449770
4189838 -8082568
7735820 8230341
-8072534 -630016
7114948 1623318
6528317 1671677
7983791 -1865079
9381607 -4418386
-6384923 -3102976
3185572 2863330
-6029165 3268868
6973645 -2130799
-907636 -5103103
-9457008 -8835352
-8396745 5994243
9960365 -5480971
8952813 -2742492
-4512150 4150203
6036540 6688633
-9171696 -2584684
1603345 3151488
-8713590 7356621
5454587 -7896512
-999488 3184369
-3952301 1586016
-5145116 4702437
5087990 -7465114
-2568216 4344882
5509530 -5819645
2690950 -2025224
-4989843 -370863
6886646 2651315
9317871 -6037029
3167956 4890848
4822516 5354411
-1494101 -3487388
6385586 8942213
-8954299 -207691
-7023322 1840173
-6573810 -7437435
7265002 -8459271
-5924384 -1718926
5142308 2352993
-950300 1507400
1998528 -6831810
2797328 -8259350
4391965 7008686
3488009 -7799674
-392474 -3773812
-8419401 9172317
-4315070 -5569958
5888607 -7397149
-5088488 -7929484
3910689 -549340
2013225 -9595457
-8054728 -146769
650658 -8205420
-3336075 8537240
-7439008 -4207034
-1038843 5713625
7454275 -2924127
6600911 4274837
-1008485 -5637408
588781 88920
-738763 8599041
5545435 -5314268
-2711417 -2537481
-466965 1434042
-9115298 2200096
-4879009 5960077
-4186692 2897927
4692507 -2933737
8119856 6463966
4773285 -8643568
-413591 3197200
-9726927 -6265558
525631 -2959316
1403277 6873984
9479256 9517146
8116187 4508410
9194142 -1259506
-1280635 3661622
-4904336 8999078
-6284474 768753
-3271170 8496718
1394645 -1163483
-1580868 -4941510
4038809 8603505
2476289 -3461012
2252541 -1187906
-4937112 -7937301
-8380265 2525614
-8084049 5588519
5105665 -4460636
-9952226 -8604793
-7347947 3221852
9399826 1758269
757347 1371419
-7859828 7011842
5508560 -3010775
5825742 -8614646
-3556156 9419557
539414 -5755126
-6699785 -9517347
-8188901 5532056
7594755 -1930892
-9405278 -3126013
-7537494 1730842
7270207 -7489327
6422233 84523
5822727 -165667
-8407398 9074286
445705 5222553
2234395 -5133699
-5628122 2585877
3971231 -9740693
9678865 -9802380
6958847 2931428
-4069567 -7265369
8266687 2775414
-9155478 -2258467
4615520 -1622206
-9891363 3955596
-1017378 -405621
9678902 -104804
2245881 -4595145
-5520859 5501630
-6759465 3838484
1221137 -2558801
-9972924 -2008717
-1749410 5593016
-1693012 -3485340
1962440 -9554193
-6819561 7782187
557601 7892873
-4365594 -8552874
-175079 -6081525
7874072 -9750073
-7639342 -66442
2345106 9373046
-5222099 -7960440
57542 -5409013
945823 -8226606
-785407 3298078
-8710639 4683313
276329 -8241978
-9210966 -460049
-7497889 1099669
-1118143 2751474
644347 -4317450
-2870324 1955810
5874286 6278754
-954967 6954597
9404507 -3735290
-4362244 1405691
-4038397 1749613
-1143047 -7067991
-5294597 6019146
-8166424 9802776
4486089 3919997
5678019 -6877063
-4820760 7278770
-1621560 6467053
-781473 -2318649
3363901 7260297
-783893 2379226
-8825668 -9506422
-35473 7606745
-6128545 219365
4141408 -8114613
-3848648 -7974437
-5042428 2619364
-8845138 5008305
4811082 -337024
6099325 -7011562
-3888625 -8186477
9092294 1777344
-9239251 1290615
8971967 -2529266
7247383 -7504372
4874854 -5147780
7862150 8979842
6586588 6049187
8784904 -2173322
-7771583 2974395
4999959 -4557335
8062029 -1620231
-6611925 2473883
4653211 9216891
4721681 715509
2529032 752536
5046232 -9166944
-5359977 1621326
1608412 -1676667
818961 6128342
-9019437 -1144205
-2164362 8210168
-3224293 8842713
9185743 6938578
-87027 8076963
-6480372 -8585840
-7689718 7429284
-7580480 4098009
-4168748 -4301643
6413866 7072731
-9658380 -9447067
-8614011 -1057102
3080577 5387852
-6288814 8542365
4670707 -5311011
3544785 -2953501
7773019 -1832378
9526688 3896775
-6648295 -5451274
-7374310 8712431
2642944 -4218970
-6789685 8661670
2759680 4953226
3167935 -4370165
5218918 8590932
9143866 -7901847
1041051 5560538
-6535257 3046207
1588572 6637980
