79 -8132945 -6274670
258
-3743999 -8875589
5851979 -1965038
7973835 8659117
8033449 4060520
6490471 8431846
-9226071 -5972779
-5392587 -5288337
1423308 7256061
-2035241 6804302
190157 -6086198
-5645526 8470264
8363077 -312180
-6591486 4033751
2013555 2993210
-2623382 -7172876
-6048465 5738885
-6226152 3632619
2291736 2319867
8896739 4264035
2695881 -7158462
9385111 5387210
2615225 -4013837
5758576 -6007475
3313179 6554886
-9531312 -6276665
-7806400 -6496664
-4292492 7339514
1373265 3073029
8582591 -8367625
6975851 -6613180
1642057 -4040791
2108181 3443738
8279957 -2067743
-7803708 6916269
9757807 7176697
2563907 -2591474
3394689 9142919
5651796 7695485
4250371 -846735
2876600 -8518673
7501015 -2764589
-5425075 -2413448
-9340419 5724876
7357251 5948190
1851362 1758525
7717734 -3150546
-9706808 6009771
-6057971 -7657733
9258537 8573150
5749847 -3861679
-3936801 9016344
675615 -9169894
1041943 9457888
-8872495 8843763
-9674910 -4707686
2527725 4004106
4107010 342458
-3932666 -380998
8083544 -2717056
9041469 -6575415
274039 -65094
8461030 -724445
1617823 -6916417
4173085 -7596941
-8942268 876360
-7590944 -77068
-6730609 9637284
9095172 -4398976
-5555213 4311334
2120001 2739030
-3256864 7286230
-2371312 -5352274
4266729 3366498
-9350558 3696022
-363041 2350273
4801532 2207263
-8517181 2427350
5510933 -4221086
-9301675 3100642
6493354 -315981
2123303 4272409
3909693 8902410
-5496566 -2090954
-7779619 -4478782
8260248 -8535426
8750804 4340382
1504460 7519736
886234 -3620508
2591866 8287541
-6845833 -5947971
6259292 -7771175
4656175 472051
6250965 258463
-6640895 -7316540
2367479 6949290
-6261949 9852459
1271222 7007135
-5083819 7647745
-6831037 -1708992
-244418 -2863438
3993296 3945563
1465299 -1493614
-2597770 8014109
6301650 4867885
8919914 9994096
4739273 1972169
-7555780 -2304441
7954022 -604552
2078909 8695185
-1839173 -8686872
3681939 6962740
3969875 1898879
-7937024 7469513
-4239478 1402409
1055323 -4768061
9177502 5516104
6538843 -4951380
-6937271 -6840847
8027038 6457425
-1032126 1880731
-6147099 -536695
7158864 -6292853
-4381052 -3702879
7508659 5112886
-1057634 214209
-2823051 8185838
-7398931 5140658
2610171 3663177
-4934414 -5335955
-7587664 8370693
-3596850 6120909
3685881 4106190
7265343 -7058007
9399418 -735038
-8854306 -2191266
7272039 -1632708
-5409208 7514947
6328420 4430903
-7939859 209740
-9576051 -3646569
-5460730 -6481140
1175870 -9882750
3780427 9656691
-5679263 -6213959
4673087 1362365
-2516725 -3266927
-9160736 -8923763
6534582 3685508
-7049529 620959
8429693 -1549648
-666003 6612517
-3356184 5701732
-7351013 3924789
-5865471 -7027764
-8157980 7225481
3260693 7074830
7192080 8897642
8554333 -5563437
-1777396 972508
4851225 -7124930
-7875504 5412043
6488280 -7665500
-1463639 5480112
8617423 -4460786
3989567 1486832
-1900651 7047117
-4734799 -6676436
7248353 -2740483
231753 -9569459
7656022 3899234
974064 -5409875
-6512233 -6566933
-2130370 -1833856
1655004 -7957899
7433523 -1391414
-5979370 -3493770
-8642918 2074371
-9929165 3025262
8564477 -106557
-8619725 8688259
-1748272 2554044
-1606040 -8004024
-744507 3516929
-3536178 -4357687
9541547 2003599
6593724 6636196
-9930737 -6968037
1198107 2597844
4639945 -2061107
6547480 -7146888
-640658 -5410180
-819456 -9431890
-3890276 -6767224
3126220 -748621
-2060362 -5325799
-255403 -2977153
-981176 6191366
-7775352 8138557
6297222 790669
5310620 -1311530
-4675333 5838769
8870732 1904345
-5497811 -4606070
3332824 -7414808
-4561696 1658486
-1235342 -7603344
5481118 -2686002
-6936874 7945202
-2803418 -8409158
-3734956 6189346
-6787806 -2347428
6360291 -1474007
-3335449 -5252630
5538039 8584939
9789761 -7038227
1316895 848660
5269357 -4885572
-6975289 -7296021
-4710829 2287898
6462736 -1126113
1270543 -6756173
-6925823 -4772606
5688949 -3248339
-9141145 -3862696
4843002 5401883
-6945545 9640251
-1833755 8055196
-7197434 9414746
516037 4830796
308921 856958
4221970 305799
-2063421 -8374184
6846148 -7992321
4295577 961290
2351529 4651671
7895499 758313
5985707 -6377928
-7109915 3486028
2139684 -5808992
9592891 6265293
5905544 -3017313
7554235 -7352653
4578445 -5928211
1418937 2873154
6246464 7610835
-9567014 -8272141
5870027 468434
2476113 -1630435
1847208 2716175
-2632153 9288042
-7437293 -5801263
-9662838 7779698
-6217922 1064766
5255775 5743599
2008892 5921763
5420802 4848666
7496013 -2085563
1986226 2975037
