188 8159687 9184654
393
7095024 7478109
-6900526 -6290942
3463430 -9990063
1401827 7347147
580390 -9688619
-6292693 -476610
6504294 -9164168
-2153803 -1445574
7322782 1970946
-2346715 2677400
-4198507 -3023002
-6657094 -216016
7663815 1231053
-6553092 -4116760
6559279 8286207
5764317 -7368437
8856973 -3829345
-3819407 1380143
-8756357 -5163245
-4851863 98772
2138515 1824033
2659865 -8628204
-73777 -1357191
3130107 3022414
-4300185 -2750995
4226003 -9216607
-6916271 1501308
5248713 85261
5968501 -9252456
1550104 8695622
3843537 2527781
1214788 9830773
-6272732 -4783138
53618 -88267
-9989494 -5029089
-688704 -2281893
-8393745 2149021
3308182 4487513
-2490072 1532478
1297835 8954642
2254387 3209743
7227403 8040190
-1874548 5338116
-1397988 2476117
-6311909 6610305
-8345562 2668468
-4984407 7531628
5264842 2869227
-7219040 -1257138
-3769875 -4681540
3036567 -7208534
-2543161 5541422
28935 4642823
8691653 -9234978
2236016 7538863
-6735042 -7494159
-9453969 -5509597
2344871 -9507638
-4515169 -8812165
7798141 3463235
-3868296 -827078
9220902 9452579
2321806 1147297
2406511 4485744
9804205 5102767
410585 8636637
-3305589 -4642876
2516299 7867425
1148799 -760302
-3221438 1207953
3713794 -6615185
-9608430 43520
-6947766 -3223823
-2035987 2736441
-3800324 -1462935
7709987 8278506
7731085 -5152268
5995030 6930889
-6067014 52892
7672011 -9082107
2070882 -6262809
-8389333 -9401052
8466373 8765293
-1995008 4126967
7851272 -7868476
8032691 -2700094
-140222 -5918582
-6626053 8424261
-6322946 2912013
-8550922 1337960
-383534 -123269
-2759185 1675418
-8877341 9863904
-7566852 5752197
6670091 -4944355
-8690812 -9894841
-9295893 -1259027
-9977381 -7080144
-436825 1686833
-3665291 -1972389
5327517 9930799
-5987783 -5632599
-7208338 7703647
615660 -2613836
1240477 8985069
-1138200 -5418909
6256509 3373295
-4246449 -1381033
-5628835 -104480
-2532482 -1813301
-9191790 -8958744
-7701419 -1223294
-5787086 4028670
8231855 -7678800
348811 3776089
-3776760 -5433436
-1066035 8192680
5896328 235457
137974 -5758020
-6772951 9028340
-6390569 3894803
9784450 -5394799
3224168 2382292
-7722187 -4461998
-3758947 7595333
1152941 -254669
1038389 -2950736
3594286 3451523
5772723 5251304
-8456255 1826141
6392705 -3878465
6830567 -2233014
518795 -4673329
-7914997 2726895
-5728412 3173121
-2932076 -4687948
-82747 -2118981
-9736688 9368727
7423081 5657773
3253107 5057477
7319160 -6335866
-6770250 6922400
373923 -1642451
6125205 6824036
-8833471 -3853353
-5215466 7668951
7952289 7559235
5402258 -8384899
-3141651 -1528916
-8355794 7487261
5315665 1129937
1527308 -8771518
-9402791 7749270
3407043 -5693028
1880801 536642
-3282871 9176502
6098903 -800039
73863 -53121
9287268 -3527174
-4864175 8715420
6384371 -9546203
529384 -79641
-5948187 -3146988
5324097 8447994
5935255 -6573486
-2927197 -515345
-6770511 -6232728
-8483458 8600111
-7092916 6343051
-3120307 4923586
4100088 4787885
6504199 3596822
6060054 -7284657
-811830 9094414
7809834 -2136326
-9166177 -3159653
6760707 -3289442
3563570 1363208
-188798 3328872
6755386 -8595981
-6594974 8262810
-7969918 -6171811
4944652 -3365484
-7022433 6062977
986563 7851736
-4844026 -7626388
5970435 7603003
2834699 4176525
3270939 -5453159
2410515 -7977131
-8620432 1080773
7791331 -4239310
7123898 8140275
-6014501 -6128746
-4724727 9451453
7714263 -9259115
7085426 -1319700
-2168832 2260697
-1676326 2030079
-118185 808735
3182347 1826589
-8054055 -2445859
-8269334 -8330866
8732327 4780644
-680135 5001605
8598731 -6340806
-580115 699433
-8643939 -1093586
2777668 -3456217
8511588 -4658440
-3917554 8052942
9249594 -1257797
-8997099 -6832128
-2285697 9597114
-7077799 -8157073
-3814131 7596119
7666612 6104548
290035 -1868186
5428810 1913631
-3084764 -8461286
-4802091 -5251325
-2035540 8030319
-3063266 4617794
3677929 -679479
4662082 9714402
283696 2189518
3448073 3260880
-1054896 -7950358
-8353244 4450974
-1189746 6659408
-3228121 -5431043
3189858 4996123
5644289 -5561509
6352122 5996245
7534959 1073099
5821774 5783711
-3669618 5249220
-132986 -6213766
-4376892 3267116
-4502129 6061296
-9232834 -9714810
-3937578 5781567
347562 4215239
-8817434 5007526
1666934 -5489330
-920372 -7180
-5011057 955165
5393657 4785838
782083 -9366768
-5777317 -5737869
2562194 -9166606
6082615 2560809
-1136605 8892577
2159693 8465981
-2956371 4486503
-2711955 7657564
-4044516 -2189205
4542387 3350467
-1642006 6303046
-9186284 5724953
8234125 2541280
-6503554 -7590304
-288114 5739420
-1110996 1406455
-1815062 3010321
3843716 3111687
-4327504 -9252867
2156062 -7557317
3425016 4535891
-977605 -5684245
4489672 -9531354
-9204207 6310440
-7822740 2961508
-8219094 5338180
-6420515 -6948394
5592886 5110974
37023 4329962
69382 1605684
5528491 9748909
2759231 8958386
-5413575 6229782
6976915 9119299
-8438018 258921
7311165 -867023
-4034916 -2496650
-2028004 8849912
-2323296 2971108
-4067384 -8715858
6622322 -146036
2905570 -9770126
5340849 2718160
-2951878 -8985191
-4863155 -4622128
-4873219 7117505
-1407757 -9334663
6895119 402364
-478337 3178669
5953942 -3611614
-1962285 -6400003
1103348 3265107
-5368629 -3480849
9490260 1591696
2875838 2308076
-7837960 7939228
8169103 -7985487
4732673 -2416037
-1401228 -3973696
1404176 4297147
-6068996 3735617
-3082694 -952691
1966026 -4960400
8218269 -6187575
-7282837 -8512311
7604039 -3311437
2470023 754878
-209618 -8776261
2815435 7101394
-590530 -719358
9736222 8207626
-9777861 -5912137
1671826 421677
6447981 -2528836
4284663 -9729402
4006215 -9631491
-8067829 8215668
-6744732 -9076478
7252299 3898197
-2097762 3989889
-9321548 9969463
-6759307 8022629
9246368 -4335173
-7233778 3031075
4828069 -5421844
-7214218 -5307956
-1220093 -2919356
7502321 5524273
5511789 -9548267
3238683 -3533345
-3164836 -203548
-1987880 9761251
3201125 -8716313
5181884 -6216260
7773629 453424
-7060761 5600475
3623104 968434
6633261 8696285
-5756288 2869473
-36019 1915835
6607880 1588134
8668778 2749763
-9209612 -4612213
8355873 -1312549
5154106 6302177
-3901371 -5889092
-6127841 4505623
5789310 -3372898
410842 7073284
-9956939 -6512453
9088022 -9299176
1669258 5498652
-3288711 2711126
8096951 -9181129
2734707 -6528646
5059488 -1939068
3327047 -8141061
-2753274 3728266
-7584283 -3366213
-7064036 8118951
4746212 86176
-5408201 -8449054
-1821952 8618371
-1791992 -9618891
-6131344 8588890
1806066 -9232579
-1217575 5473030
-1815843 -6524676
6810548 5493715
8965069 8797460
9374745 -454745
1404194 4024557
-9730825 -4781856
1851932 1167272
-8197424 5201244
-4712580 -2695752
-1144806 6548788
-2316489 -120781
-7223319 -450406
-1861515 5891519
-824708 -3354663
-7881632 2460903
5936228 7957718
3451433 -7181123
4132689 -4736872
