66 -1762785 -8394402
602
7557739 3287737
8849434 4453863
4678005 -1133804
2801476 7044580
8645868 -925236
3311892 -9931904
-380810 144585
-3781516 -8726479
2705141 5964036
-5552057 -3425260
2438420 5643505
7952859 7200223
7031043 -7619226
685249 -1875060
-1121492 -1376004
4428085 2290847
9261063 -3563753
5302443 -4206128
-7161548 -3544580
5530184 -9379728
-9311632 4000672
6661609 -8641572
-7368050 307559
8787947 -7119906
-8028814 -2146557
-6503051 -6764110
-9563887 4409607
-693267 3966160
-7908899 -16492
1123856 9991982
-5200819 969609
7405856 -4448058
1345814 -5939756
-6967983 -4775348
-4155076 -3299382
3217643 8562201
9920630 -3466708
-642797 -120748
2759346 5068932
-7077625 -9338498
-6102607 -2753115
-8343508 8935676
2901837 6849858
9349719 -6520423
-6528441 -2490710
8478899 473575
6025517 -9212908
7363689 -1598893
3625759 9887683
-3411698 -9604294
1474259 9470683
8520328 9805945
-314803 -6088759
8980173 -9606117
-8944614 4960896
-7792219 4418901
-4129071 7469131
4318989 6380625
9860202 1289118
8798408 -3814940
6658636 5848113
6635205 7277307
-4321585 2684153
2571837 -3484754
-3089048 1820526
1291210 1676491
1482436 8385212
-7703547 -7672110
-7278227 3683985
-1355119 3792979
-9271768 -6222841
3762642 -6630986
9749639 -3400839
7888280 -1918368
4266692 9609841
-2025694 6686688
-3519652 -6558320
6125834 7125864
-6358890 -5324885
6495641 -8785977
2890514 552063
-8546373 -9696797
-7368907 6889302
573287 6266432
59411 7869219
4162730 1734521
5103535 787643
-96843 -2074627
-1476643 4853175
-3020632 -2208563
6994477 5306401
8748082 -2529973
-5404109 5991177
-9333708 -2609732
-1395709 -1762999
1305416 -321714
-18511 4011157
-6583189 2759043
-974524 -4871065
5514506 -3493550
8240971 1601239
4905235 -322764
118961 -4139141
-9285966 -5191608
-4883819 8642318
3948720 -9790246
-2320219 4627010
618188 2696802
-9912930 -5207976
3029026 -6199168
3479118 -8792287
-2264778 -5665558
-390162 5976960
-8894105 -6331615
174835 1151666
-7247095 6620401
8813989 -1584193
-3206982 174492
4982884 -1067049
-2424731 -2492948
-9766842 2615417
-2757572 4040341
9253495 -9570708
-4778684 376968
4177800 1856917
3064630 8250342
5101137 -9826729
6150231 3316204
6984589 -5289025
-1621007 -227522
8909231 -2840575
-1908416 1131898
-8693609 7723220
-3343829 -2599046
4908006 -1194373
3937397 -3252207
3304486 -2342484
-1913192 3696177
-5926855 2557982
-5585101 3308125
-5925181 767297
940568 -4118
-6687914 9175956
6403283 9607151
-8104019 2813028
2488805 -5217724
-1569473 -9194788
8528433 3096741
-9502305 -7746730
-6424751 7700956
6965101 -2077947
5579569 7512646
-6274825 269588
-7172430 -6333622
-509145 -2201680
1081970 -2757531
7238351 -3917974
7774335 4538890
4146042 3066790
-4120182 -3306030
1476247 -1441625
-636412 8368623
1465364 2423126
-2807252 -9591627
8109329 1963059
9885112 767997
-9203004 -2409217
7860371 -2018967
-5836237 -5477829
2320492 3204293
2963114 -3829030
2252997 5918814
457704 -7282182
5784608 27332
6721302 7120098
-4321526 4180778
2549401 -9286099
3137027 -2441586
-2033213 6531117
-8989472 -9670225
-6385875 8592468
-3816749 3411992
-8606975 -5588879
-1066708 6559974
-235733 8073141
-5755889 3770136
-311050 5243734
7961552 6497108
9040792 2663007
-7700543 3746160
-2073062 5762095
-1007652 -2022069
5536345 2992691
-7959840 4645728
-2508145 -6496868
4611953 -6949312
6462680 1105980
-1966547 -9204796
7355179 372057
-1554802 6966746
-6746766 9635798
4879532 -4794338
-8297230 -4541463
8121544 -4642564
9103596 -9256437
-977990 -9578999
-9084715 9546886
-4944071 530710
-4823562 -1032018
-5012533 -2903911
146777 2668294
6290626 9599420
-9605376 9125809
-7985781 -5675920
-8709174 266155
-7581694 -7024231
-1818569 7060412
-7481051 -185810
5171627 -7599446
5660469 3156845
-3905801 -3208425
-3661538 7198831
-2270459 -2990516
-1506182 -6089257
1006833 2905980
8090626 3481285
3080705 3669962
-4687876 4381252
8705332 -4008318
-1225811 9842695
5334816 2512510
-7910725 1192495
-8993314 -6483752
8433154 -5391776
281422 -1305335
5486240 4093623
-6191194 6375621
5901457 4341054
8251798 1538347
6960679 -5604725
392913 -8225017
-2038703 5051305
-8051090 -6526382
-8018348 3273421
-4367532 3170594
-4316895 755842
4464689 -9032715
6999885 -9711268
-5103044 -2012273
6682392 -2050609
4559366 -2305270
-5929649 2168633
9026039 8368172
-93481 2488160
-600212 -205811
1569172 9383551
4434856 9792701
-6733681 9530470
-4679757 -1099882
-7929287 -4752028
-1479834 -6530936
-5563651 -9729830
-9441098 -7015145
972583 3952586
-8098023 7972210
-4333059 -9828673
2339960 6461343
-2654133 -7746356
4741805 -6117648
3676541 -231262
-847711 -5858407
-6065706 -4754286
7292536 6103498
-4996384 9716965
7481289 5129131
8598195 9590681
9860851 -3998545
-8497337 5550896
-7980166 -9580247
8391964 -5008402
-4837075 -6078189
2899506 6575257
8828901 7502886
-8614762 -9754627
-7469536 -3912942
-7254997 -2421869
2823845 1682753
-2213749 9195649
8912615 -7367267
7761865 -4693780
-5103099 6393904
4911712 6360060
-5572691 7274105
7693858 -1069273
3922325 -3552857
-7114693 -1397826
7693783 9085250
-895512 5784813
-1453461 6522685
5126095 -6993922
584210 1077003
5276108 7871099
7066748 -6591945
8557141 5578712
-9115068 -1504285
7405972 6319006
-4804582 8298185
5572290 2317684
3764763 -377273
-1413777 -4217499
-3098973 -2312912
-3227662 1471530
9772695 -5405189
3633848 5876827
8882905 -1680766
1912589 -8723705
9147394 -8016533
7907875 -2811302
5283762 -1269505
7226210 6465016
2784022 -1314954
-3016769 4632182
9466218 495792
2634872 5071874
-9145625 3230981
3434421 -8778905
2692625 -9728246
-5133435 -9793240
-1400061 2465320
3300907 1016765
2293061 9999196
-8017336 7729848
7434898 -6043193
2687302 9890539
6355555 2718660
-8596294 -7570135
-421601 -8344071
2151721 -1613062
5975164 -955382
4791951 -5213407
8524040 -654109
-382355 -9257275
-9050515 -6266983
6198338 -2999437
8017328 -7934224
-7935028 -7984403
9745445 -7173259
-3216451 -5952364
-6061825 7180344
-7584644 9470851
4417068 2810082
4466011 -6180937
-5277647 -6004532
-4443562 9134085
6437030 -9302483
-7440240 -9651611
-8908886 4961071
8694088 2177405
9177968 4556951
-860921 -2591222
-575625 -288351
2538390 1204052
-2231960 -8313827
1382869 9321939
1309143 -5777432
7032650 3798225
133640 -4273789
-7761969 -5984986
-6850901 4855993
-1930138 -2205531
-9340789 9586129
4547200 629622
5323380 4266677
-1176371 -4242359
3166419 4501348
6729349 7962708
-8316888 5107147
6793320 -8215908
-8893969 -548847
3673721 -9307459
4490766 -5068474
-6825910 -6777277
-2762263 -5375593
1996752 -4587879
3206591 386836
-7510682 2582967
-6787411 -3617846
-9351169 7036518
5310511 8535969
-4446330 -8011188
9951521 -1523069
-6415922 4799371
6583463 4150985
-6397862 2893750
3586291 205847
5137373 -207789
3014935 -9406591
7734168 827815
-1243711 -9747328
-6844139 -269079
-7686112 4479232
-9138614 -4354821
5198049 8042829
-904849 -8489783
-6500970 508561
1501844 -2834827
-8035456 5966903
117888 -2397726
-9503976 8548008
-1246145 -3763621
6028590 -3401333
-2807924 6407580
-2764604 -8440123
4328902 -5073755
-2826482 5991685
470917 1115
5646294 -7996242
-9953413 1332303
2842520 -6639305
3869256 -8341910
-1176737 6341550
-5175195 7887452
-4510274 787808
-664184 4942694
-8820927 8502102
-4899231 606023
-2986397 -275985
-6199755 2292846
-264557 4248999
-7242964 8129147
-1869738 -574687
1429071 3227953
7076608 6292908
9653603 -6007990
-4349899 -7564519
1293383 -3960788
-6073336 4473364
7777524 6118189
1060883 -583609
-2081507 9629692
235715 -5243692
-3003325 3019263
7828461 7249319
-5985330 796920
-8557581 -9919744
-494431 -3228293
2516012 -7910967
898293 -9065360
7443002 -407379
-5455546 551897
6591109 -6906897
82820 5837837
1956026 3034125
-7549484 -2139656
-2509963 5533261
-9710431 -7114638
5904625 242104
-2508577 -2713755
599517 -3750562
8846046 -5977554
794153 2041937
-3352678 -1648385
-8197393 5826517
7935490 7545616
-1902487 9245609
4855065 -7520056
8317782 7204974
239099 -5062115
-4685419 -7209840
8323422 -4794032
-1908670 -4679030
5563075 8612991
8415588 6512307
-7238255 5570850
9593296 -984894
-8942957 4124143
-7524242 -7096199
8730319 -9779283
7766333 6794717
-1443322 6665809
1662106 -4136154
5585172 5928095
-9134020 -20112
2770048 8340624
-6453408 -3819438
-5982116 1093470
-7777186 1637922
-1849771 9580959
-2331838 -9361598
-346492 -6571674
7552469 -2738542
-7318388 -6773097
-6552379 2544579
-660704 -8588069
594092 -8786046
9594153 412326
-3659578 4772550
7268790 -2304323
-3963699 9722754
8419668 38839
3648661 -417107
-8779185 -7562447
-7981488 -1612173
-973770 -628956
2799370 -313326
-535515 1196090
-3060654 -7131809
5412770 2146097
-3925620 -7096681
6633625 -5247934
-2319255 -815176
-6042625 -1255870
6439808 -3462481
-3739727 -8773835
-6218644 -7523891
-5424645 -5320058
-2882505 -53630
8334197 8312522
-9800081 -8347641
-6144614 9876779
-6410778 -4484359
-1616167 3319871
7982320 -6955080
-4051761 -6203397
-8934978 -5943300
-4242124 -7418136
1325995 -1254233
5283286 -7768397
-6542231 -2234197
-7241736 4059911
8739853 9755477
-7781801 9849971
8162494 8373700
-9973940 3068749
2945528 8362413
-6121946 -6118554
-282331 -948898
2096022 2261887
6058491 -2300011
-5726959 8044261
3142478 -360135
8385632 -7452731
-5221127 -5531527
-5249372 -3814730
-9754819 -1763358
-9491529 -2491108
-2641136 1501387
-124913 -7273329
5795420 8037710
6400123 -98853
-3701055 -8742700
308403 -9721823
-4943583 6016614
6232955 4920777
-4518609 3631260
-6728875 -9494004
-6946734 8623869
-6907658 4173109
-9641621 -9651509
-1414867 -2157030
-2131786 3119912
-5378701 -8390044
-5663373 -2256570
-4218860 -2987261
-569762 2648399
3905700 4697615
-2507855 5729184
-5737850 6730455
1651232 2548562
-3820178 -9504894
3517454 -351025
-1727156 -549053
-6375944 -912928
-564437 -6118462
1724508 6498787
-7864949 537048
2147005 2109075
2368857 9272703
-3714558 -1000016
4164736 666350
-4636035 5715680
1444864 -1929564
7317243 -4627538
7921024 5707015
-1281527 -8515173
1133803 6617198
8584497 4752279
-6160648 9406647
-6711814 4724905
-6259956 -4208733
6328316 -2470954
2154473 -4124904
-4852201 -9008327
-7491991 -5476669
-2293967 1433241
9665273 6672745
7259533 -4413650
958813 1110138
9333505 4576776
6061604 -8603811
8013388 -9431670
5320609 9711759
