74 -3740328 -6781221
283
9554773 2614600
2074184 7677285
6571910 -4271734
1974022 -2877011
-352197 984036
9063048 -7885829
5604847 4365901
-5494057 6879304
-5345121 -5277515
4211635 7260053
2869914 -7117155
-6347269 4259384
-1046067 -8304000
-9648956 -4693508
-5917484 -4106432
8508168 6086175
3763460 -6362711
-634445 -6901296
221694 335371
3835759 3855930
-1513547 2385849
-3248250 -4584841
-7705537 6607653
-8669862 -6225954
3550451 -3050657
-7651460 -1941875
-7682491 -3579635
-9367283 8517623
-6175885 1271443
7165011 3500113
-413712 -2093369
1543921 -1810469
-6195413 -6650252
-3798529 3425828
-2718242 -3457367
8928483 -9962769
7968742 -1715436
-5107783 8196585
-8029369 -9736794
9728901 8738707
-3203168 -1962566
-3025849 4593793
3111416 -8369307
2902136 -2393132
-8893019 6935532
7358515 -7416501
-6710618 693269
-3440630 -1097564
4844617 -2906030
3636603 2760841
-4685576 -7873625
-7072709 -4918562
-6721976 -6716833
6062725 -9664140
9074567 7765007
8318794 5791626
385419 8387751
-9981555 -4707055
2899814 6013187
2948719 -4563067
-9463215 -3476853
7216417 -7176413
1726023 -6173833
-6563511 6292139
-947020 -3429360
-8786632 7073093
-7845469 4367405
7650572 6657011
6992872 7948907
-1769733 -3770351
-7978725 6067439
-3028457 -3450939
1842006 -5076954
3452585 9506340
-5056727 -5258180
1264968 8917657
-8258756 7996410
-8177422 -9002263
7289876 3467267
2554260 -4740933
4848512 8859208
3226613 -3716020
-7059009 -480604
-2531697 -6606463
-376814 9933863
-1482345 -1785078
4763983 -5839187
-8399789 5489198
-2488110 -3394010
-6135838 5052797
3970454 2455163
-7032074 5129130
-1356781 -1771950
4211669 7306856
-7434077 8449447
7308656 -3234071
-4433739 -69212
9450184 535269
-3554841 -8976395
3473820 9434839
-2350238 -1415303
2745511 -8008525
-2975 -7586255
-8463913 -3137926
4431223 7508915
-7519569 -4599750
3045732 -9081971
-853921 -4551643
-7244787 -8311048
2654751 -6642251
-7359970 7837488
-9715372 -36593
3015029 -1793708
-8253751 9734812
1686004 1976540
-9438763 5220069
7211545 9335766
4265863 -4176900
2685175 9724922
-249810 -1681697
3718553 -2883602
-9449220 -5253027
195330 -3235715
-9030411 -303141
3054608 -4533105
5820735 -3859307
6104100 -1789009
-1066365 6105364
-1643472 -8364519
3612021 679884
-4100047 -9957468
1894650 -3310389
2512711 5627850
-2130875 8676866
-3004831 -4802114
-5169363 7619315
-7633712 -9286278
9994359 -4618583
-2405372 -4922030
-6938783 3480301
9620994 3165589
-8623420 8881952
-2496332 -1758554
-123072 310215
3506451 -1623451
-1580919 6005301
-7305088 9406404
-2449393 2830084
1506950 5207624
2921862 5419732
3039047 8502119
1732193 268851
-1833380 -2078313
2999657 1726552
7723205 -1722399
-8556810 6060874
-2540822 7344199
8101998 5336122
8162689 -2520801
5855748 -9504722
6500579 1669140
1075544 6791181
-378735 1711844
9435820 1142503
-3437765 -8871785
2146686 -5125966
-2340762 9601282
-2477031 -6121121
-1878216 5825858
6619811 3038978
-8383796 -4155011
5705541 8063001
3399123 -924617
-929066 3807539
4302817 1561812
5747304 -5073318
-8282137 -6680252
5031592 -3177151
7965352 -6144519
-5016304 -3016236
1857799 7043940
-838426 -353265
3525614 9517037
-2140753 -799104
-7760126 -8352602
-9991260 -5520941
-7457940 -6143921
-4552186 5714281
-478180 -1542464
2535700 4518748
1961782 6340989
9660737 -1716995
-2377794 3679645
51478 -2791318
4192446 8103910
5147850 -2448473
7198262 8566597
8083634 6825777
-3973327 -6759772
7403979 8459234
-7061707 -1733453
2122626 7412719
3127000 7996705
8970593 86792
-5394460 5165172
-5977487 1506294
2305651 6567322
-7236680 -6316750
-6591716 2444209
-6935529 2814798
-9633675 117083
-1316320 8212322
5038099 80939
3321168 9283667
7742901 3581124
-8152329 725147
-1862134 -9318806
1194251 -3513350
6573442 3781218
-8537258 164845
4187491 3695335
-7220991 -4514745
-8315143 9009494
1453703 -4457671
873480 7609494
-2273423 4518174
-4753152 -6243843
3837097 6410257
-1789724 2801299
-3617577 9674617
399764 -4046823
9150723 -9253553
-2766903 1053982
7351552 344975
3026172 6322891
18226 8814294
6815901 9730015
8739509 2797236
855917 1017110
-1373396 -7290436
7227738 -8270603
-4514445 6353181
-4720209 4990939
-2207762 1839004
1513621 3490067
1959597 -3308986
-2562539 4429737
-4516281 1110320
3971647 4670558
993449 -7164729
4165917 9514171
9244186 3528028
-3674736 -6501830
4515280 7983695
-9306741 7181181
1426931 -6858115
2011418 437350
7944641 -571162
-8732158 7291209
-6702371 -4263121
-5055755 -4702185
9727552 5257226
8883898 2381706
9568616 -4788729
-9437106 2855546
2369717 -6921582
6606446 4728811
8226981 -5869744
-7886049 5448062
2629243 -4741387
-1599502 5323563
8277265 6572526
-3998636 2928269
219478 6221906
4475137 -2730794
-4916627 -3966541
-8709315 9419383
-5682559 -5189075
-7461452 -9825416
-4453518 -6113942
-3035524 -6898558
346605 432551
4562807 -6429078
