103 -200686 -1342755
491
1166840 -3579281
3375243 -9370892
-157088 8438727
-6877675 -3746256
5129713 -2298771
1749065 437737
2343390 -330637
-1579439 8813331
5708387 5843167
-7606067 5774366
-7437599 4872317
-3139427 2438663
7816474 5380809
-538973 8080987
-9603347 -9297684
-2876965 8118272
1263733 1563493
2220 3014631
9268375 3622997
3840579 -4359102
6078635 -3085560
-899845 -4410356
6919328 -1577975
6781544 7520716
-4188565 2627715
-2499968 1691830
-5869507 -1626164
6270997 -3123043
7474296 4463320
-2318012 -4267976
6366649 7870950
-8049205 -2678624
-9663993 -9853266
-3713917 1953016
7593914 9604382
9035175 -9873338
-4283693 -3811099
-2872722 -1864670
8172399 5151987
-9703946 -6091177
-1882995 -6016166
-5125978 -9687562
-2810605 -5236150
1743522 -8854981
9393396 -5336309
5050993 9425511
-3253113 -1723603
-9060517 7001789
-8528843 9599246
9203628 -2774434
-2647771 1581423
7770324 8238803
8890486 -4415112
-9263125 -5102398
-8677223 -420763
3563071 3549281
3861719 -8043866
-3280015 953445
-5385184 3567466
747509 8463507
405370 -5991788
-5199039 -4201497
5316644 7152257
6751503 -4259556
2966011 6787801
-1630776 -1528516
9226639 2834592
8419480 8655900
-6446498 633477
-9787286 1672707
-4778012 7392632
9348766 -3707863
-238066 9083707
-4832475 8585103
7048611 4376751
901315 5915034
-8286463 9970333
7122591 5702277
3959073 -453467
-3665666 -3609554
-2621718 -3074916
2276028 4703558
-4124190 9121274
-245249 695508
4884567 -570687
9338297 -7516182
-8707693 -9893445
1706614 1203415
-211481 1054242
-4569007 6874139
-4694474 9353482
9323815 -1151340
-5449063 -2980937
-918051 -1037242
-2130443 8510011
7951447 5416283
-7363806 -2235809
-3114535 227476
3439336 -1487996
457669 -843431
1640387 -1676096
-9053189 -7687682
3515734 -4550954
6503288 -4830222
4560269 5820605
5174087 4450633
-6700706 9865795
9401211 -2985746
5977013 -2149769
8876594 -1516840
6415795 6362922
-5872887 6828042
9571870 9051989
-9919654 1012579
2685500 -4472442
-3632186 538015
2850334 6842239
-7708715 9830978
-4999244 8882420
4703025 8794574
3245207 9561025
1943173 -122888
6891366 6544501
6911085 1344384
2343896 -4615269
-8252347 5787679
-4867927 -1240309
-2188319 -4125233
-596302 7220295
-7252146 -2107973
946394 -7910802
8931437 -8367980
-8537002 -6203272
5195500 3739074
2533648 -3536246
8541132 -101475
2291989 8295208
4839709 -6999343
-3138607 -8300292
-2915561 -5732854
-9945174 9205289
-2035020 -8651555
-2776788 7703251
4923547 -1706987
-1298608 -856738
1232460 187753
1819773 9647787
5960867 -7319751
6419323 3282772
2262878 -6327280
3571245 -8530676
9764532 804010
-3678981 -4136765
-2437057 -2879407
1387740 3182412
2387701 -2836266
-1487821 -6041082
-8337831 2869034
-8837953 5735391
-5121347 -897932
9289821 -7620208
4543931 -1372535
-6175934 1109595
6908719 -6978850
-3306130 2759742
-3254582 -828403
2491960 -9734884
8644703 -3490050
-3853105 8812979
1995392 -3792354
-4112268 7534635
-8506447 -5616907
-231521 4399912
135303 5672075
-5225857 -6553121
-4173329 -2469691
-1325874 -5936035
-2310088 2886954
5908104 -4985455
290639 -5401369
-3713420 5118327
-2100205 7036057
-6453993 8778540
107872 -3455502
-4731504 -307098
9743890 -7896736
9002709 1156228
-4443860 -8762557
-574130 -1228811
2218068 -1792204
-1745543 4200014
780331 561091
-6551955 -555065
-3024168 986595
-1898422 1872501
-3009172 7266471
4302528 4388158
-4316949 -2593025
3951473 364887
-9942210 5790923
410539 1736321
5408902 2318032
-3928173 -8070400
700789 3481394
4205542 5497698
-7785936 5435209
8512652 -7540001
-5578713 2994395
-6019010 4477049
-3650449 1397119
-1336409 2082568
8987078 -4143269
-4219941 -7033881
3331007 -5329871
2977404 2247884
-6015794 -4094851
8223181 5904295
7833896 1909460
-4609146 6811360
2309058 -8948963
-997401 9596397
4572748 4523122
-9966131 -2484749
-8007699 8994035
391155 -5985141
-1386221 -9141796
9231287 9054746
4537217 -9882790
7303691 -4988654
7259231 -9615424
8806077 281096
8701743 3759789
8185601 7029258
-3643029 6535639
7586677 -6423545
5689204 8666029
-4294496 -3410724
-3379121 261953
-744012 -4260627
-7729415 -1386820
-8012264 2163495
-6265407 -6599284
-6482074 3735376
8746722 8271811
8656387 3337970
-6380934 -1477695
4798446 7462465
-2991925 4837161
1372801 2984047
-923145 -4118602
-5452572 -8524170
-9418542 -5233941
-2455636 -7230716
-8974991 -2797663
-1668130 6800353
-8519800 -6704406
9212663 319606
-5945018 -4785206
-6513395 5246941
-1415089 5318057
6356714 4659344
-5361839 -5279671
9557491 -6328487
-828088 -5837411
43987 -6553356
-5077526 8248767
5531179 -2892233
-122949 -4496068
-4777379 -6924457
2392248 -6581587
9230359 3554491
6390450 3872449
1603595 8443022
-3793684 2961784
-9203807 -2393448
4782248 4791227
2027909 7152908
3340773 9420410
6099351 1585400
-2451604 -7487315
3277805 8659690
-4232542 2470870
491154 -8674664
6917231 -1839139
1579274 5713775
-8215381 -690520
5698281 809634
-8230992 8175069
1136853 9818228
-2575220 -2024676
5282904 1933047
-8397693 -7792972
4143790 -2689187
1412565 -2540568
-7511531 -7240507
-8580816 1477313
6464535 -1717374
-392038 9702994
-9619793 -3044311
5185816 -3474806
-1648974 1959482
5285468 6970435
-2338144 6565659
6383887 -429172
62505 1315062
5764461 -6191333
8532047 -4654591
-4827426 -116880
7342552 2675838
5435331 -898509
-9421196 2347373
-9370000 -629133
-926139 7043339
6515380 237962
-720492 -545931
3929903 -5782452
3704336 7630534
4196193 -8268277
-6181097 -8633808
-4802394 -6903568
9421451 3881408
1743169 -9037933
-6638461 7953499
-6854311 -567905
8533586 -9295909
3051465 1097372
-9531760 1628742
-8811567 3681465
6435779 -7941547
-5971126 220165
4437714 -4284712
-6654178 475129
2206852 -1857950
-7975406 58368
-4328848 6025756
-92836 -2777799
-1815732 -4907396
-6953897 4166686
-6401219 1545808
-5233749 -3808208
-194484 4648720
-3722538 334068
6531885 -7209892
-5151438 9982248
202413 2967665
1199305 -1122564
9352566 -5359873
2782177 -2938521
7119847 -5924230
2617878 -2676876
4545325 -7209000
-9600044 5041395
-791919 5245945
9308105 -6553941
-7845797 2806862
9971934 6590709
-3075223 1959719
4749828 -3750603
8747997 -6543337
-1059320 2114742
3508530 -1049590
3590538 -9860015
-2798536 -4622552
-546781 8889067
-3787809 6837664
2145016 4587449
-371156 3273868
-1480186 2544972
-1492617 8836925
-5839860 -2172081
-5581372 661586
5137657 -5867926
-7102177 -6140242
9832773 -7596163
-2965069 -8354180
-6887417 -8710195
3946142 -9456538
-4079090 -780527
-9375108 -8852394
501622 -2109519
4994283 9353436
2627304 5162990
-9775686 -5376873
5976405 -8852882
-8508610 -1268303
1909635 2652897
6784971 8426370
4802480 9563645
-8032518 2199147
-3638681 4635253
5925058 -8481234
-7937772 -526098
8693375 -128800
-6464841 -9500510
-9093676 1834620
1188056 -3446867
4232476 5900607
3040086 -6184640
7478831 4456790
-6811512 -983509
-8330612 1486573
-87057 5098123
-2821880 970712
5686211 7231776
1867029 -8338045
-6819279 -7952470
-5962215 -9691560
-7304008 -4757051
8258791 -7268840
-2917868 8747503
7816989 9165115
-2417926 8270188
-7914451 2049465
-3493745 -9377839
-361348 9564380
1050953 -305257
7309219 -6175607
4795105 3480248
712024 -5512661
8665646 481316
-4954802 5095406
-2079802 -8153633
9605668 -917017
-5669504 616190
-8119954 7864460
-454073 1412628
-317183 9697035
1746500 -355646
266515 -5715282
-6150902 8252755
-9536149 2421519
6245912 -2583597
3413003 7773070
4776761 -6442631
-3444963 6641380
1736786 3442408
-2194873 -5883412
3199571 2173336
-7210474 -2589204
-4724744 46419
-8540952 -5330428
-5633393 -2662465
6981889 -6341783
-2057065 -1370541
-3117785 -2751596
2186276 -5691615
1724788 -2653934
7635488 -9051460
-5494090 7654143
4295523 2412249
8371009 -6422701
-9789761 8548661
721997 -3823863
3586933 3409811
5972582 -3972124
-6786200 1378541
8716076 7431630
3606199 -9903240
-1273781 -1785682
5462722 -8450866
-4142481 5608434
-7045500 -9834650
-8886109 98659
-9730845 -9410012
-4481410 8136153
-8286548 -2918970
-4370308 6405951
5098440 4440044
-2150145 -1131959
4895917 -8798275
-4903382 6338789
-3713228 626070
722830 -6187305
-5456635 9892971
3958458 9449049
5057484 -9993913
-9828562 2332329
4947341 528336
-6365323 3801681
1937834 5216496
-7702474 -8330381
591922 -3832362
-9392318 -9556430
-688388 -4309637
9408440 -1542463
7312679 6723881
-2650049 -5494941
-9165894 -6400549
-6507578 589133
38183 -4622529
7899910 7450880
