537 -5487790 -2669332
633
4036440 -7139287
5420559 -7613230
7344937 2404988
3598292 -3669211
9668255 -4687247
-3239487 -2358466
3008757 1476789
-4516575 7910602
-5882688 6869424
6907430 -7920159
-6719142 -5546231
9383002 -9879464
6941815 -2449651
112305 1509935
-1461503 -2703201
-7326136 7442973
9829743 -7425063
-2503722 610776
6941565 -308968
5003786 -8905430
-1263895 -873827
3119314 -8235701
9674901 4261214
-6353010 8602740
3198933 6308565
3278687 3070772
3191309 -1003857
-937155 -4821959
6687977 -7350524
-53724 9175150
-865525 -4773526
-9682236 -4863508
5747268 -8519430
1171603 -2185958
-8575036 -4794814
4331359 -3824611
-9543960 -7322579
6938635 -2549327
8569765 2647293
-1044141 -9414374
3656398 -5714949
-4202454 4750898
9928939 9364059
-7986464 4860391
-3448107 6616916
4359743 -5523836
-387344 5686368
7166939 -2806141
-2475747 -4640075
-6918537 -9145106
9546635 -1050783
-5857009 7412822
7379847 -9997325
2649968 3597978
-3300044 -1534035
2751016 4122179
-1126923 -9643645
2236766 1064914
8441658 -8681631
451637 -3233346
1242818 -5006449
3196272 -5188620
-5478409 3371827
1248104 -7120437
-6265543 2045844
3511414 4329567
1742389 -6718908
-6716233 7654405
1252383 -8361412
104553 -1549913
-7427733 7952340
825047 5371921
-3563164 -6038304
-4719935 5578165
-7655180 7394846
-7611603 5731703
-9456917 3587638
-3040535 -1898979
980584 7581027
-373129 723921
-4946512 -2768607
512485 -6861715
3309042 -687771
950818 -3687396
-2720956 7077778
-2453530 3571723
-1056355 -148689
3813007 8371517
-3533966 -2103167
-4708321 9093073
4824776 -1189146
-7601507 -9803572
-1702550 -2115789
-4534762 -8125690
-4885416 1794386
9025780 -2391538
-6736901 168072
1996654 -7945383
-1632778 6572142
3649920 5463824
-964453 5646266
8013929 -8803610
2084259 7979192
8392377 1826936
-6563639 8550293
9877500 6200408
6396837 777489
1178053 4792345
-816993 7210639
-994975 -840357
6768105 4297591
6982016 -1969195
-7398225 -9968795
-880301 -1021330
-5557506 -6514651
1647967 -7230381
6482361 -4005607
6489938 -338104
4005184 -8917028
2149617 4882315
1082724 -42102
-9264613 2027117
-3180538 9995913
7206552 1913440
-8926916 6002470
-7183587 8727929
9275087 357541
-7094902 9798429
-1222901 -8123138
-4637789 2024797
-2689232 -4264055
1730339 7010178
9188426 6309481
7392453 -1779723
-6897408 3193610
-6848492 -7941577
4085540 -3298332
-3302419 -6113104
-1683312 3421355
-8059823 -6095867
5148415 -8093876
-5219982 -5243410
-5444980 4423502
6300364 -2314884
9709914 -4151529
1584417 -8337425
1189105 9537034
5846516 -6685244
-5948615 377531
-6428859 -4244679
-2186256 -2846023
3855646 9239002
5642250 4415637
-9646656 3069579
-509935 -6041062
8381415 -7706479
9566463 -5361520
9061982 -6838567
846549 -5878517
-7513693 5362346
-458727 -6927185
-7390150 4070724
-98168 3246730
-6375739 972718
6728039 3953217
3623546 9711754
1467108 -5458216
8957421 9995544
3065124 -2890642
-6415351 9310765
4120638 -7444811
-2806331 -8033936
7643849 3687101
324937 8772003
-3349299 -1509602
-5920434 2811244
9398320 -1291674
-8044944 9205768
178486 -699848
5769721 8095669
323775 -3093475
1448309 -606733
-8094836 -8209116
-1099758 -7077918
4749199 4970288
41829 -4998757
-3032693 -8613811
5073291 7235498
-1476147 7127508
8134259 7914580
-6757824 5174554
-6117120 -7786175
-8580407 -7359504
-5543000 8354288
6449957 1598079
1020956 2743073
-7863660 -3226268
-1435384 4985618
7907700 -5958496
1528144 -18789
4982454 -4826748
-3440559 -8430027
1321823 4466114
1593622 4149084
2063664 9845676
-2463418 -272119
1941706 5305840
462688 1419462
-226250 -4122349
-7918 4919688
-2337239 8740059
-4486208 -8986961
5998657 -7684546
8873310 -3405240
6575971 -3577291
1595961 401455
-5512220 1558426
-3975460 671755
-5179161 5809604
5655280 7618162
-2653956 6884504
-5293304 -6808137
-2872323 1804102
7681754 5169385
-7394575 -582220
-1842161 -9809812
-8796773 -7215461
-4900007 3671631
2782744 -281764
-1342702 6489655
-3108890 -641285
3433493 -9746741
925014 1378891
9704847 9458033
-407452 -1737794
7663062 -2123521
-6415306 -545056
3775398 -7630242
55495 712372
2646504 -6026496
-5836307 2660921
5445460 -9195657
-3007673 7883272
-2398491 3061805
-7932188 9775071
-866214 6258807
-971582 -1041077
2854166 -7432720
4541665 2469785
-9268009 -4924635
2951844 6650565
8621861 911405
3281163 6536539
9765263 2397260
6370764 -6663341
-1486068 2411767
3216110 3050809
934082 6475744
-7946099 2724789
2499860 1051943
9827102 -5878287
-4403012 4149999
-766369 -8628128
3841657 967506
6042871 6291648
2942214 -2910000
8001405 -1005284
8047607 1564075
6477687 -6201079
-2864420 7812870
-7259011 2848452
-4100739 -1834136
-5358392 5957099
-1318111 -650305
-9598362 -3304491
-6666426 3698101
-2151900 2745092
4116965 -1069437
9898069 -401917
-4110268 -9525026
-2435025 5940941
-5064343 8831946
-7087627 8082732
-8118347 5499616
3312486 9390061
-5245135 -8466415
-7784199 6053475
-5473074 -6829522
-4963474 -3142591
-3930730 -4274833
9423269 7954516
699609 -597155
8333408 9787721
-614195 -5183426
-4708452 8231477
-3311230 5275537
-3376165 -4627125
5971960 -5859221
9640395 -7947440
3958973 369965
1903551 -4530767
4039060 8713838
4400669 -3364296
3493114 8565987
6807506 9437195
7391711 2078736
-8518419 -1252873
-8948799 -1908680
-4575754 2331341
-6920829 437006
8228895 -6767853
-8878626 -232059
3908721 7369082
9421642 7093334
-2536700 3549116
1534702 -4103032
-5389194 1883203
8518907 -4426238
-5860251 1527827
965022 -5471627
6607110 3463608
-7789265 -1643266
-1035594 605043
-7063615 -6738064
-3784706 -3094995
137152 8531908
-1700151 6960541
4329623 1258526
-9131787 4724922
-9209609 -3732382
2164586 -1668487
-9785284 2325093
7898855 -708256
-9180428 1249975
5778349 4554957
-1981435 1784594
2657680 2385459
5506854 -7254348
-3992411 4138439
-8956556 959591
-508501 -5260765
-8300223 1180596
4955474 7791349
-4967377 6029400
4813370 5823687
6671552 -4176986
664459 -3022044
6269701 6886268
-9347404 -1436685
5634624 7089273
-8609781 6430945
-8667244 6169541
8915193 -3435748
-9297309 -644038
-9684446 7439134
-7821630 -8253865
-4556917 -192947
-9885246 -6121853
2423899 -9601443
-1261403 -4852622
-6513256 -2762730
4215226 -4589851
4812770 4151204
5230871 -6998721
2606904 5465366
-5587337 -6618153
9551388 -3486524
3077728 8261771
-2382267 8466581
-1577932 3780419
5526554 -2066713
256693 600438
4478585 3485989
3884546 371447
-1964823 -3097516
4139754 5139495
-9450355 1521922
8189478 -9128667
-6127388 5362415
-6655867 -4063299
-681452 -1004131
5509345 -2243204
-3981433 -8613712
2369221 -1412927
-7632508 -3847348
4085940 -9208711
1391727 410398
-6103613 -5657367
-2769568 8386664
-4710851 297285
-4563219 5265610
9303884 1945255
-4667060 -4013574
3865193 9714
-1537233 -794447
717774 7209326
-5033878 7781315
9167603 -3772881
-2669456 -6498959
-346307 -5946824
-5155534 -301964
2624786 6255985
3114970 6236193
-2860790 6521173
9334810 -9654597
-1872635 2428359
6889966 -5228409
-6725631 9947601
-42685 -7777093
-6055188 7139562
4348888 8420082
-1282251 4662586
3406057 1831362
-2151245 -9598296
-5545120 -9263399
-7049011 18801
-3725214 -700654
8051892 5575775
-5386700 1906109
-5232136 -4808898
135813 -6051890
-8763946 2895229
-4640818 9542131
-8234962 -5489577
4166338 5316497
-3747069 8226202
-4594860 -8968422
2862941 -2512968
-2111264 8811197
9547798 -9288304
730497 -5140032
-3324333 5015139
590914 -478364
-8572255 7243911
4951365 -2279434
1668677 -3804391
1607190 -4912822
7145661 -4578917
-7552142 6966372
-5200779 8910700
-346746 6614196
7645775 -6431496
1055536 5058395
3869592 -6974932
6253116 1460624
-1163056 -4066257
-9051118 9499966
-978398 5512611
-4727126 -5943851
1776715 -7034301
-8322340 -9775761
7827769 5961744
-8617173 3284850
-7232426 4973431
-3599517 -6169314
-9555118 -2433205
-6348349 6053737
1112132 607009
3632077 4707187
8684163 7498077
5948172 -7598454
-8098488 -2478893
5550071 -586594
3469555 -6560534
-3594835 -9177055
-8952815 7762623
3724367 -9400823
-3599621 8874954
-3635263 5107195
1454233 -832047
-748900 2765220
-1181042 1899115
5022477 2902751
-9873710 2447442
-7538129 -1345446
1056100 8810453
-3668440 8410043
-2176550 -4526036
-1086570 -8118369
-7295423 3809357
1571980 -2165053
-1565876 6268114
-2340580 -4703652
2919895 4834503
-5997544 4024158
-3210622 -5625872
6273243 -4230092
8672659 -1875312
3088483 -6187928
-5017021 8798949
125754 5550354
-3523250 -1444569
4029396 6457315
855298 -3183448
-9374091 -7057174
777774 3559875
-7655659 2197890
7494238 9211898
-3437246 3762
-5972080 -7069515
-2695387 -6918438
-1148529 -6666350
-6025309 6094208
9906281 -2475870
8839432 -420474
7646232 -5110740
3444691 -1034814
7938853 -5877018
939534 -2525913
-7066734 -1205848
4870379 -5918204
6279686 -3772608
7955642 7214721
9734835 -3709724
-779239 -5481604
-2400041 6279107
9612757 6525374
2619582 6451430
6491912 6103800
8199678 2525863
-68525 -2152304
-670765 5845911
2485245 -6623833
-6633394 -2731912
-1421408 5941132
-9977072 8816224
-4956384 5965324
-4303603 6302614
5109242 -7000741
-2482345 -4568768
-8289661 -5669997
3371729 -2366034
6601748 3839448
-56751 8507663
-6450121 -4389987
3457709 -1857073
6505190 3481354
-626127 -7213056
-7428615 -1009564
-5068432 2740480
1556704 1149977
9631653 7470848
3773462 -883327
2115932 -4671950
759282 -8600944
8245411 2149939
2300258 2469621
8825422 -5866508
-7358845 -1097994
4512019 -8714977
-8055698 -3808966
2188741 -2030271
-6726975 8449493
9956281 -8437386
-3180554 8360762
-7972908 -5112151
-7641303 892503
-9990824 -8341255
-3013204 -1351489
-7436081 -5358540
-692249 262430
-7267948 -9190670
-5057178 -8391991
510016 4073826
5358849 -2416023
-3708636 7538387
8024468 7303151
5752644 996457
2559071 -8702506
2174608 5708925
3113126 1894870
5303725 4201700
5860446 -2011825
6636686 -2170747
2470713 5363594
-4373976 1716957
2526287 -8221536
5902826 -9125572
4948254 -14539
85791 -3587158
6467581 307103
-2389745 6377155
-2626388 4492050
-1694104 5879251
1588177 2449035
-5656095 -9519496
4682205 7217655
-4794169 2163982
9993235 -6940997
8422597 4358869
-3924173 2463948
-3241235 6564973
7439402 8602114
-1412424 5177943
-8409215 2387656
5211112 8673367
-2433126 574718
-4933232 5337719
1216970 -2543162
9905873 3372664
-3630479 -7194853
-9977197 6766131
-1069887 3568078
6627081 7744986
2103855 -1076651
3903649 -2433970
6647355 8179682
-701851 3178766
-1643291 4086757
8990766 402077
-924556 -7536154
3038565 -3281770
-7944051 -841330
6615508 621685
6510702 3272919
-1405581 -962267
8320216 -7119777
6448301 -8866426
8878560 -2749670
-1309969 -4408266
-4325884 982415
-837902 5110032
-9194849 -7678529
6408229 976599
-8621324 -8321788
-5857941 -2084653
4633577 -7029528
2129142 -303024
2835013 6689526
-37555 -8738998
298735 -654285
-5257710 1073216
2206790 -1381048
