253 7887195 -7114523
363
-3233803 -8506268
5359860 -5530733
8263494 292077
-8763068 -3505266
-7853966 8497663
8405242 454870
-8199628 -4068185
-5365072 6933593
533234 -6262969
-3376437 -6129782
-5899342 7964499
-4355004 1713728
-6002362 3551560
1793553 -7223482
3180065 6071000
81084 -2804618
1664650 9946262
-7245309 7957296
-5547970 -71856
-9057841 6507976
-3037154 -3401936
-4953768 9347402
-1202653 -8720429
-4983398 -7802488
8584083 9330581
7295080 -5843482
-1613402 -7315259
-1247346 -7059924
8232946 2384236
-9028412 3062559
-9742059 1413011
1359273 -6430976
-8473680 1922591
4367087 4113965
-6861707 -4021650
-4907233 5309247
-2826999 101139
-6102938 138999
-5147137 5970348
5300930 -1086335
-4413465 -6563054
8638040 2596010
-1947561 3973133
8873721 9907046
2969605 -3714615
7698397 2361661
5930685 -4256102
182842 -8425978
-1795661 7457005
5951707 -5450071
2375528 1342632
3960124 -8955526
-6300175 9548529
5518878 7857186
9287203 -1447311
-5494013 819808
5932170 7390090
-6120425 5660379
5567425 -6015391
-7213653 -7246704
-2368691 -8946618
9313633 3001096
4575118 6078346
-3948297 -503525
-3437244 5295810
9154794 -7996589
-6952115 8938285
1003166 3114918
-6511543 -3252289
-2183248 -3477956
-141796 -7224340
-9834249 2322739
-2016881 -4209625
-7708664 -5954674
9314975 6066896
-363369 -4922317
8078779 9462636
5540983 -1049736
8446739 -4829750
-9533940 -8407314
6112449 -4990505
6464132 2137206
-4747875 9160335
8424398 -2532701
-3494305 -8743066
-5967406 8757502
-6403407 6363900
4670627 6714697
3276376 -5903936
-9837039 6961963
-7960353 2591351
-5429661 -200408
8749856 2634778
7805028 -9888678
4220361 -287053
-2761206 787440
-7075353 332810
-7990503 -6297073
-6313422 -9306876
-8049942 2950247
1707749 192273
9072525 8499004
5213702 -2179305
1916759 -3740496
-6778532 -1509922
3597781 -5403928
-3087984 7777467
412245 684472
795795 8178224
-2108829 -9266374
-5962582 7532508
-9618330 5129966
1349245 -3037935
-9828459 4907520
-2142233 5035823
7744448 4637951
3136956 2081869
9902564 -666674
5592830 -9132990
-8126560 -5664325
-1068252 1330650
-891883 -2012427
8672045 5843764
4021989 2036715
-4713307 -8015808
9516700 -8086840
-440522 -675889
-1197471 2414723
-2677757 -9091277
-1539102 -1025930
-6387978 -2303638
9778231 8721699
-9428623 -734670
-7351308 2197147
6532823 -1319441
-9988790 -5477868
2509705 -4535429
-8691665 -8364321
-3811254 1181750
3165943 5330324
-240163 1475439
-9200449 -4801005
7613718 9319315
2744391 -7881568
1092502 -5064039
-4851324 3721641
-5040308 -2779124
-997442 -5073093
7124055 8047421
-3272019 1651250
6173382 -3826770
1637801 9255543
-9108778 -8800561
2381190 2946136
-9207187 9596321
1071760 8063485
5778832 -6930998
4904669 -5612337
-3493905 3392551
844864 -2350940
3887054 114950
-147822 5993540
3436800 1363098
-589480 8854737
505987 -6922793
-749563 -1345147
-2089604 -3320630
-2121191 -9111762
-3649274 -8682030
-9085709 2776351
-6643812 9659891
-7271107 -5497596
-8593581 9135021
2527572 7633563
7798975 -9571133
543817 5888788
-5601319 -5797619
5565480 -9604005
9250732 7835481
-9087312 7492352
-3852795 -7726928
-8531206 163125
-6432285 4057601
-2108077 -652397
4640307 -81559
-421667 -1193785
3308619 7996495
-352132 -5176422
-7542859 4715038
-2339743 4691792
580581 -9743883
-5541502 8204074
1116422 -2504386
-4668905 2540330
32682 -7116494
-4843422 8760135
-8560388 -1303761
-7246160 -3374628
-1510672 -4992673
-2557880 -6837884
1968331 5645987
-3841166 -463195
4360384 7793302
-4975308 5806703
498495 6817525
-410006 2684950
-6594624 3595428
-8908958 4048493
9105175 4521798
-78343 -3577863
7698624 -862142
7834097 5078235
4219960 9138236
6661915 3104290
6266406 5225640
871627 6620388
-3842807 -9248911
8544391 7030461
2837164 3033929
-148545 -6430917
-1229615 5852012
-552560 1957801
8522646 2175762
9213912 538483
-523028 7627822
9282032 -864431
6730157 9691949
8830185 7116129
-7263229 950117
8692109 -1991547
-5371159 1519529
2270618 -436264
9110549 -6697614
6336316 -6668639
-3099555 -5535934
-9683922 8704123
661924 -1812818
-9637056 -236482
2818353 -815429
9328745 9576857
-8771222 4811678
4503627 8610777
-1756742 7958935
-8574596 -4149836
-3625031 980030
5015911 -9882487
-7802399 1003810
4306197 -2713470
617891 -8691849
8288569 642513
-653364 34688
8221871 8604647
-9115483 2524912
4225835 1101167
678024 -3780777
-8969099 3554580
-5318291 -5576845
-7617910 -1949120
3901044 2924968
6421350 -6192505
6441360 -9723986
-6203824 1437261
1240143 8638962
2463465 8102373
-8738762 4374387
-5590925 752034
-8126967 -6875774
5649139 5147298
-3751534 5273902
-8506875 -125026
5945907 -557158
3865997 -7475974
-6908742 -9372384
3552584 -1235560
2571935 6992303
-215331 -7509714
3927548 -8470353
2684961 -3902803
6715923 7684043
2058430 7664778
-1583188 7977161
-8898612 6467506
-5868844 -7193803
8080100 -733121
1658205 379622
2338817 9573225
4613604 -2395888
-1768271 -3795186
-2514394 7704862
-2786483 4300665
6790952 2573893
4103541 -485462
5611736 -6765148
3435247 9304854
6969633 2327659
-7178828 -4506322
4477536 7902797
-9291005 6438912
-4294209 8608692
-8495333 8789095
878672 7363997
7484461 -3640164
-4918998 8008628
-1770157 8232542
2533208 2566609
-4859498 5443360
7474251 -8159488
7591716 9244043
8548898 -4397661
446350 1026963
-963007 5518531
-4062320 3267522
-293565 -6485471
4639574 -3353325
7952122 -2071422
7808927 -1339407
5020429 -1169205
9355775 5293389
3525931 -9898569
2668040 -2414382
5545331 8575491
2932355 7808543
-431062 3019582
1138273 524071
4067387 -1882164
6152719 -8415377
4852145 -6895620
9135262 -7909600
-8746573 7074932
-4996489 3774836
-7564571 9205550
-9447303 5328790
-6861469 7455858
7557289 9908472
-2505909 -819185
-2243694 225330
-9449775 -6960578
-1424644 -9311338
-6270915 119163
753352 9713629
-8701748 7796472
3417205 -3093929
-8487177 -1333251
-4258318 2552467
-3672697 -7233749
4488153 -6738455
8590335 -8720916
8734942 5040850
-2534326 -8271133
909682 -1191417
1550265 -2523883
-6968109 1182340
-5612646 2100490
-7780346 1607247
-6162772 -9367208
8429264 2973006
2395429 7651832
-3681418 1846469
6915288 3908253
-809144 2060264
-2161839 -6757409
-5478325 6195361
-6247437 -3571504
