153 1800816 -9353736
454
-1590510 9210523
9268026 2466081
7058389 -8180197
4851827 -4741835
-1926801 -8403680
9960863 9090834
-9953284 1661510
3682595 3980728
2494383 2207350
-5591393 8091575
-6576552 -369839
-2100044 8481724
620723 -9429705
9014791 9505594
-6177238 -1903472
-2692948 9661055
-5356512 2232252
-3431593 9091430
6865948 -8298122
-6701802 -8579766
3027420 -5060853
-882990 5775413
-243858 3074136
7797838 -7200395
3407533 -7749475
-5602961 4722798
3204522 6830981
-82371 2296995
1802589 -6174755
1921773 -1067580
-1406525 5625351
-9626045 1745177
836608 -4246684
-2544806 -3057638
-9121052 -2297444
-4841945 753392
-3471195 3906368
9496857 4275065
-408977 6284947
1051825 7294695
2017493 -7001444
9829537 -2034784
-9737789 7738367
4079964 -7736482
1195938 -5418847
2722856 8518090
263267 2305766
8059082 -4386836
-4928122 -8900125
-8681217 -4485724
-1215980 -4049173
2373547 -3523161
-9248096 -2170823
-5885875 1870404
-834900 342927
-4142165 -2317698
5647518 -8817407
1437313 8203725
-9532757 -1573919
-4476414 -4482723
-5964633 1663182
-6031052 762795
6375959 4298635
-2085138 4544382
2575010 3964189
2431368 -766354
-1773163 -8640970
-811793 -5195084
6675320 -8504907
-5645627 -4181316
3500986 8356772
2055718 212208
-1584067 -8335144
90938 -6506969
-989692 -1116823
3062711 -1869124
8893671 -4437972
9860663 -451989
-5907607 -2214018
-8249828 -2224475
-474477 6667403
8026433 4181540
8986456 268712
1763806 9730992
-4450323 -1821871
9051253 6118179
-3669613 1567015
3231872 1106971
-2883646 -2737327
6145850 5839162
-6029962 -1356985
4205043 -791439
8756572 -7136290
649692 -3417942
4357583 5365317
2032720 2399864
9097757 6399459
-3331829 -7424495
-7693503 600565
8778694 8431977
-2933492 -9627474
-5544106 7829948
-8546729 3396896
-9340431 7687766
3526928 -8914022
-271007 -678229
1046684 7496966
2877028 6450388
-6967554 -7680392
7684925 -6473279
-1557063 -93619
-3694160 -282355
-5190498 -2459306
8141260 -4509636
6438693 9632351
-9995122 -563694
9782606 -6494798
-581550 -5539228
4664890 3752230
4838208 -7405629
1916142 -9291830
8205136 7083553
3533941 -7037174
7798786 -6401483
9641590 -917261
8989120 5483711
-4798644 -9399121
-1858426 7811313
-6698323 -7472790
-7840439 8799186
-9248156 2256722
5761924 4680791
9141563 3050803
-3196967 7696726
-9708903 -3677195
-2969025 4157593
-6242502 -5276409
-9797231 7752464
-8649019 7291439
8890530 8001555
3485266 -9007429
-8406550 7879650
5690963 1202974
3730184 -7748624
3566914 8992640
-6234285 5889746
570537 -3164889
9885914 9527639
-259282 -7771547
-1448742 9205299
-4120756 31815
4755407 -1901414
-4148950 -363258
9444533 4958176
2959732 9718383
-9289046 8335063
6214713 8961350
164325 4820756
-411515 1905677
-6585331 6410861
2300607 5671751
-7493138 -2819616
9224376 5387497
132302 4909128
-3369221 -1034906
1513261 8683560
-3217854 2510023
-7853235 -3731332
3743197 -4850452
-5132069 -8408702
9926361 9219281
8180631 8095237
-4567654 -1342573
-9436896 -9138692
7272170 5020831
-6791066 6494125
6190862 -427223
7476626 8232149
3141277 5415238
6896684 -2391072
8808841 2288409
-5201568 -1590055
4678614 8107339
-6743112 -3054802
-8947152 -9061837
-9842556 -1875181
-3779943 3495562
-7847011 854427
1715736 -5831245
9189586 5232445
1726570 -1012094
1077035 -7601480
-9369331 -2082568
5849022 -8929986
-1321058 -3711701
8576708 2745706
-8844348 -2512217
-4404877 5891492
5353042 -1649382
-711219 -8631637
-506818 6405891
-7582195 -8037423
2817004 -1770409
2398346 -5429206
9803239 7049092
8553350 -5895716
9019157 -5953839
1963594 -369614
-6783248 2166178
970829 -9671032
3074675 1895694
1899830 -7936111
7955382 -3253321
-2386351 11305
1379668 3308424
-7769333 -581218
1381359 3389202
4135146 -5351528
-8264382 6714715
-3719840 9049844
-6845871 4055209
8101371 -5166490
-3019752 4689638
-3144184 -7418683
-7089715 197000
4609047 7826646
9890535 5984960
5247991 -3491123
6520182 362269
-6329306 -7138360
2280422 -2100150
3805404 8417713
5582538 6178133
2892849 -2059450
-3009605 7318156
1373366 9173009
6522871 -7339124
7350514 -8008911
-5427594 -6496880
3700120 6722682
4549328 -2517309
5984004 -1690833
-2665604 -3043784
7318485 1231995
4093636 -6145422
-5729220 3505531
1923245 -3625942
-7447808 8076185
-3983265 -9977865
-143357 -2038607
9650754 -4476518
-1815642 3746361
5737450 6173625
9676745 8051224
4773907 -9690144
-2207452 -4106782
-3281263 -8160413
-1204197 -6223448
5008547 4053134
424064 -3885711
2136172 -8381465
-9491054 -2788803
-4712618 -5940583
6597904 -6938862
-6461117 -6179531
-8139696 -3545452
-9799091 -6810363
1879614 44662
-1904113 5938360
-1235432 -5927288
-7517718 5386146
7225733 -926532
2850020 -8282629
-1713143 -3978463
-5347822 -9625080
4509807 8710922
-4077881 6788350
3364120 5018753
596243 -6274147
-9937326 -37976
-1067076 4135126
-158885 -8077022
-5516007 -866166
7588546 4237082
8309794 -4903768
-9517622 -3646886
5426583 3308428
5025799 7708111
6246000 -9207045
3684227 -6687343
4539931 3414530
202881 -1805965
5729140 -9537950
6704255 6083353
8561729 -3674616
2976862 -716719
1206260 -2505346
-855160 5334330
-428588 -1793395
3302837 -3266614
-4397148 -9602442
-3777662 -3698433
6526030 -8970565
4338743 -8751863
-5439206 2772031
-3813439 -9460678
-1266643 1617077
-5404521 -1094206
-5010853 6978850
-6695766 -8700266
583016 -6449123
-6438117 -1202552
-5868222 4305628
-7487767 2706723
1956461 -3780458
9133452 -1668578
4632989 7559313
1105101 -4644210
-3396072 1159019
6447402 7960196
8499518 -6318926
5298152 -7366036
-5943890 9749228
6728078 9893631
3709718 -954742
-4887513 -9967688
-8653888 6809086
-6368934 -8809278
3897445 -4522109
-5786215 8659651
-3008927 8370258
5929571 -6652762
-1296972 4140414
-4700567 9551024
7511220 -2176692
-5979265 4263188
-586496 6010739
5759967 1835239
1728870 3469614
-7485128 2488045
-4963291 7954940
-2719622 -9856289
-8665567 8899173
-5622936 911444
-428905 -2251770
-3881512 -8892798
-5545560 -921480
-6781066 4564412
-3368212 -4326180
3497129 -8965280
-2185740 -5856991
2670100 34216
-8130545 7227764
697378 -1569933
3434464 -3885323
-5930382 -4271397
-4127686 987525
-113302 -6133652
4777793 9723100
-2528670 -3219885
-2112683 6865240
8460113 -3893829
3186935 -5141891
531929 -8320953
5230119 9818723
-6038268 6545410
9095978 -6955621
-9727857 6631832
7578251 -9034567
-2919889 969522
-785523 -6470933
4516592 -6333919
-9951219 5086791
-2673757 6919643
-6300242 4826574
-5791833 4797574
3420097 -5896573
-8522112 -7331720
6863679 9123384
8942107 2009817
-8928420 -5389849
-9829118 5420192
-5431624 2683910
3649344 -9556974
-6071100 -7853372
-4324305 3245807
-571760 3143377
-9253480 2708640
-371717 -522979
6819948 -1927236
5386690 3328041
-52180 3544467
6212747 -8676861
-9553477 1425708
5951877 -4407222
202929 9388630
4808822 -460191
-7776280 -7109836
5849542 1893551
4040179 -1610584
-8364777 9778442
-4561829 2232226
-5059134 -6420185
-4426812 8701043
9290159 4569149
-9586458 -7606864
-1546045 4676849
-1483660 -7122286
4303422 7183054
-7224167 -1037137
-9132154 255300
2311461 -4504886
-1614722 -1806980
-9913429 4535181
-7075403 -5765180
6529614 4126750
8875329 7076172
-9344013 4484137
-4298467 -6183805
901697 8745528
3655016 -5008308
2184894 -6168409
-3290694 -7891028
9292026 -9298766
-335902 -8987272
-6215620 4584211
-9920674 531944
8724964 -1387806
-6852625 -9019044
7732129 8811536
-4545362 8588325
5664497 -3221905
3778585 -5670033
-9337485 -1163163
-2417635 9480118
6988162 1564212
-2087845 -8762619
5862705 -826944
-125709 4621461
-1849458 5154732
-261057 2054741
5103037 -5548726
3063468 -7665379
5831930 -3655647
7672241 -1272804
-2684479 3564059
2858506 -6873120
9973199 5496370
6849559 -3362909
-3882791 3152066
7232630 6948276
702010 5621724
-5205220 -4855214
9766247 -3435285
