51 6611575 6382643
255
-2988999 3882165
9965647 -9582682
-1873897 836581
-790853 5289121
5985269 -6793035
-5645905 -6612283
-3422870 9971555
-741047 4135923
-5770371 -6880602
6764214 -9642681
-3766185 6999164
-3662077 213872
-4580352 -171513
-372212 1016595
-2371830 5336902
-780932 -3989569
-3572251 4639171
-4524247 -8298933
-493460 4553852
277170 4684900
588969 -4508191
7979716 4631265
-1232811 -317548
2801850 -2761331
-9887660 -4486830
5028686 -433936
2296288 -3653845
6174642 -8633390
-5100443 7715936
3052838 8318783
-5670786 2527728
9683251 4788258
-994323 756964
7827168 -4840996
2360257 1028569
6520378 -9379310
-2231692 -7050774
2631678 -2983553
-3228532 -948151
4565019 7949880
-9967704 -3116191
-4253684 -406294
-6523332 2328584
44520 4437311
2756094 -1623775
3420305 5613711
-7081679 7085308
-9641376 3103557
778913 -5559649
5468920 702145
1322835 -6860830
8604749 1989299
1522098 9091143
-1857008 -6247221
4219012 8293566
-4822625 5224364
7334422 4251308
9096245 -6559956
7877355 3327442
-8296333 -8342883
7270828 633449
-2281243 -2359675
3260234 2705502
7145853 -1922618
8779527 -5960853
9694670 2614773
7120424 -7381286
4226210 815771
4568550 -1357478
9452441 -7630798
109918 -1212438
5555223 -5370184
-1930140 -2555660
-9228218 4651468
-1175063 8463567
-902984 4991802
5148479 -3904234
1317620 6815774
7409508 -1591287
2447860 -1536527
3594598 -1294613
1324101 -5341118
5474653 715023
1873897 8066663
2952218 43204
1347118 1326338
-1527493 -6937864
-6977171 -3097659
4070161 -941281
-2477713 -6205389
1302765 -7104901
-8492783 -864345
-4048571 -3548756
-2623691 -4658811
3804662 5877289
7099028 2340522
6999404 9915612
-6853013 -9060518
9006145 -5009590
-2450034 5020885
8863575 1958363
5020500 8897084
8315778 9852434
-8572494 559681
4354292 -5097709
-9686258 -8533855
601800 8173410
7141006 -8179041
-2837852 -930418
-5053129 7033668
-625810 3483162
3398775 4562252
5501734 8889946
-6119644 -937886
-5917001 -2975769
8982595 1430322
327407 5462927
-2168287 -3480553
7079128 -8840463
-3938172 -740781
725364 -6050228
4639534 -3624429
-9287118 -8672835
-7086901 1780541
-1185791 -9608617
-3609103 -9623678
4938574 704751
-405303 2306024
-8631861 440308
-19108 3475054
7421728 7967490
-4053231 -1036513
5482934 -9734513
-8574976 3778483
5554054 -4921586
-971814 -9996795
8895128 -3720581
-9877064 6184073
-2035386 9608010
2515745 -6963965
-6587643 -704825
9999926 8906643
-6270981 867284
3823944 -7889025
-1897619 -4902842
-6935351 -6195164
2768323 -4475890
-4210403 -988582
5306253 -9232391
8362375 -2785378
-2782173 860308
-343921 9906914
6090987 8629307
8237317 -7704633
7847754 6571953
-4132872 -6730585
4692410 3776463
-5356253 8383406
3010733 8421429
-6481412 8467692
4788880 -8886885
-3362775 9099589
-9372641 -9926444
-9158835 2426822
2157796 -1550035
9310273 1719893
1626807 1891975
521282 -8517296
-6221929 -2282206
-5710253 -8725048
-5455633 4142177
-2081360 -7326773
3572985 1753129
174558 -4921260
-6453568 -3416282
-2303167 -3790502
7825439 851664
925220 -3149590
1793585 969151
9419116 -5717262
6002631 -6048619
-1640291 1245741
2728445 -2370562
-2136416 1397343
2672295 -977132
-6834955 2153331
-2657090 -266986
-8513857 -6399963
-1321223 3432247
-9984035 1660702
386552 -5258439
5593226 -9770849
9595913 -1788008
9181143 -3481554
801184 1389498
-2142768 1116611
-7637648 -3196185
-3050395 -1266707
-9869364 -2392851
-853631 4813189
9482872 -4680716
5052298 -5172234
-1572197 -3174218
-9741971 -945206
3231848 7106581
4364494 2790347
-4464150 -6381600
-5653256 -7525928
-1007481 -4868237
-962386 6044239
-2839150 2310055
1630223 -588802
8144491 -7960446
-353297 1096180
-4090630 791479
6110763 8793072
-6379162 -4607758
-5265623 -6320586
2734208 -5435006
4187927 7508758
-7184543 -4033944
-7899192 -1447579
1026494 -9132341
-4000577 -3552447
-7508208 2535365
7361772 -2446611
6964587 -7831005
-5791451 -8491653
2604528 -2374570
8416909 -3628395
-4835323 8513898
6422492 4527673
8207087 -8698132
8383214 3673221
1181980 -6542353
-576297 2571141
-8876438 -3486211
-2618551 -5959137
-6995232 -5333592
-281875 -4102776
3450613 8012913
-9818092 -2920102
-1411755 -7068448
-6926666 6906809
-6721586 -8807227
2223023 -8509757
-1465732 -9040556
4777664 -1354484
-7681263 -3258645
-7284646 3160878
-4267981 -3982931
2530859 -5344591
-1303727 9371933
-5961658 9912308
-4190468 1701041
