94 -783043 -8646854
989
1934771 -2421197
-6261741 -1977842
4765086 1540881
8038066 2359690
8105468 -3960712
-9823694 -6116398
-2489484 -1060923
2332498 -1839847
5191927 -1416148
5355805 1580237
-3717308 3218417
-5252484 -8626756
-8270268 -3049737
5231386 -5259132
-3525823 7883072
7978227 6584533
-5393309 925301
-7533818 -8283514
-3407471 9371778
7927418 3020600
6904202 -5302003
3637074 8103724
8780230 6931070
8031274 8485924
66161 -3511491
9706926 3387079
-2723324 -1134795
5815468 -5545558
-804690 -993592
9405833 1046855
-9852260 -1814160
9111141 7384060
1616899 -5245569
6642561 4093675
-2885725 8209428
5423777 -2913669
-4809944 6534829
3465900 -8422797
-9936873 -6029714
-7024853 1497174
-5115746 -7354360
1510846 -7317927
-2863484 2160930
3683690 -2673686
889521 -1151822
7034018 -4394125
5506288 1037261
-1691955 -1338489
-7244814 -2876813
7848967 7466958
-5446710 -7614187
8920643 -4210904
-2633701 -7740302
8746336 2386543
6400069 9945778
-7408582 -8278517
-5596444 -8715677
-4038395 -3381384
3944931 1540072
2904603 9645296
-4748829 7350804
-9095582 -61379
1116485 3273811
-9603002 -787537
9195773 3871671
-1226163 762317
6551413 -6250937
8525113 -9789168
2597375 6434064
6379842 7271449
1509284 -1002556
-7201880 1487613
8106229 -1570807
2485617 -1240275
-9078627 -5432488
-8081683 -4609780
5328842 8688897
1962708 -7177265
-5448450 8961679
2833350 -5123941
5638376 -6252677
-9987261 4123539
4334371 -5293858
3656558 8537852
-1674346 9448098
-9038105 36401
4040366 2351290
-9219517 -6239985
-4963908 -5337053
-769540 3266101
8656321 8473818
7162715 -6334871
9004216 -3498485
-4536806 -8358225
-3482166 6072118
9819441 812897
7452788 4672563
1895057 2348532
-6597263 1787160
1235258 -4448385
-1895632 -5755257
6596033 -5286495
-9010128 -7855266
9324034 -107131
-6841030 -3974035
7016135 -1445506
-5264025 4331643
3349511 4178850
-1663023 6256543
2328661 8812705
-7858046 4854812
-7956273 -5335546
7012987 9594743
-6101745 3938784
9490399 2932076
7176819 5133513
2363371 -9888880
-7744146 -3710796
6182073 3353243
1895560 4096240
5167086 9341043
-3810961 -1088305
5606897 9903061
-1324044 9538550
867607 -6056125
1315039 -8995383
-4330928 3009562
-4879343 3358766
9813902 5198411
-9353161 -981088
6668777 1820653
1931773 7823658
-5887138 -967852
-7614608 -3296020
-9199780 2811288
-5331317 4280952
5709000 5967307
-1613280 857722
396272 1315897
-2223876 7062677
8067294 -8736120
-3210206 9091163
-5033719 6252718
-6032519 1910451
-9070637 -5219817
6600837 -5385680
4954330 7598140
-3369711 -1467390
5236590 1583545
-5605167 -8467967
-1670663 -1446837
-5479530 -936484
9921239 -5961663
-2129413 2907190
-30133 -7166137
6614095 5646711
-2745773 -9446486
-677416 -6596111
5314340 2220508
7000692 3290066
420738 6243703
-3641804 -3882119
4650491 -4624931
-525034 -4495163
-2963130 -7596566
956597 3869799
-7066685 5366207
1920897 -2006581
3416961 5370906
721122 9791484
-2045453 -6613171
6456695 -2664783
739107 -2274874
9945635 -4220721
1585697 -3946553
4813503 -537321
5580560 -7993564
9897857 3688051
9192888 -7252597
-4849163 -627177
5758974 -3770242
4112317 -1376214
6617205 1208641
-3420452 -3966786
8341050 34167
-4062652 7300670
7152239 8811950
-3462924 4910395
3206026 -2108654
-3538854 8999063
-1538258 -5208276
9314512 3791001
-2520948 6558654
9306058 1728721
3617896 -3328060
-4581950 -5543105
-4402966 -623130
-9414489 2046719
596286 4730591
7281110 9681411
-501567 -1062664
-9734362 -6781542
645205 -3349327
4542019 9319067
8318130 -6148768
-8840692 3519517
-2689482 9296225
5854879 -9526180
-5281107 4789570
3977862 -2322711
-5349463 8336789
-2286341 1912264
-6041016 247571
-5021838 -9184478
3013286 4555270
6008958 -7740727
7994083 -7488281
-8321256 6274597
-1889984 -1360711
-4993127 6220764
-7743367 8944498
757075 -3833819
9156353 -432848
6873074 9128307
-3194404 -6124754
4728387 850937
-7236799 1456133
4220056 4958398
-1709728 9238537
3793807 1714571
-3509804 -8696442
-6184722 -197234
8593715 -5515721
-4360080 -4505978
4231138 9220083
8164581 -6836855
-670674 6487772
8571276 -1078343
-1950036 -8997969
7393629 5444350
8811639 -2628088
8828046 2122016
9596766 -8425159
-9186622 -4435546
7279025 -2112961
-809403 -2876462
6926304 -6230779
-9230147 -4477773
-6467398 -1963629
-2743546 8926125
-7910729 7763740
-3232136 7937387
-3140956 -6065051
-5063019 -4660860
3299843 -2574640
4797273 -7669390
-3031021 2111482
-3797325 -3858329
1706125 9082097
-3030864 9532406
-3344056 -8498497
7787076 -1323914
-3285335 6098600
-5865029 1073281
-593 247267
-9472640 -6092223
-8154836 -5394970
-1460021 -2704776
-4849283 -8779439
-1354079 -4006688
-9159725 8450560
-6921606 5959546
4617569 -2190746
9407703 -718930
-1186524 8840047
-9658450 8893192
-9914370 5469420
1568020 644978
-8281740 -3199705
7047563 -1780657
-5356528 1717667
6322697 7574923
7386499 9004988
-9774451 7379028
-6627659 5053568
-3979520 -8612177
-136279 -5787384
-5461778 -901125
8379945 -5518709
-6678662 -6054075
5355469 -2806579
5179193 6179240
9340570 5441099
-7758605 9263565
-2517092 -8941170
-4707151 1805310
-8103415 -5357268
-6352280 4131898
1510927 9283084
4336653 -6126730
7777445 -2600380
1612236 2873485
-8027640 -2358834
-5361191 -1333190
-4870913 -9647695
-9937922 -9523501
-827909 -9515443
5925656 5241271
4504836 -1487338
-7912156 8167051
-27639 4504096
9146828 -2619306
4028944 1868946
-6331617 5310901
1700523 8056223
-4544157 521388
-6605127 -522032
-364514 -415569
8251241 -4632766
8235891 4274296
-2732853 -6619671
-6135114 8297970
-3944407 6439239
-5048099 9790542
473946 3076782
-2419122 -2960255
-3063209 2962659
7347958 9244059
4554960 -9034264
9021959 3532693
-5945919 8771835
-1750197 6994155
-3421414 9965306
7848892 401641
7192289 7346180
3242861 6084784
-3100894 -5540563
-9101324 -375901
-8069007 -4528949
8547833 8366929
7923026 2404939
7883951 -3871288
7889123 -5140182
-4174446 5231909
-1235398 -5039565
-6267730 7363865
4358020 -4664965
-4699659 -5501575
4900066 3452959
-6684509 -6850766
1750370 2092356
-931855 6558352
-3817549 8649476
-5879473 -7516827
-9149898 -9370204
3034736 5184713
3829777 8773128
6149298 -6564961
8666948 1718900
-804313 -8025148
1855070 9947902
7799289 2927957
7426382 8729442
2182401 -6900370
8765216 -5157200
-548492 -1985756
-5427404 -6968062
4197766 8519653
3519178 -6728601
-6098804 834646
-3980641 4369280
-4341239 -547716
2887323 9849136
-5915612 -8191941
6299264 -5929377
6534877 3280075
-3791968 -1845666
-3116224 4334166
-49852 6150766
3509918 1582530
9596774 -8768283
-5736345 -7038573
3997432 6685723
2473474 8461422
-703932 -2483389
4402243 6374670
8343306 5315427
-2319085 -9938996
-8130936 -6253019
-9666044 1765303
-4954622 8168328
8839014 6868833
-6280649 -6230238
9920528 -4277210
-178328 3669500
4901217 3430446
-1091775 -8065201
8620522 1681224
142646 -7094342
-7061379 -6389652
2501371 9438714
-2729507 7340864
7401869 844677
-2891989 4951408
-3283289 1787285
-44387 -2558033
-5689199 -5721559
-1951797 -1205373
-2966231 -9453496
4216004 -9514917
-3568118 -628206
1306593 -8366427
3314798 5340107
762117 -7556533
-3946185 5973796
-2071137 3700738
-6442045 1071538
-8083784 5199356
-7332883 -9040176
2747109 -8459421
-1017454 -8099820
8694974 5219074
6530053 -4190301
-3643796 -3256823
-2771739 6080174
-4548032 -9427792
4722134 -3823505
-8483398 -725087
-5765268 -9446716
6527080 -5204928
1012162 288548
3876438 -5544057
2171652 4570117
-1953707 -1690994
-150415 -2644879
-8228347 3309754
-1471172 8832132
-5358169 -9533373
9726157 7575233
3655408 998035
-5913404 9470770
-4352735 1623728
3414994 8808730
1878366 9680219
-5524709 7649726
-9545374 -1594554
-4622258 5487454
57571 4331065
-7359929 65746
-62781 620217
-6070029 2489657
1321789 1708872
-5308148 -5024848
-7449615 -1520028
9478008 -5581991
-6111221 -1277855
2862226 6080956
4889686 -7947604
-8267385 -3722780
-6073054 -3231948
-2310150 -3792093
-8304639 -5618427
1228990 -4416056
-1833958 -5730716
-2594147 3869061
-3641282 8103261
-7671514 1335825
6310977 196859
1193184 -2979662
-6045301 1377714
-9900140 671192
-3247852 -9640170
-7587774 -4521562
1755658 4158186
3442590 -5855159
-7130900 -1801044
-4903119 3648792
9232737 7080813
-8649902 6325871
-7288715 9915131
8018393 -8727697
2608128 -8413645
1783215 2863231
2399921 -1080895
2813172 -7023601
-3836057 6354620
6714450 -4570616
907822 -4567557
2106981 1643028
5787869 5179832
-6621212 -4450429
1714715 8656970
-1745865 -9007978
7317893 -6536196
-6621064 -395767
876537 -9970822
-8384466 3913681
-3223088 6001017
7436475 -4084899
-8592148 9176833
-1952195 249647
5679031 -9911853
-4479410 7278607
-1078365 9103205
4283037 143923
-1790154 7225856
-1600822 7661825
1170199 9924561
-6611634 6653314
8773899 -1511907
-8966377 9283654
-4286313 -7833212
684158 5165509
-8919390 2490599
-5816216 -1879367
8370280 5004814
5092961 2231589
-7973452 -3434337
-4331132 3129903
-6726174 -6535465
3206743 9951905
130082 -5999976
-6075414 -8394078
775588 -8699718
-7695273 9829304
1629310 -7934161
6748980 -6661650
1020212 7342997
-7650052 -2566862
5553771 -5382826
9621989 -3466268
1281673 -3559597
-4477582 -2768698
2877558 3308221
-710892 1191286
-6340457 -1332264
2667761 -7504149
6618125 -3694023
-9877389 6592347
-1061997 -2606287
-8024095 4943690
798393 -9432687
426662 8724885
-3841977 -8181395
-3564221 2776610
9310342 4228146
3184901 -3942232
-4194577 -6891633
-1067060 8707319
-7585043 8682981
-2649283 8222048
-9282101 8590852
7413181 -9981522
-872823 7336025
7246090 7535793
-5004165 8065180
1148845 9221995
463232 5794228
7612833 -8424493
4352117 -862393
-6634247 -5951387
106381 -3821189
-712822 -932994
-9709323 5911804
-2888863 736470
-1041482 -7294366
3812838 4461855
4480333 -7807230
9528795 1226020
-8721835 6123863
4189043 -708763
-1486767 -3726000
-7931771 7854241
9429748 1492817
-9369575 9681062
6246027 -3701782
2477029 6512530
-4420463 8868761
4780565 4280560
-4982970 -4129786
-8907799 4408055
-1130090 -3508099
-1315329 4905039
8647411 5866595
1990458 -1786534
21055 2441928
8715929 8695854
6550095 8534288
27106 3300510
-4502076 -1503805
4794413 -6826117
9686413 -8256048
-9387287 9787795
-3415293 -4734050
-6347483 -2090370
-7682315 -5881911
609990 -5255282
2166109 1187595
9570543 9294661
-9975521 813521
-6744551 1561001
256855 45535
-8903825 4487730
-2211760 -3193050
-2180502 -6360367
-3186484 -4197483
-2453531 -7386089
4918058 9016282
-5717768 -1840818
-1414836 4019117
8137207 -9548899
-4804181 902850
4606797 -8736451
-9441789 -121719
-9308198 4177340
-4261658 3099042
5660929 6463603
951334 -1488451
-2165148 -726543
2913090 1255926
7058443 5654350
784613 2242959
1259241 -5395088
-4719554 -4297328
9721789 -1942175
-8974721 3865611
7284813 375348
1638898 8737450
-1384269 -5592038
8585303 -5286539
7812503 -692467
8287489 6839997
7867898 -4010215
5263242 -761177
3011101 -4297250
-8642900 -9307316
-4548005 69545
-2809191 -5341934
-7122910 -772412
-198234 -5012392
1369571 -7401121
-4509420 827045
-435505 -1345616
3062346 7129478
-8157061 8180227
-9995888 -5835999
-8996002 2171794
677931 807953
2563128 8871897
7090999 -4058827
9150210 -4425770
-1839873 964452
5622518 7118557
-3653854 5350936
-9661456 8499608
3614839 6147912
9491309 1708115
2878851 9105419
6234897 -944196
9752383 -4058802
-7378449 594188
-7234017 2272848
-6919199 -6374450
5013799 3443914
1901440 5643930
-8781840 -5378850
5585602 -6431998
-9313441 -621713
7245575 -6275528
-7775920 9549057
5696969 100472
-8191413 5838920
-2539309 -2295370
6760435 -2796209
-4338659 6211941
-3193871 -970830
-8697982 -1717108
-5575206 -427888
5532379 6899172
2543102 9438593
6576096 9950171
-6481827 -3722386
-1827747 2161698
5886171 -5795268
6270142 -4582172
5518300 626603
8981875 -5516537
2188094 -156760
7047031 -3557433
-7345492 -8535119
494051 5224724
-6492384 -8023011
-5934546 -5687578
-8788406 -2067589
9887356 9597833
9548004 -3728952
2548662 6463452
-1374849 5582529
9787261 -9279085
8655095 7027674
-2345723 6057403
-9459133 -3310252
6532988 9152505
-4404928 -4754687
-3289806 -3903629
-8678905 -9234068
-7257079 -279403
4033019 7345063
-4722526 -3191625
8922560 -2239035
4032013 -4835169
-8371717 8470564
4053093 -3419325
9817942 -7230214
2313812 -3643293
4930462 8473038
7679138 2484442
1636947 -2012319
3232994 4212126
2824849 7232019
514303 2459540
-7819862 -3337704
-5992641 3257224
2581952 -1270491
6490475 -715166
-3033983 1504512
-24923 522488
-380484 -8889348
-6119561 6544522
5417581 -8046190
2943200 -1289397
-8804955 348044
852077 622338
7350816 2831992
-7419637 6601424
-939036 175665
-645687 3094666
8868243 -6242546
2486964 3361673
5162859 1450195
5471059 -1022561
2016279 4645228
5755880 -4553864
4507011 4152147
6105958 9636319
-1653077 -75408
2788988 -950842
2187849 -7941680
4890313 6157418
-4724806 -461335
2230683 -12972
5598047 4336158
8093613 -8415004
-2536979 4466290
8432837 -6903071
2074368 5142232
-212540 3903896
1866385 6606999
759147 -4456659
7696012 8889748
-8669308 -3134895
-1569385 8559287
-9382392 -3363967
-7206549 3134816
-7326518 -1975727
8011301 -1931355
4921155 4904165
-994487 -3874300
-9408010 -4468880
-1371951 -1015113
-5872881 1541179
7961428 3218769
-174231 -3569068
-5509375 -7655835
-8766087 3101268
9966373 -7813363
3262277 -7435395
-799362 -9086660
4048157 3879885
4420510 -5489559
-4904562 -762009
6658508 -5051837
1073864 2532946
580418 -4335979
-2834740 -5817794
-1760262 1724820
-5056411 -6191268
239664 -3798834
-1454669 -2714290
-9613022 4730289
-566722 -220756
-5139799 2869703
-3700604 -7304445
6575440 -3422808
-6396015 -9652447
-7898104 -6487698
-1539534 -8784224
3748722 8760404
-5575575 2050682
6232888 -5670860
-1429688 1589686
5398418 -5527374
673792 3513902
3315964 8154434
-4598925 1735475
4031071 3702943
9088998 4834353
7529909 8891273
7984817 -4611606
8252299 -3378299
134004 -8411198
-7195422 -9645805
9114599 1110822
-6838496 -930348
-4084855 6055377
-9838585 9394392
6383371 4485457
-9484289 -1923815
-3769381 9573515
1308991 3831676
-9949029 1631694
-3533953 7856414
6747687 9139969
7044716 6512308
5650362 4732504
-1162341 5297015
5651211 -4215634
-588460 -5841411
3228242 -2717838
-6662461 2573044
-5516212 1659739
-3854804 -6501046
1575139 3383511
2957027 9177260
3008936 322110
-8046196 6782370
4638784 -4423741
7232580 -9063796
-35136 -6097176
1151680 4277296
-7909336 -4384774
-6084056 9989339
6664281 258227
7540389 3327484
8416880 -107477
-8447738 3394281
6893235 -7099331
-1199468 -9786190
9391070 -9015273
1306837 -8242441
1056281 -5083642
492617 -4223006
9229550 -4304934
-7885758 -9758450
4518846 -805586
-2674007 3265922
-4228386 -874138
9384089 1241937
-5430578 -7564105
-5155230 -559169
-7164888 -7013698
8403323 -3602968
9127194 2244699
3229426 9720208
-8522233 8518265
-6565377 7052616
5345962 -4949599
-6738181 -3556407
-3314857 4575512
6286278 -4623939
1158335 3720341
-7153796 -6387729
-2629439 6929949
9365844 4746645
-5812524 -5543665
9958989 6726966
-6876002 9538940
1783640 8362313
598873 -7748807
3285810 7529418
4582034 2076640
-356607 -763215
5680378 -7555652
7019860 2905212
797625 -7634479
-1397785 -4177509
-8048886 -8044039
1402262 -6035229
8711416 -678325
-3705638 768107
-9988575 5415245
4954185 -3746648
7132017 -6864576
7902969 9254177
6783596 -2269110
2323882 -6294869
2941916 -6118018
-3673669 -8032724
4872488 -1377705
-6495832 5862543
-8314966 8186466
-9857573 -5377265
-1412494 6152501
7990528 1544689
4829148 9815275
-2253128 -5715109
538243 4840574
492350 -7298943
4471587 -2329740
5401150 -9088329
-5383198 1255183
5137165 -2274968
-7791340 7558718
8697365 3979848
-157608 7081149
5267615 4717886
9340621 -5956222
2712631 -2073606
9471083 -9555520
-9740245 703160
-2495597 -3183416
-8342842 -1993373
-6775964 8042646
8229258 2149508
3061179 7695623
-8532842 -3853240
-3611856 194333
-2246949 -879324
-6899476 -1403195
8194306 8966769
3684655 -4540732
-496953 -4021727
3904667 3025276
-4013892 -7784322
-4564810 -4107898
-4774962 -3754137
-3231158 2939593
-6501409 -3117804
1548056 -7121
-9795146 4244201
-9609039 7125587
9836272 4188365
-6690959 9295458
-2107737 -2410676
9072445 8925917
-5614814 8602921
-5418806 2757100
8298728 3888233
-1379737 1002213
-589333 -5715163
-6952948 4055454
9511399 4635706
4034254 -184105
2325126 -6990009
-229456 8098663
-2259398 2529980
9234697 161506
-8026684 -2423125
5166199 -7456262
3986008 -7618069
-9015148 -3245004
9512096 8371194
-5224221 8082398
-8399037 7810824
4612013 3396042
9967848 1011630
8163688 7659066
9991313 9479248
5005591 -5285705
-7187042 2316439
7362771 -5223865
-2546007 553560
8130435 6597469
1657559 -572691
1809240 -4187014
2567982 -4356433
-5985239 -4689556
-6607158 -5403570
4923607 -1209460
4702935 -5006195
-1478212 -464380
9711038 4670783
-3333617 9201828
-6083877 9702351
-5464858 -8328026
-3551890 9245433
-201006 -8102086
1011735 3902103
5845765 -9554219
