670 -9174960 7058079
684
-9769136 -3668707
4120670 -2403875
7638 -1415176
-9616297 -3777881
7186527 -3430814
-626023 -6077530
-1139029 -9664355
-5689626 -7359986
-7377626 -8953354
1491814 6456746
8411276 7708137
815397 2702343
3993945 -6774226
-8925932 3748166
4573207 4685629
3533274 648499
8244624 -2679577
-1578400 -9829704
-3607585 -9231385
-2662199 -8678345
-4755875 -6421057
6430940 6711778
1868144 -3378552
-2331906 3257666
-7769236 -2993130
-5284992 1676260
-5621396 -9357960
-6132186 -1953243
4311276 8372549
-4425470 -5058118
-1893266 -1115517
-1278742 1624156
1794452 -3648642
9636325 -340790
980866 8186868
4282163 -3025874
6202256 -1258657
5362792 -6770545
-996526 -1929600
-2406377 5547238
-2776501 1234238
1876279 2308631
2871740 -5881545
-7508996 -1739555
-4281320 -2816984
-1416149 -9418113
2206043 3825414
2693124 7305110
9480672 -5999504
4703716 2329450
1819928 461538
9202882 -8497769
7248038 -1977815
-1391063 -2917974
-7370736 -3748488
2103 6202560
-8972457 -7630885
-3512430 4394734
-7344821 3899284
3598652 -8505073
-7923186 -9109789
4715625 -7817496
2003966 -3200791
-6683943 9925102
2254552 1484638
4462529 536125
2038356 6590832
-5386983 -3818237
3263789 -713605
-1945741 -4261693
-8059133 -1590595
778521 8056362
-5032552 5484763
-8099601 7266091
1277370 -2377372
-1487161 5499051
7681555 -4129464
2669746 5744817
5669919 -7798127
-3797136 -1497845
9038281 -9559177
7031655 -9334607
-3152844 -6407011
-4604264 4161025
9899332 2627297
-8963298 -4033652
-5977290 4356551
-7642334 1815223
-8402333 -8493489
-870861 -5741935
9757117 2875037
8745574 158330
8419499 -44976
2156898 -6068328
-5049821 -3394230
-2953407 876114
1541507 6504812
2614154 6594601
-6728022 905015
-6467688 8009890
-6023762 5687662
44213 -5430986
-1099410 -9484699
4538164 2401880
6659945 498257
-6626706 -6332697
-3658015 -1066586
8888439 4635220
1083244 -5238515
-6116393 -6438311
4437803 6033424
-4945412 930201
-9958846 8495662
-8082971 7668742
-1805015 -6686868
9000794 -4550659
-7465293 -5312425
7719228 -8438641
-3520409 1435297
-8066446 2257392
-1558953 5655889
-5410697 7823201
-5025227 4783033
2060870 5994094
2072135 -1425630
7124146 5944477
9391030 9026290
38304 -7821266
9847477 1948536
5261668 1955333
-78974 -9441186
-4753611 -3221186
-9143474 2455734
6407383 -7034382
-2260638 9852469
5508358 857290
-8803157 6180410
963443 2614014
-8875540 -3828384
4745986 -6975687
1485142 -4287052
-5260762 1870132
-3434781 876173
-7175291 -2706105
9249228 8929048
9487862 602730
-102104 -829745
4142341 7250603
-9783779 -6729226
-6876756 549724
3923366 -2044416
-5864006 8631602
-6238032 5120209
-8708174 -2384211
-6843546 -5113571
-6884271 -1445836
2940649 4641596
8034121 -2145033
5148862 2022220
951268 3375183
6494265 -3085557
-1398950 -7044518
-9793915 -3607839
-337064 5259743
-4190533 2938659
-9105757 -4697468
6450486 9732834
-2630605 7546589
7678730 -9787545
7615236 -1338779
-268262 3351536
-9490516 -9269035
-8897716 5188739
-2789041 8543606
-5564859 -1232501
-1801706 8162227
-8882291 -9070594
-2678433 6799344
2059087 3840146
-3221195 -499145
-2680261 384906
-7365908 -2326952
7735989 -6229774
6499033 3488
1181061 -2068929
-8717393 4114269
-2638414 3429151
-1382110 -8207908
2852050 -9019778
-7735927 -1654799
9023780 7287191
8216597 462367
9778063 2657841
-3502012 8054516
-9928276 1837150
4738409 3276793
3466194 9907815
-6321959 -111147
2408693 -6281465
1649607 -9822926
-3192305 6106107
-464742 -4551434
-2759342 -3314367
-2334144 669501
1531054 2609060
-103749 -70071
-9607703 554835
-6787324 -9370800
1200069 -9829640
-5476137 -289336
5503810 -6211855
-6304040 1778624
4183829 -1029996
2688539 9890354
-9932572 -3407477
-7301370 6854498
-7696935 9391476
-3922891 -5249760
-2063907 -7939925
4669136 3742965
6189247 9467148
-7461665 7081739
227292 -902104
-8215392 -4248989
-2021972 3943713
7731858 -3691529
603447 -6518162
-5031806 3944170
3834524 -5212723
-6103848 173085
-2972416 3901953
-4190219 -3405218
-6138626 -669351
-6092924 1886890
8146208 -5686180
-6219032 1092564
-1825696 4335455
-6566649 8835655
-5413334 917948
-5138339 -4782041
-5957217 -4918954
-8920764 5109871
-945959 4646230
1949859 -3952570
6220516 -7111434
-693129 5846011
4957145 5764452
7611453 5116652
9519894 8818520
5648692 -8481471
2611094 7666102
-5482091 9429660
8265315 3301750
6736050 -2048740
-4314428 5368333
2965732 4114063
-776066 -7755293
6890937 4044968
2608751 794327
-3800755 -8642851
7203160 -8654381
7110071 -1977532
5655472 -5323342
6011530 -2762124
-1243595 5175367
-4642179 1660222
-6393766 3883851
9701953 -124269
343343 4387901
-243766 6438003
-6931582 6028915
8273622 5238318
-8200361 2292352
-6913320 -2319088
-961939 4408390
-1729639 -8197723
-175254 8757573
-6565769 7896784
-4865340 -4519782
3171937 9445761
1105983 3891065
-9708731 8529759
-1594510 -2771431
-8383530 2509574
-8536070 8748833
-2705899 -6110943
9127375 -5467652
6824701 8084075
-4235013 -9072986
-2148244 2427733
4230010 -2680600
8593326 -1361531
-3464747 6571108
-7948673 4543909
3989671 1669913
8077331 5223264
3753023 7612006
-5159424 884952
-6605474 4674865
-4059949 -3542954
346103 -5141544
-609195 3234152
1318227 -8010169
5433197 8731858
-6324057 -400433
-564681 -6715046
1923423 422305
-3006586 -1971355
-7427445 975029
-7355058 -8438907
-699291 -921422
-3309416 3238625
-5876423 5570085
244950 -5952488
-6979089 -2481896
-5107088 6185001
-8064495 -4116634
-2126803 -3199931
-4468073 -4229915
5369652 5822747
9107701 -8275778
2146528 -5195029
-4650031 -6452524
4522505 1656294
3217387 -2077476
7001102 -316200
-7077575 -7481904
8088181 6208038
2771903 -2953997
-2919541 -9150516
-449163 5792814
4192532 -5510277
1289793 -5997305
-227220 -7934270
404829 6821720
8545943 -4857568
-7536245 -487470
-4423642 -6791177
4865117 -2186276
5736248 -9901136
-7700984 -1917496
-6883048 -4746298
-8538259 -4778559
-5216204 3721486
-2912678 4233644
-7457190 -5619393
-1129669 6638159
-9359146 6735342
1317424 -9839876
-501804 -7070014
-9411230 -8277747
-6248865 -9439509
-6230686 -6947474
-6617398 -672506
-8057290 8634431
9233287 1635203
6888905 -5758274
-8020481 4866592
-1411922 866998
7616994 9279668
-6339725 -1808248
7346263 2676156
-588501 -4953042
-4792918 503470
3433456 3245275
-2516119 4705279
5265770 4022227
7074753 1235016
3078862 1551437
185868 2973707
-5391090 -2462076
-5703998 -8064492
6802100 -8502184
-5118834 -3724478
-4444810 7906530
-3901718 5014513
-2309331 -8268183
-3221224 -6555455
3948015 -381480
-7136204 -5497790
1723841 -2618528
3920051 347677
4099045 -3010388
1057401 -6488844
6484863 -2822092
4715832 -8756731
5695129 -8906226
5107942 9011835
7803709 2497229
-7079889 2505460
-2480027 5875251
123420 -981607
-5020709 5210643
-5170837 6902196
-8595593 1443658
1341482 -9790689
556988 3128248
2634212 -4738467
-1227311 7172386
-5649706 6207965
-32413 -4742447
8867679 1582478
-6889335 -4337284
676298 3975621
-3518919 -9085626
-694023 3596409
-7385197 -3482593
-8271950 9429398
-1152054 -9889554
1554104 9073565
9282877 -7231295
-1586694 -7104413
-9326528 -7643783
9528603 3563870
-228164 -553838
-2779933 6395249
-9505920 9739423
-4597861 8604098
-4903929 -6395255
7035472 6078437
-7808801 1577152
610911 -3658551
8287199 7322354
7432800 2338961
-6071121 -2864854
-7579797 -1013096
-5601157 5728108
8084325 833509
-5602620 -4927684
-2965170 129281
9040882 -3314432
-3575009 -3228751
-4624653 9534962
-6860292 -5656518
2938272 471418
4564922 -9824820
9032981 5129471
2451825 -4824166
31147 -163467
-511969 -115375
1387881 3960026
-311866 1908234
5258096 -1696923
-4108255 -9711188
418093 9655476
-3658956 2926575
2214176 -541025
-8489710 -4717613
-374131 7589523
-1939059 -5350002
7341530 -7435859
209964 5142215
-9681951 -1109137
1243748 -7338211
-4937234 349197
6825575 -9268221
-4843634 -1033000
-213571 9030062
9318874 -9585538
2586290 5678174
-8878899 -7746681
-5771354 1443686
-757575 3335277
-6558848 -4261064
-7094714 8868294
3948788 1502093
-3355692 -9753184
-8345968 -5841248
9336894 9478710
-172093 2897780
-3854088 6916012
-4116988 9169834
8199896 1302278
-5766908 5669441
-6136033 7518770
2288441 -664266
-9220580 -5014932
836697 6517088
4772376 21845
-8593509 4277849
-4220058 7677663
7924479 -2128369
-5453264 -5059397
6935665 2094863
-5007356 -6116370
-9200358 9279924
8449758 1138556
4957186 9199007
-2615200 6649655
-3315223 9190278
-1473988 1248768
6233836 8973219
-1993341 -8178216
-5640019 -2929466
-8651617 -7220965
2973050 8282824
-3845544 9644678
7101633 897530
5508745 701192
-2898826 4037298
3317222 -9498611
-5843703 -9582832
2132527 -5716668
3449339 9113483
820113 9517328
766096 -9865883
1623688 1862477
3684261 -3000068
-3413182 2146699
-2557914 8044242
-1156581 -9548446
2612584 -9584863
-6170981 4997875
8215419 -285783
6267867 9337764
9839154 7832945
8250113 -7898559
-3615227 6511803
-1858361 -7101007
-7583679 9834113
2484582 8961752
824230 3182417
2698701 6624622
-1228679 -5491509
5069086 9285520
2253426 6213407
6628544 -6087495
1426732 -5133990
-2903421 -9542437
9795328 -7841497
9991448 5880798
7982239 2150834
-1337363 757913
3656906 6883364
-766171 -679372
-1717619 6073227
-8228004 -8281589
8343033 9106611
6131454 4470698
-3727430 9630706
5844114 -6283108
-9854251 8525996
-6607994 -5010990
7962926 -5911167
-3752664 -6995063
8885735 7758254
-7574560 8755136
-7970598 6867974
-3732310 -6395571
2925058 5686308
-5724112 5501520
7219931 -8792561
2830402 -3952116
3034934 -1920683
-2289977 -8521792
7711453 9307504
7833500 6070489
3575852 373554
4462388 3741858
6746795 1538778
-8186616 3226076
-5502435 5632530
-4983144 -5761176
-9640395 -3473033
-7786725 1284547
-3213933 3284663
-2991546 9005515
7569752 6522350
7118019 2355208
-3650231 604686
-7571457 7344395
3414884 -5938778
4434776 2778395
9036606 9507088
1045866 -8586484
-2844055 5783401
-6067716 2859250
-385574 1653510
8180477 -8534508
2750039 -25968
5775047 2910104
1915620 9536106
-1425191 -7216498
-2344938 -7998276
-4877238 -4307172
-6962777 4004831
582405 -9932343
2846053 -1031540
-1524452 7533534
8947050 1882659
-9817588 2037767
-5102983 8619347
272857 6631048
8096541 -2972204
7001828 -1546666
3879791 846580
-7100961 2776875
-1923271 8311763
-9686513 -6009800
-316972 -1751856
-7747025 7952601
8020259 -4763396
-3278584 -4648267
-7114733 -6617336
5265323 5196964
-2765269 4348669
2968017 -2035913
7111488 -5351899
1675897 -6759126
-5789439 5208029
8570961 -8805923
-3512696 606704
-1081533 3986352
7976552 -2919614
5328530 -8251694
9700907 -9824067
-4587463 97857
5449590 7721166
3620182 -5349695
9847269 8334857
2683527 -1114495
-634055 9598353
6762806 8167896
3925122 -3522567
4201814 -9044945
-7850868 652035
-8741261 2772775
9275480 -1363564
5716822 177206
-5558136 7252032
-55683 -6438296
3659562 -5857228
4380290 5356854
2523511 -890848
9960362 -1999527
-597670 2370781
-5514514 -4839759
-6671863 1284627
278412 3764644
4719699 7253259
-2094705 -5519774
-230646 -614817
537971 -8319614
-5626055 -955166
8813218 8771146
-7667150 -1184191
2958581 -1242464
6630742 -1491236
134269 9855224
-2144303 -845746
4041387 94631
5254872 -225621
-8940993 1043225
7324221 1099361
-9131028 1337419
-1666002 -5439728
3945455 -8709381
-7028994 619704
2180890 6999778
-1712724 -2655049
6160760 994108
2267996 620127
1645243 -8364306
-8509082 -8584909
569345 -8220488
-5609505 -8137033
1637346 7127084
-1829691 2161719
-6738920 -4787295
6550125 -4505470
54802 -5869947
7937024 7400475
-1979821 6516609
-3967261 -9091970
-9230667 -9798931
-6288471 4320016
7456495 6930094
8565788 5979526
7394617 -898262
-6602397 2573058
4436025 -9519686
7607398 -2211902
9949818 -3926629
1286077 8294059
