472 -6004469 -4193142
477
1770498 -476214
3388199 -548767
8045922 -1993539
9435578 -8050739
-4646868 -1799373
-5381693 -2360255
-5045357 -6767701
4998663 -5476869
-1598267 7840148
-8377121 -3667043
-2580529 6295703
-1729310 5367889
4243396 -5939249
-9611148 2613173
-874944 -5192775
4331011 -3804290
5646943 -9104446
-8581632 -9764438
-7815177 -3790782
-3073803 -9146054
-8989957 -9945692
5802959 1544505
-1416012 -4035314
-6195166 801623
-349068 -497927
8314128 -4572286
3311955 7070403
3647506 -3415182
1714344 -9928296
-5121071 4036359
-9767931 -9160600
4251307 1726292
-5521793 -1604635
-2879065 -1813973
-8443675 -3336970
9233690 4047132
8107989 -7433631
-1468945 5036650
-4161727 9208329
-1289598 2335890
279956 5489205
-4924040 -2975470
-3874299 6108263
6179967 1239818
-4723823 7840045
1195797 -8941104
-4698459 8024599
8936316 7963456
-3850517 -220252
-1040870 -3942749
2620735 -9777839
-7211470 -1807179
5745823 -6754923
-7546594 1319585
6171827 4100448
-7893995 -6319839
704691 8968135
5076399 -2818035
8421783 -653256
-2813211 1256366
-5168385 6214313
4238912 898939
-8621253 133156
9912904 3175228
1748831 -2471769
-9733256 -8611614
-7902441 6885918
-9869005 -6944726
-3108789 7843382
1943830 5100754
8780915 -6936961
-7968826 4049835
3748152 -7998042
1348703 -376075
-9119708 -5313712
-9099399 1051844
-8049217 8228259
-1638585 -2344135
-9168907 -6670469
-6625886 -9209329
-7820943 -4903724
-8017806 -6359142
9212484 -5723383
4636351 4629542
-7753352 -3896305
-833266 9096534
-4337279 3543915
5545873 -6285739
3338186 9410874
-5902838 9410928
462773 -3265170
-5036911 7514115
-4830020 -5070092
-9224209 -4159144
-3368473 8517425
6130053 6666257
2823467 -8673063
8119906 628599
-4741859 2035951
655999 -4727391
-5630857 -9978859
3565056 2339085
6053346 31865
-8040909 -8372718
3554562 -8092115
-8840933 8572605
6086720 -5982665
-8536404 8638509
-5520635 3773052
2290477 -7760613
1421997 -6372755
7470534 -1579470
9049129 -5754536
-1202232 -1893208
3379401 6823623
-638884 9453767
-5690796 7748545
-9703238 5442525
7069807 -9637449
4786788 -7744147
-9171542 624369
-2841943 -1537793
-2899284 -568470
-6795418 -1378347
-6622608 -5903566
-9759969 5495059
6431941 -2684259
1561206 7710565
-4182643 -2002578
7337397 2875326
-5154555 9196758
-538345 -3301486
-7858961 -845351
-7966448 -241583
2014270 1727198
4867919 -663308
7798900 -4640920
4790610 -7974024
-6836019 7415968
-8487598 7995192
-3993397 9057726
-3626533 4268785
1979350 -7561456
-7047681 451025
5842703 313059
-7973830 -9710284
9504582 -9311852
-7640850 1487825
-8753757 -8354379
-4110829 6909054
-3754253 -4223135
1135946 -9242909
5299419 6560999
3976967 -4073444
-6078251 979753
-7446169 -1994278
4790859 -7555296
7399601 -1072702
9378324 -3229790
-400379 -9648080
3157988 -2262621
-9058120 1625791
-6886383 2662571
-3175456 -6698970
-9789916 6876212
-7346923 -4769932
8503511 8972183
5533182 -3694625
2231932 -3680718
7299035 -7973498
-7451424 -1329967
1114737 9852866
-8703483 7339435
6625997 -8969310
-8617390 3191193
-9071428 -3774381
7851410 4540599
9719522 -8129548
7687834 -9034973
357591 -3455934
1774134 7897919
-613546 -4472979
1832396 -7206003
-886720 -5080363
9462491 6580680
7767065 -3587685
8781534 -7988933
9350502 -8601845
-7571155 2594403
-4214404 -1507148
4718471 -6188544
868407 -3285832
-8899027 2569881
-3948739 -6895719
-7835301 8788807
-796922 6408852
-8064127 -3544814
-750817 8589533
-6490830 3768270
-7134698 8362463
-5225221 -7028339
7499080 -9367632
-7969477 6072665
-1332932 -634066
7858786 6975720
3303528 4452664
3683184 2577257
7663491 -5828065
-2723784 -2699491
-3910683 -6285248
2639956 -559084
5896102 5292395
3881928 4575830
-9139548 7661637
6024101 -92550
-4604537 -6274246
6874474 3315232
-612103 5410895
-5223170 1421349
-1602930 571317
7540333 5151968
-9754422 -8299402
8388886 -6260131
1040379 7909069
-8376179 8181454
-9861278 7129696
-5061557 4263777
-8644041 -1448824
-3787186 1336724
-8755826 -7783589
8458518 -7763085
5552147 9155990
4566885 5332992
-3245658 7456396
-1972287 1860067
-2987964 5151412
-631638 -4431954
-692085 -2742386
-4833317 -2242752
-4061297 2864646
-5658 9306856
-3913015 -3922575
4628602 -2550862
8785862 9959297
-7824292 -9158584
-6921669 2546388
1702378 3150578
-1516429 1146830
-1396774 8785616
645683 -2245735
5422029 -852709
4715337 7657719
7431685 -5209609
-4936008 6539604
-595749 -7401632
4421576 1002695
7080120 1914945
9364083 3024914
2984211 -5774926
-4933510 666297
-6787314 -2323729
-9173150 -9338827
1808003 -2568584
-3782968 -8173227
-7902610 2927581
-7925128 6862716
-2963213 7519419
4826162 6790209
-4153834 -5531527
9583193 9890154
-6590799 -2233231
2198066 -3478878
9546036 -9510678
7230748 1562150
-7771553 2530247
2722870 -7702761
5474764 7957485
-4611098 3549720
-2107155 -2717232
2726701 1605934
-9014998 -9765
-9973994 4801574
-5891865 -9461858
7522967 4852169
-2741325 -45699
237422 -377488
6143634 667877
-6326449 -7564511
-3486009 -1793978
3252621 -9095701
5717890 -8741210
9216276 -4024508
2041564 1192655
991775 7121530
-1272536 9934410
-75355 6234828
1036402 -7771181
5283313 -49348
7319173 5144538
7615191 2806280
-7571208 7094200
-9721571 -2147386
-7195545 1088779
9294801 -6048020
7372632 -681554
577236 2547423
1039267 -4393126
-684119 -7690136
9431394 -6919169
-6984759 2824008
-941163 -9324789
5420382 -4543761
-2076757 -9904761
-2243871 703695
6026327 -4757584
4852968 -4628679
-4259713 971471
-7939750 5131398
1599730 -1455258
379540 3871404
-3581173 -1027638
-2904411 3473128
-1700655 7458094
3055277 6411470
-764521 -2269261
-1594050 6070519
-8473242 810668
905907 6342684
-2953621 -549999
-2791231 8662037
6549710 -6927294
4044178 -7938263
-290513 4806349
5867443 -1379220
-7507816 -8690782
281580 -3753017
2236463 -8572637
1401809 -106479
-3695008 -9464192
-1733452 -5542913
-9472394 -1943177
8867491 -811150
-4468465 4570716
6537069 -226602
-9048213 -4905734
-9316675 -6254162
8323927 17849
-5175802 4727503
5864635 -1966585
-657367 -9308359
9454976 873172
2300535 2140565
-7965913 1691440
2227248 6218697
-9324216 -1660921
6395902 -9506204
-7801001 3719742
-9193190 -2220255
69495 -9753114
-4658848 7343879
-8910283 1021283
3555484 -3975523
3268332 1929996
9963411 8379683
9071324 -867032
-9993860 -693956
-8553390 8526301
-7265907 -5176973
3558076 5997049
6852480 4961341
-2028510 -3249788
2986306 3248382
3544479 170489
-7066273 3793116
1136995 -6386026
4635257 -1725121
-3184291 -5256936
6673061 -9292906
9086777 -9915959
-8266639 -847176
8458869 674453
-8282894 4255853
9078881 2421831
-9064768 -5548801
1928893 2636957
1903522 7787712
-6447554 9900383
-7412776 -5110172
8682945 7096925
-9289101 -4479049
-3687818 -7663708
9595709 -2137491
-1430397 3127891
3211933 -1214878
7937946 -9827268
847185 4945294
-8282500 -1086833
-8665002 -4919356
-7951805 -9203619
-4050310 -7729770
-9942058 3977088
-3606177 7853212
5259393 -6389612
3223665 -1018953
-2981650 3942338
-1205018 3934565
-8202926 -4153115
8974776 -1609309
7175813 366677
539409 -5296939
2164708 5113760
-5973073 3902946
8983590 3882208
-2805059 7878278
2664860 -8968214
-2474774 -4339017
6030548 -4760845
-8634105 3919050
-7099903 1289941
-4767721 4589561
-1475874 -7565200
-1718315 4027261
4934305 -7162448
-4279419 -2743539
-5524125 2110118
9740230 -1223658
-7320712 6640583
522791 6283510
4161788 4179231
-2272631 7717732
-6621285 9343000
-5417845 5252595
-828355 9409263
-6784444 8464403
3053964 -5411905
9539247 -1552165
4991449 4094442
-551654 -2179068
-2406255 -7557894
4552224 5168927
-6054731 2069620
-8773445 4292455
575965 9140909
3320140 1749346
-8016570 7254105
-886543 3563861
-8667191 7878498
-195887 -3788035
-5323632 -6979194
-2391099 3019670
3983857 246684
6857478 9664500
-9998216 -8508342
-6066236 -3694176
-8525249 -2404470
2181502 1002341
-4705204 -4579980
7077281 -4075590
190108 -1612887
8157570 -7086226
6477635 2173539
-7431611 -2728973
3482992 7810444
-9168749 -5111146
7908524 675712
-9077604 -9043496
3137357 -5591266
8416744 7779874
-5914302 3139141
3251023 -7649491
3352850 -4439551
-6503179 7948878
-6126712 1163998
2067463 3090455
6004229 4063396
8753287 -7258615
12412 2481864
