186 2918886 6678046
492
-7802638 -9436418
5971553 -2390464
-3400546 -8440726
4633935 -2552009
7963523 -1047178
-107703 1713526
9767479 7362667
9344403 8997526
4370258 1023791
2650409 9721515
982678 -7300868
-4335952 -8865248
-6770525 843142
205018 -1207442
-8288556 5247319
5810901 -3116935
4492601 -6091194
7984432 1782454
1746797 -8907944
-7438770 2618368
6848246 -7773327
9589340 2453528
-6032594 6615725
-9844132 1450096
1171611 8337664
-8963204 -4677370
8973734 4670641
8030135 9217196
-1990246 4719561
-33120 -1764846
5118219 -7762450
8662708 -4222219
76588 -389180
-6780772 6647141
-8218139 4339737
-917238 -4219541
750339 8630107
-2237816 -1327897
2638551 4717745
-4428239 -9565596
8273386 6326514
997155 -3391442
8342106 7247120
1966682 -8456358
-221204 8868213
-8894237 -8066438
-9772304 -5102985
-2975812 2284824
-8551683 -7179364
7160373 243416
6023875 -6769822
4376637 -3756864
-2568409 9290566
4008311 4655173
5089577 -9929858
6396656 9580073
8704983 -4120684
-6873564 9910163
-8546195 7047089
-1568346 -2390530
-7940615 -6251046
-1354031 -7946230
4338594 4803433
7624069 -1813491
946278 5786911
1533441 4784442
3543930 9486505
8777072 -4089922
-9434749 -9024479
3562015 2785383
-5118192 -1828820
4050496 -7524977
4901538 -6413209
3150233 -306715
7302755 -1128304
2620650 -8418113
6152009 1878492
-3318075 3782971
4485833 490603
8793866 -5694006
1606789 -4567889
-5081384 327307
6237385 -4849281
8642593 -6304312
-1002576 -681012
6521 -5279040
9712336 3879232
-17624 -5942983
-3733346 4613874
6001922 -6867391
7230848 6085762
-2035746 -8861076
-2561752 3382858
6389813 -2837468
-6015122 -8075919
-2643808 5183680
-4489013 5591667
3258739 -5208840
-1513151 4264725
6100065 -5582316
-861356 625
-6120143 -3893414
-7320044 -1149020
5981207 3862233
-488806 -1053390
7548724 -5500519
-4361594 9258395
2641253 -4487021
-4808137 -4406994
-2482913 -968934
6731098 -823259
-5231591 -2610369
2180791 -7757914
-976837 543500
4961184 3183992
-6815383 -4876772
-6253833 6616180
7983513 9580827
-4040588 -3573877
-2110915 -3518928
980553 5470607
4729002 -4562190
-6532859 -864689
4728317 9886607
-1082327 -1340996
352097 -7754596
-7848613 8165124
-9592790 -2363142
8180358 4332179
-2483829 -8053275
9586305 -4342106
-7725925 -6782859
-7202032 -6667528
-7725053 -9742412
-3261340 -1242620
6744339 -7319615
-9365453 7719213
9370877 -6010307
-6123700 -5898312
-4722956 4099194
-1139049 -4689674
-6524550 5629141
5782352 1012338
-4655483 6399012
8345737 3962710
9620605 -4622959
-8889466 448394
-3702781 -8105320
4668620 6424854
7698586 -1427834
1252551 -8592720
1642845 4442926
8432619 1887098
-1494862 1013722
-4887083 4825272
-9864402 -3701466
4444028 -3509780
7502558 6127400
2526412 226380
-5810910 5363428
3256821 -6611499
-3646753 6326047
737079 4367355
792209 2650466
-8777367 -4594301
-3187021 -1509205
5450073 -5008464
-605013 972177
-8014101 -3600955
-8775683 416477
6715012 9615168
-3894612 3876267
-7479981 1159040
-8614580 6124299
1487727 -2437217
951284 8090862
4416910 -5255452
9111903 7304531
-45002 7670341
-6923959 -7579536
911259 -6306017
-8798129 -7594628
3377549 8877685
-4723270 596858
-8986664 -2120199
-2505031 9017399
2893666 244700
-8596260 -3883290
-7758991 -2069963
5492820 5305512
3396374 3728736
989636 8960456
-1218661 -9670364
7999978 -7382109
-4961645 8736337
4946672 3592371
-1485905 -1534034
-2656349 6148544
9261754 4407997
-7712202 -4863267
-5845868 -9724910
-6963858 -7700881
-1584171 -435850
7494187 -5560118
9745394 656838
6901926 2987007
1947463 -4341879
-4012243 -2108438
509453 -9271197
1981492 6504087
-7387190 -1935840
6530127 -3071835
5593061 1126906
-4465097 6390130
-8473136 4854815
-2353742 -9660947
-7361828 -4319004
5245147 682400
-2361365 1054002
4227192 2739334
8242694 -2615971
3042150 1129119
9020681 190157
-6564688 1546260
-1949653 -7953513
110647 5416805
4861322 663158
4306416 -3359226
5547257 454383
7825550 2357671
2696724 7074121
5271469 7988160
-1329439 5334896
8905250 516616
5772303 6309196
6209577 3132443
-5738438 4014997
6721506 -8231920
3314340 5798595
7845082 -9843181
5573624 3881039
7060549 -9527918
9629208 -7048702
-4077967 1366965
-6275364 5176465
-5233062 -6252417
-8264256 -1062288
6788961 -9961592
-6928624 -7077343
9231853 5694211
-8656994 1360031
-4624972 -2042218
-274138 8120920
3919516 4612887
4769706 -6959798
-562406 -5719050
-5246968 -7140318
-4189020 -3501857
7865109 -5617759
2075058 1733013
-2003052 4106097
-6956190 6841997
6880405 -267308
-4828299 9832771
-1956666 2468133
-6171835 -5596446
-5122311 -613659
-2492739 -8280455
6332432 4603551
160106 3943129
740432 -6381510
-3521828 9597700
8612195 5493464
2392057 -5194496
-945131 6477304
583402 -5532884
3825465 7051818
9300862 -3856436
-4023665 -6777778
5690355 -5527436
-8607530 4019669
-6593990 9518520
-8761934 8786511
-4093585 -6570376
7372753 86850
3705341 6066521
-1819427 -9370463
6123002 2699865
7505370 -3207232
5786425 -8968589
8014879 9076591
-1355239 8886179
-4970257 1840344
-2421082 -9538024
-5065460 -6477570
7542099 -6730726
5304146 8843362
7629874 3464462
-589562 -941436
9145415 -6463711
2119162 9299543
9929081 2850756
8066973 2816087
2125207 -1431565
-7883802 -1911305
-2834713 -9572016
9314163 -9868922
-5512226 -1673600
-1211624 6860258
-9617312 2066693
-2147681 -3760732
7598983 441140
6421954 -6843535
2215030 5228857
1281498 -4167608
7648287 1360445
6727553 5917012
-8750549 93720
8662155 4794526
5399574 3374658
3802643 -9221646
3425784 -7435139
-6592387 -4366842
-7506583 7913558
-7503397 2195990
8435258 -7123895
-4166403 348922
3505388 -1449407
6295802 -7744449
-9395705 -4279582
-402785 -2422700
6010664 768935
-9137345 8841120
-3848002 7260115
-6848874 9524811
2819517 -8448428
-5883567 6953769
5103279 -3754699
6675211 -2475953
2236389 7596696
2989154 9171815
-479263 -6812001
1738593 8822751
3594655 -6973875
-8737105 -1965605
-1871952 -3284698
7484237 860110
-7782418 6655064
3915180 8346893
388056 -1630419
-78847 7066306
-3463573 -6792427
-8030774 -3446061
4077986 -8360294
1752755 8644437
332604 8830727
-7981274 -5258091
6081012 9853342
5395819 -3726329
4308067 -7807981
-1092678 6658715
-9964823 4952467
1607531 -3608441
7254804 4769112
-6861307 8039063
-2378279 -9840788
5883137 3059846
9613785 -3325500
-1685793 7852363
-986847 -3791877
-4961150 2583314
-158425 9345757
1715451 9573929
-4152400 -4077413
-1885393 -2888729
6286338 2672019
-9859162 -461719
-1553808 -1162133
-6393021 -5735278
-7696215 8217349
8376561 -3254328
9805519 -7558141
-883641 4259699
-5371586 1935656
8143780 -53082
-7469768 3641567
-4496323 5698982
5272911 2371807
8294395 7219128
6846751 3636864
8825235 8925354
-9020013 3133089
4487309 8966074
-6769204 -573821
-2356472 8094288
7356313 8050933
-9507208 -3979910
2796141 -321816
-8386160 -390848
9556070 7424555
-6417525 2273972
-2027045 -7913697
-3025538 -8397496
8821632 5762218
-8084566 7785209
-773085 -1815264
3834177 -9259330
2223096 206902
9633082 -1678514
8932127 5453892
-3978823 9792962
8329404 6288440
8482976 -3486030
-1360526 1125545
-8933547 -9903184
-5112859 -1804456
-7201801 7165280
8767784 -4623552
3655018 -7710986
-9925777 105768
8290504 5570453
-1172525 -698861
9508041 -5358966
-4521128 -8949429
6504463 1657475
1450438 -5589001
3215791 -7474360
-8444038 -7703806
-4061908 1698767
-5688064 195436
907333 -2995455
6686177 -8284571
-2908123 -3778116
-1489102 5453961
8076081 3263247
-1166300 -8898526
402613 -1117062
3523972 7661175
1228098 -89346
4084482 9002844
5930196 -2267439
-7225446 -4465080
-9652534 -8337661
-4122541 6846868
9558657 -3714442
-4193545 189395
-5578824 -7017658
-795774 -7507368
7946593 -5970595
7292652 231477
1332951 -1460973
7421965 -3873647
6303880 4251916
-5837430 945937
-7534867 -2468021
-2219108 763404
-1185324 8395329
-9942331 -6928202
2435019 -837857
5447701 -4064872
-1359125 1993676
4976018 -8745843
-6253211 -4421597
-392192 6696596
9444425 4209735
-7251238 -3099540
-4456835 777376
7545644 -9829273
-6366984 4363398
4411729 -8291785
-5012029 -3901851
7009831 4708973
7780772 3802648
-7035209 -416148
5518980 -7267857
4725819 8412492
2183001 6676207
-7745390 -7781811
1431137 -1553857
5172230 1862418
1279230 875563
4169291 7920992
608071 6822396
1185794 1714936
-4060497 -3242561
-4628060 8113875
2822848 927474
-5269878 -7618229
1965623 603620
-4147885 -9788735
1140110 -9999045
-806486 3094286
