695 8098599 -710755
821
-1487262 -1961695
6494355 7388389
-8479041 3471340
-629012 2236446
5429999 -5036404
1156596 5999930
-8018724 -9254628
-6059803 -6071472
1539598 -9241285
1298143 5370595
-1260500 1940561
-9971240 1389627
7781644 1085311
6477062 6460968
-2924081 -1540184
-985527 -4233692
5671049 5588658
-940002 8025181
261627 -291640
-2811692 947339
-3052731 8207979
1469703 8344904
4789785 -8555103
4719965 5409900
780495 8845735
-6697352 -3981892
-75913 2036347
-6878341 -6668592
2308728 -9777917
-1318100 2115073
397733 9384648
4973306 7696373
5721554 8585134
-9190154 6549656
-2503005 8499534
-776135 -2001845
-3656941 -3039384
-9078134 -9306432
6103469 -8867156
2494931 -1841817
4176291 9400316
-6046984 5797579
1645340 -5899622
-5677538 9591027
-5777548 -6045932
-6661284 -4479286
5733439 4620186
-4278328 828374
-2621969 -6028654
4987232 -3468481
4529674 -2608622
-3131653 -5788903
-5095335 3389085
-2961718 -9693435
-1535252 3524486
2924803 9533213
5330793 5157391
9257769 -605829
-1014802 -3023867
-6553447 6096583
4133649 -4275998
-9655812 -3214730
129996 -132911
-3645213 8582213
-4886268 24379
-67890 -8657981
-4446884 2159758
-4451157 -683191
-376626 -7025867
6498620 -4896523
-5363309 8088122
-4238135 -8060225
1333946 2483836
1976321 -4980366
3632570 2835496
8559498 5422874
4724496 -9717429
149660 1420039
2252 7370845
-2604776 -979201
362818 -2367664
9792094 7327334
9160495 -1567714
1406420 7857289
-7039233 -1216131
9388343 -2094960
-155185 -9886190
2597646 -4849792
-7313805 3695113
9046961 7090319
-4970455 -1164883
-882312 122811
4059202 9754042
-358761 1783701
-9195500 6577806
-5789858 7036463
-3119850 -6316329
2115957 6518588
4375878 -3959355
4824515 -6477623
1427417 -147003
-33193 -3270790
-5604229 3788584
-9999951 5080805
-5312524 -2918034
5917083 9047010
-830178 -282979
-8012585 7551123
-665176 -6770976
9806831 1628654
-1334882 -7344323
-3660652 6533325
3051914 -1938380
4102265 8455305
-8022317 9944144
-7686507 -8556868
-9311305 -4078548
9710037 2280300
9877457 -4915534
2166432 2226438
1273449 -5435067
-3201694 -9400133
8150990 2959623
-1295001 -1214278
-9585624 -9997833
5174196 -8971818
7561508 -8404154
-342534 -8486456
2485201 -6870226
-6926082 6276084
7719216 4462884
2900689 -4612589
184063 8407911
-6507623 -4872922
7353516 -7422128
9659157 -1824839
-1224972 -1373035
4102940 -3542537
5243185 9442371
1960890 -7192060
-6163878 -1826086
-230240 -2864914
-8835018 3913982
7043756 9427227
5703311 3650183
-9370580 2634026
537789 -4061121
6863143 3530109
8657187 3238204
5816076 -9644480
-1469318 -1472945
-329627 5475233
4449049 -177938
-8219215 -6226687
-3418747 -307766
7866148 3741675
3393113 -7066272
6847710 -9847739
2095840 4558095
-9275369 -3592181
9041845 -9684497
-3745618 -8645949
4884160 -7904013
5334191 -6882475
5989398 -3942301
4584754 -6333380
1658205 7036432
-3141506 -5744873
-1971559 -3892746
-1684159 -8844368
4897307 -2873954
-7423874 -3818011
8850602 -9193227
-2118780 1940189
8348008 946442
1261945 -1394149
-40098 -93795
2002192 7516328
3150205 7360414
5934465 9852736
6035708 -860397
8692387 519220
-2709301 -2306087
-3682480 -4449118
-3293486 -2164508
-2522109 4633361
3331702 4120173
-2556702 54017
-8005794 2182305
-6871253 5324519
-6069630 2858566
-7235228 -3092955
6939725 -3593375
-6232961 -2716684
9652404 89930
1745886 2217857
-7262923 5688112
5898378 438273
-1494493 -7455872
379621 -7784102
-634389 -2271627
4364899 7857512
-9572119 -7302687
-2604030 -8191803
7132716 -7577912
5280654 524718
-51885 3579439
9986064 561778
361447 -3112160
6977770 6269455
-1512688 13851
8218316 -8759992
-5805366 -6259259
-3715130 4116694
-1151056 2700141
2944867 -819157
-2961645 8214555
3428220 -2690234
-882037 9982588
-7595324 -9175809
-6134739 8767032
2346471 201683
3279813 3813376
-9298784 -5151113
-8881658 -6358740
-3828536 195338
1435347 -7877993
-4137252 -5610220
1022826 -1853667
-9153526 -5336030
3844813 2388122
602677 3791341
3617459 3399520
3382109 6547249
7371440 -7264577
4018807 -1696863
8504820 -8763299
-2433571 -3634722
1214165 -5699014
-2057754 -9216003
979336 -5151141
-3029134 4113710
1019842 4931035
-6922632 2833615
13937 -7957332
4430790 6440194
-7252112 -6141249
7258271 7549819
4097069 6365347
1617122 -6843268
1459870 -6015139
7737915 -4364071
-5482441 -7518958
-3217972 -4695656
-3911658 5731724
3096936 4724275
-8645663 -415970
-5484935 -9932198
-4582231 -5109468
9449552 -2407567
-5967373 5431707
1806810 3880343
-6053486 -3219485
5662215 -8418567
-5261834 559935
4544797 -2720663
2915267 6198036
1195430 2282712
103408 -50822
8197255 7977459
-4781914 -1291898
8292132 1294191
-6121655 9088775
-6020693 -7192803
-7084018 -703885
7244174 -6571140
-174445 9464962
8761829 -949016
632417 -3711579
6848357 4424044
-8296618 -2113065
6601323 1393154
6192218 -2864999
-399469 -2203246
8290565 8811978
-2479919 -2202214
9091977 -6491349
-7402574 8328565
-8864237 -7029677
-5217210 9093086
-7478054 6568097
-1450589 4543316
6110652 -5136147
1152274 -2688759
-8264715 -3256931
-2853643 -1999369
1910137 5955019
5606372 -6252320
1544434 -9381293
9430686 -4793096
3004690 -165001
-4139998 9467119
7795684 -5386980
-9900305 -9026219
-9933133 1447799
-9467751 7398837
1942153 5105165
9969018 -918340
6392901 -1947195
-2687774 -6362356
-5845372 644539
9115910 -3025065
722616 -1418883
-800175 4722283
2445539 4783402
7134754 -8853137
3130334 7966581
-7420399 -7005244
6484889 926018
4890170 5195648
2594485 6551756
-5826727 5422419
7020431 7052990
7622147 6658643
-9703712 3413333
6574224 -5065626
-5574339 -5549084
3032033 5690134
-7071231 5148277
-7551968 4748210
-1588575 5374308
3340890 9582786
5093894 -8458241
-5015870 -1563157
-6367508 1578784
-9353108 9874300
-2186929 -1256671
-4203680 -5179834
-8521191 7349854
763187 -6581533
-9130807 4291449
1258717 9853763
5543898 -4705145
2959484 -5709249
1555313 989019
-3636672 5407516
4990302 9966739
-8491502 9704218
-9342587 -7399451
4179333 -3507372
8883280 -5710095
3033235 4826225
2162743 9212703
6562558 1345907
-2719274 -3842095
-9550646 9842097
9695861 -9333728
8477479 1708072
-1484825 -2243889
8745130 1436963
9360832 2586840
2553579 7624810
-154620 -3132514
-531965 -3421570
3071058 502794
4792699 -6352632
989946 -5529309
-6316606 -9657714
-5795455 -6847311
-8173054 2762304
2604402 -5998376
-5332104 -7723699
-3499275 -5183385
-4910922 5661727
-2901310 -2467748
-9880908 -6165792
-8540981 8975874
-4156639 2672672
9251102 -6179249
4323545 5311396
1475117 -5161488
-8174445 -8367403
4491235 -7534937
8134104 8025302
787606 8695781
5213757 9961051
4753704 5908360
-9275025 9881653
-1940268 -8745571
-1213319 -4185947
-7835386 -2325226
-3349351 -8577875
-3388851 6139985
9960736 2494010
-9678242 8378603
-6782884 4284282
-1566769 1796875
-3221710 7559023
5584325 -7075534
4136599 -5087605
7389798 -3628068
4796644 -649644
-8251639 2143502
3397931 -1962028
3852025 -191907
7482868 4700964
-1360559 -1467009
7189328 6649869
-856121 5250591
3629194 7150065
-6049301 -8018011
3778865 -637338
-3078314 2383930
5308396 3073507
7985902 5022363
3910647 -8038652
1311704 5375700
-9964446 -1292708
6745264 -4423582
5384511 3433485
-9349199 -6886359
1646633 -4616269
-7966400 -709757
7057186 -1164039
8502378 -6306169
8192173 686380
2565395 4969429
-2646641 1971038
7560897 9487081
4509444 5178108
7139456 5546800
-6561148 -1579908
-356264 -9032488
-3456070 -6525593
-575756 -3611000
-7981007 4444794
9828525 -7408602
1881641 -3818022
-2465708 4378478
588661 -1061173
2141559 -3963330
-8993900 -1219166
3268224 -5293046
6710387 -9124189
6053919 829122
8892274 -6263816
-5327372 -4290273
9193592 4847478
8321885 4316364
3221716 -4262478
2698668 -9737518
-7146120 5240709
-8577312 -4956454
1938376 -2748127
-1292948 -8526668
-2489998 -7472963
1307872 -9151389
-4444434 -8967546
4424618 7092448
-2078430 4782305
8518489 478537
-1295383 9330196
4177675 -6808883
7507481 -2101791
-3847917 -4984088
7794746 729197
8486259 1367104
6410650 -9351374
-2099501 2425299
3898631 -1650974
876063 -876097
-27485 3924985
4957440 4700287
-5690912 -1955567
-7173262 -617942
2376947 -5252990
-5922793 -8654772
-5463655 3597916
4012477 8254882
5787146 4560179
-4710624 2680913
-5951983 3581893
-3253129 6291987
-1282714 -9541333
-8675955 -2836277
6287626 5132269
-942745 -5283540
9416748 -3739859
4304574 6531047
8429457 -6274164
-9010802 -352335
992893 -6677244
-562975 -4933595
5837639 -1954410
-7394231 -6550498
6130415 1624786
7723031 -2104854
6703485 2694784
3153451 -5530098
1633625 7937124
3069393 -3006152
1710309 -2078748
-3302255 4643000
1174047 1127057
-2630755 -8997680
-6833663 -7880144
7958965 -1641557
-4058799 4159230
-7795180 -2604010
845492 -8221160
-4080022 -5189410
-4777912 9492260
2187044 -6356991
-1887088 4441925
2379049 7856848
-5149304 2262889
-9815859 7964795
2607795 6561005
-9795586 -3118113
-9599441 6298195
8418051 -9909989
-9035193 6083248
242478 6377016
6289358 -3093992
-8798800 -5036350
-7709408 -2865149
9143463 -2878821
-6719460 -9970968
-3012690 1330507
-8296293 -6090196
6172694 9366359
7331154 9070756
5631761 -1126813
-1728574 -7544698
8753497 -1647472
-9041109 -8811663
7271585 -312100
8581269 -8076302
-8653942 -9969585
-5005934 4870627
4521830 -7452741
-331562 9801010
2346395 3665293
7512153 2948978
6858783 9333705
8700064 1732212
802968 -4452171
4421016 -1452429
-6480775 8951082
-2696390 -7307557
-6119220 4789074
-5523026 -1737499
-7297448 3668718
3699133 5574595
-7038425 -5951390
-3404131 8693199
1010562 -243
6181403 -1219341
4245990 -6643043
5207014 -3790092
7942120 -6378875
-831046 -3576570
4971001 -8738559
-9787477 -6410030
8798765 1006578
-4204348 -9967515
-9188662 5195898
-1135384 -7211021
879926 -6486110
-9921147 -7436251
3773301 3841501
6357611 -3325278
5455382 -5216137
-9342828 2539014
8748922 -7782276
-4161151 5864186
-7712384 6691042
7952483 5007803
1114125 -225030
-9218452 681358
713843 -87109
-4891211 9093553
-8117468 -5958466
-2444576 3973405
-946494 2762458
9120312 -2365723
-3174648 -7173193
-9872978 5477923
-9466711 4797086
7014810 3300546
-835268 9282211
-1510395 -7146341
7861462 -6031299
-3739977 8958441
-360201 -1024413
1404830 9557923
8651476 2869995
6911529 6513619
-6996624 3050360
-4187181 6983305
7133935 -5426765
-2599958 7449483
-4556242 -6040713
8756373 -9956583
3343963 -4022953
-4740742 -1712465
1141194 5025048
8993749 -3734785
-4776344 -8480992
-6989053 7770124
7328047 -2620192
2766155 4415778
-6554251 -1504124
-8453764 -7805964
9177341 8965478
-6461287 9875407
7324890 -1172372
2786915 -6544893
-6501476 -7231352
-1254305 -5940360
-5136473 6842488
1867536 -3478695
2786521 -1478927
40081 -6622363
-8852239 526529
422689 -4432619
2499511 8475808
9488036 -6811156
7899232 -1538388
-2572910 -8965727
-9090320 7076574
-4095798 -6517845
-3062737 750923
3519571 1207470
-2216538 -7047861
9794627 4781619
3819276 2646990
-8831937 -5821485
-2443848 9122149
-7834969 -6275503
-708122 -1296087
9696074 2587720
-1707083 4307741
-7230647 9184110
2734735 -3807851
5785075 -7287204
-3805049 3644416
6911691 4205630
7929452 -4351434
-1399294 431262
7729233 -4287086
876256 -9088315
-4909799 1548510
-6812989 -5439328
-1714831 2646353
3866619 -4647958
7939763 93399
-5598860 -3920955
7779507 8749032
-5058819 -2829507
-7600359 514243
6675011 3242609
-2551761 -1405407
4243159 3586702
6534316 7894043
6123309 5360217
6271903 -3220098
844764 -3000434
1560238 3878456
-3475191 4031775
9383818 2361759
-7544842 2907780
1503177 -160067
-1411035 9372650
9059495 -8200963
2313280 -3953502
9289107 -8540863
53730 -8495357
-2392303 9253698
-335907 6813241
-5310189 -5857987
-6561733 -4212597
2786969 -9038286
4840170 4283031
-1685193 6863559
-774682 3881331
9305464 -9785023
54910 1680476
-6430522 -6675007
-4875970 1160227
7206725 -7371027
-5911890 -46338
1458305 -987815
-9217765 -3341808
5987786 9066002
5724368 446329
-1249916 -9322403
-8360689 9162635
-4037981 -8462947
8400612 -1004167
5393516 4276826
4491803 -9857718
1822758 4698980
8023974 7063065
-1776708 -2091412
537561 5664356
-4381981 7946369
-3041446 -2857976
3800216 7076324
-1341321 -9742858
-6780177 -211998
465599 6899399
-1421614 1969907
3506960 -5378738
-3866553 4540405
-1182769 -5576076
-5433794 -8473036
-1257704 5825386
2888451 -1094684
6813904 9282622
4946979 3628095
1574465 9867817
-2990159 -9435002
157674 1049371
1306513 3326410
5630764 1332705
-1767896 -2957312
9012595 8612716
-6766022 -673157
-6132752 -4964093
-540169 -8116222
5927094 -4799168
3542570 -3457611
-2035943 -5330610
6468365 -3568978
2575469 7294313
7162131 -6068304
7013046 -5850066
-2284342 6688324
-7468914 -2829280
1019778 1538523
8581212 8161851
6774567 1768234
-8904923 7593807
-7370285 2524897
4408675 -5037674
163158 -5394102
-6335360 335769
-2478488 -6294272
-7346898 1628697
-8560637 -6010123
-9562075 -2255076
-5588790 1117846
-2193830 7450971
7138043 2126868
-6334608 337257
-1500892 -1842179
9926056 -7753396
2356763 7790027
314924 -8978867
8499811 4986478
2108729 7239952
-2424279 -8820679
-5114950 5773369
9918418 -2386415
-5880186 -9945496
-9684220 -8642219
2475627 -5442261
-7991290 -5273009
6853859 2798150
-6864593 1663106
9820927 3035603
-2201441 -5849133
-8059106 2263335
-4199179 -9844677
-2341847 -5227830
-7987878 -5699368
-4520046 9766882
-1943397 -7895804
-282219 -7118644
5452212 -2024978
-8150845 3837596
911687 5767993
-9505016 -3158865
9639285 -4563250
7099856 -134805
-7099201 5291044
1958263 -562865
-8299529 699358
854681 3899157
1187679 -9982356
-5681724 1029187
796069 3199802
5303998 -201770
-4804062 1369025
1860399 7538131
-6107921 -9351849
6416144 3709554
-9449311 4803767
-9759483 -572520
9292675 2706326
-2002630 -143275
9293860 4709826
-4590815 9955633
-3628858 3510683
3528327 -1219782
9809405 7558822
-6725024 362956
2677538 -6878173
4490852 1095326
-1366543 7873477
1037980 8867603
2577157 -4958111
9845656 -2545876
-602044 -4355801
8350525 2602525
4975602 -1309369
-6599542 -3652104
8819881 -3214186
-9703502 -8674005
-7377435 -4808976
