181 2938081 1605557
682
4557638 6444661
-1725691 6581524
3771875 -7042808
-5134037 -3075446
-2892352 2805483
-9640474 -8406700
-1747291 7405403
1034483 -3594960
4671812 5881715
-9222518 -6331929
-3916833 -5294881
-2934315 7210368
-1806904 3948720
-7995128 -3186305
2268128 -9293222
7151439 -3873219
-7291695 -3174234
-7700690 -4574252
-5133346 -1003468
-8197985 -2834727
-8725075 1974302
-620294 4677894
3599286 -472365
7925702 2930541
6598612 -1728902
2976217 8703184
-1570096 5198131
-8336797 2558255
9371950 6623000
-153870 -6331925
-205144 1640078
982196 -3002431
2423317 -4980486
4016046 -4202142
2963131 -193677
-8219374 -1665586
5528660 4238056
6282043 -6323316
6607225 -872054
7399044 4207745
-4572719 -4277811
-9079679 -7108387
5449868 3857185
-7003462 -7416476
8767952 -2661830
1494600 2842668
2356590 -8920840
-3901326 -7523204
-9208994 7296259
-2897417 2631073
3481839 3754137
-9491454 -1116791
2559893 -989501
8138445 6790589
-6485313 -8316530
-2594341 -1946159
945454 -1058032
-7200846 -9157668
5942209 8911675
-3750155 8312044
-6328936 4710161
5789321 260798
-4746054 6027654
3323914 4404348
-2964579 -3955047
9799090 -9573503
-8173942 -9482740
-7955889 2823988
-7869070 -3097697
-1414227 -9817444
-1763603 -4354383
4587585 -1492216
-649883 1698203
609878 -96909
-9268513 7808678
2518839 -623924
9636874 -5597448
-9569794 -1691840
5228860 7407172
-6547875 -3729528
-3303031 -7735719
5297893 5767568
-1408444 -8960621
-2058318 7342004
40912 722486
6368103 -956193
7551592 793661
-7508135 -6527959
3375132 9418061
7226739 -4381905
4994171 4106620
1025524 -7738070
-6913558 -2852603
-5445430 1455730
242555 8315303
-9420416 -1993305
6290615 -544124
495256 -1606170
8252186 -5117828
-1878990 953290
9997098 -1706901
9086760 -5510886
-2038845 65042
-516897 -8421375
-2803279 3852639
-9524389 9226194
-8511876 4707244
4370994 1501135
5473218 -5425434
-7110131 8925564
9448611 -4284227
5171649 5985806
-5620364 5739227
3137751 8183257
-863452 5148174
-6558727 -8741239
8264227 -866354
9198688 5044386
-860637 8741734
2594374 -8801857
-9575663 -1147564
-6440319 3069985
7087473 -8087539
-3512973 447027
-627409 2560691
792816 -8106751
7879055 -8662446
-406867 8480817
6664075 4775043
-76783 5247236
6505998 -4199377
-2549379 -4119157
3441581 4770225
3511960 9165661
-9636196 -7419056
1433381 8622686
-5790977 3304493
-2266694 -2490586
7956441 -8703504
-3626461 -3263315
-1370066 9845384
3699290 7166355
5647173 9025341
3800384 5808776
1056012 -5172400
628223 6239954
4637149 -2437990
4848588 595196
-239143 -1921270
-6823974 -1639452
9499586 -7358987
5945506 4609407
4635173 -6291391
7521458 -6321188
415497 -4892034
-5046650 -6105003
3577705 1561784
587125 1168993
-3022231 -8258770
-3431170 -5612490
3143816 8033781
-4404208 -286595
-9691399 -9702683
-1623953 2960732
-8678720 69458
-4773177 1552073
8677833 3337218
7045827 -8827671
7367493 -4170642
937325 4567285
978635 -9700658
1861126 -1592973
9576020 -5443660
8813922 -7551748
9352114 -3446211
7103923 -4617248
5096157 -4987718
-4690401 -7300285
5660447 5404758
7990568 -3798002
270423 -501921
5351649 -6782609
6906072 -8535392
-2706033 2397476
9481114 -3210083
9605611 8231292
-3361681 459749
-2467559 1466738
-3568658 -3785660
-4715519 -3653637
-5754533 8299808
-6687910 -7611596
7604471 9341624
-2737266 -8861959
9856391 -4218730
-2204299 7769654
3503397 126814
1591423 -6852650
-1938821 -7074179
-284262 1401742
-366966 -2457707
518394 -678651
3304439 -1212295
-2481603 8050835
6913550 9735781
551941 2802879
-2292365 -8840983
-9499359 -3619617
-2481576 -4687893
-6390271 -9720273
8049381 -2625185
17982 1405431
-2930867 1552778
4478599 4125757
-4472501 5130312
-7327395 6710689
-3967962 -2323115
6464590 3190999
-6241814 1852830
-5895037 -6017012
-697781 3188088
4347105 4656905
-8962712 -473794
-2645335 -2635902
-2356175 -8927935
-1553120 964395
4886178 8209558
-237664 981214
-4893029 -8044689
-398024 6757287
3467976 634470
8311355 -5209067
498285 2016367
-6130803 -2707702
1275286 4256471
-2555440 -2025840
5147417 3093857
-7379937 4308017
-8327884 -1298942
-226877 -25271
3455476 -8167707
-9958148 8220003
-8282430 -1658346
-7186683 -7679460
9077828 -3175459
7459012 2415293
-277421 2545804
-5437829 -1713281
5579017 -9779136
4477335 -1568632
-1078119 9370655
-5019136 4438247
-8737383 6585650
-4713292 -9882720
92009 -7065267
7283378 5059831
-4203813 6063837
-5594509 7325230
9645771 -2486243
4338298 9735160
-5333194 8723599
-6214245 -5686338
-4883266 4389385
4610249 -1652073
-704353 -9304249
2582759 -8396064
-1441464 733880
-2680469 79975
197255 -178847
-4727762 2606239
-9817577 -9710736
6353101 -7444384
9880847 8494962
-3991281 3274944
-4473543 2042970
-6717079 2863369
-306616 193263
7099000 -2931324
-2067045 4810118
-1977779 -5774399
-4170463 7228603
-9521165 -9395020
-6798692 -3095575
6725578 -2201634
2920958 3398563
3687828 -8002184
-5446567 3103381
-5885305 -7442719
-1651422 6950632
-8490046 123414
5503135 3875035
6584650 -5207125
-5622097 -4803481
-9993363 -3799998
425603 -5172789
4572166 -9454789
-8849809 -1228508
-1807730 5051001
-7150632 -5648501
266415 -5082152
9432017 -1713322
3906411 -6045757
9027876 6501802
-4031214 8021106
-9339128 9892806
3767841 -2521260
-5212033 6164007
-8639473 -7131157
-8414803 -8317778
-3490567 3883516
4428727 -5472848
-4185003 -8918401
-1351047 -1904729
-5036878 4007267
8925115 -5985327
2301351 5229537
1700132 873484
-2624714 8724114
6745220 728009
620815 -4139576
-4144484 7406092
-3913549 6905009
2290204 643483
-5157942 9963330
3846847 -3608246
918906 -6132157
-5050557 -9208074
-1112803 6733903
741170 -3885252
129421 -3633328
-8403791 -7817362
3056122 -7569228
-8845114 -4187306
6540703 2947761
8808185 416458
-9661098 9677870
-900769 -5336298
-2176463 -3574647
-3611316 3905788
-9702458 -4818053
-950209 2751883
3543809 1216448
-9533296 -3484414
2630334 4947359
-8685969 1207874
3390512 -7240245
7706879 5426592
3755638 8962987
-5572900 1378117
-8205425 -7187307
-7509436 5751637
2931691 4649829
3591534 -5893853
8011935 -9244771
-4062824 2496570
-4751547 825829
-7957722 -2496681
4018905 1308615
8772326 -7491018
-3766792 -3350761
-591006 2602709
-9454347 2140073
1103060 -2884127
1010342 4301292
7113985 5530160
-6201851 -4678731
9971098 9604549
6227049 6729841
1422 3562633
-3940797 -3244664
7581166 -1545050
5958270 -6175991
5132624 2139796
4648778 -22825
6626415 -3578698
9024011 3398338
-4461589 8551761
8183987 9569664
3870956 -842177
-5312017 -805671
4515599 -6498706
-6894157 -8997515
7732326 4486697
-9434318 1849244
8604581 -2266252
6188698 9141238
-7034753 6185747
-1674457 2146968
-7875856 614223
7035525 5490673
-8594637 1266911
-181328 -1424112
-1854448 -3056225
6101598 -1997341
7196989 4532861
8034155 3305934
4308419 -5771060
1231989 3656350
8021947 2040745
2290845 1797672
938910 6626528
-4671373 -9004105
3142864 3904157
7034732 -3829478
4177547 -2216640
9050271 -3413391
5162497 5582910
5043037 -8614705
-612045 5824401
-7126386 1144636
-5549430 9101296
5846588 -9092231
-2919528 1275341
5832438 -2921423
8876249 7618771
4245299 -1876717
-880822 -7668489
-1247980 2090278
777152 4778394
5078106 -4213248
2373361 7471051
3053961 -3355271
-1969975 -9947790
5876612 -1903001
1757987 -65668
-8448020 8750226
2174348 -1275091
-9999750 7398568
-5522855 1771172
-610057 5832688
6472323 5869747
8201258 6151594
-1758128 8107853
-4597400 9469631
-4743617 1535376
-993573 -9519294
-2874564 146097
198307 4576740
5190091 5155461
7606145 -3925081
7341498 -3051922
5672987 9158125
-926955 -484154
-8712982 -1810411
6538629 3550190
-8063711 676961
9344907 -4472696
-6364842 2653900
2123531 -9896869
1638507 -962242
-7965184 -103734
2558715 -9355066
-2261974 -839748
6832065 5273375
-8651706 -7071882
-7607452 4438210
-3887313 1206144
-9278010 581888
8771477 5185732
-8747725 4525360
7718673 -2173541
3353763 5704916
-1641184 7063580
7166711 -494727
1059383 2998699
-7105034 -1194782
-8033496 3094200
-7745548 -2029967
-6756592 -7779117
-4850999 1602870
8557432 7108055
-1685801 -9942099
639789 -5329880
2372204 -8447458
6077902 -8072381
-245922 -3859169
-8154252 -3687072
-6623492 5624193
-4870533 204564
-6796736 3059572
4381142 -1294798
-8200598 8614582
-3415385 -1136001
1084882 6570207
-1826923 -171976
-3063921 -1249765
-1191864 -3269491
-6083019 -2233370
-680828 9447926
3891897 6289186
4946369 7913427
-5773645 -6354025
1786520 6792117
9513034 -9880785
3178787 6915987
-4378810 5232650
3847232 -2440070
-1059719 9936944
6507151 2948199
5292575 -9974837
-1224602 7196580
6443442 4745006
-7488363 99886
-7935836 -9639577
-834039 1830809
-255764 5956061
2118388 -5887669
3420800 -3513057
-3393841 -6095091
3337248 2933834
-1833516 9784946
9861228 1474790
1411735 4530068
9994620 -1198491
-8656976 -9564762
7631819 5287195
32202 -7365226
2734661 4075261
-3047964 -4939809
6891000 -2684823
-6728761 -1365650
-4736967 9151589
-4361468 5389627
1810888 8683833
1617668 -5238957
-5454010 -4851863
6622927 2300504
-3169427 6923570
8241432 -1965338
-1530099 -3174807
4628740 9584456
-7780769 8618072
-4790315 7177294
-7762515 -2529756
4785421 2161721
3312423 1644838
-6687221 8056660
-4037360 8575456
7259290 -8532337
-3771293 7773528
5438017 -8606690
3693814 -6708951
-9785381 2060945
2611959 3040739
2382284 8456051
8040508 3598212
2216284 -2988975
6704671 2776091
-9753665 7425969
-7895957 8942157
-6896653 5031756
-4395231 5416466
3991923 -3583874
-2116211 -5916239
4373641 -6232435
-4839125 4112496
7403545 -188341
4388956 1371041
-5588219 134517
-1409432 -2999085
3115480 6794065
6321442 9147428
-5560129 -4668236
5274086 3026114
-5515377 7202558
2234315 7378129
-4689053 -2412030
-3479552 355436
-3044451 1819222
5586787 4404237
-1483266 -8670810
-6342799 3264014
-5364944 8436631
-1428852 8046157
7563425 -8436811
8357254 -321931
-8658151 678905
-1472979 -2804951
2737515 -4218279
-7015721 -6198893
3695588 -261510
7326460 -2265054
606734 9006536
825758 -6153092
767497 7562283
1407826 -3587454
9676560 1800583
237215 5065027
-4372463 6827968
8391157 1324715
3519136 -6809038
-3613781 -735236
6459813 4860986
3159059 4913240
1230700 -8286320
1452170 -1340310
-1089011 -5073712
-6067176 -8705018
7658242 2034075
-403641 4758583
3687481 -1574261
-9773677 -8995815
-1414436 -4119607
-7291638 -7020110
-3179043 4213101
-79585 -8900481
364283 -9659906
-2282568 6306634
-6263773 9340448
-8945872 3392843
4568885 4966927
9893215 -4977350
-3682368 -6520126
5513950 6342392
1100975 -6024126
-5082034 7626661
1147198 7304808
-6814799 -4855711
-9359469 9732762
-3537784 -4106437
9509435 -2538512
-9682066 6382631
-4794382 -7609930
4246871 -9448282
3944561 -1058155
6425124 -2182649
2840002 -1486553
-5490327 6318339
-4822917 9157634
5649861 2539975
-7317012 6278058
-3900782 -9432173
8228468 3830186
-3920699 -715580
-2305665 1385351
1363191 2541517
-8559500 9720122
-7889807 1681126
2232844 -3353882
5587963 6357064
-5825585 -3822594
-2792795 -5470561
-9152221 -469231
-8795244 1716878
6773206 -3975138
4819273 6854617
-61204 9456194
3286381 -9081509
-7280737 -9316384
2068967 1882034
-5576449 413599
-7349927 -6567842
5113284 -4135949
-4973478 -5239734
3633682 9862481
8556239 -9385515
7660277 324450
9855219 -4236556
-3326 8508056
7049270 -8940025
430944 -3230120
8742427 -5615105
7819739 2886092
3569708 2028808
-6089158 -9460998
-6531047 -4361325
-929166 -9149255
9231148 -3880973
-6604355 6700470
6562951 -5742330
7388508 7029328
9870130 5119190
3398986 5048785
-3926807 9725349
3301677 5912013
-7318107 5638815
-9976289 6248973
-864934 -8575680
-4030520 7843450
898804 -7295226
-9140198 -7603326
5763771 -3115890
