638 -6220579 7092222
721
-2508785 2629451
-7697836 5669415
9580868 -8261195
4099487 8658124
-8363225 9380365
-1991380 -4363594
-4972144 539918
-2190696 -4721008
1721097 8062438
-9525067 -5881523
1056354 -1092857
-9509810 -6473775
303311 -7534413
3090783 -498217
3281204 -2267968
2877835 183005
8368773 -9227581
-7488776 5179999
-3645524 7949641
-153642 -872936
-2720178 -9492397
1047521 7854979
5650323 -5175969
-7113531 1373177
-1991993 9887773
-1205084 -6638597
-3112372 9064361
4046300 -8198542
1303241 -292708
7439324 -2862916
-163559 -5415555
-4643136 317159
8013511 -1794786
8671207 -9615559
-7972143 -5632013
7391942 -1482434
8888897 -692321
-3351938 -1560537
9812641 4539220
4426993 -465468
-4587713 -2179352
9401361 5738261
7539720 2299915
4523559 3447661
3101097 -1157039
-4056241 1962883
-7719957 -7062461
1142753 1300623
-5798584 2809906
-305755 -7669687
847879 -3770727
-1946695 -2913813
-1957998 -263224
6792348 -2782281
6752251 -9629005
-1808357 -6264306
1990307 -7835462
-3019194 -9890644
-3926630 -469973
889341 -8495635
-4016399 9174467
-7887994 6833100
-9349925 -1736356
3589902 -4228888
-1898575 -5148508
-6402883 -6715853
-7113314 1465656
3718784 -5833226
1384494 928688
1299684 511132
-3236822 -9346903
5333988 2007679
2117036 8753486
-9200135 4831146
6335511 706758
-118775 1689206
-8961342 -7680888
-6900892 -5490416
280696 -8311266
9056578 -794638
2489509 898473
4880481 5170047
1853174 -2107453
8821236 -1400735
1626749 5754020
6407117 -7362728
4644951 8389928
-340234 -5742543
9088603 9278339
-14903 459631
4665190 -2059533
-7224069 2382675
6892259 5703848
-91066 -4124960
-2403246 9689307
587780 -1034488
6651912 2602616
-9504837 -4531739
-3416122 -1494914
6775458 9316399
4470023 8210627
-883093 3182575
-43615 -8368673
3426018 8776673
-8247343 -955012
6985455 -6588884
-1689857 6417847
2121695 9761387
8152779 -4797598
-5108291 -7969370
-6487506 -4250467
8352149 -2004159
-4019546 -9835594
-8814156 1363665
-6803584 2564332
774959 7961302
-6339770 7666440
9297767 2408219
1184892 3616615
5177955 2723785
-1348747 2937549
-644604 2163411
-5558850 6961396
-7836202 3993444
-1459574 -7406071
-9140186 9571859
-2432300 2052920
-5266321 9211964
-6908019 3548154
8628838 -4080477
-6119174 -3711603
-6045163 -596202
-8187983 -9942592
3674023 -6747396
-1507258 -4486739
967163 -1148022
3531741 7143995
-3378256 2838911
-3167645 7972891
3083172 -1214458
-9126246 5372781
9942054 3942987
-4328697 -9042194
4505961 -5324267
595256 -1236716
5051681 3134799
5054949 -3007566
-2950158 9006519
4775475 -616682
-2587068 3240217
4608548 -6731783
2928565 8380095
1219006 -9343359
8629533 9550309
-9147797 567714
8456847 -5770943
8172044 -8274043
-7316236 915253
5590986 6359699
-4877017 -293923
5357228 8702595
-4304971 2691017
-5786112 412178
2311848 -4738776
1017793 8989363
4773933 9724780
8104875 8142693
8799335 -9781150
9769159 -8159766
-5075700 -54780
4174277 -9378638
4863672 5897499
-3187247 -5137326
-8777627 63788
9769865 4920091
3622686 -3654643
1552726 -2356555
8055623 9317716
7095292 5766614
4755977 -7116176
-7391396 -1886915
-3744221 -7953738
-7734888 3229832
-2413582 7571466
-2483314 4550623
-2311662 2510718
-9075431 -8309037
-3446363 -7447990
-4867850 -2262678
-7342586 -9707637
9154072 -5097985
2545460 -1203548
-1885832 706798
-3526588 -6882564
-3998740 7725812
8355250 3745741
5792004 -8873784
4356048 -5388971
4698847 573468
-4875908 -8057534
-3030464 -7784467
6422848 2812430
5364440 -2105894
-1852220 5492838
5785201 3012942
7914957 -6678454
2117999 4939273
-4353929 -7023231
8610557 2748519
-7009316 -5364165
8381576 7128169
8254386 -8654066
8473315 -3310068
7263401 -4873214
9585605 3172162
5387695 -7612507
5199923 -3444859
-3034401 -5673105
9819733 -6919285
6093657 -2370268
-6532370 -1878714
-6939441 -3475034
-7981913 -1898019
3366853 -8777018
-4141183 3144997
-7210482 6357537
7703471 6756746
-6553322 -8956096
8687043 6176786
-8134700 3226431
5613924 8272648
7344141 -230653
4096242 -6669801
8927266 6826093
6972177 3915976
-7962738 -2462725
-3421407 -9560193
-8941859 7614174
1353508 -8886967
4258030 4424994
-6701117 -271322
-3514576 7047548
607805 3518706
-7788156 -7551546
-1808762 -8188800
2600200 -5922856
3846491 6321514
9651714 -55659
9286786 -2057267
4375061 1095332
1148960 6258963
-784877 -1071324
9059202 7727553
8840586 -7210384
7214610 412710
-9858612 -4385032
-7337483 3029845
-3451449 9143164
4107971 -4213326
-2402126 -1239605
2837539 -7700791
8620723 -9801926
-7341233 9200382
-2856885 788789
4400474 -8054446
720869 4034529
-7036795 -4450566
-6723013 2452344
5241960 -7977593
2435117 4633926
-9751106 -5027078
8002767 -4907142
-5763978 5427763
-8785563 -5448682
-4171935 860345
3159554 -8671337
4043089 1181956
382338 -5703370
-2398229 6701857
1163763 7525454
1559983 -7997755
-9931969 4400984
-3146671 -2960460
-938053 -6654981
495297 -7904711
-2931788 4013416
9106274 744191
8688307 7587331
4655002 5858649
-3281006 2419096
3747760 -9516933
1665024 2394901
6691531 -9692799
-474590 4563714
2089168 6809654
8811900 -9310827
-2393490 6165503
5721395 8879931
4741302 4459839
6555128 -5216658
1313111 7752951
-1502857 6139692
3727024 -7064263
8794386 9701802
2120898 -1617974
-8618555 8029733
424634 8385010
8692212 -4437179
-9873464 9632517
-1041477 -1782378
-8576852 -5267944
3413912 -2229577
9166707 -970342
6005849 -864693
-3564998 -3575639
-5822687 -4922671
-8782978 7748113
3200202 -4809192
-5107390 -2539602
-1641224 1994589
-7459326 7013508
-2085129 -259779
5303043 2965308
-4885823 -3392917
-2658943 -2054069
2677987 4072700
4359476 -1235795
310215 -3908101
5227207 -3957465
2466896 -3683936
1393394 4178561
-5556974 -839439
-3132279 -4873232
2587166 7643228
-362183 1760331
-8709808 -9054058
-6797485 2178491
7660151 -794937
-1671502 1021910
8967841 5290680
-8120267 5669555
6950113 1645829
254080 6239209
-7718256 -2739672
-3907255 7997639
2176200 -2735008
-1058094 7486139
-7387093 -864422
-3221193 5809627
-9913689 -2283575
-8821281 -1067024
3627820 3892855
5614270 -5618766
-2080503 1287971
9095004 -6057232
2128675 -3112662
1049519 -9025263
-269702 -921212
-1144531 3819952
1817591 -5471606
-5690262 4948214
-5049295 6510144
-4354278 3251644
-8422376 -9920036
-2203611 -5059119
3873858 4180287
-1926858 -8508540
8389046 -2498322
1306001 -6312588
-9853468 -3691457
-4287766 401005
-6107906 -5208441
3870348 6761753
-6901943 3622392
8150786 5242169
190383 4915649
-6057855 -7539475
-1771479 5141088
-2262596 -7895781
-2954899 -193855
6502784 -1949855
-458395 -9081041
-9063011 -5424074
-9220310 -2069349
4239195 2242990
5160348 3442574
8234134 9951429
-770466 9052442
-4808813 -5379166
9863003 2327592
9759593 5858325
835202 53386
7710826 6218090
8322309 9063724
-8613779 -4551770
3498375 7883762
1319073 7889006
4981284 5556332
-6513017 2256062
7015405 -1722673
-8280099 7726178
193959 2175753
-6255453 9954035
-5425131 9423494
-5732562 -8547914
7310412 -5562128
-2992390 -5972969
-9754879 -1854386
9725690 7234788
5199370 1083782
-1032455 3628264
1517270 -1302255
-5745923 2802970
-4940967 9014906
-2707767 -9742587
7983591 -7925562
-3233457 -987865
-8517478 -9306097
-9882603 511090
-5520471 8573744
5527968 6901187
-9071782 -8210059
-7548093 5051931
2286719 3689691
7289825 -7822402
-1677786 -2513910
-1299813 8773722
1576693 9839484
1370742 -4529383
-4271970 6635726
1226516 8662976
-9808537 6227973
6921876 7993059
-8979499 4190337
2764081 -444375
-3543188 -4499970
9806323 -9191598
5860333 9901382
3591073 -7741769
6952181 -9336596
-9334154 880899
-345379 -4725605
7630231 -633966
-2646997 3747666
383392 -8482675
-9819699 3081033
-8174642 4126260
2119319 2888116
-2921546 1263587
-9180788 -4343827
-6327445 2358887
-4316359 9792377
9693759 -6521121
8253462 4060326
4723731 -4198815
-801564 -2278005
-4487258 5389577
7271963 1369409
-4882924 5659325
7176650 -5375034
222351 -1983180
-7856919 7356952
-7238580 -5435938
5827649 -3221248
2434925 -160126
4715114 -836787
-1044410 6107481
2102712 -9601245
4459082 -8834298
9483239 356174
594521 -8300835
-394906 -1318325
2567436 6107263
1766588 9393410
-5981624 7684512
-4298667 -1056762
8816542 -3242920
-6162506 -9639234
-2860482 4094315
6450541 9665143
-8655292 2090796
-1801723 1165655
-5919237 -7183349
6498705 2817341
5689867 1056197
-4728286 5981944
-5336381 -3715612
4908003 4876808
4270218 7231055
-2568080 -3325409
-1865819 804947
78379 -4350395
8526723 9467076
3561391 3915873
-3902632 -4333759
7757037 11932
3693940 9958428
-7224921 8471666
1289007 291055
-8652748 9273784
5255728 -3021126
3263262 -3381034
-8504226 2435699
-7816893 -1828735
-2637792 -1717655
9087292 -7868621
-2219016 -1987258
9996170 -8317977
5597896 -3692293
-5509700 -3926087
-1397803 4211616
4170044 -7752662
3235356 -7703863
2587192 6945124
-1264740 -5475636
1503238 -3549204
3069762 -6009011
-1056960 7282853
7970470 -2918111
-2119414 1126147
3257526 7849031
8378125 -3032122
-1350099 3554862
2378921 8374295
6964560 6764149
975765 6869222
1632912 -4433243
-9620753 -4854191
4607285 -5131732
-607368 2966439
1933588 -6657454
9849887 3412223
-6788572 7519702
-5398409 -1207073
2435427 -8818102
1547281 -5001471
-5517241 -4307047
1764168 -74594
-1700299 -4350988
-7586839 -5856911
3528663 7780613
-6652629 -4094722
-6432560 -4838425
-7453804 -6273382
-790591 691077
4033623 1938828
7867403 -8857003
8662700 -3600138
5192790 -8921169
4777082 5780643
-9220827 -2371783
-4162478 -3675637
6249770 7778284
-6572703 7601690
4261132 7065823
4846437 -4159542
-5737911 -2210205
-4532277 8193808
4436778 -2170471
8520606 -1986081
2469099 -6353813
7305537 -4929418
1470444 -7147145
-6068314 -1515411
-5734768 -3336766
-3192197 1225120
7549484 7560757
5339042 -4838322
5279720 -3684394
-6618571 1282691
7123149 -459148
-153000 744218
-8545622 3901590
-8268881 -2168925
5844994 5891156
9537344 2768078
355012 -9169555
-6316700 -640767
7843822 -8174544
-8994957 -9868661
-6127189 4625406
2186164 -9670802
-4509124 -8577705
-2262099 -9958442
-6159399 -9229403
311449 -6364317
4379901 -9036250
-2618307 2674801
-9494124 5834280
1725436 -887188
4397242 -1132778
-7785980 -6220868
3138365 -5247746
9094063 -4102680
8545011 982187
-4392406 -9900894
-9571696 -7582177
6356470 310110
-7131980 -4080819
9206130 -5905628
-9753593 -3291379
-9811277 -7966069
4708733 4626308
460588 -2429584
-800419 5214609
6598184 4702377
8481509 6113175
-9134570 8812204
7225876 -5863773
5118414 9959493
2574951 -1712760
-6778585 3242360
-6447530 -4480393
-6044860 9577885
6188609 8936842
-4354537 -6838730
-4804798 6435016
1061325 8350539
-4079045 9903935
-2365104 4038265
-1259358 -2363112
-6249936 6749432
5561636 9738504
-6125269 -5384506
7091339 2787513
3591105 1509497
-5248142 -333710
5185897 6812520
6390405 -9179320
9757523 1657390
4818660 -4904633
-8469617 7919338
6269877 -9986138
2434149 -4891940
9146326 4707185
-7655927 2585398
-665170 -9596680
-9858176 -3905863
-6774017 7412819
-7283316 6532907
-1957595 2833674
5016316 6307789
3120309 2794263
3614943 -7281434
4375956 -7972934
-2877567 -4111182
-6191843 -805384
-8275169 -8830831
-3722771 2594386
-2698429 4158980
9260730 7939907
859580 -7838003
-1743866 -8888087
8524732 -6482244
-9949336 -6001530
6832144 -8758584
65557 -1906931
3403684 1848461
4567027 -6814134
7729284 9534979
-4576202 -1057017
8137599 -5148282
-3979113 -8251693
-3140955 9862430
-3462237 -5185532
5270728 4160617
6322614 -4201507
-3089594 -3869692
-351936 7095100
-8906430 7951490
1709258 -301272
308149 442067
-7709472 -8225185
7477033 -6288167
-6753187 6857555
8316890 5206318
2574388 -8813037
5451622 6454489
-1166728 8595275
5926095 -7689333
-1012364 5371035
3685880 1196823
7327131 7826602
4921703 3112639
1064129 9491548
-809724 -1468375
8973692 -7226612
7064555 2014778
-1757037 3780572
-6845521 4541589
-252093 -5993872
-4806909 -8528631
7925859 -7677705
3433922 3161065
5471733 -3240869
4646518 -8123631
3073193 -5540631
-7714028 -1667602
3961389 400324
-7591776 -275973
772004 -4974481
-9684741 -5885147
6129631 -7737951
6042621 7379814
-5562245 -5627406
-1621277 9197101
-9331530 -3297986
-8459339 -3911834
1765584 1110681
386164 4974583
6850953 -2762683
-5786962 7549034
8397785 -7559502
-4642826 9015362
-8744259 2359174
7384693 -2234601
1880252 2027746
-3193853 216304
-2403881 -1990117
-5101171 -7151232
4562221 2033874
