352 9700926 -7444478
449
2510648 4832042
-666346 -5574018
-4678741 -8841971
8097604 -7081711
-377282 -5518431
-6627380 2927745
-4639312 -8590358
-7319587 9213059
6560698 9290354
3362 7542388
9031161 -7888899
2862981 1291341
-7477724 -3669235
5856367 9880623
9581549 5931076
763118 8411889
5354223 2092198
3250227 -9903227
5531414 3191835
7673404 -6135817
6791928 -4845868
9080126 3562377
2775436 4668968
3959322 4276892
1819280 -663866
-6036413 6479037
-2229622 -6633206
-7786089 6826569
6707192 -7190993
8740083 8070278
-1001480 -1194907
3413643 -496798
-7883673 6869095
60930 -3336130
-6955595 7647741
5318225 -9749313
3813064 9836333
-2978346 4398351
-1324757 -3411500
-1559014 -9019024
-23635 3010876
-1105978 2404573
-768858 7746744
-9444249 1107933
-8305436 8454686
-2740220 9295834
-8684612 -6790564
2594883 -9326577
9853646 -6568285
3595808 -7344186
-7093499 -7101949
5250737 -8569615
5828737 6719565
5824417 -7727609
5769719 7020332
-7452440 -5734597
-813672 -4253915
6009181 -6042066
-2417780 933823
-611491 -918716
-1622882 -8206864
7518924 -835359
-7645583 -7791141
8156926 113807
2769621 4724415
138818 -5730913
-4300528 -1807526
7428391 -4610445
-9821702 4044561
1064894 -4230840
34563 -1535630
-3273193 -3871194
-7396907 1737244
-7328933 -7264012
1817272 185313
-5505199 -5424072
-3743078 2710742
-2564047 -7986275
2127532 -1388661
-6664246 -4407120
-138033 7413506
8122332 3474572
1380480 -1922209
-7877647 5550724
-8680116 -5924870
-4944148 -4296401
1832405 -6129200
5608044 1782659
4518647 -3048150
7137163 795463
-2112257 8852271
-5920634 -8368036
6162041 4144665
5272356 1515319
-375449 -1710426
-4296920 1124462
7115387 9486518
-2435690 -6174588
1892488 -1504133
-4912651 -7796985
-2093386 -4271275
-400475 143202
-8074139 2255371
9207222 7723921
-8964264 -1039139
-9670516 -1139263
492702 -1076521
5584497 -5591150
5924170 -3345257
-2539331 856853
-8018684 -4451279
7551592 -4319899
-494486 9096703
-9891078 7632254
9835269 3914354
9643079 7712623
-2144175 -2258117
9997254 -757396
9482877 -7701961
1258900 9204476
-1934786 3034965
-8041555 1588384
-1486413 1074268
245363 59294
-9083853 -5562243
-7497170 222385
5902486 5413815
-2973130 -9945578
7686676 7924352
1838707 -2864208
-5151584 38297
7780180 1481786
3240743 -4779407
-2481368 293787
-501737 -4760028
8274938 1293884
5398621 79829
3670449 2749735
-7190971 -6087792
-9133683 6432165
-3345450 -6274824
9138992 -6630853
5939922 -7442964
-9518611 -3834138
-4181993 -3857050
6181248 -5163552
6318234 -6817225
-1596632 3961428
-5744785 -7924671
-2684698 -1561647
2248589 -3730169
-1133988 -4409760
8339975 -2352790
-5924230 -7463538
8968627 -8850996
7390532 -5057913
-9172413 8139529
-9303435 -954124
-2271909 6767509
-7089541 3694306
8530754 3546098
-754775 1608059
-4430512 -2634659
-559330 7648593
8603298 -7658945
-8872762 -727676
4862564 851888
8499098 -6749
2529713 -4281109
9384247 5091221
-9966692 -5985308
-7845779 6774780
-4179344 3377247
144756 5367138
-8422203 -3934901
9611197 -4428432
7179627 -9891449
9990244 -8627226
1537720 5265467
122875 -569085
8703239 141018
-9007094 1250113
-8756636 -3917844
-5682601 2008357
-2900422 -3710571
-7179527 -6298353
2992779 9649238
3026486 7491046
2858185 1329787
7394887 5687594
3775514 -3047666
9577237 -477564
895211 -6528506
1253313 9567482
-8485251 -7567069
-4909699 -8623812
2626302 2734340
1332848 -3916792
607917 -3613982
2675448 5650248
1868247 223847
-7610563 5495921
2986968 -5138974
6190813 -2067725
6136222 8361505
7830191 -3897948
-1859159 -88264
-4100418 7407428
-508738 9036052
3985335 7152896
1045436 1006011
-6259648 9075636
7675196 -6328262
57757 5073200
-6760200 -9200535
1023312 5249557
-6738170 5108047
2485425 3412750
-8654975 -1234850
9643007 -8807409
-2705357 7481247
9909336 7473198
-2603021 5435484
-3012112 8325270
-2005482 6888241
-2105747 -9026777
2565212 9039955
5228045 -5849043
1740509 240408
-6443774 7802154
3051711 4980310
-7395291 4579538
-9491360 6313542
7595044 5090135
6282726 4370018
1851265 7238052
4711250 6093721
-5954442 -5723047
-7397776 -7891771
8996471 1033446
-5476978 596742
-7846951 9407076
-6441967 -395414
2361346 7381095
5183249 5298542
-7204796 5917572
497111 -1765039
7064855 -4600086
3006401 -6477897
7892121 4659899
1897951 -8194521
7899200 -256613
-3463308 9125554
3750135 -8055242
-4505443 -8344732
-5231637 -4737042
-5329966 -7466069
2138517 -3078588
-5697493 -1771933
6042962 -5500137
2933788 9485757
-9762930 8838166
6754432 5947251
9469354 7301925
-5521824 -239167
1566312 7361476
9621215 -1107520
-1981966 -8018135
6442975 -3842093
-9670472 4284521
9547480 4453884
6987815 -4902109
2019303 -5782486
-5038066 -8357316
8658900 6321811
-1676080 -8995104
2359414 1592688
-2460061 -8922658
895619 -886153
1391032 -2990707
-5629231 5373795
-5733725 5473697
7455562 -6008016
-7333756 -5199339
9085183 3898537
-1647578 -7004228
-1906337 8632663
5366529 7856589
2015626 2629318
-8532519 -9671537
3849711 674526
-7732786 -7692247
-6614905 -3790874
-2160675 -7676495
-8150850 4280714
-345490 9230357
4704054 -3780080
-7271744 -3562863
1237799 -5324032
8574506 7910852
3422976 -7160666
3988349 9443280
-183779 4032991
-3337690 -645122
-7800306 -8168153
-4977275 -9353857
-7046103 6049405
4774883 -2710061
-7870204 -3661008
-9380293 -7385792
4360918 -6021053
-7284781 -7209431
-772294 -935028
3740941 7959827
5870680 2981857
-1662457 -5168201
6791431 -8189992
5843000 -7674108
-5802877 9124004
-9044148 -7494690
-6848547 8913169
4962574 -4021423
-4215131 8621702
-5039305 -7746190
-5131982 -9568983
-5590036 8096754
-9112677 1745288
-9189739 9641535
7601363 -7368619
-1870409 -2932446
-5584295 -4011605
-2201597 6467134
1309379 3723488
2847492 -6358597
8663065 -1977146
-3063977 -3680304
-5185374 4330871
2952573 4414949
6668759 -6884153
-6453136 7913268
-1473626 4053130
-4201582 -9526819
-9885284 -586303
2045079 9125031
8708937 232431
6220826 -9825330
-841844 5640994
-635518 -5980770
-2339367 -9532465
-1509611 4728327
-8951977 8840051
3170922 5426412
-7642286 8379001
-8505152 -3876505
6553116 9026473
-4404045 7558065
547598 -4920510
-2990460 1394374
519405 -6821334
3411098 9054619
1745641 -8255305
7385689 -7851724
-3832494 -9096203
3887685 -3249828
-8521501 -3655508
-4815457 -7621926
320839 5042874
3421876 8355465
6995312 -4805095
-5778622 -2566924
7507493 3548428
1144271 -182666
3728060 -1944909
-6249890 8153811
-275218 6763817
8508512 -322440
1825836 -8529577
4890572 5894202
5160726 509695
6854187 -1221743
-6327316 -844423
-5801549 4555082
2910547 -3490125
1704780 136679
7569756 -7577789
-1513008 -1557490
776196 -2406399
5648693 9631263
301426 -5495744
-8731926 1915155
-8407285 -9973792
-8503369 2292938
-1812860 -4065097
6444598 -1096445
198165 5864218
-4980205 3298785
-2146133 -3612799
-4586572 -781753
9354926 3280766
-1780670 7118208
8077070 -558966
7034636 6706322
-1146063 -1146733
-4126125 -4800319
7114836 9155363
9181571 9658301
1951240 1223903
7158806 3194554
-7901891 2654732
-1481049 3603405
9418542 -5187374
1199827 3538746
-7243007 9788762
-4414120 6613255
-3752185 4628272
6585658 3805210
-6972116 -5675114
-4305495 3620294
1336327 1881821
1037184 -5915268
-6256966 -9032485
-5292230 218755
5929661 5694274
-1650994 -8133423
-2013666 8027771
5356749 -615691
-7076944 9921228
9709990 -3443423
-6830168 8196401
-4658975 7812223
-5866215 -8066000
8775238 -8073316
-1936670 -2838330
9043491 -5530257
-8929173 9399658
2883525 -7402972
-4667865 -5186139
3024487 7591296
9457873 -8738203
1805920 3889846
-6725845 9960559
9881787 -2837331
3719246 -3802789
-5606387 2108130
-79647 -594569
1339431 -7749010
-5822326 4054138
-8784192 114669
-2899236 2241005
