479 -919342 4800568
615
-1169309 3283021
-8103740 3537004
734581 5411744
-6342888 1988202
3714852 -188319
4927381 -746111
-7599828 9377239
8991393 7000933
886761 -6435960
4259085 6510083
5684291 3609312
-5944700 557211
9817519 7917996
328976 5132676
6729686 -3308515
2490859 -4870456
1182900 -4439623
-9027879 -3096529
8891673 -8082519
1729162 -5370766
3883123 2606525
-5499884 -3343456
6173829 -1200353
2363688 6007861
2517944 9576943
3186255 9139125
-303664 -9281413
1152936 -242093
-5109417 -7969793
-8761955 -8518088
9127808 -8379730
-2819353 -3754744
3148727 310708
-5255458 -9330879
-4701645 -5443248
7163277 -1009944
-1837048 1697830
3013829 4179745
187607 -5663218
6430077 7893869
7032994 5221903
5940491 -383668
9374239 9245682
-8724110 -2906573
-1424661 -5735177
8401445 5030287
3791895 -9780501
-6953441 -4417908
8767565 -3059378
1497374 -2208899
6781158 6582272
-1719898 -8822997
-2126900 -5055890
-8202756 3810284
1704153 577059
-4201037 8227321
-9639995 -1262852
-2017170 -8260546
-8650767 2250597
6515420 -8224928
6805359 -7559076
-7339577 -2566783
3015309 597254
54228 -4293018
-3985564 1782875
-1634853 4067954
-2238691 5311946
-9743944 -838398
-7028114 5634410
-3788531 4569653
-4686674 4676039
5929539 -5473216
-3733762 8189684
440281 -6087630
-4312558 -2384529
56395 9472053
-3094730 5009154
8122760 -4766830
-6543495 2436931
6736158 -9306659
4761295 -529059
-5217113 -4898694
-3220740 -7477395
673367 7555295
-5358700 -7732502
-540111 -598812
3927973 -7529021
-9339337 -4610571
-8181849 2710563
-9673965 1100944
572997 -2494407
5031099 -7101218
-9351695 -5381
-7568450 -4329788
-3636447 -5895190
3575751 9167709
6785367 -8875152
6163805 874990
-1569715 6080979
8348477 9353524
-1245287 3071586
5542565 -9675282
8230499 5199038
-2090399 6203228
9820524 -9951350
-9929404 -9248012
6167123 -7090127
2904492 5101695
-9228093 6815428
-9079762 -2147606
-2979897 9651812
-9223339 -2987659
7887331 6321822
2402801 -543182
-8673305 -3682384
1905554 -6732370
-6407651 81408
-4719554 9964471
-1315949 -8177152
4387851 -4293601
-3541612 -1495425
-6069200 4458447
-7923506 -7374489
9440939 -648356
7204039 5364754
5016566 2877529
9889870 6740494
3062317 -1690421
282750 293553
-872479 -4534882
-1267251 1609445
4207205 -8966924
3513899 -5158550
9180650 2004003
7710402 -7802049
702526 3568501
-9456700 -5831210
-3205699 -2850321
6501323 5136147
-6982747 8751592
-5854527 3705362
-7037791 550171
8859751 6551695
-3154752 6024526
-8510356 -8341147
3268298 -1510878
-7961450 -7261255
-2419805 -2524497
9479506 5552449
7750400 -3239154
2845699 -293740
3875051 -9030721
-1881042 -4094648
-8958501 3185704
-5546351 -5379719
841996 -5941248
4608923 -1400878
-4849182 3804205
-171269 -4014974
-2356121 -5487582
3001540 -6165273
-3426527 3428529
3420384 5040090
592540 -3329980
-4052782 2899890
-7393849 -9140708
-8171429 8792918
-5301730 -1002446
-7816742 -52471
4567811 8256121
-7685127 9153259
-2247618 -4590193
9214012 -559852
-2058473 -4580448
-68030 -8440905
-4606178 5585406
-8469712 5449863
-6993695 -5516353
1153668 4950672
-9633085 -3884803
-3025510 7100886
-1589844 5489418
-5513028 -1196939
8750591 -4375222
-6119101 9186582
8339842 -4165246
-6239087 8712124
-9331375 8608576
-5971872 5491277
7050372 -1389848
6711910 -3523550
4442665 4960546
9444194 8242198
3192871 7448971
-6435832 -6885786
2731452 3559786
-8434444 538658
1858072 -8858391
9282739 -3947472
7755462 -6874985
-1040231 -6836361
-8124237 -1388344
9736584 2720682
-1788041 5060740
-6329108 6281064
-7242485 7778683
2739229 -9617197
8625001 -283468
-2834497 -5300225
-2186011 -5665776
410362 -6753976
3784682 3061794
-3280245 1975918
544798 8159106
-8715879 -3997506
-833867 -9183387
-571731 -7239758
5480924 -6441751
8618989 -835146
-4554082 6209235
3987918 4806234
5189037 -9280215
436318 9243500
-6056725 -3669610
-6819033 118173
3364197 -5726383
7335411 3591329
8083600 9665232
7824338 -5944834
-7425988 -1371602
-554989 9108460
-8131298 1740146
-2185253 1389633
3070839 -134021
8591566 8950088
-3727326 8516757
1752895 2579485
-5660663 -8538289
-9691546 4705565
-5176262 -1717388
-4927419 -6510579
-402898 8187936
7853168 -7592008
8979510 -2319298
-1174547 5677506
-2697682 -8446477
-4189979 786816
-7823551 -8312627
-5930296 -3858880
-4908792 5247288
-3719602 -7338730
-2242893 -6119765
-4658054 549645
-4744790 2096444
2895409 8166752
4172525 78948
-1733116 7967990
2892335 -6230372
-6033318 -3879948
4313911 1871845
3425368 2792135
-6421048 4132581
-1663694 1751741
7892861 8271753
3519042 2406010
-2416367 5500422
9380657 2315792
-7134563 5340740
9953537 7238955
5405708 -1879353
715947 2848946
816936 -421767
-4135787 8982832
7619236 -6290729
-1902531 -169104
5139383 -5550501
1098433 -8477163
3274579 8718335
-493559 9434739
1840750 -6316208
9184214 -6974517
-2142373 9424383
-2718525 8564871
5803827 723064
1360063 -2764988
-9916042 -6274113
-4179528 -7923990
3575194 -6582753
9642870 -5798962
4031934 -6289217
-1839718 -2259661
-8220471 -8312331
2922357 9258715
1209807 -2429540
1254252 -7571202
-4545719 5566909
-2492356 438467
-8480310 -4171740
6551324 4789119
4540484 -160131
3565756 -9572261
5020101 -2859206
558041 1902581
6103619 -1404704
-5177569 -7282736
-7026045 -7348095
-5660426 -4500935
7274133 -5246516
-5159704 7261931
9690729 -1516060
-5949151 6094549
9049368 7661362
-6510378 1558493
8863964 -9430942
408928 2557298
2985037 3404448
-9454757 6491036
-1606383 -9478509
-8366861 -6380364
-3663100 -5502764
-2850859 -3544430
1954635 -689144
-3419308 1488716
-8733001 -8254880
229060 1420989
-9968110 -9042271
1135443 -3203739
871106 9081258
2166668 -2858582
9698716 -264929
5655871 5091948
1582985 -4799894
-4278403 6201114
2337103 9976602
6990191 -2645264
-3673342 8674003
-9498789 -5860668
-1855600 797645
2542766 9598256
1019245 -8072248
5401833 5288178
-7915560 1051135
-7351255 -3462724
3678694 -4528102
5206969 4815413
-92638 -4106237
-6389779 862841
9580307 4006699
-3500347 -668182
-797094 1917410
-6892234 -6510156
-9854471 -1954084
8843561 6125329
5723585 -9193719
-7265967 1386327
-3325494 -3257170
310317 8135866
7189495 -8724702
-3252804 -4524586
2807180 -6615459
-721696 4470518
7849711 5230894
-762407 -4595123
4736695 7430018
-8136219 5737246
9227091 6455953
-5498131 -5028453
3613228 9372620
-9821099 5861783
-2751890 -663186
-1404004 5429287
3565153 -3561032
-9769382 8906314
6898080 -6729000
-3344458 9494167
3964685 -294740
-5063846 -1549802
3855076 1814396
-8239234 4173747
-7572654 -8891877
80429 6140899
3628798 4170789
3543409 -2901350
-7039567 -2757973
6578841 -3761338
4184301 -7275104
-836136 -4825163
6597503 -9734193
-6463193 -8089165
-8594998 3495584
5717196 192349
1158900 -2113961
9700435 -9346649
-2656550 -4986024
8638451 3977553
118453 -7712852
6457937 -1281120
5817531 -6252749
-6494370 -7482302
-8727287 1294316
4019212 -9915529
7775661 5457014
5722821 5699429
7610264 4373164
-9614900 9259629
-8031670 9015266
9417657 6102297
-728000 -4356418
-6826090 9118092
-4388003 -868198
-6064697 -8187638
-6952406 -1753198
-5489594 -9606760
-7089061 8865125
159442 -1983964
-1899492 -5816348
2157018 6695006
2394435 -4123831
2765685 -2120160
9655821 4699
-8463683 -4332862
4285787 4140503
9784086 -9046026
2588418 6074139
-4794059 -7042004
7286710 716768
8963570 -8342404
-7949163 -9665695
1715782 -6526024
1490013 7478128
4178132 -8124776
1086583 2106873
499394 -3664850
-3268658 -6518982
3485718 5781431
-8551431 -3612837
3044019 -2461613
-8991286 5734356
1808495 2828105
-1697547 3597132
-5686100 -469211
1188385 -4410836
-4076531 5793823
9267799 3239222
-6766298 7639251
2030828 -6725836
5381037 7411834
-6253015 -6882589
-3401571 8396783
4178215 478327
-618157 2600499
2655239 5626784
1361141 -7574138
-2229681 3663953
-2738915 5685988
-4783223 6072772
-8338064 -5908662
9885161 -1078485
4677089 -2414595
7741009 1669312
4943477 7910792
5322626 -228163
-4594400 -7159134
-8762350 1585963
4580643 2004029
7120881 5415865
-6440999 6478838
1421052 -223880
-6559927 4920142
-6877517 9191371
5264143 -6782490
9825200 -9144388
-222873 -557568
-455811 2226713
-6103974 -5545783
4881361 -2714802
-426613 1355855
-3286927 203987
4306303 4978987
-3016983 -2049277
5882940 -8596702
7882136 6620250
-3603630 9441942
-3121564 -696812
-8989089 -163557
-4429695 919
856532 6275054
-4282514 -4604494
7622219 -9366341
7604228 -2221972
5063226 4034597
7906804 2485589
5205929 -5363386
2131953 -5380122
-4913047 -7971416
-6568118 9114970
5735220 -9030106
-9588164 3830370
5649910 4647942
7000737 -2709728
7291192 6660821
2935875 -7428957
-9517099 -9335924
-8702265 1169714
8947742 621472
-5343930 1418316
-6096095 -3472680
-6319714 5079226
9699104 9109834
-8861582 5812240
-2556438 -5213942
-4244048 7086652
917022 5695135
343077 8684140
-4025588 -3433068
-6772247 -2656185
-7568790 5781956
6446032 -1320019
2366047 -7085889
3535583 260120
4194788 -6169859
357461 708005
-4212768 8098693
-275120 -3445900
-7633660 8002688
-7211254 -6620350
-9533697 -190098
8021389 -8938950
2261542 -6100323
466610 -1635533
-1775366 8235955
-3465737 -3789285
4890696 655844
3569955 5496648
8273120 -2743257
-6396764 -2894462
329896 2467908
-6917047 3960698
-9485202 6117128
4119816 2807833
6187484 5397490
7723744 -575085
-6997683 -829861
3069816 5745134
-5890399 5263860
-3983833 -6463574
-7736506 2334235
-7009921 -4933218
-9436570 7154190
6927286 -923614
-1301724 1352902
6337162 -9469478
-2992428 9028172
-2338348 9420116
-5255699 -9961278
5436212 4297821
6239088 -9068215
-7381724 -4323691
-8578557 9241405
-2978383 5688093
1740871 8047396
381631 -4445864
620919 4004365
-6325092 -4111938
-2519200 -6299299
5053604 3118546
-3834580 6179076
-2276399 -6092882
-6672766 3172993
-4271933 5385253
-7800574 -1928464
-8480327 3680632
9356941 8438514
196272 -5862050
2342395 -9221616
1342132 7217889
-7227974 -5916734
603984 -8276237
-9871823 -4090703
-390002 4278892
9913790 -9874671
6304405 7179954
-8912927 -3920790
1768555 6544358
1929612 6930659
-4997805 7496623
-6306393 -3354610
-4916095 9038221
-6823829 -6949452
6345284 5280177
-4985582 -1965082
2118184 -2312584
-8072469 -9697204
-3787907 -7277832
-482588 4572060
4697389 -1661556
8034750 -568798
5510413 -6481854
-9937495 1638175
-1431165 9795320
-191705 -5491531
1153859 -3912618
-4874397 3501902
6552450 6237764
-5965707 -9181874
-1146956 -4585914
-4382146 -8434936
-8132140 3487581
-1273899 -2454615
-7882555 -9403694
-8548898 8243514
-9808932 -668814
2849333 9485852
1124028 5701481
-1986846 2911838
