127 -6368253 4478349
140
7958811 9470505
2826673 -2420587
-7731620 -5576469
-945545 -9358055
-2341888 -7181176
7815226 8814655
-1402301 462019
804414 -2255922
8480703 3775082
2824679 -156598
5247676 5522937
4551702 931824
-2256735 3529136
7912093 -3374127
257620 -6222243
-6751738 2390442
9969855 -9267217
-4843685 6074936
-766767 4754588
7573412 4210770
-4458223 -592303
2386069 -2095009
5649069 4139476
-2085442 5706835
8066589 -3353875
-7830938 3255589
6703765 3314265
-3156599 -762884
-1620658 -5552969
-1775212 -5244506
7145936 8636962
1886098 1473050
-9935662 -367856
-5613268 7042413
1253183 -8186076
-6262027 4476496
-7618513 -688687
5967141 6124042
-5652771 546909
-290614 6398052
-346359 -7586182
5728083 -5605200
3631916 -3642593
-6679210 -7428515
-2673021 4527610
-4319075 1545578
5534980 6989268
9137764 7567023
4609436 -1884329
-70405 6040848
517344 8378971
-2309716 -3816080
-7692037 -4584816
-1521555 6173778
2571830 9171544
-8414637 8187831
-7417369 -7774529
-8900770 7313446
2401283 -1269101
-6741490 -5579980
5965598 2244615
-766117 -1060565
9022810 -5983069
2132602 -9112001
6928847 3632246
2011217 4578549
-9237531 9962543
7894079 2217854
-1608368 5586784
4758329 -3627476
7076707 -9036538
5705285 -1139956
-3826510 2175690
3422942 6804516
3740888 8574774
-6664259 -802196
653591 -293513
-3760230 2569624
-4026025 -323599
-6691353 888724
-4532727 5419174
5381717 -2163784
2570422 8746094
-3150769 -4207851
-5318975 3478406
-3041780 4123912
-7016044 4274085
-3550225 -7336494
1984374 -8326202
2764924 2389069
-8413127 -4274738
-2051899 6100665
-8813359 2240464
4433217 4187871
7592947 -2839384
-7420210 258216
8094433 5576572
-3160981 477860
-1213639 -6818793
6659614 3688250
-9671486 3467386
-2258529 -6382166
8797692 5828822
7502620 -3292401
9096668 782066
6507329 267545
8884562 -9316458
-4559642 6971782
-6323994 -9928796
9748172 9873576
131792 -8731047
6845526 4844315
7838527 -9257423
-6076215 -6315455
-110853 -3375112
2608626 -9416601
6717585 -7265987
8562835 -9649902
9574049 5515278
-3702656 6065455
8849352 8670717
1870611 5321025
-5190840 7733915
321471 7310970
-299102 -1514834
-7729529 69643
-5086042 9832690
3091620 1632349
-2166754 -7247515
-8106275 7015405
115156 7722393
-9543594 4502352
-2631198 -3167259
-7651981 1535593
-2398951 -3057149
8129920 -8838284
-1000907 8966753
-782980 532
9827854 3808253
4809771 9538491
