775 9059453 -8417030
958
-7874176 -8018502
2344964 -7972396
-7242943 -7848445
-1716768 1097928
-4152730 -6047572
8499121 -9934100
9504886 2616613
-850552 -1307956
-6879248 -3542692
-4866637 3577531
-6670566 -649416
-3847737 -2384296
-4678051 -1039467
9589063 8711341
287146 7547258
9528757 -8827967
-6800362 2412971
-2919122 -5609927
-1995647 8473047
-7574525 5364110
5430011 3851623
-3531764 3440948
-7867008 -2548751
3908557 -1865964
-8288432 -4746255
-2879319 9041920
9173976 7557354
-3482113 -4210704
7016990 -5504074
4559536 -3893050
-2721016 -2695864
2233459 4088293
8478367 -7005026
3984373 9314337
4678448 8999072
2850696 -1073800
-7632852 -7375189
76060 1835284
9969321 -5499859
-7729762 6500969
-1940759 4197241
1754595 -8092729
-2303433 -2766783
-5754505 8272482
6895785 -5286443
-5465954 8805032
-4590323 -5825231
-2830257 6767505
6081843 6404396
5403469 3670468
-7403332 -6723357
-4098546 -1745835
-9910551 -5036184
-8019691 5977514
2478483 2575122
-3227637 -5749453
-3842182 -9462276
-9712707 1043310
-684207 -3629262
-6399353 -5467211
5854173 -3788422
-7097301 -1865307
7418551 -8736150
7668247 -7411206
6259262 3500394
6777037 3071716
-8674119 8855930
6336098 5194843
-6311291 3931682
-3493195 8316408
-7433045 6167192
-778732 -4204480
6838831 -8758874
-9871784 -7975087
-3442298 8670976
7398906 6245215
-5620091 -7588125
6192078 2817957
5406751 4314812
-9668442 3860325
-3067959 1666013
-6961705 -375053
-5180210 -9225726
4705956 9374393
207153 -1491501
7192043 3729113
2040986 2774109
-3468413 8929663
-9045424 -1120183
-9932855 9176155
5421370 -9971369
4956858 -17597
-7199640 2317631
-3367557 1148936
-4990739 8207111
-7610524 -3035999
6588948 -5542346
-4768072 7944123
-165132 3925090
-7566411 2454237
8699702 -9957978
-4667517 2141984
1071647 740688
2136857 1864070
1040225 2026224
2054855 2204002
4702757 -3538405
8779227 -2988287
8160650 7503117
-1773420 7928022
-5107976 5686263
-9856082 616056
-8923469 3997324
-2077585 -4624154
346435 911400
953422 -7127644
5014341 -953862
9786826 6285905
-9333673 -3914012
628564 -5559964
-839610 -5777096
-6799149 -7316581
-7788515 -6136852
-8633735 4496430
2424453 2888487
-1425250 -407154
2725254 -167171
-6169847 -8764980
-3389133 3801786
-5286814 -5731080
-2858723 -526346
8519792 -1817040
-5531135 4671970
-9242042 822971
5263007 7651544
-8125552 1386523
-3413706 -5576603
-1713455 -4924701
9571730 -1202221
-8313734 -7830837
-5721639 -5487465
4345364 -7222631
-5987611 7003615
-6678247 691869
-2522858 -6860392
2613263 -9448709
-1265749 4618419
-8193259 -6350593
4472378 -4280532
5887364 -7435301
-3532426 -7748263
-3324865 7761812
5353464 -4429779
4368000 -2521968
-7836453 -2558454
-5529567 -1429381
-6135660 -3558092
5961876 8815797
-7975982 -2123271
-6467310 1799981
2351273 -498840
6635931 -1337695
2311712 3601876
1837697 8442672
3523724 -3215909
-8447820 -2274939
8003226 2507650
8077871 -1772685
-1778300 3356690
3314588 -5037776
-3950805 -7098401
-8140140 7785021
-882830 -86465
306616 7821736
-7861931 1141188
3158701 -3644342
5017963 -2994306
-9392429 -205368
-9246343 -2670324
-3369881 2445268
-9829671 -3206267
9301383 -1817701
-1074033 8173555
-5953403 -104393
4857831 -335981
2565618 -122463
-2337442 3423378
5853265 4425478
-5236434 6779728
-9562731 8676233
-4968108 -3098364
3907330 -3887678
-1576694 -9950145
9895883 -2968747
1992873 -823037
5970696 9042354
-2775346 2163203
-7146890 -2211568
7684039 -1333027
8330992 9416060
-706403 2541870
8481600 -6587038
7838441 -527492
8768588 4334865
3011098 -7397993
-7980005 9205857
7834531 8042990
609198 -1556322
-2008717 -3742162
5434801 -6978567
-7936212 9984157
-5336288 -6078150
1710282 -8195206
471767 -2483178
9449234 -8089327
-3031105 -8680889
-5267927 -1257168
8215340 -4549505
9785360 -7429486
7688874 6983928
-1293862 -4687190
-6644199 2225221
3185251 -3459331
-4685141 -3518649
-497216 -8823465
-8839308 3266013
7187863 1566572
3371366 -4175596
-4142422 -8585503
5841522 6359485
7678596 -4693187
-3434003 -7189583
-1739088 4927022
7497536 -5218663
4281617 -9437376
-4124566 -2297238
2444336 5504107
4561129 -8252413
-1771062 -4370413
9322474 9875988
3142001 248075
4330999 -9516834
8823922 -7153784
6777065 -9781282
6578203 -5318499
-7495334 2618587
5429004 -3226848
-8299826 -929337
-3631648 6206268
6768892 1714062
9416825 -9350031
-1329571 -7355673
6908266 -5622487
-7476548 -6768442
5623898 -4862795
-2098368 -8154073
4845445 -8717748
-5871532 -7767369
-7548651 3669368
867221 3421886
-3959527 1545905
8319057 3371887
-7557450 -8530522
7675746 -9980769
1733293 -1189098
-8022777 -3039009
-7878330 -6333530
-9439665 -6835996
8911914 9029936
6683493 -6916212
-5070285 4535813
5818065 -5414875
9334109 2291512
-4039120 2462885
-4115229 -8214542
3331363 6828101
199988 1925245
-4088925 1650420
-5813997 -4841110
3969792 6103173
5580516 -1564351
2102119 -1536632
1627372 7702186
6732123 2662455
-1737405 539287
-4924900 -4068032
517094 3192310
-4516178 3409517
8388754 -148797
-5846987 -6038945
3305508 -5726474
-1284877 7484377
-8348851 -6494503
-1335613 -2857450
5762075 8353505
-3210846 5150532
-6386100 1342592
-955222 8891273
-5929920 5241272
-4219441 8293253
-5774778 2332675
8041337 -6627989
6781528 4742316
7109871 6041512
-9997433 5170283
1960161 -8737116
1263613 3308075
-670076 3191636
-9665814 -4568885
-6215380 510664
-4338804 6096261
9955205 573774
-8018601 -724904
7032720 -1000016
-2706763 -3948520
900507 -7186720
8701643 1518459
8777127 -1058155
-5016643 5483172
-6830193 -1596650
-7817413 7502276
-6673297 -2353680
-9162044 -4037448
1393667 2656628
5683644 3688494
-7698893 -2305361
784765 -8655160
-6863712 -7743687
-6227351 2766165
1333997 -9830992
5498640 1065886
5100698 -7765496
-6307299 4200284
-7800192 -3605823
-2686120 -8807590
8694686 7885967
-4467713 -7987181
-2024629 4537742
9710722 8886595
-4908559 1885391
2096382 5394366
6739206 -2607452
-7834787 -7118852
5647313 2391846
-4922794 8454214
-7963547 9497662
-8267834 -9424153
-2707517 -346497
6047680 7941220
9133630 -507709
-2621742 5877912
7890731 344669
-5117589 2910545
-5686508 -4133897
267846 -5406867
9987499 -595067
-686167 -7635772
-4754624 -756943
-8365097 -6004601
-7550387 3409041
-4576945 -3287891
9804308 -5513934
4139569 9671574
7612794 -2903209
6589082 -7296398
8581514 6746424
-2908907 -6032660
-605763 -1011402
-2628947 1973504
6566637 3707729
5629014 7638899
2519479 -929512
8313545 -5057152
-1061753 7764856
-6309751 2464800
9176910 -6095788
-1609721 -886695
-1215121 8981218
-3921990 5046200
7749802 8914025
5660449 -7332908
9150785 -1152331
352619 5267895
9757751 -8938626
4769104 7723672
5362571 -1159259
7911229 398118
-2142682 -2117950
8163258 -1258873
-8794073 6795565
-9300222 4369860
5999517 -9617163
1880408 -8393591
6652609 7300748
6214773 7958418
3141862 -3081236
-1717215 -5608426
2175821 -5191001
-4129626 8635404
6359076 1933573
3290666 3155830
-6446052 -5762001
-5363599 1201895
2459374 1411267
-9276816 5316012
-314128 3665302
-3435509 3939314
5545723 8201741
5502489 8444899
-1080331 -5285315
1633449 -5766386
-8858460 4577884
9386883 2432586
1067990 3317362
7767287 7773609
929439 9943418
-5818583 1057953
4776200 4483388
8411007 -8665830
6650182 -2764425
3417229 1650543
-4410142 8852406
7054147 9981720
8426620 -8864419
8366618 -4927012
-8177046 9862641
4440525 -7483581
4949005 -7035505
-1201791 -3656239
-5882630 8533347
8476765 -3434504
139801 -2436838
4562902 5174534
6508705 -5083999
-5332072 2973909
7140804 -4324761
-5472354 8085157
8066878 -7269338
6382596 4098145
1687486 -990150
-8611157 4749214
7265634 3510440
6474935 -1654279
4689482 -5269009
-6735661 7789496
-5645008 1323204
8886366 4257456
-568009 -2988855
1927147 -4034380
1455881 8457048
6648639 -888573
-2803415 -1403314
-6156300 -8823715
-2209217 -4736537
-3210335 -9773704
-2508137 9478269
2988709 -1821492
6524229 7273849
-7995160 -8020003
9769493 -6269937
-2430380 7785531
2042988 6640838
-6348017 8972338
-5062041 3991331
-5035269 -1904518
7206910 6393840
-5009474 -8386630
5306008 -5596505
-7816690 -8649421
-8423125 5613143
5091412 -8510673
-7815813 -8414910
8858939 -9403527
-7423530 8708417
4954832 3380132
-6317985 4862316
1503154 -7475548
-8503209 -1758645
4749038 -2328511
-1716676 8951102
5344942 9713769
3843492 -4509766
-7589919 2851821
4202400 -8334148
7278995 7109743
8599070 -1704373
-7602930 -5113241
-4516768 -9216743
2008026 -8743991
-2847507 -1940297
-7077981 -3037141
-7996337 -6649139
1592216 -3058475
-2870634 6016806
4967908 -3658745
8571376 5412690
-9097076 -7170797
-1802624 -5068780
-3402928 5829357
2939100 4916128
5728107 6392419
-8720822 -5945478
7354132 8125177
1897539 9278763
-2661534 -8121490
-8642279 1566384
4917245 -7223163
-7765286 -6638615
1894543 -3490538
-4632931 -635920
7293123 9378804
4724359 -6061555
-1130334 712399
-3458243 5438087
354215 -2016910
6891862 1997209
-1431916 8598674
-759796 687392
-33845 8438568
-9682922 -8862257
2704127 -179027
-4885838 -8325200
7552537 -2378627
-3352813 -2651124
-770691 -8036568
-8657764 2014256
-1530947 9038784
-248817 6066595
1504682 7338719
7838162 -1190708
3322854 4375249
2973924 -2753624
7933768 -8109062
-9670494 4730480
5868223 -9583724
237249 3162936
-2645912 -8911298
-8773573 5351412
5216640 -5093375
-3129942 -2126386
9887870 6962301
6001085 -9271354
6795242 -1643076
8211995 -4247731
4561561 -9183724
5191526 -1433491
-1670763 -9599233
-7708295 -9318198
5412282 8779358
9195634 5137563
-9183148 -6203143
-5114441 -8050765
-183001 -1829060
-4406082 -3888013
-3498047 -4966360
-8004059 -5019672
-4291026 8906176
9779452 513379
6265648 5020568
5836845 507799
9074309 -6656439
6260681 -6455277
6742877 9919898
8699256 8552386
-3793698 2155159
-1531632 411242
2360478 -2976846
-2289554 3353927
1982266 -7822523
9727469 3304364
8284692 8484220
7390396 4239763
-5246858 6510019
1530587 7169848
-2322353 3535142
-604945 9883784
-6571493 9268308
9188207 -4344264
6724475 -9828616
-5157105 403815
-9184942 -7069223
-7529717 3311263
-3334809 3175536
-2130635 180729
6001446 1163809
-351971 -9886813
4352950 -3197510
-6687491 9554777
6724625 1622444
-4842414 -2640551
-2756767 6918625
6186933 -2931007
-4758918 671741
843125 -2108508
8295308 -8034443
7412686 5686021
-8486364 1626718
7318606 2399321
5096402 -9304821
1858989 -4812029
-4698842 1097848
7900339 4023370
3578148 2170460
-6207096 3729200
-8911351 -7180875
9737750 -8533158
-1464164 -1668117
9003624 -1558964
-1151120 -3706730
-9224821 -7636899
565474 9660540
1287258 8187865
-6896462 2079111
2774290 -1394136
-3689812 8199940
-8185859 7149631
1173002 -5872302
6298159 9714480
-4039968 -5248850
-2429725 2607415
4074258 -2951318
-2103083 9824378
-9218234 5126446
-8580284 9416893
4296346 -7853002
-8192461 -7805105
2899112 -5138179
-542716 -4388851
-3266634 6002650
4202590 4747926
1897558 -4440094
-312396 6016731
-1752437 -6929440
-9661938 8502115
1109531 -3276052
-3711018 -9575311
-9750933 -4816211
2826587 4185899
-3880856 3547185
5694184 4246303
-1042450 -9584510
-4722689 18075
5629224 -8143338
375664 -2749053
-8001126 4878942
-9561152 7094606
3111338 3896432
-516656 -7357195
-8855080 3875253
3115553 -178594
246095 2254451
-45408 9404535
-3893214 -6988485
6558700 -7218821
-456166 2225930
2641421 -5230764
4787311 8501384
2874398 435084
7686032 -7067112
328182 -6749938
-9655331 2201258
-3902310 767031
3409836 -4027641
2363964 5581034
7918792 -2928892
9325560 -4520482
-5115947 -1835113
1176402 -8203496
-5422316 990840
5733122 -2264897
-4979309 4121518
-4860745 -1625457
1325980 2324355
5257243 8013653
-8736284 -987988
3729622 8101777
-1131192 4124737
-9902904 9827312
-2075302 4794996
-8133895 2461060
7940578 8359842
-3475271 3708017
-1979127 5340984
8848176 7701132
7952587 2598557
9236428 4581298
5472194 -7026722
5297633 -5624317
4905688 -3201826
-1673462 -6928772
-8826994 -1314244
-7189507 -7943840
4399824 -7441834
-130485 -7092411
-2114998 4840874
3200716 -5748028
7959989 -4174420
3682916 9725445
-57071 -4019138
1095772 2531092
9628743 -2104484
-6614853 -7151448
9740587 -2382711
4415463 1199132
4270361 4646275
-6667968 5258353
7314513 -2040281
517885 8658877
-8433533 -5769311
9071563 2903752
7155724 -548531
-2206599 -5211369
-5485924 5115713
3612928 3992670
-3476238 -3026642
-2614774 7225052
-9926396 8668857
-3713854 770373
4485858 2330543
-3023182 3217961
-9007334 -1243781
-767710 -7174798
-8515920 8307179
5054220 2266527
-4829720 5566899
7534720 4125783
1430766 -7673996
-41930 7844473
1837143 -1538805
5434553 6087350
3312402 877258
-453885 -7180221
-3893495 -4097642
8232901 -1651386
4082927 -9407637
-8135066 7726071
-9448726 5075594
-4100875 1097224
5880103 4551706
-7365043 -9046654
-2404519 -8949617
-6623612 -9830323
530502 9026248
-2512557 -4149190
-8061840 -7632354
3244904 5438348
8258127 -2233086
3669272 5307371
6172337 -5635368
7473347 -5581475
-7855404 255265
7847211 9338281
-7048143 5212222
-236072 -6253664
7216034 8831961
2398696 -5084763
7601266 -5188484
6354116 5775084
4142246 -1868231
499415 6357911
1796259 6080406
-6152680 6260671
1568042 54386
-3064629 32944
4451469 -9743268
511997 -5591282
6263352 6596066
1808288 -1640792
-5378104 9215209
563522 4088569
9003806 -8162069
9165799 -7037781
1253655 6605073
7253194 5519915
1877826 -4604098
3992660 -9731039
6529632 -6325915
-3755177 7839981
-2127075 -9385974
-9129242 3180194
105265 4840747
1436813 -6100893
2258315 -3631383
8100178 -6754899
-149978 -603436
1234495 -8819947
-5857728 -1146171
7975254 400294
8436561 -2087721
-4175467 -2255200
-1986239 314387
-3495176 9817194
173527 -5456607
-4842581 2749647
8446194 562804
-4596449 8544530
-7556363 -8932189
9952780 6840364
2601818 4701953
6614869 8052958
1749363 4968192
6338373 -9634284
766010 -1592013
6320267 4313627
4574779 -8281077
2033310 -7855200
4478346 -7411460
-2868067 1054486
6320485 -5348127
5214678 -5194295
-6649765 4766679
5834490 3134581
-7508702 -4206128
3012177 5787270
-3643419 5093116
61308 -7856602
-7490886 622296
9030284 -3600318
3229661 3275124
4994047 5350551
11703 -9679207
-7090667 9543709
-6885453 -5509950
-858077 -7442381
9879676 9435033
4201712 6872953
7535 -6770089
-8459865 -7447445
856177 -4984815
2624653 -2931335
-787937 -270890
-9648593 -7314039
-8398005 1721178
7512654 9381691
-2751406 -2651991
-2331198 -4976946
7083115 7260297
-8249653 -6905513
-4347894 -9802337
9632696 -6591377
2797928 -4468218
-8721955 3834408
-1096685 5321815
-9663000 5334533
-7596802 9759493
-7995045 2961653
-1836033 -5868387
5852791 -7643638
-8261947 -7717686
-7853325 -4118202
904852 -1013353
8763297 -7668171
-4573683 -2012033
-1814370 3029996
-1045029 -6405225
-873442 -9665322
-3314561 -8247100
-408933 -7079045
771840 5588754
-2135401 -7555580
5406073 -4308610
-176996 -130445
-5257731 6086392
885059 8192147
-5926055 -3519677
-2016678 3031734
5363564 -2504851
-2000531 9262971
2292968 3306233
6901008 -1298549
-963870 -8752061
5517191 8543918
3981226 5721569
-6173325 7624611
-9930969 -5246934
444457 1691275
4077182 5475104
-5922151 -9732539
975960 8819451
7816126 4962908
-2005358 -2433742
5061407 8315801
7578772 5874558
-8302857 -6939124
-5721320 -7611908
6152384 8598152
-341578 3314810
-8447269 -5814073
-8189462 -6360352
-1607285 -4620594
-412967 -8120431
-128974 8837172
1620985 6180567
-2483629 3948875
-8571865 -7403055
163203 -4667503
6164650 -8060871
7813688 7740963
3318191 -3740225
-1352133 2027183
625335 7596871
-6571967 7316603
-8497469 2800110
6439758 -5019236
-7123477 -6686931
7708991 7348825
-1297651 -5020092
-8839524 -2419983
-8471108 -9676666
5436632 -1323153
-3474304 5473379
7412508 8116187
5857150 -7309653
-1049878 5226196
9769732 -824658
-3227787 114341
9947297 -7088581
5711529 -7283401
-2302637 -8550172
7279249 -5332360
-7983535 573886
-1929853 4988240
-7431743 718815
-6441499 -769377
423822 6613501
2086880 8995133
-372327 6949518
2156217 -7984259
7241937 -4515177
-2823483 3622691
6253385 -471979
2439441 -3534917
-818318 6200682
7650510 -1849030
2818610 6879045
9969284 -2553889
-7565648 -2648572
8070243 -1960569
-213594 7518961
-3351185 4145096
3140230 -9789772
-323902 1252047
3267788 -7232097
-9230922 4348668
-2028641 -6973922
2554099 -2054404
-3072969 -5775256
-9574574 -5006460
-4339137 6108713
-4495890 592288
554752 8479473
8347253 -4526606
-3970823 -4494544
-6975583 6417496
562593 5815583
-1457837 -7810416
-4042016 6219175
1503430 8218262
