19 -8176463 -2347526
468
-8461935 -2599314
-3434245 7780901
-3796012 2429246
-8213487 -6343691
-4276503 -387502
2683816 -6478182
-1018760 557804
981981 -4686830
5137789 7554593
-3122151 -1382789
-7798085 5004775
4687504 9385505
883169 2178496
4729674 -4033443
-9693554 -6712364
-6795326 4898500
2679402 -8155489
4273757 -229571
-4056910 1399742
3528592 -1423378
-5385207 -5817060
-2742904 -3787591
-5958069 3596033
-6333022 8239077
9372640 1696072
9217200 544827
-69667 4090908
-3730596 3904704
2387613 -9186498
-5898862 -9000922
5897579 -4789589
-2945077 9822164
-7891055 -8906667
2493075 3845032
-7578345 -1947965
-5248673 -3978333
-5249572 9552800
3148833 -5475225
-7236148 -1207641
3004784 6815811
9876991 4652845
-1256247 2221984
8643040 -192676
-6862822 -2470491
-1471412 1030653
6241064 -2761684
9576832 6942519
552204 5812339
-342628 -8314223
-7745836 -6954721
-8416702 -5404621
-5851821 -2994508
-5953381 8850079
-2357562 -186636
9145527 -3189528
3979669 -9352778
-4614442 9022518
-8653806 -7276578
-7230717 -5971402
-2424397 -5516628
-5761960 1297871
-9243258 -6183332
2145359 -6185128
-4499351 1308946
-3129423 -8197269
8914462 -9728834
9793010 -9029772
9820307 -6937359
-4607643 -6160371
650101 9979097
3142672 -5462115
6076755 7146122
2385896 8528230
-7443171 7422950
-8093678 5155180
8969403 132432
-3534548 8660715
-7524413 9726146
-6448556 8610812
2929895 -9507411
-9236245 422022
-6091398 1844358
-2576649 -9443235
-5603606 -6271091
-6291994 2815709
-130054 -2437152
-5291030 6850678
-2104739 -4053299
-6630349 7094867
2250047 452090
-9415478 7792326
6453041 1219450
-6538052 9566327
8177139 1444980
1937569 -2986607
-48233 -6376614
-2015904 2701324
-4225559 3860369
105630 -2076200
3255861 170836
250036 -3670012
-6819333 -6874193
-927492 4959006
-5429775 -6407720
4044370 -5041488
-7249162 6820272
-9443925 -2854756
-3288429 1720231
-6834789 -5981977
-6452232 7405062
3544801 5102781
-9679543 -3984113
9876256 -8471103
-8030951 8611251
-8701561 -18114
6311875 5224910
8350717 1548475
9023833 2008894
-1882474 9939578
-5101910 -6405941
2930683 -7838104
-8176508 -9834720
1885511 3486758
21134 -8948584
972830 -2432926
5186207 3568902
9584790 -5482369
8562881 -1976983
-3365732 1977398
4475637 -9468070
-1726807 -2067293
1997534 -6696136
-2170890 -3376090
-3436512 1021367
4615426 5946636
624884 -6022070
-5856790 -2453890
3549220 2448376
-3983856 -1454927
-1371500 -6429646
-344391 6988975
4022958 -6185293
-5645924 -8243249
3734149 2585839
-4365878 988344
1437403 -9273862
-5969998 3907315
3047577 -6565063
-3027343 1859112
-9677900 9611066
6105348 4104435
-8349455 946984
-6604639 2764911
3826336 -2283882
1286472 -8072143
8916832 -7545164
8785896 3458433
5215184 2939791
8041982 -6860028
-3355331 -1050666
-324528 -6323896
99771 8082072
4033362 -3778173
597291 -6852651
5274767 -8993981
5110454 919392
-8133624 1380115
-5854974 -722648
6993470 7778089
9705947 487715
2942551 -9203706
4254728 1139131
-5921078 -5755201
9901124 -530088
935598 -7879095
8313361 -3454207
7144217 3127423
1865602 -1586867
-5923166 1177579
-5300050 -7537107
3382285 9351601
-6751932 2326757
-8395891 5248662
-4456897 -2606905
397162 1113931
-5573423 -4750950
6388182 -6660287
-9899135 8681305
-9332430 2983456
5104361 -9998011
-3452218 -5880480
7246943 -4065925
-3136440 -6308001
-2614069 -887455
1575439 940394
291995 -5397767
6928990 7474076
2722738 -3943585
-4034138 1049451
4679734 8265842
6031244 6363024
2219090 9106312
7787617 -5064222
7919235 2319955
2321944 971539
5091060 -4460052
1474023 1386078
5078077 -5145645
-3516747 8337583
-8205671 4980360
9582594 8058692
-1950880 2086324
659092 6511584
-9922612 -9228141
1554053 6624954
2987979 4757122
3863434 -9898351
-4962572 -4792931
7527024 -5832596
5138943 -7043337
-1503389 -7634680
3751398 -7253645
-2399289 2486987
824570 -1170525
6326188 4083964
-5340992 2618900
7221576 5908782
-5063282 2708128
-4003661 -2119332
7021975 -4985894
9771229 66744
168394 9954
5217023 3634663
7802067 -2277826
678837 -4739601
-2374281 -4542637
-1796282 1691800
-5821213 -8622883
-7277056 5804429
-7595255 -2480290
2654962 9049132
-2525734 -2936247
2288234 -7607110
-7210089 2410985
7425091 8284573
-9132330 9811886
-178160 7196320
830984 1036064
8758238 7555215
-7184386 -8850597
9123118 -8046573
3645227 -7042315
-5665198 -2673163
5647618 340367
376429 9574098
8623231 8052364
7632469 -6968609
-4575719 -3902503
8508482 -7562945
-9278371 -9269456
-9457570 -1550074
-4353754 -8410701
-4858285 -7119378
2952189 -1006418
-7340662 6416305
8369732 -1715845
1241840 -8217544
-8374355 -5468689
4871678 -1907006
-2332907 7273264
-2158020 -4751893
-9204150 -3709676
-5095827 7990801
-9572143 8736484
9467028 5929008
-5621066 3665838
5255137 -9990541
5406433 25180
1535115 2913204
-670491 -1641377
6642778 4194453
5976909 -9784407
-5253096 -9599029
-1506035 7602555
-2607829 2134935
-100606 6161058
4967734 -2249497
-4258696 -6788403
-8051919 2388260
-1682732 -3830839
9834999 -8584891
3940920 -4787446
-2245914 -2393512
3036044 -8136294
222329 9289201
-3999994 4881905
5097498 9381459
9782430 -8023084
2095823 2360755
7012042 -9207252
6953806 2004346
9754849 9427788
-7360615 -5562107
6826153 -4503847
-5818333 -5412534
8518928 7659773
-7127673 6533018
-5860493 -5023800
-3160094 626413
-84385 -308097
-5426191 -421413
-8523601 -1568027
408889 9671307
-5451586 -8741171
-7948423 5021064
-2974590 -8439544
3504597 1521736
5959629 9296611
7309117 6143982
3247801 -4697866
-7038093 -8509216
8023802 1766729
6742929 -4165766
-1023001 4679661
-5628435 6099188
-4322225 1408966
9840940 -1054626
-8866967 -2845826
-9070644 249829
7787246 8197800
2274608 5497285
-2980979 7329008
6625620 -4220795
-8076812 5495002
-9202864 -3548911
-2058127 -2312659
9454070 6275395
-7890371 8482027
3161689 -1286649
7328891 1086629
-7504405 49606
8994980 -6993333
-7322807 -7663465
-4897283 2644365
842165 6122901
1620187 5406315
-4748325 5633126
-8587669 1155560
9166915 4393647
-9155264 5851871
-6460788 2480403
-1244201 -1213391
-2731363 5509634
6739338 -6618220
-3015239 2946678
-7003716 4068229
-408752 -519643
-5666756 4507616
-2848019 2268442
-9092305 -8047687
-125020 510499
8659977 2527882
6199795 5126656
-479697 -9927692
-1559468 -2116938
-9636535 365040
1668001 1979744
-9994269 -8364384
-4982603 8936638
-5600332 6745069
813298 2002158
3998867 -2604048
4419920 -9595453
-4810659 8332112
2800777 4088254
7115105 -3902964
1141271 -7324242
7802414 5775082
5847390 9857418
-2259520 -2677283
204109 -5712078
-1215981 -1896055
-260438 -8127889
3325101 -1210250
-4465181 -2726689
9275469 7724770
7637074 -1135531
-730984 3274337
-5877199 2056995
-3854751 -3025291
3071746 6923578
9599336 -6739646
9035436 6729369
6586787 -81898
-242828 -2600822
-5796547 -5672733
-5052436 9961281
-8166608 -4496176
-3190074 -2796522
4476789 5158494
2883264 2344745
3725566 3752259
-2973404 -6963310
5093685 -7005417
-7514356 -6334251
-9410673 3755286
-468008 5557390
-5196889 2705016
-7376882 -8916220
-1517041 -8610102
-4282835 2380290
2341572 -4797236
-6777060 -6818918
384560 -3308684
-8150190 32866
4893963 -5138650
1129961 -2750574
286117 -1380471
-5869536 672909
4338658 7896154
1651441 -3383891
4689851 -2555663
-9850647 -8816567
-7732786 9492963
-9117139 5288824
-9814534 -6733475
-9014359 9116379
4813813 2527038
9218355 -5791419
4241447 -4801627
-7423925 3584517
-9166056 -864590
7754939 -3777612
6895297 1120061
-983785 -8114596
-8982135 -6249693
1194645 3184008
4367442 5707716
-2282969 -6139650
9149174 -848992
2417533 -1400107
-9767376 9334641
-5621969 -4080474
128107 5046437
2761162 6112738
-302744 -5630446
-3978684 -2146410
-3407670 -6952448
-3316035 -6223745
8178011 -6512372
9754287 -1783468
-8599459 9195876
-2580055 -6534716
-2674365 -1715665
7435343 5136976
6253221 8991161
8325802 -7630772
-1711246 -997803
6564986 5220186
-6150724 933213
5302767 -673851
-303909 3546532
-889564 -8675917
7616690 6288421
2292401 5794401
6527286 5794702
-2493070 2046689
-1971675 7927827
