425 -4176459 6497148
935
4539279 1602541
-8238253 -4462817
1031481 5126637
-7614876 4660887
9883478 -7757439
7068617 9189377
-7319547 -371078
-3095734 -4373240
32640 -8139779
2474916 -9481830
1477234 -7874539
-2115276 6219967
-4183958 -6611093
-717056 2189649
529542 5630977
9749870 8296444
6349980 7585174
-4771837 -8488383
-1311144 -2618539
-7859626 -2386713
-3197336 -1427666
717608 1725343
7352104 -516883
-6140309 138227
656397 -2615256
-7973443 6334607
-4929074 4649983
555242 -7572367
-2866366 -6596680
9034297 9838186
650983 7663177
-2235297 1300519
2812136 -2999037
-3101224 2992866
3122505 4017345
-7410321 -960849
-9235506 9925170
-8075361 -4176360
5961867 632950
534046 -4215670
4635289 9134616
-3699049 2560604
-2495411 9706215
5625888 -627454
-789268 4638224
-5182247 4660185
-4039295 2378067
9379030 2582456
8091674 1289193
-4693462 -3722193
5316958 1214179
-6344299 -9587430
8752562 -1402196
9230755 -4419659
1364671 -2769219
-3634603 -235199
-7674595 -4000039
8222528 -4817300
4555246 -170005
6984571 3848416
-8975046 6282331
-1339602 -8197676
-3098868 9502011
791204 -1960571
-3166412 -5007194
-1276663 -1385905
-973335 4666898
-6735298 2379039
7959380 -9704421
-2473640 5011809
-5223389 -8159597
-9643284 -3591891
1590809 9618368
-8035285 1095597
7460365 8662408
4944739 8949286
3267962 1001671
503682 6121489
6677270 -9830906
7678252 3811239
-7574666 -6489142
694108 8917942
1296981 -6031649
-5736070 -3524837
-8513028 -8227287
6129468 1790290
8198399 -3736417
-4118048 -997463
-9901866 -7694440
-9032032 -2153333
9312306 74851
-8923477 -1570941
-5449451 2580268
-4734285 1580205
-4608556 -8772181
7255030 5460319
4378261 -2183222
-5698519 -2050862
4424301 8191594
2480659 -1434589
2872053 5911274
-7825143 -1389872
129017 1070452
3376013 -9426839
-9063819 227151
-9697998 -3139667
5289393 -9751513
-4654893 -8621475
-4524917 9839942
3584113 -6872826
8587494 -6617121
-6283990 839143
8788282 -4517893
6190054 -1982509
6582903 3212583
-8359791 -1329287
-202807 -545044
3041761 6331419
6904580 9926210
-7330287 8934126
-4205541 7840761
605600 5488068
-617055 -8916148
3440146 -1532940
1594234 4858028
8240908 -2975740
7863403 181728
-1819812 -8043082
-25591 -831963
4896973 -5629758
-4442693 9073664
-8955027 6537182
2868601 5354501
-2202937 4086734
-4462788 -7710466
2646647 466777
-4045155 1331671
-5068124 5768600
-5764340 -2145858
-7287829 888374
7912634 5829894
8527975 3469431
5426349 -1707610
7460427 -3291837
-6405243 7917110
-492873 2357400
-8589065 -847936
7022917 -6931548
-328462 -3204112
-8398226 -5180019
-2196890 5208750
9056773 4248422
17022 -3725693
4128449 -6011351
4877024 -3230966
-7401072 -643028
-7173597 -4693990
-3885248 -8873097
-9648582 769104
-8797433 -6424820
-1551068 -6053825
-4385408 709694
-3705502 -7623781
-827892 -7362491
9973842 5966036
1174786 773882
7538656 -9706696
9083963 231559
-3263439 -9927970
-3158936 3212413
5085737 4129937
9435947 -560007
-6916752 7912141
-8802403 -4449300
-8357768 5951019
2413546 -7599836
-4373790 -7392484
-5016264 8028138
3182000 1920708
-9596904 -3327804
-37570 -4327806
8481851 1577882
4325794 -9982561
-9910531 7565814
-6705421 -8937645
-2291356 -3069466
-1113121 8380317
-1191190 -2855409
-4788357 -5513521
-9562502 6407
-5077076 9370227
4494096 -4632603
5911887 -6934514
-2497453 9477832
8666380 -8389761
-2717566 -2094357
1999878 -1371190
-8837399 8280637
5846451 -3674328
9904379 -8747929
-9301043 9141031
37700 -2386977
-2726034 -414164
-3411333 8846510
-8630731 -4998038
-5627811 9542518
-5090085 8808545
4390384 1382637
860469 3338154
4948394 -8107069
-7685074 -7956799
-6811636 4747180
3027817 4314804
3156828 -5649035
-4396964 -8609380
-9468349 3061207
3190582 -3698007
-1595819 -6914297
-8067787 -9535451
7982863 -2490799
-2948281 5817835
-2857268 4871404
-3745958 -5522014
332492 -8466884
5942399 7114511
1674065 -4719114
2544418 8257326
-4911518 4862429
9213394 -4427765
-3037144 761663
6339222 -5183569
-6365224 -9989141
-6903437 -470195
-7489294 -5444690
2064511 7545128
-4120685 -9506431
5364973 1632582
-1373080 3022048
-2928484 -8380985
1249879 8959412
6756651 -6986084
3787594 -7076056
7786373 -698931
-2610343 1392428
-7845909 -483881
-3151098 -3131135
9396076 1009666
-9460529 483679
-2444659 5008991
-4929528 5566529
6060098 2136204
6285138 949787
6488187 -6058577
8076791 -5087942
6387822 -6440296
-3426380 -673330
-5233034 3144473
4961895 2877566
-5730006 5069691
-5414190 4867904
4253121 8940438
-49896 1434713
4434744 3649197
-8825459 -6994073
8572456 -8009915
-3357359 -3754987
-288848 -2851094
-6393319 -7072221
-2160163 -3800660
-7724604 -8316528
-6473506 6744011
-7595163 -1150984
4242934 -1706540
5879503 7366732
-5249012 8512928
7453366 2981666
6932731 9004109
-4830342 9919822
-7074251 1367475
-4126088 8860551
-4894436 -8501795
-8836537 2516553
-2039316 -2666931
3532409 -5229855
-3546383 5800521
-4939116 5807805
7173173 -7503536
-6693724 -2534279
7348805 1416107
-7554613 9185780
2167446 -7900207
3620254 2415106
2334928 -899823
2984004 1306265
-7316832 -2222970
-724765 1374268
6407173 -2211267
5121802 -7044949
-9758452 -5632143
2684730 -8829437
-505280 9211517
-8292019 7745614
-4788664 -3332107
600352 -4985742
-5799962 -7439859
7176287 -4437909
7977197 -1116164
500365 -6687107
-2864490 -7171522
605508 6000721
-2625011 -181321
7607412 2397095
5352146 -6217838
-9333629 -4754434
8932481 5593694
4805212 3351101
1096715 -1572799
-2388554 -970455
4043803 6308051
1384545 8211798
6290241 760193
2160381 -8922816
-5609923 4267439
7095917 5177098
1177819 1525588
-8655733 -9782223
2614872 1069160
-2632326 1468031
-770051 -9516629
-1406583 -1965955
-8614854 -1837570
6589631 5914981
-5055473 -5001786
-8693735 -5798923
4929227 1504682
-7735124 -4792838
-3715654 1219468
8003259 -3058391
-7881292 -6809224
4716364 -2384472
-2166695 -4187121
6882040 6060631
-9954986 2964530
3447901 -5750286
-5199888 -725037
7437393 4557670
472652 -3814742
1183472 -3456624
-6739195 5417179
9438213 -4993910
-7270396 706384
-8074148 -8296911
-8838949 -986049
2204727 2445464
-9939008 -6720241
-907362 9437443
-1985574 -9589350
3375180 8491030
-7259255 -1940560
7334403 9339433
3897103 -9942791
-3757533 -2711852
3831524 6886107
-5180362 -57708
-2535266 7092329
-9684935 -5742148
8477293 194338
1724641 -7759083
-2797267 9638344
5434455 6445720
5883163 9780078
-9809272 -5472906
-6981876 -6102411
-5526619 -3917740
7938045 8275221
8332430 -8192216
-904068 -5648500
-8762392 7091250
9549894 5443808
-4947511 -3942754
-7168550 -2985372
7208966 -4632446
-9875176 -8691256
3463440 -8550040
7895680 -2672443
-2892365 -1102104
-4058658 3778844
192785 9814715
8413327 -8524182
2267392 4666167
-1009697 6351372
-9297127 -6883826
-9792576 602588
8562748 4456833
3030431 9757318
9288298 -6384762
-8500856 5861882
-313022 -986383
463577 -8376032
-8532122 5666770
-5435334 -1640743
4654453 -8908135
-9093419 506008
-5501821 7363591
-5453890 9319908
-1812367 6765571
9881745 3536413
6655353 -8593142
5863691 -9910830
2362840 5218102
1349692 -8589526
-211292 1651139
-9335244 2848836
-3010843 9475686
-2341191 -6355315
2003942 -1542965
-7934748 2223475
5245836 9174748
6538339 -7028167
4808094 9744015
6509586 3600801
9653566 5512079
6918937 6391331
-1003147 6308920
-5956626 -4701020
-3290546 3876046
8043537 5393066
-9241746 6498163
-1509799 1224645
4869330 -2252589
-1279202 6149010
-9111162 9389624
8564372 786051
-3725764 6134674
5878689 -2380937
3736216 3598682
-889239 -5095373
3812310 3389783
-301297 8546050
-6154970 -7190836
-798438 -3741571
-8348505 554485
9569000 -2754901
8469744 4926101
-7326487 -1940799
6724564 -4144574
-4754950 -6089337
4696714 7613402
3748076 6325775
6461190 3487303
-2914015 -7856883
-2952256 197407
-6412810 -1286901
-2740851 3376406
-1298078 -4197755
2060674 1104180
4175017 7903484
7664935 -3771479
-8845378 3744017
-8196782 -1348969
4506457 6344487
2771503 8527782
6141184 9751508
-1406365 -2531783
3471872 -7594388
-5451271 -4945175
5252232 3074210
-8212691 -5887175
5584 1355774
7158019 -8437190
2666990 8707506
6610991 -8264955
-9520082 9358359
3102376 -3207722
5443310 4150893
-6988268 4905595
-4050271 -50233
-7782373 5783235
5767805 4607266
7012878 811262
-1617560 -760323
-7686113 4077960
707137 6151024
-2493201 6617548
8180359 -9287279
9420228 7181170
1432568 -6636299
-7277939 -1452429
5339849 -5571162
8579731 5824437
-6753616 783159
3249279 -8408536
7374699 -8287534
6319732 5466906
8794521 3142504
-7617818 -4151038
2443274 9693313
5844337 7212421
3829970 -6849588
-6136867 5867488
-4434989 -5473319
-9593266 5799713
-5652716 6997579
-8573583 -6871205
1469585 2203486
5502997 2522501
4113965 -2767679
-8538861 -1247724
6735535 -5994984
7147521 297223
6146186 -1953592
-2260279 2046055
-8225172 -1410540
-5743776 6100410
1967899 5604798
2647831 -9364290
6435423 7532910
-2953159 3054566
-1300287 3299060
-4497454 -1526742
-9004241 2685650
2434324 3521895
4790524 -2373924
1631093 3895463
-5807313 1526059
2088819 -1221386
3341021 2855225
-8555315 2344892
-1554698 5115849
-6763000 8217262
8852972 -9586799
7946111 -1598817
-8544251 5288395
-1412545 7509304
-4017437 -7328185
-2126183 -3393647
2644601 9494674
-2879249 -9691859
-3280043 -2564875
1477536 1268196
2563162 -6571004
6284221 -6433645
5911247 -4095817
-8979968 245258
-1537480 -5643451
7286103 6773384
-4825432 -2684508
5120240 -2251434
-4742129 9146669
-8181516 6224047
5346753 -6243214
-6748540 -7791346
5033147 -2008646
5426479 -7111437
4156759 -8246896
-4817900 -3095985
-7013278 -3280079
-4859544 3982673
-5772068 8897969
5770870 8676841
5450225 -4793196
2522297 -4426675
3321892 -9375207
9771463 -9841111
6382936 8579763
-7663451 4106299
-1168695 1729689
2237395 8104361
3509277 -6135547
-4382443 -2336126
-2915759 -2333964
-3097690 -6683990
-184965 70963
-8514716 -5440882
-6764041 4042967
9249772 -227493
5345832 8686185
1827330 -5711579
6963662 -1332276
9763839 -5884855
737797 3346598
7592640 -7899612
2721102 9569102
-6566445 -169965
10262 -3769621
-3587233 -8432535
7399827 -389145
9681819 -4168571
390548 -2785138
3774182 3683455
-6544038 3626507
-5170956 3023954
-171273 1318147
9985871 6656375
-9228480 -3207611
2655339 2266063
4366451 1509317
-6405228 -7235669
-4889281 9603905
8350636 -2971673
-8887856 -2362667
7248188 -5236596
-6888815 8511971
-4273166 6930007
-6870185 3501733
9644593 9501016
-4958678 -3414223
7903924 -5526363
3646364 -2613599
-3304858 406148
-7327789 -3065763
8443554 1866833
4631165 -444986
-8324728 4554678
-8416994 2258236
9895569 -9974092
-5210688 -7304850
3723474 -339891
9106469 -9583150
3918583 1966660
-6015972 -7763716
-8661587 -3920472
553166 -974650
-1071897 1758690
4681190 6715882
-6349881 5623245
-2509922 7353401
9424767 4610026
-835296 4637595
9412183 -8899961
-8874052 747710
-4040787 1824104
-8515786 8431612
8848462 9682687
1649347 -9409317
-7173033 -4716602
1362926 5633375
7175077 -5834620
-1559578 4432444
1148327 -3896820
4242777 -6878388
-9524987 4798446
-591528 4249207
-8596845 2416133
-3967476 8573177
-8162761 -9184662
2639443 -2841528
8106437 -2203548
9995491 4123657
4714340 -528749
-2728999 1644838
9794565 57659
-3260609 1150280
-4417276 -514006
5589174 5179814
8301426 -752597
6562202 -7651697
6597511 1292792
-6291075 -4029326
7060203 8000666
1332356 -258551
-583726 8897443
9210247 -6028201
8095456 -9960937
-7973334 9205739
-6633071 -4673852
5383807 -702332
-9552052 5677847
-4836159 4639551
-180635 8547024
-2205572 3269368
5617671 -1879209
1929935 -5643370
-7156344 -5268466
-7267800 5638860
7896662 2420212
1317655 -3419091
552708 9829288
9868351 -6955746
4766345 -8835483
9007017 -8104983
1192685 8133275
-3672526 -3092823
-8453272 -5843015
-7295990 1491315
-5239317 1366093
2003236 -6985210
9887772 2894707
7626241 -6066828
2088384 -7268572
5151640 2874794
9455703 -14954
-185666 8985647
4546254 8411
-6310720 -7800963
-5905945 -687401
9962226 -7303702
-396525 -2196908
1960078 -3710300
7781016 -6333445
5032648 -2819560
-7288418 5058051
-2047242 -2964116
-6514592 -7400646
7847134 -4421000
970146 5573793
-4441161 -4484873
7017126 425849
2950612 -2110474
88563 1563380
3392332 6639893
1852543 4182618
4502063 3354558
9644259 3972370
7638925 8978493
-3841067 -58373
7516030 2671573
2223809 -8613133
6502573 -4531211
-6435859 5709218
-6200637 4349707
2381186 4534287
7476488 -8125446
-235920 -8085335
3478045 427100
9583345 2368996
9067966 -3129623
2741288 1435888
-4591742 3570029
2548522 2385547
4843526 -6952817
-1764892 1223807
2610674 2359556
344697 2975270
-8799160 -886753
5979307 3908838
-9040523 -4999797
-3125243 -9123155
-7208490 8435965
-8620582 -844810
-8475814 -1214092
5656285 -9037237
2398652 -9407848
4162182 -1602427
3299472 323262
-4113202 9227056
450864 -1857002
3018907 4121906
9613528 5577890
7207490 -6636396
-211205 -9185632
8330923 -4296851
-3420006 -6735376
-8299410 -4794319
4360871 -628495
8157413 -6919992
-5957229 -1598591
-1006439 -3669950
-2756024 -1042225
9281038 5672095
-2584496 -9456552
-8797201 -4832164
1806094 382720
-4039390 -3261942
101662 1419623
-5249657 5684452
-8612399 2406809
5671434 -6918733
-1713052 -9516052
-7628195 -111624
-4515264 5164171
-6434420 3045570
9375620 -7956141
1001635 -4924507
3263941 9135948
2195749 282673
-2033139 -9320555
1062165 -4085100
2652958 9772955
-6291070 -460873
7739932 5270972
-2322218 -1540726
1540541 9127533
2127833 -6650784
3237592 9827489
-2491988 4499638
-2454792 1238680
3282539 -6410056
-1334563 9437181
1089481 -5715826
-2916801 4445730
5125175 -6714770
-799870 5050060
4823016 8703692
-9240828 4369440
-359587 8531946
-3008780 8499104
142989 7318195
3183763 1048113
875602 -7729177
-713187 -3578645
7660035 899966
4489910 -651626
-8698093 -6541074
-2256899 5671700
117430 2391388
-1807029 4826300
-123639 7758958
-1020998 -90547
-5721106 7215729
-1735973 -261826
-1762722 3919307
1237502 -2228400
8819713 8380268
3167443 6937617
5875324 -7788332
-4372014 4970608
-5681018 -3948289
-489363 -9882103
5789597 -4379111
528630 7253738
2080039 8423379
-1301311 8721601
-1368946 4472752
-5795167 7677692
-2584134 2909948
9345607 -5014788
-4726836 5653145
-3450235 -6900539
-9962922 -5907122
8820898 2233560
-2795832 5912402
-8035887 -5551116
7083133 -5960497
-339608 1474751
-1271511 -4610918
-6187538 2705374
1426975 3324880
-9686016 2511151
188843 -9941970
-4515670 -5481183
-7979618 121062
8290559 -5170062
-2070601 -2706454
-6097224 -5159676
-409764 -2033522
-6121120 -7276326
9688911 -689244
3350259 -4157006
7317745 6772044
-7838873 5527004
-1767622 8562586
1887467 8489941
1001092 9659354
2233736 2201451
-763379 3706288
-6172650 7718066
-7451996 1257003
8550549 4634261
9474585 477404
960234 4969678
7693352 -8418827
891929 4839114
3198460 -101385
-3329340 6758541
2285545 516205
-8404856 -8651861
9838080 -9482077
2693629 3482611
8200414 -6644476
-421836 -5072635
5161784 9953387
-6273258 -4078134
-9443873 226140
3219896 4793644
-236678 2547064
4128237 -5819870
9019245 9973026
-128358 7536519
4295060 2217705
5250263 6542302
406793 9096957
2131232 -638241
5360722 244873
3600397 -5175138
-7731421 -3922512
-3969124 -6821438
-899572 -53285
-9827144 -7726030
7067614 -7827092
4719972 3392752
7572883 9347288
9320315 -1151790
8901081 -891520
3842537 -8291691
766963 3196141
-5190550 -8390848
970911 -8826244
1418629 6940682
4281896 -3668367
2409122 7535378
3230292 -933172
9013543 956350
3230320 4847073
7019981 9186399
-4904496 -7185713
-7838425 1739953
3104515 5184739
-5706781 3998242
5706551 2005596
7718089 652108
2261261 -3526486
-2352730 -7472461
9468222 -6767828
-436194 1582251
-882370 3750118
-7183054 4489280
-4554370 -7652078
7194995 4346842
-3950407 8675950
4006589 4214976
8471282 1145097
-3670164 6168165
-7317241 1575797
-6418606 -6860593
3791516 905663
7379177 -8700517
-6172977 -3947223
-8198699 7542800
-8358597 -6704755
-438285 -6118541
8370739 759033
-4376692 -5104986
9241856 -6183631
5008672 5334655
