1 4898850 -7895046
127
-3873910 -4120566
7461850 -1992569
-5242312 -7833382
6126020 7000116
2402395 9652397
3035030 -1551705
-9295039 -354145
-3467783 1265540
5627835 6020316
-2196970 3761371
-659389 -4963311
2604274 -9394771
6202772 4150021
8429086 -8984765
5914085 -1200750
-2804964 3050392
-8942177 4556528
6723146 7173238
4173354 8331863
500613 2849166
3813813 -3424250
-1262043 -6464357
-2682465 -2964873
5571795 5270175
-8452102 -7054629
-2017940 5891177
6496407 888509
7554882 3102687
4117922 -4784469
-3468866 -1499680
4067065 -7451641
7104887 -3757478
-6584239 5124888
-4026896 -3655615
1709904 7589115
-5835135 6473717
2525712 -4476283
-4924804 2902823
-9310650 2359600
5304971 -9353008
6538169 -7762752
-4357891 5803383
-1093930 -4449072
-6717188 5713343
-5786337 5540344
605056 -186054
-1427180 797080
8438321 -2290057
-3429319 1988581
-422303 -5588575
3401494 796937
6320654 -3741086
1678089 8443558
803158 3912203
4559195 -5116209
9637391 8624481
4427865 -6386284
-835355 -4720500
3509195 5850287
1390632 2447457
4777755 239211
-8963709 -8004312
-7778017 -6649425
-2144491 9474612
-6113963 -8690984
2105953 7433206
6208472 -196117
-1752558 -9057040
4855163 -2113438
2770353 1566952
191434 -8069290
-4455574 -5075903
203597 -5380701
-9530414 4709071
9672880 6229145
-3531644 -5623430
8888610 -3033013
-7166085 -2495353
-3020740 -8889406
-7580390 689424
-1877370 -6618351
-4298115 -2958084
-2015124 6847454
-5265984 3949327
-4483721 5356391
7287101 20722
4944819 5707713
2843364 -7168473
56951 7664768
3893913 -4170697
205873 -7753817
-786829 2878621
-9616731 -8389164
-7278570 2047086
-7263490 9878881
5776882 7657392
7215660 -6624508
-9777054 -8521233
-2055554 -4799464
-9443073 7473315
-9989611 -4022922
4201143 360380
-4291740 -2528440
-4863672 -2955492
-4609837 5765211
527746 1546594
-5574785 -1887612
-276776 9740917
-5695645 7324836
7203717 2444654
-7381601 -2959135
-7067291 -4503048
-3024281 9834059
7550948 -6844344
3145323 -2563482
3413596 624227
-9015392 3155712
-9372728 -2385261
-2824401 -3307132
4974431 8279952
-173454 2565762
-9321849 -4497823
7759447 -3231886
-5907050 401375
5362382 -7936198
-8378980 3813020
9309972 497133
