235 5365609 8208183
614
6214157 -8903199
-4482012 -9751217
5259510 -1514729
9218911 -6678807
-4578721 1149765
8078936 -118300
-8949447 -3514395
-1101419 -2223003
-4950747 -2192853
2003444 -1536092
2971420 7317392
3720877 6254164
6663291 -3881364
9879697 1845713
9727674 -227744
869058 604232
853016 5941831
6943455 -1096602
-5259057 8628878
-221357 -1321282
8560419 -7321425
-8319468 -2142420
-1849071 9610972
-2581881 579114
9043022 3200182
-6966073 1937915
-9291568 2014442
8133079 6754804
-8883131 7371723
9660332 529128
3649713 -9155456
-697273 529390
1949140 7019081
5647959 -3753818
-2558747 -793564
1885011 -4573398
-4199466 -3998328
8128996 3565543
6661009 3951464
-2848354 8063468
-7482265 -1779616
-9765174 -7298075
9456730 -6773833
-9402109 884257
3929738 -9426401
-8581857 -9741777
-6696035 -2420549
-5401468 720871
-516595 -2230543
-507755 -9753509
8189445 6924658
5442682 -8622744
-2540848 -6010020
457796 3571679
-5848501 -5879839
2340545 125794
2827720 -3330766
-104598 -4908276
-1507667 2284450
-4625599 -6990355
5784220 -7577929
-7482126 -3207455
29768 1604537
1890346 9632758
9879249 2029525
-1045816 -8617408
-7240152 585047
-2908621 -5603134
484897 -7264648
9371866 7549175
-9808679 -2847252
3821983 1712411
-679513 3019041
7819843 6233737
1759734 7812821
2751244 -6805755
-7496858 -2456046
1664843 -2214529
-2581771 -4950738
7078787 -6444811
-5062219 9813831
398878 8549323
5462542 -9786018
-7050666 7490257
-2444216 -4052561
-4383460 4837552
-3450036 -2252895
3282499 1954875
-1811388 -1613197
8715976 1102342
-3187061 9948346
-9991348 1467221
9252692 -683919
-3118305 1673495
5228684 9187273
9001104 -6039517
5026158 2682818
-4586848 -600018
9406591 488700
-1047508 -9121162
5716391 -3037625
-2774167 4569032
-3476093 -7733645
-6830490 -9491668
-5872974 -2771129
9693569 -8114513
-4130940 939966
2772399 9702221
-6107932 -4878248
6825377 9654095
6130930 1637104
-5680078 5826482
-4773536 1157088
-8354211 -266926
611913 7149408
6628135 598281
-4832687 8844656
-8888989 -6146032
6878652 -5792428
1436443 6796873
8682360 -8994321
1945645 1130012
-6651415 -5448580
-7810476 -5281956
-5627861 -2759347
1394109 9014902
4841384 -9496931
-5823490 5714032
7963458 2584200
-7750040 -4177701
6420580 -8908277
9936379 8878096
-7267936 4104245
8311817 3563742
360616 9610717
-9383604 -7735388
-4089024 -8440672
-3889251 -4921607
-203563 -8224087
-8467082 -1699727
9831527 -3315071
9704350 2927027
-8842589 4672911
9773464 -6119140
-296841 1637222
-4754703 -7976576
3417872 8640091
2744336 7698029
1261771 -1333711
-1722994 -6427495
8353469 4138739
-1785580 -8590246
9004499 -5735555
8556710 4325169
5141794 -1199064
5485865 -9910372
-4466992 4973322
-7837415 5190216
1587428 -3309581
8327641 4452401
6475826 -8709412
9930679 -6427061
3787320 -7589950
1076339 -4808632
-1236127 7565443
1704183 1869697
-4204197 9633695
6414492 2434955
-3239876 -5199698
-3882409 4971203
5060831 -8098082
-608408 4119808
-8173624 -9406161
9800611 1554178
-3993421 3413805
4704393 644604
-3266105 4998757
-74840 4635072
2342792 -9478785
8086659 -8998501
2871197 3623018
3256713 -7692806
4742149 8667000
5983655 -328795
-5357592 -8497727
5920543 -7898754
6221054 2219592
-4670217 -4687864
-617334 8047431
1461236 -4869606
-1708649 -2094403
5420707 -3834371
3317053 5025246
5546462 -4654133
-3652634 -4340154
9282864 3633121
5940315 1734915
401916 2539577
4727134 682464
-5298911 -3614429
-1513183 9369543
-5894513 -9378368
8450120 7224223
5271654 -564730
-2917983 -9650862
-9228912 -3267110
-4585129 5373368
398614 6191795
-8462338 8731925
6908123 8461428
2094549 -9598620
2136296 -1292661
3763268 -9448784
1233680 5054564
3956487 -1509598
-9623703 -1548879
-8410894 4959656
2183879 -5518216
3917055 2555578
2904717 -2544466
-3295224 3515424
-8594856 3675805
-7616048 2119648
-6632075 -5679890
-7218461 6437966
6839346 -9723952
-1016613 -2607560
-2056343 -8508006
6546558 5263007
-6246591 1693689
-9855189 503045
-4537299 -5870293
-1388509 4250269
-3194153 162933
7618467 5044898
-8923326 9710564
-4097279 6839595
-1040757 -7518182
-3198071 -9196975
7240991 2327168
-4880432 -7900180
-507740 4080338
5572332 -3380693
-8117686 -47731
-8354041 -5364757
-2345360 -4364276
-7718217 4307122
-1442609 -4366306
5796627 -6590374
8454525 -2120410
-9893493 -4068554
-7228959 9531199
4529370 -3990772
-3187746 -5753363
6573805 3847651
5947471 6569597
649935 4209726
-9170967 7956083
-2091647 8738620
5890215 -7288652
-9136576 -7929336
-1105862 -6455145
-821451 -6854793
9071185 7451529
7847471 -5024824
-6577026 7525710
-426738 7953978
6479559 -3805984
-7042995 6618984
466635 5808165
2377762 2047162
-3743112 8930458
6886541 5544050
4282670 -2914078
-7686378 7311246
9381910 -7310763
-3765908 5693398
8838605 -1723952
8243929 5412642
2904170 7909790
-2048147 6091401
4045379 6327145
5037513 41467
-3339549 524938
-3666897 7994518
41680 -356562
-1426104 8710866
-3228732 6298569
5900843 7976789
5288036 -8946062
-6256825 730817
-3575785 4669946
-7054005 -7506381
7906261 -4737180
5688962 3706276
-202323 -6673216
2170281 6157167
8714986 6359409
-3115653 -2792206
7718664 -4624563
-2464773 -4266197
6961021 -9723304
-908383 -1374525
-3397735 -6267711
-5213773 -5007540
5723277 -8109699
-923401 -8954246
6055725 4663844
9926664 -5461054
8245223 3961987
-194877 -1868021
6805498 -9440748
6918661 -8024596
-8300450 5520485
3412274 -6196991
-463188 9418214
2211262 3463854
-7910671 9014185
-7253526 -8697120
8811692 -1308406
-6901753 -9950947
3611159 -2948678
-8284834 2174847
6713793 -333116
-6371129 4158183
4806514 -2524632
-1965379 -4049654
-2074250 -5871636
9648849 -5046718
-8727357 -374700
-8440134 -4422524
9041330 -6674193
-7660008 -3712519
-2409639 3647011
4854958 -4913534
-4864481 8918405
-4030273 7953205
-7355596 1263030
-9070085 -9798754
-3124219 1874550
9349918 7075138
-6974515 -8317705
-4189341 9900891
-5145826 -6532413
-4390760 7975861
6069689 8643169
-8031023 -2830894
3456587 -2372629
-8725618 6825321
-8088212 3563300
2481706 6129340
-3401102 9563659
826690 967785
-6314617 -756698
-8882148 -5727043
-8651905 561164
2243459 2984123
2885014 -5626420
-2158832 570471
-8937316 255540
-8584938 3450408
3135866 7132373
-5240256 -6615961
2725712 9108806
-4811542 8550478
-2803829 -2846148
9233864 7670164
-8845698 3795069
-6961629 60554
-3150137 -5160315
-2082798 6672576
-343301 -1802042
2571539 2677013
-6752516 5058065
7829958 2929059
8895819 -5689832
3958893 9245020
-7370941 2031685
-6343157 1234989
-214532 -2128877
5024976 -1154698
9031818 6981639
776708 4258840
6835746 -9813880
7542158 -3668569
-6995993 -6314391
1883567 7975712
652725 -4822942
-9764876 6971458
-99483 -3583438
-6756918 8065082
-173546 -1203664
3344374 7201976
-9046683 -5028135
2842988 7001217
-4153481 738785
-9763224 -2132036
-7873196 7394690
97162 -6470164
-7622380 1478902
5164511 -9844328
8131384 7897979
-6924962 -2951921
6535889 -1215890
5200672 5826514
-3592052 -3563593
-2250905 960106
-1837918 6234402
-8793733 3609821
611039 -884600
2370537 4049255
4433572 -1026090
-3631400 -4876334
-1346498 -923272
-9444369 6465763
6621435 1031122
-8554546 5720142
5284573 4752820
6053282 -5479508
2863358 1820463
773222 -6229694
4730412 9271306
-1977940 1038669
-5351509 5408847
7040599 -8255321
-1689714 5259530
6749792 -588864
-2948846 -7256142
1820587 -6881607
2100508 5704657
9252131 2376218
-9387288 -8761705
-1492533 -9302415
7734429 5897286
-9765899 -5439251
-9152593 597787
-7614555 -6476325
4562344 5577820
-6496981 -7076143
-5331464 9210835
-3013283 -9456382
-7528894 -4504825
-1760967 -6263490
9371255 -477739
7743270 2575972
7468542 -6011885
-4773590 -488247
209339 8081255
-3505107 3733878
810979 -9539880
-6425740 -3271006
-7230979 -5825261
2268911 8476057
-8600085 7331365
6542201 5771930
6315548 8584803
-5920022 -6471082
9781780 1303006
-9174733 -5164636
7411336 1669387
5657502 8568537
-9403357 4879879
2961134 -9116087
-2865857 805982
-6217546 1972379
1217725 461474
4636213 -2643286
8349124 3986746
1318111 -3094876
5193406 9749039
850194 -9623336
6421935 -5974694
5328313 -2553475
2281889 6203715
-2126897 -1330068
-2761530 -306775
7089456 -6469395
6930870 -9648535
1157447 -7433058
4539321 6581365
9559192 -2543747
-2670680 -4242954
9743792 -3288243
-3866766 -4321556
7943835 -6421744
-6045080 -8673360
-4648053 -1205971
6240554 -9623145
-903077 3196612
-8133456 -8961205
732021 -513622
-4466665 -8378634
-8027169 -9662171
-7095228 4980558
1561923 -4353370
3102884 7444093
5717492 -6362533
349225 -9567796
8627000 -2022364
1555892 6482459
325451 6570835
-4635136 -1972835
-9079628 5677398
-1125990 4121771
5160566 -7466353
2020025 -6743093
-5121727 8408939
8746769 7553361
2533919 -3148895
-4985913 4167893
1611986 6612194
-9750338 8116971
1065527 9845830
-2176533 -6884761
9597698 -307473
8779714 1895711
9922876 -76851
8116900 6660931
782702 3359601
5893248 9507262
-7235831 8459620
-615088 -2086726
7982987 -9841205
-2990100 -9351967
4815926 -6966742
9645452 -5459661
-7342689 8944264
8790095 2411466
5526705 -3760810
-1551930 9129914
1025625 -2359245
7563905 -2772216
-6111285 -6535146
6824455 -1802843
-2295581 -2812231
8163742 2717703
3147329 -7015059
-6856264 -9934994
-9286961 -6353332
-3320074 -7330012
-2789673 -1954683
9505933 8841731
-6230451 -7616010
-1376819 812380
-57706 9296255
9453362 -412397
6815387 -9032080
-5567226 7017267
7730776 3220455
2924576 3773581
9007636 7951548
-9063511 1088318
-6330324 2154966
-1682014 -5919775
9266565 -5617285
-5055616 -2485735
-3644004 8993244
-8622765 6966670
-2220950 125545
-8061848 -7483232
2104371 7721345
1205617 -8608485
925134 -1080242
4656565 -1845257
-8071676 -1344089
-3392541 -2418858
1185812 -9064040
-4392722 -9939700
6656877 4855489
9238204 3925265
-8560470 5923442
4916686 6698941
3665611 -9688122
-7046225 -1189727
1327041 3961013
-5801290 -5108072
8799795 -6568588
2351171 5404327
-6440930 -7758719
-6586456 9524088
-2894770 -4512606
8939707 -7462645
-7402345 8291043
3146532 -5453015
8472250 9254532
-2305674 -5098912
4116381 2428132
2740010 5127365
-6062362 -2218008
4259358 5693786
3102066 5264680
1212444 8458068
-3621252 -5581787
-3340506 -6436385
5604056 -62182
-2058435 73039
2610394 -7290714
-8999671 -3118728
-6055391 -2275598
-3021066 -3336787
1564302 -7583140
4844992 -2810387
-7683022 -4319317
-4020972 -9898645
-1688507 8770968
-3448000 2754738
1212806 3929911
8348124 7764445
3844412 7591554
-9954275 -4992382
-2402991 -551532
2157755 -9496358
9901266 -9792596
-2068194 -4325564
