45 -5060685 6113669
47
-5291816 6915750
-234362 -7094059
3555080 7531910
-9188849 8778339
6841090 -591814
3486062 -9451820
-3182530 7791451
7442447 -2775372
-4256521 23883
7394664 -5942366
239736 374051
5951352 150753
-5735636 -1359153
4384620 -3315480
-5859813 4034410
-6533488 -6985359
-4079417 -1151628
8896634 -4251498
7043193 9475663
-8599799 2224137
2772317 3884283
-5807913 -2597384
-2856404 2106140
4646375 -8365466
-4307832 2887075
-6738873 2041039
-7808208 -1551744
-394544 9212479
8413351 -3543844
3006919 -6009924
9521069 -7446461
-6081737 -1010217
-2745362 -4558348
7433668 -7185103
-2444614 -5702169
698467 1350221
8752837 2844055
-5049805 4890554
-958560 -4103566
8783509 9596570
1637609 4733608
5698217 4560988
-3710180 -3654246
-4681738 -4696327
-8189899 -5296829
-2743290 841533
9831317 -8668830
