22 4803965 -4659448
57
-3055982 -9661574
8051926 -4500860
-9399164 -1355192
-5116864 8411211
-3516025 -6063576
2846816 8268868
-2473750 3960479
5347323 -293236
-2670561 -4677100
-6490891 -4597508
9047952 9705037
2020708 -7062836
3464420 -380951
-6196235 -7992890
-672573 -1219172
-8364394 -855683
4643457 6271445
-5083747 9687533
8098744 5244293
9180717 -7684259
3100961 7099072
-6424097 -5456115
4250649 -9372788
-4049888 8923227
6842071 4096441
3801478 -8024427
7429090 5890023
8025425 8338539
2862001 -6590138
2190691 -8170810
973507 -7810571
977226 -3657351
-3969818 -4383035
-9138742 5893480
725573 6645279
3744351 2558328
7102213 -6173465
6970099 -163394
-8723815 -6130785
7965656 5436563
-71511 8118257
4008280 -5716514
-7377975 -2642421
767441 -5449943
-3620753 5484027
7673456 5474484
4333486 7352755
-7030280 -1349318
7060514 2880020
-474701 6347330
-8577990 -9697560
-5871025 5786002
-4377391 1040576
4909791 3615426
-948011 9415146
7533403 -4608201
-324715 8980478
