546 9695915 -4437264
724
1602449 2910374
7760037 -1266642
-8317919 -9748548
-3499168 1224645
-3219393 1215223
9181009 2542947
5333832 9031396
-1236735 4098512
-1564354 -2921407
-5351359 -6607266
4333881 -9636851
-7845547 -5280263
-4755202 -2501355
-6494093 5463662
5159577 -1053479
-8143105 -931356
318354 9278378
2046182 9616932
-6642071 2000436
-6784341 8547015
1089962 -7345111
-8313715 4913020
-988467 -3576205
-3981260 -7034098
-3641363 -36469
-7156967 667381
-2096529 -9307482
-9292485 -5002514
-9538852 3148269
-7905210 -5786577
-4201581 -1862922
-2584544 -6048314
6084970 6116773
-1882791 9461639
8008654 9442900
4614141 -6150780
8762241 -8385032
-9444885 6300426
9266328 -9709874
253657 -3426145
-242411 8141317
8833836 3096690
8094177 7661060
-6674319 2057703
-1212522 8555325
9208755 -4579529
-8111491 4585897
-6780977 -3375788
8602203 489832
-7550916 -6147416
-2298195 -872791
742177 7063225
3363651 8980398
9270524 1297293
387500 2629979
771297 -475819
-7379128 -9854911
322501 -7878515
-3304460 3231401
-5696922 3648182
9068654 -2000629
5101620 -6488166
-7347602 3473515
-6036653 8320643
-7826772 -8745399
381810 -3587569
-6524344 -7608615
-8628217 3640339
7453984 -644341
4501991 3158659
5199192 -2158515
-2013426 7789640
2427477 336416
-6432183 8309076
1957258 1639369
9638740 -2129104
-6100918 -6457736
7015780 4740361
-4422644 9067832
-9677567 3495479
2424263 -9733064
-7341679 -6779405
-622714 -1583729
7771931 6546456
-294885 -3168729
4672756 -5209726
-7420086 7420660
-2242924 5175682
3484758 -2476257
9163112 1324894
1712142 7958369
4016985 8801853
-3941434 -1872424
-2804592 -6450883
7044597 -5847726
-5580789 -2482159
-6745212 -531140
7885131 -2922468
6140341 -4851574
1979697 -1826586
-4519960 8361808
5782468 9168805
4344488 -9423694
-1899951 -6460455
-2619209 -9654402
8303967 -2736838
8581367 9092933
-2779491 2320953
-1613578 7156285
-8691441 4415917
4450110 -4568981
-2583769 -4272230
-4678345 221250
5369676 7817715
8507481 3978348
2340156 9865726
9034531 -6012478
-5436172 -9361023
-5821478 3379019
3724618 2663878
2443392 -5924335
5684950 -5455063
-617758 -6458889
-9302604 -7094541
-162272 7768665
5716036 4522307
2766430 6804190
9541792 -6867732
3466335 8088085
2066433 -2572180
-2706454 1973816
5961338 6922941
7561918 -3671922
2223449 3041519
8221749 4256792
8332457 8464419
-6990643 665141
-3277396 4017407
-560782 -5092049
5192968 -2580000
4458659 1793298
-8886160 909005
-3442375 -2774911
-4686826 -9344368
-1916547 -9976040
-5485872 -104041
9335253 5376999
4221429 2991819
-3966662 6897171
-6329684 -3555121
-5090702 6771439
-2563420 -7997227
-1463467 -9564993
-4657041 -3324464
-3388112 492103
4801754 3052279
-6038716 -8929453
-1704363 5915594
-912421 -6964739
5575573 -3874837
-1462525 -312616
-4935617 -9910298
-4402127 -2127272
7286251 1802165
763396 -5852437
-9080998 -9043433
5475693 5672694
-1375946 -9128066
-2452530 -5987774
-2979319 3967013
9535644 4159358
-2253743 -8177565
254382 -6503071
9048542 6041894
4683410 9341961
-970655 4624116
-2769830 -6779115
-6390035 -3389920
8412245 2828043
-508042 -9103784
-8147216 -824359
7364688 410960
-6200754 -155171
3857055 -4011258
2472107 1346716
8022426 3394088
5216524 2007751
-1978968 -4231317
4326930 -4529094
7329219 -2930425
4210043 -989660
-5252423 -3641436
2968644 -8559787
-3215392 -1642458
-8229890 -6102758
-4410765 6276566
9203878 6139246
-4015925 -7046077
-8540983 -6996876
4349840 2357482
-4248429 3931124
8455228 -5111382
657301 3484447
8955353 -3523740
3545835 -5015769
-3489077 -1199076
5159488 -9727770
-8287557 -6225148
2132394 -9355516
-5458274 -8986597
7289969 -3581143
-7441897 -7352686
8117589 6493847
9496971 -1457821
-9100339 9576607
3507731 -3636837
1251781 -3348768
-9864321 -5520689
955572 4425435
1926018 1607384
-9591692 7017759
7289990 8436942
4728146 -1915852
-1271367 1518785
2532189 -3139459
3279398 -4213289
-1565975 -177842
8832358 -1646147
6896032 -3448385
-3871778 845681
-274803 312046
6963278 2152305
-852031 3493330
-2081235 -384690
3739046 -9896459
-362348 2361136
-6685570 -3336293
4747855 -3072358
962780 8042576
7419469 5992840
-8220448 -6505031
-4166521 -6784781
1569073 -7270071
-718456 7182189
-1972129 -1534895
8777151 -2073882
2594776 7753068
-6237250 -1743218
388444 -8257255
4362638 1681516
-5957348 6643842
-6692451 -5999710
-6555715 9873434
7916010 571757
9080949 4407065
7902034 5335480
8550699 -9139499
6106783 6251865
3434055 119772
1101230 7904679
-4169202 -8538074
1731346 -7605267
-6832133 941926
-4798977 5494096
9691964 -3927337
-7283494 9563661
6080303 6250968
6124402 8540407
-8371484 9524588
3931653 4040413
-8107755 -9290534
4086319 -5649961
-9398095 -9557056
-6920931 193102
-1902218 4035960
-1985762 -3303349
-908616 -3555068
7386858 9745584
-2243968 -5224396
848267 -7412119
4667894 9964349
6215317 3564773
-5378467 748197
272786 -5143928
1412837 -3749951
-3040485 6720791
-8929169 3305082
-3735622 -8954165
-6244711 -8327264
-1774952 -8140201
-1443550 1853071
8298003 6239286
-1498778 7647835
4939791 -1798787
789094 -1226394
-1262045 -4211942
1869184 7973340
-1278462 7469625
-7674303 6490717
5257118 1510676
-1768533 3738534
9559968 4732986
-1704827 -8181350
6007738 -4175654
-2315854 2050462
-6096466 -5767214
2988424 6240596
-3595217 4717889
-7080897 -8510354
-7220395 3860926
9648985 -3775451
-5802110 1517560
-1012815 -5965479
-9474762 -4564220
6946456 -6170766
7567768 -1701292
-6968306 7694275
9512926 7127736
5468435 -6156781
5893682 5520664
2269803 5668933
-5574119 2313568
-2968543 -4741773
9264226 -6652983
7207943 -7533088
-1308538 4560183
-3922257 -626720
3407801 2889352
841484 -2418719
1410515 -3550609
4748100 -9695708
7998567 -8505364
1138724 296146
4139366 27845
8064862 9123511
4792444 -7450600
4862968 -7148983
-1890756 1734678
5081695 4410777
6877690 9889822
4450005 -5194010
4179271 8085504
974856 3044101
3141734 -2412928
4036464 4332692
4636984 7068601
8563237 -8699084
1597062 2635551
5179749 -7781686
-8658175 -4263572
-9197820 -4239037
-1388020 6134270
-9614700 5665148
-7407722 -762424
-872601 5466995
-9727015 9469968
7555472 6093756
-8345791 4452256
4555681 -8953320
5379372 4795943
1864545 -1407855
-106939 -7467292
-2315389 -7055866
-4837552 4006475
2259256 -7135640
-1374677 -3495726
5154896 3061436
-1273415 -246345
8991232 5540196
1007191 1318863
-6694817 -9365017
-754909 -6203472
765137 3377007
-3059961 899301
-4304756 -4679182
3912963 4835763
7368471 76141
3020276 6322376
328851 -4946918
-9566205 8182724
7203350 -7411893
5649544 -940882
1329126 2358246
-2101558 6892481
-9272304 320358
-6528307 1421985
-2265134 -5967121
-73762 2716784
-6383915 8500003
-6179179 6866277
1702040 -8172318
1903823 7733784
-3427488 -8413137
-3360055 7440451
5623176 6901363
2005823 -2926260
-1350789 2826526
7701125 -2344633
7064200 9978337
-7184953 8115919
-462095 7791896
4341127 -3713260
9003524 -210877
-1710874 -5732635
3649994 5135962
6963644 2109947
-7639917 7868386
9455249 -8616181
1340623 -1067405
8350310 -3904806
-4314713 9480151
2306677 356133
527852 4334498
-3170813 -7475846
-9359926 -2407948
7900300 -355766
5930974 -7305669
2483454 2241427
-974856 -2549150
-7413188 -9227420
-4601121 5191490
3059876 2066808
-4033020 -2241038
-792091 -4968523
-6356976 7307603
6787754 -2441781
7914353 -671689
6179161 -8389217
-5865062 -9041443
-1449390 -6991652
2652582 7291364
2502047 -3549090
1208690 -8900092
-1449242 -5014499
8274433 2750186
-2058323 -6346077
-1762917 6189664
-6051374 3517905
8549383 4204063
-5971982 3156535
3231106 -7807593
-5962930 3332124
4942908 -6338189
-5379631 -9783769
5740931 1594198
-8598086 -4312669
-5345407 -1606487
-7990227 3903961
1405814 5863283
-1386530 -6923117
-3269194 -7803401
8386263 -928501
-7410596 -2515758
4204657 -7665111
-1992224 -8861213
5847546 8232676
1564800 3755234
7417046 2400968
-4866449 9024060
-6865390 4553767
-9758902 -9125518
-8215653 -5463476
956837 -5104309
3275327 6310472
9387356 -7637349
-5440750 4405149
-6523352 8634514
-3881244 5461865
7796754 8582404
2237544 -9676586
1072442 8320882
-5407531 -9398558
3002411 -7362758
4177655 -7990485
6563282 652314
1526797 -171383
4365142 -679268
-3267225 -4172504
-7862031 7838331
-9799017 -9991898
-3070397 4041677
2676191 7276585
2738451 -7077397
-8494992 8794948
1634714 -6948443
3888792 3742552
4343994 -7292844
7860750 8481261
3007128 9862757
515072 2038405
-8132977 -7913238
-6076154 4558221
2902069 -1251483
9103200 656621
-6818924 5040038
-918285 9304183
-902879 110679
3033283 4274259
3069207 4351924
-80167 -2945357
3313547 -5296079
9927429 -6191375
4806238 -9826107
-9963349 7788179
-7657063 -9670282
4932832 -6931925
142648 -5790040
-4525171 8856678
-486700 -6955283
601108 -5421971
6398565 2694376
5321407 2199175
-3526566 8012038
2363962 -9128958
-2074315 2058993
6762914 4800147
1125125 -8760768
3929478 -793305
-3005125 8447715
8777434 -3517519
-449444 -662188
-3935876 3710266
2566945 9693204
-7262079 -5944695
-1366666 4596597
-2709027 -4144619
8054557 7548251
-1923359 5128732
5999775 -5472009
6586985 2956955
-2242897 -6074540
7681045 -4133749
5072947 8882228
7329943 -5873125
609356 4584174
-6078014 -1376271
4850348 -9840088
2369468 -7497538
-3442233 -2582707
4530242 -2376259
3479123 -2292547
-4744295 4337567
-533701 1533680
-1421977 -4151302
8805654 -4533926
-8092113 7681360
6063964 -3437243
7961337 2105284
6232159 -6346737
8237437 -2192368
6431362 -3158485
9517779 4675775
7178237 1281710
1215355 1887247
2027340 -6263996
-6040191 -4254403
-9916836 -4493537
-443505 -8268134
-2419435 -7934185
-9951758 650871
-1667769 -3613781
-4534672 -8043871
-3422235 6912547
-9434190 -6573335
1234297 -7190076
-7832209 1319599
-4004626 -2334341
1463721 -8314430
-3910831 5689963
9425967 -7320924
-9058975 8116509
-6377027 5902129
7633995 -8975811
5606357 -4304180
6346691 -4785440
1600779 5654599
127080 7195275
4107822 -417541
3009124 6704845
2031121 -2810015
8509584 6759774
6941785 4198912
-1599166 7021311
2711274 -1594493
1084583 4490003
-4877136 -5346406
-9444277 2025609
-4433850 -8737811
-3041990 8189718
-6595721 -8827493
-656542 5821053
3016328 -2478590
7103870 9470538
-1308265 9640503
9346840 -7370654
9389120 -9277144
-2561880 7856424
-2605913 6330906
-5263587 5838954
-7154691 -9894638
7275308 -1662652
-9637043 -2031826
-769637 7831031
-1462899 8445460
2134319 6188373
-5474221 -5542268
1979143 3994130
3464668 7542107
-301038 -8400635
-5771289 4672756
5395612 -954198
9418579 6134184
-5018558 -7166267
1189039 -3187334
9434380 -282145
571555 4034349
-7997477 6709688
-2942929 -6549135
-8103675 -6250762
9937612 5594173
-9948095 -3453004
-9458874 6979743
4521850 -5452600
8663117 -3477853
-8805097 6737165
8299319 5408181
1542365 6590515
1940600 234250
7046917 6523807
8758014 5645992
-319659 -1002351
8223690 -670431
2780434 -5800784
-2051546 -4719239
3391286 4676759
3740108 -9597582
7382161 3443192
506944 4281234
-9196619 -5579636
3673881 -829938
-5421757 4514636
-6378496 1973200
-7792549 -1363040
-4839233 5562104
1208096 1770720
3284721 -6081219
-4235298 3404789
120357 1508411
-694475 8545137
-4261752 8068812
987582 -7303189
-1343645 9478356
-3724057 -9113904
-4693540 9163300
-9150286 9595676
4110313 1496693
-6530107 -4572043
4064917 7731817
-4189727 8193696
-7519232 1742036
-1822831 -465278
5455863 5765490
9790253 3941871
2487008 -4423779
6161385 -904222
1792590 741609
-7263683 -2851033
-1964937 2965297
2128597 -987740
-8875711 -4142125
7354568 2978311
922620 5234602
-4517229 3340814
1534510 -5012463
-754075 1293044
-9172234 -3468369
-7702879 7423094
1364966 -1200018
4376203 -7912626
-6300495 6368326
-2890065 537588
202907 -1991553
-9026256 -7637395
1374865 754323
6612198 3102342
8597005 2499154
-9749892 -3516881
9823933 -7964022
-2976485 -4267121
7025924 -6125205
406426 6269441
-3791113 370042
9170024 -4780101
9823626 7573853
-3541468 -3937421
6600167 -6476869
1531578 3568467
-1552576 9319427
73750 2505322
8124016 2338642
-5162204 9202300
-4314581 -762626
1273352 7604257
-6662864 -4490648
-8099500 813219
9599012 2879412
5765807 -5176722
43178 -4192100
-6618247 -2547817
3514763 -133196
3389935 -159715
5925105 -7368718
-8049291 7437865
-7540461 -5627471
6711171 -5459189
-6256888 -9416444
-179070 4065320
-5814071 -571469
-2545764 3610634
-5576147 -2476935
2918830 -8128912
-3305634 -5977134
-7652882 -1315363
6136820 6737544
