12 -9582165 -2084687
79
-5889260 4922514
7264536 1357809
-1659762 1031212
6181875 199572
8612101 -9218236
3722749 4777
-4881474 -6239231
2438086 -4999930
-419195 -7187803
-3971252 -4688233
-4207204 2083053
8188854 5083266
6252228 8631602
1622559 7921091
8338926 6230658
-6330475 2054224
-6587967 4966018
8513583 3450413
-6350015 -5731377
-4949613 4695458
-5299765 4778438
8539208 1289489
6289559 -7664887
-4852690 -6506354
-1194587 8386716
469769 1176059
8775677 -2885438
-4253836 -8825025
9096066 -2455743
-6225084 -114925
-8060701 -48656
-5082637 9960793
3411206 7867684
-7863693 -6569054
642756 7061192
1839630 -2813305
992536 -2140657
194457 -7104810
-3611164 -2717905
8185163 -2141881
1550530 5194250
-7691188 -1345068
-170093 326208
7870465 -9428672
-7027244 -8557674
1393670 4161733
4122526 -5087945
5296092 6311033
2258331 -2466267
7111277 7432399
7135446 -7098913
-6723217 -8532741
-5637550 -1872018
-2073571 3471240
-8670641 -6732362
978240 -3888408
-2717124 2879890
-6793902 -4196596
8891085 -370864
1071462 3592915
-2245351 -8136159
9292248 -7534868
1292518 4393527
-8072740 4588340
-5462908 -6449151
8968289 1554889
3022149 4188890
-7683127 -7754928
-1767336 -99049
3168589 -7240346
-8612401 -437977
4958265 6663182
-7533414 -8813173
815963 680715
-5726369 3874023
5737864 -8112575
-5647442 -5455368
8938159 -2453535
-7865195 -1838572
