37 -7732761 -367393
63
8941666 -210586
-3132075 1126548
2513104 4382200
3065994 132737
6954563 -394909
-3060776 4348816
1144259 -2957557
-2957544 -927045
1229307 6042827
-6814786 -387104
-8994433 2290883
-6245700 -9712043
-3707590 2481128
-3089615 8563468
-9169293 7794825
-2415761 6542992
-9814108 2288725
-3329075 4452164
-5415099 2698996
-7695913 9736919
-3397913 4055817
-8901740 -8240336
832619 7746346
-3694475 -1859283
7753613 -7938074
4352810 -7992909
-7704951 1275532
-6243340 623462
-813070 -8896189
8898636 667045
9726389 -7466011
4822714 -3517125
3451391 9912282
2611278 4009991
-3736738 552645
-5391538 -2568282
-808618 2865349
-6871953 -4293278
-3636209 -9975999
4602279 -8050075
-6042984 6633757
-2090711 -1044911
2094903 8768417
9872229 -5817698
-2634301 3798185
6332174 8770865
7770093 -2907911
-2995629 -6328760
7681231 1221484
4290481 2132001
2080071 6460845
-673806 8898943
7122018 3787805
-3671842 -5029406
-3079481 -6514191
2635918 -9069562
-7598121 -6606113
-7837695 3061560
7243862 4496783
-1705032 -7965466
3321751 -5390439
1701650 7143495
3331087 -6391804
