332 4319020 7407312
412
8085111 4420979
8165614 7438756
4692264 8486931
3181841 -4687256
-7887740 -9549195
-6129537 7227854
-6450272 -4272028
8485048 6681757
7961621 -1775694
-8470084 4135513
-8706005 -5121997
2748444 -3970251
-2548578 -6577171
353050 7423513
1742533 -439814
-6018835 -9723286
7715471 -172355
-9169072 -7853220
9975876 -5075913
-4625108 4012770
-6243024 4604488
-9667540 -754645
8443464 9823056
-1952638 1333860
7985725 6405085
-8716911 -422721
-1876620 9279721
5218902 4031533
-6028602 5574802
7651340 8088304
8365019 -1769716
574281 -8367494
6295638 -1403158
3520929 1405209
-4582021 6271514
876002 1412173
-9342472 -8308693
-8485636 -6275185
5058675 9100992
-1977570 -7921922
1655357 3044401
-5159526 -8178129
-1630244 2295089
-2130108 -9940624
8147680 2341155
-9428561 8037584
9670090 -970949
142245 1145720
-7449071 -1517920
-5246406 6179526
-2408301 -9514739
4692920 -1854051
1870764 -9234421
2382924 6207284
801715 -3070561
9973840 -9594646
4743577 -7542928
-2731486 7330666
7390042 -6886667
-2029160 -2345242
-4307658 -1945925
-400522 -8941369
2204351 -4637567
3844513 9741724
5921250 -2728367
-9726754 1114460
9260409 6029302
6794881 4966166
-6310197 1131173
576964 -822195
-416841 -2992130
-535058 -6932843
-9602177 -5673264
9956422 -750192
6904566 304218
8358293 -2072738
-1014106 -7403091
-9524306 -9525877
-9784153 3706597
3494582 -3163441
7951019 -1346550
7199104 3767828
-8749653 7211428
-9141047 3993985
-6828209 7456502
-5535628 1435918
4503075 -4728698
-7885609 -3554334
5695475 4900898
-4794884 4587165
-7485573 2600041
-2286698 6079761
6553885 -5983327
239623 -1811004
5025556 -713916
455886 -6265795
18386 2976575
-7295644 -2345010
4165328 -6214915
-8758413 -6436691
-2484421 7337119
5124773 8222311
-5332023 -7981346
-564095 -244484
-5657319 2879804
7996198 -2842627
-6762865 -3142891
-6609866 -4290500
3898497 2307372
4109808 3629757
-119685 -1075947
4416980 7082047
7253389 9898701
-6316214 -362312
-4282650 1418717
-8727812 7441725
5664036 3232929
-2232064 -1086686
8668830 2848365
-4271830 7203841
-5638786 -6988488
-7615027 6240720
-8049780 -9885299
-5061575 8291459
1921217 -1634931
-194526 9048234
-1353367 -8198468
4216585 -5777545
-3623505 -4099978
7318740 416723
-2141552 2093845
-4673225 1107280
-9979406 6038836
-1112799 3094711
-7185096 8689425
4217289 -2868277
-6627557 9692470
9807172 6602262
4893721 7839016
-3795915 7261949
-1173465 9331290
3649174 6009560
2748367 7473168
-6626809 -2134241
798834 9124862
1218708 3208283
6831915 8657282
4696118 -938165
4672898 6852510
-1941713 6099672
-6768605 7487802
-303376 -7724424
1394190 9120191
6959207 -7979852
9282098 8804263
8135554 -6836708
1689204 -1891367
-4418198 -5698920
-5316808 -5562429
6078786 -8528655
-2804020 5482026
4139309 9813846
-1124319 -5972105
3396757 -8648221
7451451 6064931
-3930915 -8544956
6246972 3199199
2319390 5765709
7785858 -2358838
8961778 -721403
-5041759 7067956
7692941 -386316
3914764 6647446
3601369 5791095
-221208 8597956
-3403665 -319845
-505999 6974772
3519020 3251996
4603775 886034
-3049035 -3084223
-9112826 -5428421
7770778 3020050
-1214240 7134146
7291661 -7393480
1885117 -3428382
6155926 6253439
8383475 -640290
-3992844 3848867
-7843685 2298239
-6587452 9608526
-8194967 1935107
-1090120 8883
-6739121 1299035
-7814931 4945252
-8138971 381006
4952585 -863965
4672437 5264555
2398702 -4760285
-2153765 -6541803
-7453833 -7793285
976506 2247704
-8392585 8702093
-4932687 -640019
4174572 -2385429
9739449 -2776372
1675087 7587120
-2403997 -8455517
-4640130 -9415033
5530219 -6626766
3754241 -9938709
-8286322 -92399
-4827844 -8776822
-3537106 6386116
9844313 87210
-5189723 -3174519
9073186 4906833
-3874722 5786783
7663116 -9319399
-9188476 -6291057
932571 1837689
-8058839 3067326
-2871839 -7392341
5708978 -7946483
-4573249 2488031
2549322 -6244450
3663151 1697344
2920523 4263001
-6834531 1351659
3955222 9383417
-3791102 -6990218
432967 8765499
-2931365 7798436
8479037 6558246
-9732811 -5268249
-914208 1806914
-5125760 -6283887
8840124 -6456694
-4403177 -5481247
7006784 4549102
821004 1023574
5237271 -7927542
-1148189 7000507
-1647833 -1842206
-9942437 2017280
-2456585 4823741
3589240 8782813
6581250 7976382
4534628 -9342125
7905979 -2423361
9383553 4801818
1034283 9508123
-6948571 6774145
-8707102 -125593
6939861 -1351748
2188179 816034
2888493 -2239134
-5238627 -2574550
5583244 4256656
-3726063 -4370108
-9546367 -1842841
-3060028 3817352
-5689914 -3440774
-2782899 6037574
-6385786 8844715
-3837115 7639432
7147556 5514119
-5195383 7197168
9587927 -9801015
-8636410 8613867
-570098 6527788
6805006 3551769
-9022781 4834747
-8392245 -8433620
9712624 -923185
7233974 -2118308
4215396 2682610
9241836 -5826054
2727873 8525483
-113450 8975289
6614722 6342087
-5627442 6049435
-4237045 -3721370
8993967 -8306473
-9692605 7867234
4395022 -9642443
3909326 -7746351
-395252 1200029
-4717239 -2597103
6479712 1212503
9094196 7511737
-7289301 3713686
403985 -4174056
-5648573 -8047465
3444177 5648210
1990297 4237977
-7196236 -7424749
-1146119 -1120793
572735 -8916929
8950305 -2152152
-1794594 880130
-4349869 3345328
7061709 4631084
-7966018 5254879
-3532618 4860822
2372559 1030046
-5256267 8077930
-6096125 5083259
-447854 -2335930
-6687720 -1744698
5009632 5512675
604278 -2181071
-785512 7813396
1412820 9458159
9822360 9787223
-6816295 363125
6224805 -9455882
-2308446 -1166164
-5911285 -4197134
-9336312 -274464
-9244417 -6927550
-8849620 -4447400
3152211 8015668
8196090 -4945745
-4174090 5220709
733385 4024722
4360003 -9164458
1165290 -8662337
3312175 -6425509
5878067 -7421890
-4542412 -4349113
-3804995 9061772
-9588039 -8317607
-2514740 -3597089
6128448 -5499324
-9910522 -9334700
-3782100 -599617
9932403 -8760141
8810466 9370111
-2892827 644845
7185919 -5363624
7988270 7840558
1694573 1545922
5120413 -8330087
6764375 7523100
-6826013 -6485168
-7423395 4738315
-1062939 -8114656
-1711744 -7011434
-9994406 -1061327
-396027 6933056
8849791 -9904927
-8665068 -1661774
-2291663 8782194
-8056609 2661750
-185521 4815510
-4827580 9129310
675232 -9680899
-8010986 -616654
-3093554 8311997
-8173170 1269742
-3991943 80434
1965778 6919787
9908353 4945118
-6116209 2770386
-296558 9913947
2525372 -3995883
4342343 -1446767
9851779 -3623344
9038407 4567032
-8101105 4311522
3440832 -1147114
-828013 -2928685
6454661 6632416
4944414 -6322646
4947096 5877460
-4042106 -712404
-3792617 3471505
-1583376 440024
-6789589 -3884264
8546035 -5183233
820884 -4569795
-3500209 -6412240
-35584 -4836773
9730260 8867922
3179445 -8480825
-7111587 -8370845
-8783178 9136629
5769046 2060401
-1745893 187836
-3934704 713460
-9998944 5717555
-810940 -5460458
4979566 8724791
-5159473 122036
4938804 706329
-1347113 5902914
9490674 8276040
-6560732 -2330970
-3463048 -8028557
-6509382 5685880
7315035 2232749
1369379 -3620968
955785 1048209
-8763955 -2861575
7851885 9209892
4927447 -2698659
1840883 369293
-905916 6632859
-3245104 9336802
-7440517 -3549037
4870229 4210052
2486092 1212370
