286 9426576 -5426301
514
8114598 3601623
-8641030 -3693911
-201144 -4265682
-3759671 -4552811
-6363621 5609738
2572167 9538492
5361644 63000
-4403341 -3736786
9777679 -8727813
-4637697 -7919502
2845811 8343908
-2004756 -3462154
-1203077 4709511
-8701248 -4929905
-5503328 9950437
-3931588 -4127549
-5305107 5127622
-9138060 9943734
-4609077 4493749
103487 9618621
9157113 -8456345
1606655 5192007
3971573 -2964890
-9176351 -280334
1800165 -3734396
-5390487 -3814048
-4759849 -5354024
1871839 -4878891
191205 4037074
-3496137 3170591
1559395 -2795771
-7668149 -4911372
-4967638 6254288
748037 5710143
5328765 423286
1966941 3367877
-8923764 -2997770
4037340 6089948
-4190385 5047809
-8686586 4860990
3563294 126132
-2711540 8439279
6076740 8803445
-4643128 9160299
2330891 -3732055
-4011474 -5622913
-534285 -6109714
-9855426 -9163271
6546873 4498078
-5078636 -6591037
-706808 -5608010
-6089428 -595343
8010957 369428
-4582762 464265
-4674745 6336924
-3536944 9247004
202635 1404901
-7275301 3751516
-4571832 -3720625
2547321 -1918429
2458658 7759059
4165697 1052199
1888929 -8075626
-1061196 -3173377
-7248062 -9047846
-4655856 -3623480
5781177 2045131
4930911 -745284
9718981 -3691514
-7354589 2864501
2111505 7560588
-8518158 -8375181
5376336 -7685860
-8890132 -5793459
2288112 3320856
-6403733 3657189
7225740 7263122
1703848 7761964
7104939 -885331
66823 -9357348
-2980828 9856877
-5581640 -2072681
-301612 5316701
-8374812 9349272
-5269875 -8066279
2010662 -5729401
-4104582 6841631
1672123 3492504
7699045 3788106
9625314 2781991
8955532 -7496491
9766631 -6778419
3499897 -1302375
7812294 1470480
2113132 604836
-7021934 -9604530
-1677211 9132305
4449006 -2603574
9262050 537529
2471251 -1409454
2861145 -6007824
3350159 -5518087
490769 1272916
7577374 7538634
-7163022 -1810186
693323 7202689
-9575730 -8207490
-6993513 -7023694
4446786 3924168
7045356 -9181218
3730604 9076271
8208576 -9976578
-2580151 4569745
-4892725 -4826066
3764481 9198251
-6809573 94878
-2906857 9141978
-7068754 6540586
4079221 7583912
8290078 -9491379
227662 6916199
1225061 -8500247
-5523941 -6831716
7092452 4231549
-2433317 1439198
515469 -3345839
-3322417 -8702713
5867032 -8759603
8930683 -3386216
-4187964 3490659
-6414463 -4788484
-5646505 -8481185
575754 -6804968
-9221056 9801093
-9690286 7171327
-3396122 1585374
3085127 -6946272
-3777987 7828939
-5423160 77539
4033089 5830817
-7515022 -5340125
8473514 -5451442
8305307 -8321086
-9190950 -3143101
-9652442 -247658
4963859 -3378914
-9343746 6449448
2160832 1833706
1634799 1232008
-1596665 -4543871
7041503 -5539134
-2485406 5007213
-4647496 -7357017
2720522 3736607
-432575 -7554303
9621924 -3246389
-6181479 -5431245
-3752331 8095439
7468690 4640180
-5607478 -2943280
-3805842 332600
-3217952 1872733
-6293561 -3149588
598772 1459233
6915362 5341239
2318457 1518459
-3474328 3956865
6599848 9833051
-3913989 -5605471
9356578 -8163278
-8893315 5653436
2738543 8978502
-409707 7441558
2081738 8986213
8559285 -2941017
7391584 -1009387
-9136654 -5246557
-5879792 6689984
-1850783 -5430214
2427377 -2764668
8753792 -4935421
1537797 7262186
7095237 7795816
4706697 -9346003
-7509280 5697600
-6132612 4063275
3041778 6113757
3555316 6605932
5592145 -7367929
-7792593 -4362946
-2855981 4151430
1421225 9598991
6288975 -1992634
-4906496 -1942215
5293118 6954545
-7980876 37233
-2700581 4046910
-5640922 -3926727
-3272729 6911008
2608609 9065776
3129051 -8265657
7848100 6475997
3081929 8687181
3835605 -6080232
-7926825 -8809574
-2141792 6043012
-1841645 -782806
7224560 1795786
9853571 -5552670
3918227 4834416
-5128351 5146689
-8290049 -1546296
4526977 -5312580
-8401571 -3930970
7651158 3770600
5504943 -3276610
-6800613 780209
-8016257 -4130604
-210836 -1202331
-11905 5819348
-5621288 1862339
-8920466 362656
-7841558 2537067
-499251 820446
-4345137 -7987987
-324945 -6581023
1872681 -6957136
-2269715 1385006
-29612 8916010
2686611 -671286
6052104 -9862102
-6565540 -1808446
4060950 1767843
-9434488 -4581797
3753903 6366467
-1771194 -6930040
3432616 8132615
-6813966 -8175308
2645139 -1892590
-7364225 -4796865
-8861536 816354
3859218 2310830
6212189 3011145
-5556492 -8410497
-6565431 8698929
8836828 7130119
7838025 2003025
6287221 -7728712
-2310509 -5584672
-9218205 6852733
2439045 3959746
-5391287 -8473047
-6648354 8388013
-3504577 -2205253
-4485766 -1486863
9329491 -868801
3958381 -3347301
2180196 3188709
-2705435 170570
-1130500 6623704
3753823 -6754514
5248512 -9777320
-7506032 1591849
-1476471 1535733
-9095182 -7300189
6659557 -694676
832277 -4139784
-5751771 -8731730
-8420631 -3299725
5213412 -6739995
2391204 -2906397
3746302 4542903
-9752035 -3650415
-963492 -4073501
5066555 -9941118
5820720 7906008
645040 -1179621
2928580 -6414416
-2362331 3139008
5838819 -8547891
-6726215 -1457512
-3080944 -4985272
-3717002 -3377586
3322690 1167285
4427290 -9621281
-2527678 -1463898
5595358 9334846
8200784 3734977
2177828 -1640325
-9065091 -2762708
7659652 -2755617
-1418886 6755629
-9658786 -1695308
-8556300 -8490306
5478155 -2021117
-962277 -201129
4813599 1268292
7890707 5956779
-2875935 3612949
-3491980 -6270251
2265851 4067707
-4081094 -3503306
-9768329 -9622439
-8746412 -5880310
1356982 -5074149
2170235 -7811503
8944127 -8467014
-162322 -9248651
4777396 1801693
9780576 -6202270
-3887047 -7228097
4040196 -1181700
7291431 3442904
9572205 -5552745
-1822996 6931848
999556 -3919775
2576919 2959207
3336769 -565186
3554504 -4675057
250794 -2893291
-704793 7427838
8960824 4937381
-1794917 -9244314
2557379 -8685146
-4887416 5498831
787086 2337955
3672607 -6258111
7184793 7343634
-8209111 964039
-9587761 6756998
-7162777 -7515755
5443453 -6071853
3362961 -2069506
3255437 -8703426
-1596717 -3082535
6861655 6022584
-6523683 7698490
970528 5822479
7137333 -5802248
9696583 -6472093
5865863 4766269
8508158 483670
-2172696 -7945178
-4464787 5692951
-5033699 -7865454
-5381209 -4052547
-124400 -2196476
-1749629 2578596
-3608478 5754914
-7327621 4022160
44744 4794806
-4990352 9534035
-2127134 -3962586
235166 5980177
2024436 7526552
2292821 -68250
2931772 -2109701
-7538526 -6682668
1526635 3275428
-2073674 -2003313
-3539508 6492937
6812813 -4938530
7640066 -1147555
-5392641 -4936816
9085345 6547941
-6140901 9796090
1846477 -8353559
-2316145 -1131253
7365276 9719344
7245896 7919022
-9632876 -610287
-203636 -7944931
-4627599 -4184752
1607028 -5225810
-4712770 -584611
-4091674 9533355
-5405175 1747722
3116519 -7278861
-9699324 4751243
1299184 7723878
7519969 9386021
3548814 5158283
6543383 -633554
-8397858 -8767330
1668044 -3574989
-1668924 8848038
3419460 -5448480
366768 8127441
5417983 8791861
-9276398 -8026204
4023503 -9294787
-5030712 -3368072
-8130580 8618328
-4114076 8085807
5809686 -7829904
4072469 -298540
7376096 -4153993
-2271195 -9862365
-8629695 3919479
2860842 -669052
-9304662 -4445299
106221 -8808081
1835712 4114798
-4576988 2989341
4963138 -2746305
-9524739 -3853386
-4705105 -1013359
-9878678 -4555451
-6469644 -2835685
-8149237 -3992754
-1774942 9340042
7702401 -1560416
-1422781 -4398846
2036985 -4568793
-2721493 -7536123
-1981422 -5102172
-3910253 -2026155
4604996 641152
-6369507 441811
211858 -9971992
8690974 1109983
2612977 687119
6131668 -6014131
1150184 2734299
1257897 9662025
1518419 -4482701
3956883 9482955
-4915890 -8262827
-2831620 -7465897
7514332 7121095
4535275 -3036761
4937084 -4467090
6174062 3141374
-6416815 -7941568
-7913560 9804556
-6569109 3795044
-5517837 -9222585
-5236716 6043868
-1221833 3130184
2792209 -1570179
3947120 2552416
-5448276 6826980
8564153 -9579644
5470811 -7847814
1789633 8248885
-4787876 2985143
1034405 -3675091
9466283 2665561
4723993 -2791532
9529376 -6950531
-639135 -673214
104201 -7039733
9004136 -3640620
9489564 -2616163
-1669990 -9701345
-4632576 -5201875
-8374894 4793483
5213839 -80852
2071334 2705611
954497 684650
6186145 -6139033
-7297772 6166621
-8651466 -2779450
-3054630 -7831488
7734333 6072528
-4600686 -3525254
-8048634 9611550
-4029070 -1980133
-2079944 3471854
3770509 7976847
-7225028 6250067
-6440098 1654285
-8426567 6916430
-377958 8773741
-8025257 -3838881
-7461561 3092891
-740488 8160888
7897790 -4759333
-2590821 -6875601
9196927 -5156839
-6165741 7659864
7271414 7112593
7648812 -4214375
9257479 -6757655
-8780808 8085220
-3148361 -4455659
-285022 6510516
-4056701 411541
-814718 1288412
-34117 5565341
-1341768 -6323623
4353617 2504322
7744990 434096
3558495 2251408
7094569 7670521
5330386 -4728226
4900719 -9071172
9230806 2601800
-1639503 -4934117
-6848896 1004637
-934670 -420311
8606558 2743
2930637 8780309
68721 -5450143
2631550 4632271
8308649 -9965396
-4944721 3806134
6756582 2662266
-5086326 -7199731
-9529210 -7168570
-9380444 4524595
-2030224 5801176
-9080671 5520276
3102511 -2799418
