218 3912774 -8205111
906
4296611 -7593951
284000 -925965
-8801888 -3709702
7370470 -6970779
4308781 -6694751
2453351 4137642
5603617 4298678
-7637694 -5754534
1780012 2852470
-8651000 -7344364
8590866 2168836
2873357 7049567
-1352810 8520078
-2270810 -2746961
-8834187 -3693905
-8771504 -7959569
1114467 5462425
4269075 1512496
4541717 -5171069
-1865820 -5844102
809892 -8633149
5665529 -9412469
7349349 -3586491
9265980 8027835
3199823 -8354286
3814550 3131332
-7302749 1790689
-7172881 -3312093
3940946 1344441
166888 -6927339
-4886907 -2376888
-6914463 1395384
-7092119 -1256088
3572843 -129036
4026862 -34050
1332801 4223376
4810907 -5163245
-6233384 -3001670
7542517 2160257
3805971 5548948
-8803367 742340
5049381 -9863127
9341132 -6106116
5238326 7876501
-9050838 -4201569
3421543 7921566
-683049 8578607
-2677481 -976568
8894396 -5258816
-2776514 3411715
-2364909 -4562389
-7209282 1072640
587322 4962350
9638959 9073686
4622635 -1870160
1388532 -4038718
8614507 5819268
2229504 -3562086
6830767 7955640
-6245929 9984182
7905749 296281
-1125111 -308034
1231750 9739052
6996588 -1286240
4641827 126146
-1919891 -5779926
-2190934 4793270
-244379 -6612821
-7539134 8396389
9042581 -8089068
-9611433 -400147
-4580879 -7052535
-614621 9003074
6958714 164977
149160 8732498
-971220 3229137
5437455 -1945091
-9689687 420021
9133781 -3330795
-688296 7306901
4043327 -3708039
-8914769 7391813
-9221007 -8147606
2765135 -6642796
-4731863 5756211
-4643936 1807716
-2728467 -4343296
-5340222 -6708463
3456514 6656913
-2094237 4134845
-2636018 -6394326
-5823065 6934543
-2645436 5317790
-8013005 -5512752
-8205851 9004698
-4703341 1298699
-8793135 5837477
206223 -3618110
-7744553 4502210
-7225227 -7028642
-2704574 -2476416
-4303360 -1869163
1422374 4566959
-6259776 -7127230
7007615 -5121112
-8999085 1645988
-8903117 6887950
2205740 -4822150
-334901 -1548552
9972498 -3290913
524139 -6024400
9813077 7785509
6683751 -5752644
1265918 -7464348
-4492990 8939198
-3537218 4040691
-7828472 -4681212
9885748 -5324226
-2451455 -3889746
-6494506 -6374028
-2211688 -5443840
3960462 -5493591
-315740 -1114804
-147004 8682554
-4608358 1865711
5841311 -174506
-9872645 -1567867
2679489 -1829259
706393 6811106
5750305 -6054593
7986098 -1270244
4048544 -7786913
9405214 2673978
1300584 3934292
76617 -3046241
-5973729 4806078
1828840 381281
9266477 503086
-814360 4029452
-4104837 -8364175
-6022329 -2906366
5525767 4252826
-7576433 -5894974
-9083867 -1794744
-5332985 3129961
-8140283 6666438
1395877 5169465
-9640205 5908261
-7641094 801091
7754850 1660379
8982810 -5048125
5333156 4297474
-5199440 811650
-5158898 4599634
-1248189 3986200
3596187 736265
7505443 2729483
6834509 -878046
-156437 9929011
-4424676 7750642
-3066568 4510578
-319956 9951393
-1623994 8329310
-8353247 -7443809
4216571 734912
5686787 9401604
-3784570 3199381
6527383 1019944
8135930 1015990
7518542 -8631515
-5378898 -3112259
2133576 1114729
2753036 -7873455
4571908 -1031914
9235080 -7403401
7107177 -9852768
-9901375 8684865
7014175 9303573
-8140235 -1525368
1725896 8660928
578884 -1407312
4308421 -2587316
948980 6794314
-9673344 835804
-5279359 -8398738
-8994645 361551
3992632 -8141905
6500992 3138932
4623370 -3254332
-657733 1072901
-6263515 -3625198
-4940333 8965797
785722 6351463
-5173905 -7926158
3251123 2645487
3754527 -931657
6481027 6346359
-4342974 -9420700
1415104 9946359
-8452379 -4016318
-1138415 -1347903
-6973456 -7447023
-1791739 -7145782
-400114 9527537
-6883210 -7168369
-793567 8942154
424303 -3146725
-6795262 4266101
-1143705 -8789975
-3628135 -9452815
-384471 -7892582
8453778 -9873608
-9294307 8612908
1075620 -5889196
-7389162 -5362851
-4194401 2623241
-2307430 1472424
-3157006 -1167857
-9123968 5900831
8732462 6442880
-2098614 6509174
-6637550 -2061104
4721349 8325689
9535715 9083540
2147078 -6422356
8201415 8423932
1066676 -8237393
2891867 -828455
3282349 1772369
-1074129 -6032513
-892919 -1590461
2398315 -2752178
-1403683 6799651
2700483 9241309
5684190 -527650
-4018476 -6050703
-5595455 6101928
4427618 -8139674
3460219 9125894
5219891 -3520315
7419969 -4392703
9886256 3421306
-7407149 -1513355
2775367 2778123
-738037 -1608448
-682557 -8298762
-8534588 8369044
5168695 -8284241
-9042932 61729
2050431 -9614470
6851180 -842390
7775891 548308
-5075014 -8744275
2897972 2203509
1199546 8385205
6508854 -9365785
4055521 -1380485
-377488 6395110
-8310414 -835276
7556276 -7602121
6615469 951549
-8163055 -3126281
-8894170 8080881
-9341037 -478008
-92477 4579251
-6263139 2709394
5774054 9275055
3047132 -8487248
-3767387 -9300959
1600598 -4054896
9095671 -51489
1084378 -1890547
7020915 3151192
4832268 -9293109
-6895230 8710501
-7821598 -5095104
-5705032 2236592
317473 -5984653
3537340 -4599202
9980049 -6507212
-1281465 5961215
5236270 6233263
262367 -5507411
7707982 -1716598
-3255141 -988667
8959844 -691419
-65614 8356882
-5975573 -7439425
5783818 -3044699
8182155 8856695
-6238408 1404940
-6358468 -9639443
6892257 -9427088
-4026290 -3524642
-31854 -7054051
8907164 8470112
-2780273 8686681
-6820729 -3340214
-2540460 7482094
-3506573 3403605
-7287814 -3279249
-4922366 7969624
-9469801 2646572
2118226 -897939
-9524892 6314017
-9764691 300381
-6822710 -5763300
-5190388 -6123158
352200 -9930453
-6984504 -6700325
-8230213 -9679654
1523380 4439012
-8901202 -1010486
8987960 -2780997
-9377392 -1441661
-2204558 -4518612
-6548988 -6665205
-1502281 2873076
4491489 6497563
-4672068 -9384055
-6567322 4966598
1719650 -4436759
-559917 -3390031
9195868 6529263
2345290 2308635
-4854666 -7788635
6650377 -3368571
-1862705 6668714
6404069 265528
1340219 -2874745
-4877005 7026677
2877824 9135661
-5474910 -8909641
7587922 -8624456
4507841 9016579
3983177 5432206
-9004552 456872
7066841 8219180
4748443 -7048117
-2223129 6262709
990426 9610085
-3758486 2922205
-7892729 -9842844
422684 4378809
4020416 8511340
5538017 4279255
3414916 9143412
-9766229 -9067806
-7692262 456358
-527062 338046
-4229748 -668069
9788803 5972467
4191647 9282052
-7766064 -628004
8151058 -8543558
3582879 10807
5449364 -8342164
-8185008 9824393
-3280446 72987
-1415673 -5245972
9033283 -9260029
2399735 6638696
7570890 -5035448
5420910 -4850142
5487904 2394980
4243264 7410200
-4100980 3774509
3056561 -3451581
5920416 2607019
-3420186 -2193151
334008 -3412174
-1754338 -9837307
2503439 8299724
-1627289 -7422993
9847387 9222993
2479316 -526610
8628439 8880671
6361575 -5120949
-7454738 6199329
-8889338 -5701163
4225390 549518
-5675973 5353926
4418697 -9875590
-4752219 -103059
220142 -7144535
-556709 1827595
-5493359 -9445849
1370227 205306
2782313 7010080
6233073 9742939
-783671 2629700
-5973277 -8771258
8624145 -2155232
6560450 2904650
7203488 -8830593
1718926 187464
8057742 1428878
-5930360 -1440695
972598 2476439
5331905 -8166227
-3822279 -8807259
4263244 7291548
-2503146 684362
-2305558 -4366529
-4623590 2795519
7941572 6443867
188961 -2890908
-2529788 -8031705
-2610702 -1186893
-17486 6547014
-3265522 -5407214
-1461984 4217792
-7222902 -5207780
7268660 -4875992
9474133 -3733952
-2541211 -4883083
-7591535 -4348146
6336216 -8277967
9871857 -7578328
5217191 6547010
-4492770 7764619
-5126289 3158763
-2356589 5696191
-5490702 -5139724
-8592710 5032709
2141847 -2991835
3742309 -1858231
-4549659 3196215
8320223 6519407
-7214544 -7280999
-9647730 310708
5962563 -7239403
6998983 -7239264
7698760 -5184869
3878494 6870840
-2848189 2915951
8591067 9385724
-2401733 2025523
-597849 -3765522
3783539 -5376082
-5851565 809441
1467562 -4074614
9121601 7890744
-3073496 6917904
2153257 -41824
-9731116 -7771688
-5011091 2505528
-2217384 6231447
3562931 4504244
1375084 -4518624
8397327 -2558575
9343501 8526896
-6931229 -495254
5739224 9458120
-5917962 -5012726
5796715 -477237
-2035499 -1769527
8637570 -2735722
-5817818 9602454
-439370 -4435926
-2207614 6335439
-8642681 -7654133
1093666 -4702353
9801892 -860065
-2862337 -5343403
2098022 -6306672
4736576 8051343
-2443911 -6042125
-6584004 321699
5308973 -6704686
-4665571 -9985614
-9238788 1105689
886319 -4184717
-4582263 9398782
-5037144 -2415147
6436644 4978368
-159413 -4728406
569241 7793964
9450251 -9065747
-4409149 -7112515
-3419186 -3412085
-5360742 205225
4163101 -8682610
1639090 2195347
-1992987 95449
109835 -3051937
570104 -4142205
1673078 871047
269829 3972775
4073980 7090815
-5414465 -2250963
-4463017 510625
-9179059 4426122
-2123272 -1377423
1510062 -9728808
9375459 3467579
6189156 8090876
1924619 6531069
-1273583 -7131391
2964058 -6436291
-6971876 -750218
-2376071 5590246
-3538707 -3885419
-9912644 1813359
-1095825 -752525
-487136 -3322311
7188314 -3993938
2948537 5049848
6188777 8009255
796799 -9174735
-3190804 -2301161
8306068 -7311389
9219680 -7001648
-4133038 230687
-3689252 -9537551
-7771416 1347372
-3062382 -661128
-2030195 -147487
-8334127 -4084736
5162739 -9426486
-2748797 -6913600
-8391186 7191955
-5241845 -5560483
4965124 4557351
-2101032 -9053068
-1354228 8278275
-9033114 4708164
222869 9468192
-301121 2702919
3165368 -1393817
9953555 6009627
7864851 5393952
-4753534 9407526
-4677210 -4165343
-3591829 9428691
-7484909 3001881
-7289812 3659374
615243 -5876095
1197609 -2531656
-1584724 8096719
-1108654 9096577
-3678906 -422600
-954408 -7625415
5077504 6543963
-4849854 1260823
-2729550 -1757128
6153177 7620053
-456069 7651654
6002663 3915995
3344686 -2616927
-9615046 -7589166
-1413440 5859777
2500034 -6904857
563487 1718155
-7668774 -6302357
5310573 1495115
-8927484 1222572
3597157 -8368333
691982 -7365540
3895284 -1325339
-566114 5842128
-4021467 3682086
-6149908 -4412937
2019410 5522465
-7094462 9852755
4779941 -4635904
3740225 5806845
1418340 5882853
-2398992 -3759741
-7545745 4498179
-4006706 -7551414
3671159 281180
1912847 9582162
-7783377 9784668
-9024318 -7395171
963309 -1371741
4826697 -7074080
-8970665 -541806
7497011 8676790
8529545 3048745
8412841 -9597450
-1274253 3309487
-807660 -5330582
-6573971 -9855913
-2841382 -690299
-5725361 8396636
-1322184 3151912
-4749573 462150
246819 -9409337
5711844 9983402
-8871987 -6261147
-3335227 9191505
-1350300 5954710
4631500 -9789540
3259205 -3853289
9065613 3161046
8986885 -5811602
-8625832 -9692288
2968151 -9304423
5278 -5199803
-6803166 -9873231
-4204966 4279918
-5257932 1874650
-5018334 -6438187
-6454785 -2494761
-6239556 3209862
2401368 -5326772
-9372062 -7058431
-6847971 3567420
2230483 5259439
-9063163 -1072414
3115984 -6187551
-5879839 9923722
-9380701 4490152
1806702 7088313
-268566 -6859070
-62800 5003536
9394538 5526468
9088281 -2804380
-2782788 -5623796
7586067 5149848
9823076 977656
3919226 -7496213
6071207 2967367
-9256842 7071255
-4001158 -9181958
-5369509 -8320005
4120069 1631178
8637683 -1249347
8355318 -2744280
396650 444385
7964273 -9396896
6129573 2850202
-9954177 7358811
4251368 -2265794
-7115945 -2736965
8240691 -5646213
9373926 5223483
-9292798 2159917
-8252475 5445133
-1220473 -8549640
5646707 -2253633
1893897 3410019
4677024 -7716872
-461151 531580
-9024035 3032342
3635446 2451851
-4697946 1456590
-8668246 -7718629
-7468070 -4652123
-4872736 -1900526
2453261 7932337
-4327828 -6632045
-1955775 -5656461
2305024 -3620625
-9653913 -208250
54469 -8915449
4494570 -1490853
-6691373 -8051634
2479947 -828406
4720288 2847476
7815680 -4027736
-54793 -9127913
5669810 -6882266
-9018037 1276961
9376435 8201740
-1349571 -3890773
-8006466 -5653952
-1310413 4322602
3218329 -7445889
2345861 -9005389
-7920838 -3919232
-2893733 4916682
-618599 -909915
8261679 414895
5778723 -8138652
-9650036 -4501680
8886759 3594403
-771511 295171
4088484 4556569
-4725338 -7273196
-8647617 3464919
327319 3925091
-9235955 -6654082
-4099971 1533258
2527869 3982374
2579495 762243
8195277 -2876616
6213469 9685762
100657 -2423322
-561974 -3008500
2489820 -4120619
1990136 -7695657
-4884134 -6107069
8449501 3734978
6461782 9204351
-4814378 -6275837
165606 7814166
3676436 -1970706
9562552 929652
7428378 9576465
-7144940 -5393226
1730158 7873
-306364 -8949662
-1372984 -9540021
-2548521 9794293
8190026 581395
-4597910 2457652
6350583 -7303485
6431493 517956
-7761341 -2683564
-6443049 -4590373
-6776207 -2575718
5453576 3722558
-5347790 -583419
-8490601 -2467520
2139254 4596940
-5395186 -5635541
7931149 -6130588
-5670609 4298450
-3390905 9074518
-7827735 -5702777
-728773 7315474
-9988011 -2425645
608663 8138162
-4545401 -1040166
-3114187 2847323
2787957 -988450
-7265892 109607
2042540 -9242115
-1709635 9902670
4499611 3551939
7916399 2945972
6815384 1620777
-4080773 -1636100
-2561582 3661128
474703 -4955326
-7639852 -389317
-298610 9745930
400444 4888489
6364675 -9689946
-4326271 5855043
-5133406 -6749511
-4123552 978038
-5747725 -9882946
-9980275 7918988
1470928 2542640
-4511388 -2964312
8656465 -8096321
267579 4820349
-9002171 7092044
4653070 222350
2349385 -6011116
6251166 7013219
-5581940 -7949224
4877182 -3348390
-7493346 3299088
6549577 3067263
-5954699 9889600
-9993346 4942377
-4622283 -9186072
3356568 2542731
2094771 -635003
1268676 1361533
8698234 -6732412
2875984 4052608
6791310 2212415
6201299 -2470945
7058626 -859305
-6292177 -5031183
1620427 -8523314
-2707874 1101357
-5831380 4127081
-3466967 6358055
1300432 -9269727
-8455799 -3460312
1598771 -805498
8559499 -2582878
1295007 -6306457
9477483 -7655472
-1086512 -7490407
4722008 2353468
9882523 -4295202
4845493 -6560341
-1591524 6941149
934187 1069669
-7828974 -9971097
-3327663 8226314
4584369 8855999
2102624 -4278278
2261410 8401154
-2404344 -3836822
3580300 6376534
2586429 -3844845
-8983965 7391659
9901252 2063912
-5582620 -70477
5634321 -2860388
-6904377 -5700097
-8758948 -7003833
4065836 -5979549
6565706 2175240
-7082094 -1246786
-2390787 -6761957
-8523882 7502275
5903429 9711838
-4124984 -3746120
-7369586 6015437
4686945 1971668
-8120321 5216843
-2719244 5702980
-4367496 4297283
3953247 1698136
-1485608 -8733175
6779344 7048870
-8930679 -244556
4447036 845180
9598395 7635027
3389423 -118706
-2616430 9723960
9435798 4865541
-8880579 5803351
-5664859 7827166
-7684814 -6250164
1483031 9022086
4725066 6711217
1008500 8763787
-7021724 2873922
-3342900 -5038253
-7989383 1492668
3764464 -6563556
-3202023 5596290
3231318 -9272147
609147 -3603628
-3879668 9137093
4002634 509069
-3687579 8072483
-1583999 -2361593
1388243 647562
-7814000 -6752460
9958757 -7128725
4151414 -572582
-7698659 967258
5929005 -353958
-8861290 -1041559
-5088763 455975
8568617 -2580473
-1852620 1709214
8105586 1799935
937028 8756527
-8218051 6742271
-2668894 7456014
-4905578 -1905630
1258284 5747107
1510999 -1000983
-5613356 3444284
-7128298 1469757
-7562985 8538059
-9299547 7689395
-3352164 882372
3854699 -8160836
-8224957 1559074
5784640 2423317
6739604 -77577
-8804698 3890227
-6851150 -9807015
7648999 -7022749
-6412027 479956
8743415 5259773
-5741209 -2637391
3323245 254415
4240524 -1354565
9699846 6194948
-3599305 6677539
-9923737 -9599700
4755816 -4435116
7123958 -3552685
8870632 6530859
8969634 -4575050
9315177 -1873412
-1680427 2681288
5658540 4980379
7976687 8484925
3744698 1762865
9125475 -763545
2007222 8003489
-3351075 2448720
-8839980 -3752254
5441637 8865123
9265423 -2439284
3125600 5517900
4481567 -3462409
-6931550 -7234090
-1809140 -4131449
3995140 -7961916
4719373 -9977610
-2480879 -7685287
-9200362 -7105735
-2826518 -4504191
4732264 -2939311
-4935822 -3701043
1264030 9255838
-4496416 -5770545
-6905421 2424050
2501118 -9054779
-1020527 4876354
