265 9662121 1151519
410
256382 7405185
-7056233 -3301724
-740218 5728691
-9509995 1894825
-9617594 -6187634
-6953268 -5202930
-6660441 -1738797
-6306962 1190591
-3519062 1324785
1136512 8759507
-5817599 9981442
-9127473 -7492686
5841112 1705962
-9624824 -6559939
5618534 -3629127
-6223942 1526695
741323 -4125084
4119959 9236177
1131003 -9998895
6329824 4609965
1923387 1513409
2290964 9376556
-6916501 -2220702
9104083 -1499646
-2740138 -435563
-454120 -7243053
-4735738 -6041385
5664578 -7065241
8891172 3621726
9992599 -1443894
-9917198 4509706
-9615378 6285010
5521187 824125
-6658417 -2979066
-8369101 9168542
-6801696 9671407
1564315 -3929362
3849936 5489268
-6010377 4647814
6728604 2954019
-1772682 1249485
-2275548 8790836
-8274405 -3992068
2146010 5905382
-5538511 -9383233
5126473 2138610
-9060028 -5455709
-2115232 -1972553
5048381 6461159
-1853946 1226351
-6585890 -804368
5266270 1344358
-3166374 4978425
-373760 -8367442
-2897071 823249
4589086 8871196
7662032 5330248
-8661820 4829891
735273 1903979
2520746 3484191
8139153 5196762
2257405 -9836429
-9292630 9079125
-1943364 -9857826
-6115123 -1727896
-15912 -1280958
-9936600 -2701012
-7722587 -4749641
-3117083 -3102973
236628 -5579995
-6708799 3985847
-8167553 7342067
-5311690 3469585
-4626436 5686979
-8312478 5423583
620346 410662
574233 2343027
-6061496 5394103
5536277 -6202044
2070060 -5488507
3230535 9421155
9236495 -7945852
9820859 3293936
2707315 -8486092
8450266 9220129
-4277672 5460295
-4681286 4257819
-2272595 -9928873
5758106 7024
-4569392 3100969
-6488368 -38019
-7694992 -1432694
-6038591 -3397783
400173 -3756487
755006 2014039
1435194 4986585
-442914 -6014459
7279477 671689
-5298051 -8105703
-8885574 -7496856
7963440 5668567
-73613 9353106
9424233 5798506
-4194469 7653792
-6728887 -2301308
7660673 1236139
2319797 -3217255
-4098685 9965681
8725546 6281206
-1704755 6301488
-6195574 -519448
3466094 2246791
5434832 3361512
5255809 -6738077
8281420 2653134
-1678299 -1113412
-9243954 -1238788
-5440282 764440
-9065416 2696632
2911676 365249
4117740 6722050
-6495205 572349
-6945618 -3562463
5235096 -8077538
740303 -8220071
-6223167 6046693
-1706515 4544729
-9577407 7242927
3021203 6244669
-1102197 -1805246
-402306 1302623
2580187 -264143
3016649 353741
5566725 7139905
-2494845 -3532414
-6810364 -1521599
1567102 -8377105
-9423215 9210783
-8866754 4621484
-1082235 5811881
1858574 1873549
-3581722 2694599
-7546122 2668411
-1086919 -3159129
5035625 -2008567
1810408 327236
-9936907 7149672
-2496587 -5609405
-8469499 -4403905
2063681 5586490
-5935109 -964344
-6825097 5253317
4464100 -1851655
-7230171 -6248312
9563569 5597346
9987247 -5796053
-585102 -6061504
6606907 -3594475
-4237252 1868776
9860210 8036340
-1636423 3314726
464398 1670618
6061214 -9056978
-3460883 484163
-3929347 108067
9143723 1119150
-3627533 135544
8283889 4834978
8586667 3352920
-8533382 3570070
290369 666588
-2878564 -8546134
-2140609 9705267
-5909604 -6271656
4281036 -3861508
9453218 6466958
-9346072 -7355387
6103988 -7566032
2918131 -768506
9339561 -7356895
-3721392 8988784
-8359320 999636
-4165385 -4832573
8520347 2440921
8527343 -5578718
-2395778 9986966
-8559168 -8665935
-8960668 4725659
970355 -8183425
-2044933 7646080
4113038 -4748609
-9587643 9924637
-7641395 -2716681
6514813 6516345
1675802 5276736
-3218128 5854375
-3145989 7954410
-6878162 -1577448
3379825 2688626
-373740 4158537
4145503 1907169
3241234 -253165
-5527506 -1897313
-7564385 -3203082
-5557001 -2040799
3210592 390682
-7168328 1072389
8355708 3622949
-7344354 -4809723
2983366 -2613126
-6758751 4331449
2285859 9765238
-9295857 -7388388
-2183409 -2075951
-7917413 4083968
8507489 -40797
9706038 -1255558
6847130 -5734925
1061994 6694884
-5345915 9282745
-7810221 -1978655
1610086 7864678
-5996021 -4978549
-7271919 -34205
7352669 -3340374
3507427 -1772201
-9490611 3110270
5721882 -4206714
-3766312 -8786468
-2186147 6054825
-3985971 -1683725
7060717 8837694
-6897230 -4279933
-7585048 -3575801
8223296 4164764
-7813891 9585389
-33581 -9586924
7950879 3796195
6278342 3970399
3146377 3195312
-8576889 -3852637
9257633 -3346196
-5036558 4448853
5662385 -2504132
6067045 1197130
2029757 5992590
4830285 -7918926
-9682506 -8393173
-1968974 7933055
-5385829 5248798
4834187 8770675
1700103 9316632
-4370821 -5199393
1287358 -7832666
5362647 -8092478
-9428763 6950087
-6396109 -697890
-6249037 2345223
2357443 -8916315
-5202832 1929701
-9561357 -1575512
505563 6826925
8433752 5268928
-4281665 823057
-3928145 8981131
7751806 332506
-350862 -9093958
8223001 -548091
-5864405 5278318
-297808 -489641
-3539554 9498242
-8683295 273429
-7381348 -7419311
6180727 7584020
-486279 4976095
5916936 -9022105
7804820 -47635
7737645 -3577501
-238092 -1245075
-2263944 -6544019
-3695161 -1649885
-8227491 8004214
9972475 5953978
-6251352 9995511
-7977778 -5891930
6122665 3450840
6240621 -9000979
-6420290 7439370
5023390 1375626
8868073 9760437
3254684 7053464
9522181 4785009
3723860 1059505
2330782 -223822
-4251489 -6514232
1835883 -9933162
587404 2053351
-9476319 3608393
3603904 559879
-2815699 -5727671
239521 -1857522
-858501 -6693034
-9253664 -3519858
372120 2721210
-5002001 -1713921
-4660457 -759806
-5974797 769036
4344893 7378076
-2845746 7749064
3751184 -3324325
9258865 2902766
7472469 -4412932
9195461 -153731
2922500 7996150
-7731521 -4684283
3458195 -9893199
-6586232 -4975648
-5979154 -7400305
-2162743 6676456
-5037465 4392967
-6366839 -4648392
6120644 -7181570
-9803494 -9825284
7923780 465537
7141212 9867113
-4713769 -5808683
-221615 -1083571
8762698 -7241300
-9245150 -8509802
9322267 1685198
-5691648 5539681
-9435967 2780462
-2103491 -2277880
6914928 -5415121
1494198 -1749882
3601727 -8122536
7212246 5127359
5302076 -7761277
-4779387 -74895
-7691430 -4257792
-66475 4878177
-6205393 -2405199
353501 2228262
3718460 5073657
-3241144 1108351
9164384 3040727
8337542 -6416440
-6177968 2244769
-654000 8750403
-2999478 -9263040
5130776 -9159801
5967558 3118601
-2126324 2343023
4784480 -6214014
-7955453 3094289
-2027533 7093050
-5312149 -5505576
6722687 -5716574
9357083 -2442296
8666055 -7042501
-1485421 8632291
-7784149 346791
-7408440 -3147879
-4397476 -3962117
-3225156 1937560
2777759 -4880602
8237999 -8094380
-3235005 -8738330
7564008 8628028
1722317 4065827
1158877 9608555
-5897020 2211136
6494562 -1636920
5920784 3342019
6299518 5851646
-2999711 -2896809
7449982 -5185903
-5817430 -783859
5254024 2557894
-5504545 -7698553
-2579155 4545220
6450841 -210434
1051236 8175197
6803225 5732188
-201984 -1384755
-9259848 -8958106
3253031 3473245
-8163674 7359484
701503 -7736055
631943 273462
-106994 -2998978
-5668529 7632233
-3151626 -2657012
2417235 -1485958
815489 4618750
-836029 6912690
9218608 752686
-1072117 8131164
3863352 269845
1401442 8247460
9289355 6177720
-349034 2141594
-7982569 -4941262
-2677317 -5996356
4277106 2718934
2236308 470979
-1896788 -5829888
-5970547 6567780
7598174 -2532062
-7913312 -1036960
