125 9660772 7511316
169
1490552 3051897
3840836 771485
-8321141 -9307371
284608 -8549661
-2975748 -9600906
8525468 -4937173
8138090 -1972285
6899321 9712974
-6369984 -7810181
2329463 -8064644
6857506 9984837
-3766801 -8821443
1378195 -1126031
-4605305 -1080329
-1419557 9294715
2346613 -7093989
3677496 2587348
-4203671 -3812551
-9845860 5356355
5755449 -1402711
-3823531 -2821608
5206108 -3202731
-3489757 -5685441
-3495622 -5378219
9073489 -7343389
5157800 8833841
-9987602 5930996
-5195035 -8609001
310671 -6093055
5718013 199660
3105671 1407466
6511166 -1935374
-3231573 9299519
4655874 -7692504
904785 -3077433
-3382688 -7072325
-7758704 -402394
3912165 -8176580
-3554799 -8732108
-6075497 -9583456
1766737 8035042
3966038 1598656
-4493993 -5704512
-1797567 8771004
-8512984 5816678
9740497 -6079554
-5498576 -2890960
-3591441 6251663
1075511 -6213797
708771 3580786
-975187 4496649
-5905745 7326083
1665855 1266110
2534002 8006421
939317 627408
-1337550 -1025143
-9426487 -7293946
-2998458 -7371511
3915845 -3920479
4412551 -2279672
-5842874 5402861
5028253 4153048
-7078936 -8825097
-5038894 3953165
-2466049 3996575
-1506776 -1813771
-4487688 6558764
-9658774 -4896168
-6889747 -305481
-9678073 2875228
-8149914 4049570
6755624 -1015622
-5870781 4939951
3535824 6273519
6510199 8045064
-4035723 -2051624
4617776 -9332675
4358580 3508883
-2537952 55192
-5948232 9319687
-2494084 -2487649
-5928885 -4938656
165176 -4465419
5229100 -5587658
-196078 -4208219
9841351 -1932620
-431890 -5829640
9110312 -886672
7903199 -3786319
-5741255 -4837512
3110864 4413398
-2402925 -7260626
-1235391 -9755007
300185 4472008
3791695 6226657
-6260992 -3131695
1929650 3813963
9348544 -9673524
7255170 4611178
2919312 -2906003
-2322271 9575444
-6254195 -4722985
-3093305 7245839
-6540480 5372469
-9465043 -5190106
1739644 -9765383
5490343 -3837826
-3592833 1853072
-3674920 -5745047
2997962 -776296
6092010 2633127
-3552910 -746677
-7903849 -9461988
-2334458 -4204365
-4594016 9351321
1443117 -9415146
-4138130 3083713
-7154096 5188922
-6922257 2768565
94812 8821776
1572745 6129053
-7708773 -8165544
-3796120 -2936912
-6165607 -8785254
438450 2528960
7678439 -651292
8602031 9046812
9584824 -5874470
-7562483 3214534
-4917793 -2749633
-9648427 -2156499
3443566 6525324
-5769401 -3786557
1498361 -1194178
-2372402 -2691658
-6562605 -8406827
5943981 9200343
8779783 8244974
9459720 -7852138
-2806826 5130529
-5520763 -7585477
-8538665 -5128386
-8486504 5597620
-8671494 3562512
3329231 -6048987
-5689134 -3589287
-7063963 3680804
2410600 7754432
9076606 9682988
-3008669 -6091039
8018486 9220556
937251 -7054922
3706405 3962467
-1373319 -282966
7363915 -4317523
-1903000 -1663792
3207822 4359504
-7526524 -7925312
5637200 4721318
1188683 -6198018
212695 -1033569
5163587 5499549
-4229667 -4334915
-4651927 -2425813
1483148 -5153061
-5932505 -5144244
-9682813 -498366
5980454 5004746
7238132 4023592
