7 3106203 7727100
43
-8786453 3225885
-775279 -1907538
9672010 -5720925
-9284945 -7340730
-722039 -8793035
-9762998 9367290
2452949 -5846930
-105133 -3893278
-1616585 -6399737
9278021 -2480483
8014301 -8222976
7965160 -384103
-1386908 -2627831
-4848544 5055866
-1837930 2101134
7843372 -7121444
-6512630 -8108031
-3828956 9584445
-7756284 -6840620
-5633654 -3113900
-3746610 -5961971
-1808901 7119700
5742774 1222692
4822955 602318
8121835 -5873811
8419565 -3382672
6233226 -1347511
6024658 -1098922
-6043056 -5153682
-536196 -8823886
-5945330 2119014
4010984 -2692824
-3108378 -2457960
701421 -9817972
9584480 -8348310
8206071 -2415881
-5296181 8354223
-423085 -3602830
6999488 -9553407
-5427218 6916222
-6466450 -2362325
6290164 5508699
-5590223 9766776
