314 -2357878 6131448
742
447803 -9249659
9494179 300908
-545667 7086672
1795350 -3695348
3407679 -9964905
-9322889 -4435959
3786624 -6760715
-7482342 7698250
6716318 -1053101
-9534231 1880608
-3288793 1407873
6412264 -8453071
9099080 -1096575
6158654 6147355
6305829 7450821
8201162 2290102
5107362 -3246368
-6159695 7695341
6516345 7078048
7113143 -1847993
-3767600 -75976
-4320339 7790254
5488504 -9980976
-8517725 -9286329
2594279 2204823
6129048 -8051955
6011326 9305487
-9274736 -4942336
-8794981 5110406
-4922420 6883918
-8309627 7510849
6780833 -6721258
3490436 6797735
3875783 -9378862
-8710503 6781
2447158 -6494721
-8704467 -2478103
-9942727 8126819
8840491 -699610
4021565 -8460451
6003946 1434770
-6743391 -7333035
-2275370 -5468376
2158383 -6018127
3382144 -8553999
8956850 7235963
-9485295 -2411131
6902956 5737684
-1124826 4005141
6528275 778740
-3199629 -7318976
202921 -1024567
-2897748 -9387744
-87354 -7223453
-5683904 -4057257
-106134 6450563
9117529 2836394
7368018 -4333173
-7834947 9358511
-9195488 -473599
9278716 -1936451
5652418 2277715
-1984601 9793422
-3685085 2555374
5850466 -593075
-5395699 5359542
-5665025 -7349163
5779446 -2676425
100122 -6046420
-7587325 -4307908
4659008 -3067430
9768964 -5177107
489721 3776537
3135048 -346666
1696088 -4828874
3234675 -3544088
8733627 974804
-6715422 -8596555
-3524829 -3250974
-1327696 -400506
7475388 -7674362
7492827 3276605
3116532 -8189636
8280296 3272273
1480718 -6783346
149224 -9307029
-4484135 -3860274
2432615 -7565460
2087875 -1478062
3693064 8084015
-5460073 6300315
-2724881 9444091
-9152464 -6726445
-7461067 -6923950
-4808104 -2677293
-7835303 -6272411
-479453 -7332716
6994000 2173877
-4553850 -7362921
-4146266 5274296
5967268 -556780
-1900702 6002958
953851 3999485
5037775 -9468087
1132280 -6958274
1858393 -8752809
-9308718 5672208
1462115 1649864
4725914 4055170
-8622123 4001048
7728638 9917810
5101447 6058927
-1767196 9765537
-7597384 2095447
-2630256 -3804694
5638527 -1743650
6775661 5853364
-7630799 -6262175
6786091 -2270488
-6712410 7406976
8654167 -2081629
6106931 -2337665
9312199 1861801
-4083029 -2430954
4086447 -3445534
8988628 -2705152
-6646225 -5668563
-5903026 4090075
8701875 -5897069
298238 -3500410
-2727707 -3928381
4441335 -4063235
-7809058 -5952046
-5706182 -673112
9250216 1493385
9411757 -9902240
-2239905 7904383
-7717464 -1964960
5604087 -2927706
3626760 -1800493
-1989293 -7793114
-3461677 2615389
9221816 -6119165
-2016234 635297
-348761 7923691
6511662 8282004
6735121 6923532
3487838 -6530651
2796237 8926064
419449 298008
395768 2046453
-7532812 -7652442
-7101049 8155863
7744510 -5250276
2949231 1019390
3226276 -6112378
-980637 3476291
7357126 9764599
-7083752 -9242468
8681223 -4659108
-6377103 2567487
-7992628 5192886
8662235 2874370
1800434 -1988438
8309571 -6025175
-1462370 4736236
-399854 -1294661
9377555 1004819
-1729105 2499097
-6481513 -361583
-3957609 3736479
-2787230 -738885
-8457934 5061755
5819287 -5430104
-7572860 -5541686
-457846 -2983138
4726100 -3949963
8924408 -5934122
2077440 -4095312
-120487 -6758806
493782 387011
1608703 8417143
-8061686 2610281
7625730 -6497390
3141027 -7274438
-1021607 3660570
-7078315 1699770
-3238475 6191163
3277411 -5536248
-8561582 5097164
4630379 5704551
4270941 980572
5046450 -643521
5261167 3195349
-1047105 9640243
27254 7657032
6074176 1963030
-5426689 4152309
7654919 528842
-4229244 4715393
-1624037 -6687702
5012069 4749149
940312 -6185999
-1722247 4289946
-8096537 6734075
2438627 -283829
3213096 6533842
8406673 -3290432
2421269 -9224102
-9583859 3667841
1324873 3890516
8369898 -7040252
-371591 9915401
-7039404 -7056791
174955 9799681
-6888021 -1268648
-6519498 8550918
-7635081 640400
7446699 -3062834
6187594 -6840976
-4608452 1866514
-9083292 -1373779
-2147859 8604644
1896894 9323381
2991222 2789762
9196630 -5170612
-2210864 6832448
6747849 7566529
3026090 -66103
-266422 9708445
-9043850 -6798955
4268316 -4638090
-1481338 6953004
-6109830 -850413
2308612 8481713
348227 -9922236
-8779663 7700160
-1178844 1264935
588317 -8411170
-3105056 -9281950
-4452562 6095891
2928339 -3908425
6174456 -4147074
5786824 -7807459
4417338 -799454
-5082056 8036754
5915016 5373488
2326492 9186260
-1664153 -5566321
-7084608 -1266985
-8672869 3160811
860971 3263620
7044907 5063821
6652651 2198479
2916530 -9850424
-1238180 6063948
4671875 980320
-650401 4206511
6399052 846331
2563229 7652775
5689529 816391
8706231 -2475
-8299863 1604546
-1445423 1032724
2282091 -7447663
5713148 1469969
7249941 3609222
-1326957 9090472
1288951 -3188799
-3039223 7842047
-3577653 6721833
-2297846 -1761051
-7554539 -8905778
-5543095 -431895
-2779120 1360865
-7822744 -463514
9534012 -7089591
-2968693 3399840
6948916 -8765851
-6213514 5585884
9572206 -768993
5356581 2015987
1106459 6822147
-6366652 -5970375
4388024 4911762
-5850052 -6889522
1349427 -9189629
4420945 -5631546
3936559 -3688760
7672106 8877850
-1585664 -8842561
-5932152 2365714
-4234446 -2051652
-8301150 -6384492
9201392 -7285530
-5538171 -4514664
17675 8773598
-1887902 9818411
6364388 3640486
-1447751 1745446
-2627724 752412
-5920865 2702197
7070651 1238056
7549296 8500080
7377930 1007210
2164649 5221402
-2412883 -4207734
-3743033 -1251151
-5119291 3352671
-1416506 -2044183
-4042495 -5917898
5372052 -4438325
-4619914 -1508467
-7867981 -6515850
-2254051 -8255526
-4986762 -6799380
5902817 -2365423
8872633 -907627
-2407547 -4510180
-986618 6421930
1643332 7486735
5795354 3694383
4959585 9230449
-4900527 -7947679
-7475510 9840294
6438748 -3800681
1760994 -9001653
-510120 1810801
-2188697 7141081
1401907 -5861748
-2661128 -1926396
5708182 6415146
8023871 5758042
-8752138 4580815
1002745 -4383675
5619412 -7222403
6471980 5162430
-3090769 1414766
-4016561 1431565
-6211788 -5474944
724375 -8975719
4538981 -9773040
2037761 5001722
-5340845 6545213
-9316535 2365417
-9560979 6061062
-5007440 -1977662
-6219620 6147203
-6755629 -6983568
-8850891 7544594
-9677809 -3236532
-8074102 6768521
-1816712 -689476
-9257911 -1164870
-4123462 -3316921
-2292639 -5469699
7273614 6600914
-5881012 -7753658
8791555 -8172273
4193144 -1221857
-5160795 1991373
-9986289 4632166
-6704279 -7651882
-4635450 6310443
-3628611 9056444
-4180087 -3486341
-6717820 9209933
-1479543 -2254189
-902707 -6018180
664900 -8221102
8825552 -2509816
-5908902 888613
3134955 6099166
7926893 -1789914
-495419 -5557138
6434235 2120038
9268556 4343786
-791744 -1035702
7791093 5080629
4137074 4572806
3602817 -5837517
-6627584 9956987
-9780850 6884998
3383170 1892873
-3811877 -8167204
-677020 6564422
-2546965 -4986325
-8887159 -4069570
-3343132 -9412010
-4969147 1556087
6192477 6161449
-6978413 3981440
-7054261 5461033
-6941986 2229844
9319002 -9263168
7415667 7195088
-331573 2921820
-7676830 -9211917
-4802692 -7596070
6753078 5706340
2270763 1385432
6399107 8592410
-5477160 9723798
2828141 28301
4100740 -6303940
2373861 375346
-5643214 293217
8270602 5395448
-9858356 9818877
3072062 -8671384
1040057 9460647
2382467 487729
1275813 -9291516
5628766 4705637
-7071671 6473121
-9625095 2381844
974254 -2284556
-2560757 -709635
9318666 -1986554
-5774142 2783736
-6840918 -4064242
6228975 6599719
-5488480 -9967780
9851098 4499577
5828193 -5346836
6630163 2923160
-6589111 -3131750
-9906913 -987370
6234619 -2796946
6192528 5721853
-9379950 1679301
9394745 6567433
8374150 -5889344
-5359545 9350340
2134076 7692816
6144926 -1133687
-4533967 5293158
-2158269 2373901
-3126522 -22447
-2852931 -2307171
3132341 5218024
4602626 -6222767
-4693785 -940418
6262637 4695713
-7066081 4057187
-4263512 2455165
-8461050 6070321
-9819023 7647585
6997926 9913101
122269 -5178568
-3795902 -867998
6941513 -3732804
1157449 -5813517
4164036 -5216756
-5007575 8030928
-4234696 3827457
7604690 8124766
-2815652 -9632070
5063644 5427258
-515555 5963337
-9065146 513915
-3415764 -2262715
-4615130 4990157
4903258 9281565
-5897002 4899148
-5968849 7541879
6325427 -7176552
-2990069 3489016
8272260 -2517123
8030157 3690319
-2482224 5781037
3905803 -6204539
-5836609 7638819
3066077 3606503
-430159 1743387
4773654 5066874
-7195841 504695
-4505148 -8642110
3155808 -9294619
5604530 2914462
-7027306 7258806
2598606 2152033
-4358951 9298121
-3219002 9608537
3298856 6429661
2210698 7327507
-8877032 -9183368
971803 8632853
2239356 7802712
-7937549 -5962120
1621106 -8190803
-5169755 -647542
-6773300 -3058383
-2353001 -7158551
5755912 6382508
-3842334 5767881
-2080086 1244958
543079 8756272
8364809 -3922685
-7493024 -159570
-2832063 -5819983
7513002 -2765974
-4133121 -9192742
1126322 -1515195
-4960962 8106235
2431785 -4294875
5057583 6660144
6118114 -221618
2619831 800636
-2816856 6281465
2049346 -9107905
2137053 3340811
-5386565 2485612
8562927 5196485
-4963085 -7021755
9674614 3586255
3336633 -5278796
8044814 7187616
8188774 9203512
-173901 -8312512
-2607386 -6772188
2404308 4774236
-5447382 4966549
-4232815 -1477578
-5196113 -311198
-6902751 2950330
8807493 -630415
-8144803 -2249345
-7052860 -6579072
8915525 2934476
9037083 -9499593
7737963 1106492
-1705892 2373716
-5906420 5782778
7470266 -3517118
-7772954 -3563968
-8789732 -5137120
2345782 4631355
5670129 8279239
-9515607 8112967
-6420351 2990369
-7640046 -6418358
1332297 4903494
840775 6731504
-7817668 -3204211
-2703804 -243700
3379144 -8780584
3593132 -4965840
-9183062 -8326747
-9327513 203065
6639097 803556
-1817211 -7100466
47241 7849365
-1355044 -9471429
1157890 8233722
1224091 -870651
2710992 -2746108
-7842614 -3899602
5348254 6559641
-6644569 2998161
5270814 7530586
8750002 -6832021
-1797861 -1350042
-7160437 -5140513
5062552 -8464571
2338986 -6487949
8927937 1701649
-7932634 3038127
3566698 -1024822
-2791100 -6771325
2358024 7240940
-5505168 949344
-433906 7585368
4145010 9168571
-5316916 -5085652
-7555066 16793
3184772 9953898
-8879791 -8805063
8570776 -8613088
5438693 6476124
9988175 3633328
7851329 -9705969
3332158 1432464
2923994 2435047
5663722 9415208
6656149 2649247
-6401409 -9461901
8123467 3667333
2835904 3164685
8079033 -5215171
4801622 7518989
-10761 3040319
4235256 -2013605
-8110341 -6374200
-9898075 -4677616
8955712 -155296
138736 2606452
-5961083 -676607
4274793 5987246
-2081193 -520737
-7871490 -61485
-7007034 7091308
758641 -4272899
1408138 -8883566
-4098737 6110898
3629887 -7996477
5043843 3219238
-8794367 6135478
9761279 -8204549
-2882164 5611644
-4543652 9863204
-5013992 8589900
-9570354 -1888564
-5901317 -975075
8504189 4704439
7159306 2017490
-891202 3149051
1392505 -9847727
3785059 2383791
-1505311 -7199357
7320519 2202674
-4578088 4640928
776407 -5119286
-3323835 9143897
4755541 537686
-7082758 -3689647
-5099746 -9788110
-1676674 -2096750
-555472 -4670100
2550691 -5061639
-527797 -9534931
3614120 -290003
-7621378 1097353
-6518855 -4993375
-9676379 6163681
-1633644 -5507814
9133115 7644140
-7475146 -3695380
-4551482 -90478
-9552792 -8282629
-1972275 2720411
2932301 5880802
-6215948 -4555669
-6709417 3771980
8710341 -4255068
-3789999 5841274
8067623 -1817455
1796250 9824122
7347099 -9553754
-873721 5277395
9769582 187072
-2168788 8987
6313608 8902697
-1187781 -7127582
7106142 4278478
-3001111 -8224221
7656581 7650219
-6905450 2447543
-3780477 3956985
9701918 8901485
-2740889 7446216
8145113 -4088081
8252393 -4673266
8289332 -58636
7735111 -1884155
8302917 9931964
-59049 7504693
-1076258 8650482
4039252 8770911
3049389 252313
-5455556 1145394
-8688035 2564631
-4987826 4717377
-1325637 -5593485
5824352 -6251951
-8805735 -9107367
-3195448 -6916537
-9073450 1855731
-8202905 7573298
8205495 9215882
1664198 2048558
-446748 -975236
-2324754 -8394850
-9623939 993346
3762012 4230851
-4623755 -4058197
8506434 8306456
3023834 -3311789
-6388922 6034960
9783009 4214549
5107182 1951783
5035246 3493626
-4650643 4428086
-5482264 5961796
-2305969 9662804
1711363 -7276769
1747996 9358229
3479731 3780967
7290665 1939594
-3829555 -3627855
2313948 1052677
-640866 -5936957
-6732394 -6663266
9371694 4899320
-886131 -3121316
8830467 9154703
-4835319 -5778949
8649137 -3617934
4860214 -6969609
-7306805 -6833126
8406457 5070597
4428827 -3079090
3218229 154453
-7905952 -9575090
-3202945 508895
-8438428 -1735507
2327536 9111003
-7552263 -6562942
8336378 -1888506
4990179 4335783
-3993162 9966599
-5812350 -3663002
-4764584 1171520
4201911 5353140
8520014 -9904369
5166228 -588542
-1151279 -557177
9597277 -7888593
-7463682 -7933050
2575845 4207677
4988522 -8150275
-9039271 -3346230
-7392820 -2683941
5427553 5924818
-7223046 -9056441
3426510 -7065916
-8212565 -1216208
9955312 7614161
-4516347 -2977149
9634834 -3326425
-1398614 -5996333
-4037158 -2682585
