221 -355357 9208375
547
-9831218 -1625478
2805215 1794446
-3544640 -1276540
-9029520 2553774
-1739992 4099649
6943688 -3017653
-5596462 7933218
7568117 -4783984
7553138 8424311
-7110073 -4214444
9673023 5889781
6522693 -2859913
-1978978 1578036
-8266649 3246859
5407854 761920
9136443 3458079
-4747475 5576636
6816448 1941658
7011784 1707886
-4192465 7786928
7285628 -4728208
5721363 5267575
-9516409 4205518
-4853819 3289480
1591389 553081
8959214 -1963892
5176195 1264412
5358801 -2001741
-8754882 5713570
-3524510 -391496
-6933417 -830676
-5254040 -4388067
69943 -1680891
-9973005 4078761
-5617959 -2918272
2353520 8350882
-3865191 -8332331
-1610461 -9408765
3880716 -3381600
-312166 3535721
4088181 -4527895
-747131 -1352952
-838340 -735623
-5022053 7128022
-3263473 406778
2092455 -6030211
-7901925 -196890
8122219 6838415
917176 2168018
1766098 665566
-8467200 5299218
-516761 6635971
7227206 -2332391
-3197638 7872779
-6075148 1107922
-903621 -993452
7653596 8013033
9793762 8349249
5477271 -3184744
-261613 7288061
-8742149 -7786202
2016909 -8169158
1185609 -6644074
-1959704 -7344520
3321047 4619138
-81644 9806395
-1041282 4853847
5037809 1917947
-7692922 -3814076
-189801 4356523
-6636929 -3768070
-5755036 8906578
-227821 -8983333
-9651724 -5961274
3843140 -4750549
9979601 -7396985
-5566143 5100991
973269 -5487138
-2831657 5619466
238604 9013565
1336312 3005742
-9624059 2673312
7107612 -9704970
8997307 5413750
-229727 9414690
-4353379 -1192494
-9769564 -4350304
-3333636 -7592063
8963015 2616
-2231581 9530992
-7865993 2806155
-2092854 -2251980
2260883 9084216
-2779966 8880415
410333 1945578
-5048680 -25009
5164655 4262997
4558028 -4672739
3257364 2272267
1686958 -3928313
4879193 5543989
-8806314 7333579
2257868 -2374019
7628597 -9623598
9907394 1220883
-5972961 -4602984
3145037 4557753
-3841679 1934185
-6669047 7922272
-132150 3378355
5869698 -3742362
-9479365 -2664478
-4820865 1034354
-6693379 -2404985
3666702 8436499
-3503159 -2490069
7359862 -8937753
-1311771 -2309473
-1933071 -382270
-9161386 -3683174
-5769805 -9509325
-2435220 -5134347
-683810 -108416
-2186144 3723101
9617808 -4836505
1421133 198058
49932 5487507
-3478139 -5541879
2053136 5229067
3665567 -7655166
-145234 -4280161
9298438 -9837592
-9630713 -2785372
6832359 -2013333
-3180154 -9047432
3959595 187325
-2430670 1050041
-9058375 -8475625
-2236172 6885520
-7950984 -8728167
-6013757 -2618364
5385495 -4013499
444622 4036175
-734758 -8092644
-5747809 5014111
3250302 5447161
5609569 -3376691
3837937 2548740
3051760 -1504792
-552224 -6813352
-4109675 9871606
-6562001 -6592629
7448098 3459655
345176 -5620376
8167809 -4788074
-4890085 -5089456
-6586603 -7845948
-1293421 -9504590
4919119 3858020
-8611517 7971821
3418983 1687662
8310971 4638785
-2812475 -8455096
40113 -5334740
-9631739 2755637
2627243 2004241
5411613 -3741414
9718242 6065242
2961218 -4623937
587990 63418
-2509686 1129027
-4200569 -1785743
-8773981 903711
7278083 4506010
-5005816 6145138
-2167200 8666566
3305351 929519
2474423 -3856229
-6674616 3009229
-4235134 5030888
9551482 -6306355
-47769 908462
-3026296 -2520553
2855510 -329527
2250243 2451275
-6419698 5959852
-5825891 9740557
644269 -8103914
-1081552 -4599871
4061619 -2077648
9105271 3912632
-5157849 -8105580
-9445457 2410622
7936203 -167073
7380167 -6120073
-2426428 6217422
-2874116 6931649
-5588904 42156
9712629 -3384060
9067215 -217041
-4257189 1962873
-5780218 5163870
7059956 -7566727
-9650246 4864051
5302756 -4021596
2407389 4411373
-1177855 4408027
9335001 -234108
9598819 -623311
-4227032 -212443
-3995021 -504661
-3573012 -4137107
5905049 3130863
9746803 -6645563
3137396 -1865970
-9903097 1330371
-3505759 8880207
3829832 -5683314
1697089 6070549
-7951047 4179586
-8892688 9516197
-3559424 -3027306
6738587 -70543
1822498 8291930
-1920513 -1146242
8349097 7595467
-6541640 4084466
9731681 7292438
-9353125 1879761
-9986209 1994836
-6674793 -3699377
7697182 2627047
-539915 -180552
-4110003 1527015
8222953 3673526
3189724 -9544697
9944349 9330265
-740277 2146652
438582 -800712
569399 -8917779
1194040 8518069
-4881113 -1081504
8727286 -2831248
9048513 -5149432
-638243 1890513
8191136 9062305
-5794296 2686964
5022765 5888319
-2584666 3665789
-2660685 3429114
-3599231 -4361713
7484905 3045391
-4807956 8861471
-1939241 9260980
2859553 5630626
-3334952 8630158
-9934993 -5946406
1222346 1783935
-849144 8792293
-6800841 -7212788
-8150483 8512613
-6284071 -8609705
7278614 -3944779
2237362 8738694
-5315839 7210300
5364940 9576677
2622069 -6398718
-7537247 2849845
2110825 330465
-4038909 523513
-8329977 -5029622
-8459676 2626139
6926427 -8264970
3043676 2762671
5549883 -3922717
7106248 6242835
7633130 -84248
-1512675 -9177823
2077224 -2571903
-5361603 -9275313
2817716 6761385
-9637333 2519689
-4630466 7956137
-1713398 -7174579
-4134714 -3289
-2516558 -3235954
1906537 -2464691
-729660 -976234
4302789 -1167036
4910247 4830368
1073203 -147328
2284776 2016495
-4644975 -8777315
-8832866 -9227899
4013140 7432249
-3290014 -4194468
841573 9347209
-180302 9589005
4930778 6211108
8724171 8106301
7386699 -9203936
-1668626 -3792387
5231380 -706764
8126201 118066
7464786 -465831
1903194 -4447200
85648 -8945659
4793378 6704322
-7224 5440673
-4610726 5960513
4282397 -5994084
5869477 2099260
1688265 -4876030
3851430 -4310824
6311829 -3380956
9931460 2575602
8783215 3698528
-7008236 -9220814
-6586396 -3469053
-1418531 -8882035
9187118 -9121610
-8067269 3001015
-294663 -727234
7229791 6726110
-4797025 9698113
6220382 -7380935
4718325 9485372
-5390658 2089859
295387 8922942
8058338 8460773
-6447273 -3392784
-9694256 7989799
8768985 -7664058
-8616758 5813861
-551822 -7817410
5577332 -7518937
5482078 -1364704
424414 26416
-3247474 -4812585
-5114471 -2345795
-7210378 -5528147
-6042775 -8894089
3195770 24299
-1052758 -8917081
9543692 6007510
-7385274 -2994420
7511731 5612771
465066 5436823
1250684 6280717
979659 1848308
4329371 -9301138
-8149489 -3443009
6583407 -188551
-2484784 2274925
9929131 5852285
-9675862 2400745
-3976992 -7281247
-4740595 6797715
7880635 1735131
-2257359 4206647
3728579 -59321
-4446549 357367
-4205810 1240311
-9962620 6018517
-9616823 -438774
260089 1017039
90382 -2771100
-443299 2110600
6901877 -3326210
5042427 7071917
-527337 6831008
2066114 -2117082
-5319367 -1987977
9747154 -158129
-5951482 -7438732
-4981700 -2510205
7847163 293449
4050112 571751
9106620 6157705
8235284 4087492
7620883 9489797
-3281303 -1504627
3122325 -2288734
-3098592 -1208250
-4136333 -7459446
1887915 -8056165
-173247 -2147318
5864706 6470381
-3687748 -2976261
-414993 5611860
-6898344 360770
3170571 -2880341
7691410 3465171
-7860772 -2779316
3824528 -685618
-1195821 -9625488
-8613763 1445412
9156678 -1960772
6830978 4508562
7049117 8574438
-9481727 5210998
-6936320 -1062968
-4592587 -7138621
-114882 8928386
-2943401 -5763983
-2886861 1986477
9106137 158255
6139778 -9716290
-2495606 -686101
8628282 8279006
8653519 3845275
-4709313 9948813
-9495606 -9960244
-2935329 6963717
5538155 -148276
-4937278 6630140
-4432828 -1427220
-6049489 -9357245
2087493 -6509063
-9756694 3835629
8338459 9144092
-697653 -2643555
-2359845 -39052
1791199 -4557875
6237484 -2339098
-8493823 -7064167
5400999 4891003
4930759 -3203136
6276933 5905393
8273469 -8004570
8625570 1815088
-9612132 5852544
6495299 6709094
2716383 6854732
690361 -1417208
-9756763 2959689
-9683866 -8454828
-5977528 -7938064
-9979586 -9527358
-1866456 5813672
8749505 6257898
1148901 -7843927
-1047063 -3333144
5088601 -3920340
-1924909 7746222
-438690 3362071
-785385 9217013
5926108 -7534470
9320262 8226266
9325410 -1357509
4118533 -7473024
6588500 9568647
-8369416 4434667
4907309 -9389027
-1059003 -8349002
7908896 5557205
7713278 -9793146
-3126289 -8425851
-2346191 9182567
6928789 -8037688
5324383 -1754748
-2537734 9006451
-8528018 7055350
-2202032 5904726
-5452783 3308596
-1648076 9639731
9208378 1182102
8133122 -5059575
-4448602 3355314
-2477336 -4443217
-8886011 -2991253
-2784399 7947912
9522061 1343619
526187 4089312
6051625 -2824129
-2062525 9971328
8977780 -6107640
3464063 5399741
-6179181 2966114
8791062 3778383
3418114 -9115611
2066491 -2857013
2083412 -4857155
8498159 199613
5756397 151162
-323739 8537176
6485088 -613262
-9269643 6891862
-6502473 6007150
5699373 -6227104
6260577 2065504
5957864 6153200
-5930706 -2245291
-9279177 -8061721
5716663 -2109887
-1225498 2028237
9171224 -865223
4277622 -9159006
-6443041 -6229012
-3561498 -4707866
-6170690 9313356
-1299906 6114763
-4477022 2830750
-8645748 -8053196
-4280300 -979495
-8913991 7053625
-4276822 4496629
-7748662 -439775
1498505 -207528
7682585 -7027839
-2483249 -2784832
-1133703 -3542912
9814434 -3312025
-7024684 5660272
3468758 -6628607
5201102 -586182
8044934 7298068
-7354830 6417548
8364352 -6432088
2588417 -6000577
3569400 6600405
1097034 -3809222
5751003 9292578
-914950 3348373
-1163114 -2750492
-3018972 9283988
8257428 6353637
5557965 -1636322
-5976050 8071862
3959607 8533281
-9536549 7492708
-2692872 -839291
8094610 1024737
-2890999 -47702
3951721 -1024686
-4424281 2213770
8404548 -2478878
-3186300 -810894
5053831 4155552
3921412 -1584897
-2300909 -6109283
2760707 -9097559
-733881 -4043481
6544733 -1681328
9368305 -4193579
-6700871 -6979308
2181402 2348108
