181 4113298 8623998
943
-5356894 -470806
8724527 -961304
2243057 -3142417
1261912 -1878113
-2631604 118519
-2033356 -9352043
7508466 7144874
3468524 -5389785
-4948811 466899
5896786 -5607645
-8877841 -2829525
-5731325 -1324422
-2513314 2626179
-5567540 -1289431
-7176133 -7877020
1652174 -6943542
-5388493 9983325
-3159092 -7106946
1014941 6854564
9489435 619172
1267130 899689
-1955436 -2543921
-5417354 -1224404
1758848 4029440
8421795 -366164
-679337 -9828014
-1152435 2060307
-5313514 -3894309
4816260 -1149397
973584 -8364701
7208109 156480
139805 5142110
8035164 -8180384
1190532 -502934
-9883762 -949894
9949795 -6803681
652399 -6100280
-4808331 -9489289
4540152 5235045
7385233 6950517
7122503 2961947
7538606 9222249
-4672060 -4029932
4820672 -7774907
6376744 2660552
5333384 8310608
3452718 3584853
5404470 -4526810
4970256 1487883
3054341 9111354
-7692326 -2397154
1502567 -4479512
-3968800 -4523575
3227822 6694236
-3838895 3087704
8566003 613056
-7648343 -6716392
-8229971 6104610
8329703 -2320403
2856501 -892947
-2582339 4706447
-9192348 -1810114
3663076 3386731
7390966 -1271526
-2160171 -8850316
-8731118 445307
5965796 147503
5623928 2771449
-8017963 4513348
-2398948 -1148250
1981158 -9340506
6459455 -3832945
4788017 4332815
4528764 8229484
9852889 -4365928
2856871 -2614734
5575152 9786902
3173633 3664524
-7607002 -8245420
-7095736 564600
3526259 232827
2896682 6689498
-8022700 -7991593
6521755 -1479390
7372361 6475689
7135184 6639159
5322567 -8130129
6202687 3594639
1824123 110584
5744657 731451
8116717 -5806636
-6019734 -1398472
4782404 -3791779
-2037199 7153899
-9765149 7175403
9924582 -6616583
-9927084 3761111
-1714130 2821265
3858227 4566568
1042257 -5192374
3963137 -6253060
-4383188 -1822559
-8227920 -714296
1912641 -8180501
-4932698 -3887445
-7177729 -2342702
-1224822 5700372
-8091407 -3197463
-6043563 6073935
3249338 -7612253
8287516 6707640
-7014897 -4309728
1027889 876784
-4556648 1270974
-1405048 -5113883
-1366943 6485610
7179403 -7441911
-5639854 4249869
-1414280 8951484
7580391 6272787
6446437 -3830625
-8130253 -9597337
9721552 7737967
3811902 6294692
1198791 -6322011
2901982 9577592
-4732135 -513692
-9636908 5887085
-2841941 6295754
3698223 8322797
4808407 5753011
827453 -7668719
-902498 1987810
-6544354 5187599
1460386 199575
6368950 3552390
-3528595 -2093177
-4355210 8238697
-2950259 -3807043
-7612701 1973045
1550637 8248533
-9748807 5289281
1176366 -665146
8146961 -9385715
8937082 8334426
-3396211 1845184
-3307183 -3738159
8249652 7431242
2618841 5790320
8506247 4221650
-2225960 6595579
7018754 4875197
-4369754 -3238203
2954755 5179897
-2847058 2679987
928520 5342054
631335 8703579
-9445214 1179713
-5689649 4324053
-4825169 8701747
546931 5763785
4541979 1778621
-8273785 -243899
8062773 2791631
9529633 -3138591
-6543012 6569020
1444217 9820026
-3418177 -9524257
5655640 7074463
-245550 9536578
-2605016 5324934
-3455135 3199323
6895388 542671
-5133275 -2900349
-4198602 3722091
-514123 41556
-8179823 -1135318
8620783 -5972144
-664161 6062745
-7075846 6683556
3252576 -8618176
-8798150 -3618858
9373237 -5303207
4287608 -2216326
9836604 -2454771
-7129837 -5957942
-242267 9747941
290612 -584971
6514680 -3346878
-9624787 5157337
-4801106 -7683921
-6302887 -7622558
8921650 9535423
-1885480 -7682104
1517804 -9226159
-7844334 1038674
-63831 -5229620
-8016475 -6642484
-6342458 -690594
6854636 6271133
2829543 6010499
5758440 2241151
-8343820 -7412723
-8243249 -3950948
3722742 8170861
3003292 4648316
7025759 1437988
-6510237 -783243
1534653 -1536239
-762397 1604284
5159310 -6947543
-9660811 1393269
-2732863 -4904521
4404886 -7677286
1110199 -6558968
1967883 -6224126
6017025 -6060258
9043371 -2273677
-3708273 189558
-9123229 -9199878
-2035209 -9985531
-6031191 3880063
-6903180 -5009450
-4029337 -2541427
1579209 -2852175
-7283366 5208266
9117887 -3261481
1833999 -6944177
-4621463 8901377
4858761 8755237
5047463 -994912
2944830 -3173356
4552967 1064488
3770398 -5495446
-4695324 3361046
3375516 4647169
-8956416 3269467
776369 7344325
7319250 6656756
-6195419 -736615
-5528349 -1101541
-1846669 -3478785
-7906610 6105891
5007268 9987330
1258919 -2528073
-1006633 -133971
-790975 -3693618
-112778 -8061802
-3557248 -6238008
7123038 -6342379
8304790 -5736220
49600 -6985094
2875584 1864727
-1478517 3342321
-7394294 -7288814
1609646 2326065
1363632 9593710
5699601 9762977
2266659 3457023
3445302 -6776779
-4394398 6041930
4864664 -7561330
6893220 4814627
1092971 -5248114
-9074141 5852324
2632456 -9267639
-6252732 1747002
-6388271 -7317944
-1459270 -860796
1850390 2133212
6975629 1146436
740146 -6539964
5739365 -9144386
4312637 8956099
4695672 -9477624
6564306 -9725709
5229313 -9698726
-2367747 1428970
-1302791 2122533
-9508791 8725224
9457586 -7860580
-3597226 3123666
5805722 5721206
-5139590 -7469145
-2819580 -5653548
-1990759 6710800
2687189 -5843951
7528015 1265739
221839 -9057094
-8534717 -5642996
-5368704 -5082489
7735138 545941
4491264 2376961
7015847 -4632609
6608968 5704825
360597 7507056
630722 6066554
-5695888 6763372
1810579 8952797
5815601 -835478
8391674 8990999
5663401 -6175158
-2393066 1078863
-5461878 3191416
7548421 7828773
5262636 -3996595
-934302 4696069
-2926970 -4485874
881518 6073314
-5705509 -5911123
-8404066 -2509514
6073392 4655089
-6065187 -5256992
-6304195 -9622496
-7941622 5745392
4736392 2027759
5852601 -9549948
-5954732 -7083855
6107561 5975887
-3678988 -1416610
-2896853 -3827666
-9131597 -8416351
-2902225 -1314803
-5241488 -9542214
7063015 495645
502483 -8430645
6224444 1175301
5918310 -3424125
9469731 2675609
-9062646 2130467
-5841774 4044461
4494514 -1809902
1106243 2527180
-1496933 8539782
9639524 -2786196
-4097509 4824080
-1075919 -3257329
5427868 -3229106
9745032 -1461792
9033854 2702732
4272088 6808048
-2016651 -463663
-1371435 -6987116
5688494 -6098341
-1451521 -9385352
4659110 -857800
7332298 2706705
-4766115 -8330024
2726110 -1561459
-1831303 -3746695
-8922615 2365634
9108305 -3412460
-4125213 -7482182
1056026 -2947475
9755258 -4380181
-7572133 89880
2142570 4027346
-443418 -7072431
9345580 -9228865
3902135 -4754924
-3096372 -2105941
-9399235 -1438755
231221 -5764074
-4809181 8351002
-5395693 -7042669
-2160683 -4124131
2463409 8198044
-9284138 9463974
-3483500 8338196
6474368 1771889
4378121 -3728242
2815456 1418587
4346156 -3479309
9808178 -7627962
-9866533 -3791911
4102148 -3773334
4787911 -2962905
-6210626 -2780735
-4429732 7535485
3009168 -8503455
-2627586 -7309073
-9111028 -9151514
-9687540 2352176
-6793276 4121186
-4106925 9345312
-4382930 9681092
-6383968 2787549
1824592 948878
3320917 7962188
-5829723 1632771
7859437 -4029264
3007831 788778
8008043 -4836300
5215537 -686443
810103 6094663
1301943 -1775294
-8410456 698869
-6948955 -5292733
8828453 4418356
3763669 -3742230
8455214 7237881
25430 1897091
5362322 -7928754
2549787 -8149978
-4000855 -1316761
4653975 -763584
2541546 6374934
4054987 -9821842
-508284 -6934058
9160605 -729476
11582 2818171
-6482960 -7021100
-2313833 1601126
8535835 -3431914
-4657792 -3485379
6268854 -5184144
-770701 6313774
901373 -3705716
-9339342 -5408379
-4208788 -6548840
-4796072 9176156
5551090 -9554813
3139698 7745475
-9188583 -393923
1392954 5147766
-2034063 2488374
5467275 -8595464
-4477985 1482977
567415 -6846558
-7815585 -5942150
-8609942 -1574025
-5260250 8453269
7263905 619357
5210979 5641123
1608635 440916
-382928 3518543
-3519917 6812563
-2925610 7684514
9806944 9619781
-2716101 -2114193
2890534 1199898
-4879214 5249836
9249165 -1642191
-5972397 642801
-2782997 -7667067
758908 -3787981
7181640 -1392939
9226419 5498658
-6343867 -3038102
7402814 -3046250
-9527707 5264768
-5406316 9536238
7220752 -3047624
9088509 1668074
2070234 -455952
3260298 -3627592
4138596 -5039232
-4165071 8381085
-976114 3387762
5720695 -137468
-1409097 -1242758
7364303 8995955
4494614 8288896
-4749206 -892926
-1422824 667099
8448220 -7346392
-7810154 -8434178
-8965450 5558256
9742682 1926950
-8529001 -9876940
9011820 1812916
-709964 -2752351
-4371266 3150417
9054531 -2358683
20202 -2831027
5926215 4775226
-3712467 1127457
-583647 3290518
4913945 3298499
-6034401 4667147
-162893 -6508879
-4943057 -7586181
7972075 -5456695
6470256 -3908506
8730906 231109
-7955974 457607
7705256 7742726
893143 -6149586
-5991916 5850343
-6980684 -52326
7239252 4028286
-4844257 8945531
-5247599 -6473214
6825285 4572097
-8244404 9666346
5673820 3307236
-1762593 1592704
6136009 3247115
9338609 8725834
-1043056 2606265
5580224 8069515
-1671406 1000970
-2632264 -4198167
-8347824 9221737
-8314236 1375820
-4595894 -5328508
6133375 8925016
4968154 -6923798
164651 3402128
-4415173 -5690208
7617028 1920247
-6487049 -8741353
4505762 -4145564
-5419730 9648961
-5228422 -3639276
6946591 3537214
7054536 -9648197
8669988 -4724815
-5503077 -5577727
-1685555 -9677836
7510008 8699039
140407 -3765096
-688894 3643383
-2954489 -4891438
-581646 9475757
1396004 2630338
-3594663 9551734
-4593830 -2574692
-2925731 -9088900
9788176 -7497207
6040007 -5637801
7230354 6734767
-7990047 3094544
33169 5900342
-1261142 9023228
7722267 863966
7098870 -3751134
9892249 -2137326
-4512412 8926328
918437 9454113
-5399197 -2577706
-3025971 4830794
-7743898 -6477507
-5566407 -5103449
-2600656 -8153277
-3791078 6738121
3472888 5955704
-8433400 5955629
-5627677 5482841
4506069 1599769
4980087 3111182
9360048 -5255312
-4876285 2078958
1005286 1768650
1222763 611303
549950 4440076
-729130 -1660082
1862411 7523979
4936882 1526972
-4109953 -1187644
-4449523 -7663773
8291931 -5384679
-9429050 9023366
-2977441 9858531
-6025348 -5056726
8054456 4044981
8789669 8954739
-6449951 -69144
-8300494 -6086616
-2958960 -2928312
-8488236 2922269
3778540 7590990
-2368679 782634
4825958 -4359049
-3030340 -7431797
7420782 -9283995
7847678 2520137
-5940145 5712713
-1912404 8418629
5878255 1082415
-4872604 -5421400
6049692 -3550937
6379919 6433417
2863154 9599741
9187781 595778
-6481953 9904194
11536 -9300455
-6001469 -187061
5453891 7642857
-9788940 1340841
2056846 -7576449
-2539960 7631843
-4139092 -7579123
3355858 1519896
5118663 -3535143
-6440191 -8249535
-1800472 2762411
-804172 9609501
1725595 7095799
-2308423 4575334
4479528 913376
-5870726 -6274023
3538916 7007416
4650273 -9355843
1984999 -8490841
6449062 -2622314
7525881 6558197
8979074 -6090897
-2054649 5903141
4884350 2334932
4085397 -6935986
5826425 8444160
570013 4801277
1897077 7538605
2113940 4811960
8241689 2105006
5830983 9109820
6117237 4887315
5531472 -8113748
5911763 -6716138
-6822100 -2483529
-5925331 2360826
-1213719 3220133
-8360373 -6946257
-2094972 -752016
2311998 6523977
-2515511 -8009575
6791703 -9345225
709732 8054503
-4617185 -8794868
3310138 -7176328
-8066507 6140856
1028171 -8342526
6060078 567082
-3632704 -3440356
4076115 1971841
6849019 -454803
5281682 667136
3720880 -4364700
4883284 6921309
3445287 -8374092
6132685 9711634
2882761 -9070224
1500631 2924388
-3354128 -6407506
8932518 -600201
-4459345 2472363
4129837 -9133989
-6050555 6568827
-6871529 -7293733
4678108 316742
2378291 -279062
-9611925 1527128
-321220 -2340027
-5418717 -3374693
-1748785 7078417
6790051 8026570
1472698 6900252
-175359 -7810835
-4218341 5489682
-5110519 6470513
-8540772 -5285823
8096541 430136
9515315 5589065
8295332 4562338
7395432 5160138
7397429 -4510207
-466727 -226277
-49951 7785504
6927163 9212053
-1193178 4531332
-4925746 7694730
4594982 8113226
-9697609 -936696
-5447014 6935975
3406489 8600402
5830931 -8041181
-5094692 -2617931
-7028865 -3556176
-8993837 -5579377
2097114 3782819
1788964 8401595
-9308329 -505457
9796399 -8677763
3050643 641720
7689404 6723562
4418292 -8142535
9970691 -7236342
-5656686 -8470374
8465602 -9726918
1389836 -8587347
-6628528 -5611557
1770512 -2779232
3664592 -1723220
-4786244 -2742001
-8959181 -2812893
8105055 7310870
9321765 -4653865
-3331627 8796726
-8045202 9118164
-1641922 2235368
4092833 9644202
4924212 5292722
6822348 -3420123
-3147041 9267526
-9319821 -2195698
2192745 759148
7979916 6568004
7361136 -6036742
1221257 -5839140
1347968 -7425108
2402114 -5221572
124564 -546977
-9233899 -5759769
5874747 -690711
-8455343 -7279101
4881453 -5767175
2041899 5637490
4733719 -194335
-8410457 -8619400
-815098 4103031
-5137821 4786075
-6129569 -8622352
7857258 -7157905
9519307 -8768433
6322812 -8405133
-3626704 867275
2836650 -1275074
-4518490 -985788
8323501 3602751
-1159998 -8643743
8105435 9868158
-1978000 -6278545
-3956528 147334
-5955714 -7244280
6858751 -9850632
-2548205 3229189
-2876811 4237282
-404271 1322226
-4929855 7496799
9091666 -884964
2498664 -8607043
117884 7981314
-3004474 -4664686
1454418 5599394
-527997 -4680973
7703537 2810772
6532228 -2422562
241125 8241890
3513962 5092052
-2242228 4285411
-2485400 -7110935
7126347 -2274081
1564497 -2845859
-5349060 -3277924
5837112 6634643
8027600 6258959
4240273 -1664224
-3812557 -9338164
-1222418 -8764200
9071179 7641861
452633 8249586
-4172976 -708931
-9950689 9501213
-2890382 6068149
353561 3563273
6452338 -2616258
5109662 384513
55007 -3904963
2817113 -3325841
-6691198 -2777701
-6518742 -8829423
-493646 3852755
4514591 7721532
1473684 5693797
-4147990 -6707826
-8458240 -6938785
2352284 -1179005
-1677791 9885136
-1530362 -5082053
8481220 -2051821
5331921 1339551
4240416 -2550090
3544947 441583
-367905 -5704577
1517723 -3637940
-9951010 -4542751
9310004 4998981
-4763135 -444656
7765493 3824596
-366878 -773099
2288117 6133855
-5045150 -6308766
6092722 7156753
-7925299 -4206589
3741590 -5437640
5901911 3072273
-9477816 -926488
2031447 142328
-3045897 -3416517
2945544 -8336458
9637144 8471826
-4012840 -4489114
5066230 8947148
-4711904 -6259623
2967279 -4651925
-8518070 -2562430
1128804 -4744604
4928501 8953132
-5253456 -2778473
-5699761 -480446
-7408172 8488134
-9922002 -9797849
-7139169 -6885988
-302505 2109446
-3710660 -185066
-9196887 5159391
-9329723 -4073516
7389985 9306625
-6952998 -1747141
-3882714 5194433
-7367996 6014281
3786029 -9884432
9068701 -3722840
3498687 -1285469
750437 6331597
4819731 7798927
517430 3342265
-1027371 -2585918
9523528 -4105387
-1774101 1186477
8862220 8329220
-5744295 -970988
-1664363 2048850
-9698291 4162042
-8127173 -6101008
9913273 8935348
1567268 -5495169
781992 -3784345
-2553462 635969
9483918 6797031
-2887690 8196975
1539241 -3179998
4234084 7629740
-6475647 3028222
-5785301 3757612
-5396816 1750253
3295617 -6923080
5125770 -8624759
5537283 4147607
8046599 -2056169
-3120821 7410111
4431294 476224
-791769 8446448
-8401231 7729638
4526670 6654769
-2631903 3599040
-9580958 4155332
1785073 1423690
-5548088 4653126
-9072910 -2174222
2092383 -1333388
1743532 -4469726
-3094484 7904353
-5431688 9385654
-2670515 4959151
-5114386 5131263
-4392513 -3274983
7687817 9316909
7046547 -2667929
6503192 1802938
-4598022 -5910431
8244902 -6128711
5294979 8337372
-4493150 -7453673
-7111543 9746892
-9070144 -3566060
-5519433 4980841
-4598454 2673388
2059042 -6097565
1377938 -30142
-4898879 1904879
8629896 6263553
-1903186 -6775040
557031 6317713
-9362996 7659713
-8250717 -2939776
-6552135 8555334
6892707 2510537
5056864 1259197
1006089 -7600443
-8650150 7945321
-4557486 1935945
7125685 -4169583
-7750796 844060
-9186082 -8298921
3605958 3627142
-7592953 8431391
-8343648 -5247793
3586272 503861
-1836425 2213383
1789959 4223276
2778611 -7570790
4939747 -2245823
9013374 -328682
-5412773 -3389
-9541716 -7464185
-3011888 -4062923
-5716154 8417151
-738789 -5886203
8331228 -3466950
2676545 -7408518
-8977127 1937186
6689393 -2400056
8103806 -7320775
-2591039 275666
7015294 8783733
-8787057 1715272
1985801 -206095
1981575 6152690
8665653 999175
-3948658 6568803
5022232 1640289
57440 3039454
-330397 9306079
8355481 1835004
-3057162 -1999169
2454370 -6451622
1148323 -2034289
-6838711 -8339885
-5547867 -747871
-9447786 -6913398
-2681774 -8532572
-6222315 -8234843
434199 9304028
-7180445 -1724387
7360768 -8383796
3256493 -1129102
4426704 2383000
1689079 5830286
-2334710 -5903692
-5386509 44561
3592939 4608128
