118 8550153 -6846975
407
-9483079 -8358029
-6701706 9006740
4801834 -4942704
-607233 3054214
1378940 -3961095
-6175654 3165375
-460820 2063635
-3461444 -882301
-2499617 4293802
-7016652 6880803
-9449582 -5056823
-3925885 6719881
-2266436 2325317
7937458 -7453759
3612746 -3400030
-1758058 -8909517
2613575 4129668
9186964 -5943412
7110802 -2584591
-4029334 -8903917
4261458 -8993905
-4413918 -7688635
1429064 6316990
610792 -5359009
-8478206 1445799
6388977 3594140
314021 4588564
-3086119 4979444
7525685 563938
7163908 -5148661
8458174 1138432
7784452 7922202
4495142 1071749
1003511 6971416
8067500 1605945
-4871608 6974177
9285542 -5154690
-8837699 714474
5355465 -6769042
4676758 1773093
7883586 6877259
1465823 -6417913
8561531 -9286041
1277897 896056
-1736253 -1396431
2258353 -9041842
8880360 -3278079
310023 42805
-2985779 -4108145
7497800 -8686466
8287711 7598073
-7556616 -7373808
-4142982 89606
3320564 6122037
-9588518 -8787516
606095 -9486326
-5904239 8295068
9009028 4588271
-4515673 5173645
-6222786 -7196723
-6238565 -3735573
2986348 6035567
8594724 5158148
-8949997 -6703629
-5390095 -4391055
5723371 8547803
3690347 5413969
-4496425 683107
-3194856 9547365
3276201 1340491
1854166 -2783374
8028047 -6117703
986920 -1533721
-6360076 7037075
2356704 -1012401
5252026 -2582862
5969057 6118140
1276288 -9245273
-5948902 4563781
2689079 -5157357
5906798 -8822644
-892323 -9071198
1611909 -402855
-8339138 -2872396
8468095 8417053
8150031 -2546584
-6147935 -7161387
1304893 6178078
-4268495 4838985
-6173416 -2538831
-2605340 8088210
4206350 1594963
2349690 -6636283
443851 7998990
-7158367 -1082860
94496 5649282
6578084 8748431
-9138072 9202173
-3670223 -9293655
9123398 5039142
-7507442 7314225
2669190 -210219
-4032140 -3655377
3699960 -6025917
1435253 1699365
-212425 7526545
-8362140 1346265
-2773666 6510277
4509267 3987550
-7095310 7670185
-4164181 -132748
-8867965 -4484461
-5282288 -7586097
5636600 4510315
-450542 -6436158
3394419 -2723650
7066132 2042016
902992 -3936391
-7445955 -6966008
-2750291 -5397048
4645849 -3494350
7851915 7037285
3547562 6283709
-7212389 -4921751
5264787 -9426818
-7043214 -4307698
1207841 -8899394
6030862 -5911178
8599137 -1558095
-5477901 1667462
8943813 -1851405
2706964 7916518
-6019872 -1473703
1560289 6126308
3245612 9050525
-4443825 8809998
-1636365 -2108538
6691523 -6591910
-8997309 4427550
-2482916 9479135
-4828563 6267478
7368085 473870
-2920956 -1104370
7337535 -4084701
99113 -4321818
-3656871 4375987
2292505 -8440722
85575 1566445
-2307247 -1211015
-2160490 4162216
2972215 3454718
-8653820 3395685
-679873 3852202
-1720248 554055
33190 322819
9106649 -1686812
8787059 -2279021
-867039 6474734
4906385 -4133897
-5939363 8986849
3362836 -4994501
-3435223 403767
4486564 -4344659
-3039321 6650353
-6671079 -7820682
5634036 4800189
-9287773 6301136
-7330309 -503432
2566975 32354
2871525 -6534205
1778984 -7399834
-7162503 1978175
-9030739 -6917605
-1051502 1970459
957308 -1608001
3397498 -4474512
5929255 -5679856
-7508163 2478627
-8354668 415819
-4888511 -547484
-5747294 -5025746
3791742 3261877
5274797 7481285
-9970009 6461433
9927229 -2158227
-7041709 -4582131
7396044 -5777435
-2695040 -4204212
282599 881657
9273656 -1230190
4295298 3756259
8076403 2671154
7666134 -7259095
-4326923 3084593
-7462891 9311466
-5714280 -6699082
-920852 9306167
6787452 8077463
-2944752 -5646055
-5287930 -666204
4751665 9498829
-6278606 -2329639
-4017498 2147709
5545718 -6457294
2312517 -1218547
-7462287 4819375
-9993119 -3392185
-8134927 3130468
-3784939 7673015
-499166 -2461850
839068 -8731477
-9425310 -3697094
-5619631 9918216
6788514 -121505
1728643 -6048030
-6549201 -8499416
-8312702 -3519692
1144369 9688546
-6768748 -9813848
-1032395 -3309913
4025814 -1939879
-2815711 1505318
7152139 4032696
-5777937 -950638
6587512 -6632800
7152075 -3760751
2542156 9942932
2377501 243118
2637965 -561123
3390847 -8317633
-6817049 -5633392
846916 -642001
-953455 7386601
7572753 4507637
-8802276 -5205851
2854271 -3459641
562029 -2260109
4288939 -9961440
-912078 -2285832
-6402279 1027354
7266604 8191786
651070 -9250204
-6490734 -191240
9247637 -6971429
-5289062 6147231
-9486161 2638485
-8003516 -9589758
7796843 -6122893
8384744 -6440619
-1646470 -2114051
4426308 2098821
9838712 -8792199
3762713 7504689
7735210 -3355997
7671357 -7149365
3558773 -8667069
4599079 4937961
-5253279 -5790156
9754767 624698
-3228071 -6005641
-850804 6982058
-91348 -2714231
1162876 -6337968
-2778587 -2294505
-1892204 -7936027
4162794 -1908705
-8184551 5050456
2555146 -3482142
3161861 5578162
945150 290356
-5860361 833218
8287532 -5496077
-8769881 1255070
-8120232 -6965747
9544964 -9015113
483297 -8831950
-1546181 -1305840
2356192 -9608051
-9386204 2133047
-3286628 2093957
2701605 -1278407
-6227951 3392518
9910376 4517054
-7388432 -1156453
1650255 -4411411
-1061840 -3926930
576994 5789894
9561317 -2774308
259945 -5676535
7824704 3957437
5125487 -195090
1015422 -1691999
-1300050 6095658
-9254942 -6628385
-2018076 -686253
8035340 9974782
3367301 -9316471
-2283065 4323741
-6832711 3277677
1382619 328504
-1082074 4817544
-6876209 -9679221
-2453529 9494920
6334738 5201460
-8324751 322768
-9872322 4159442
-7532556 6800737
-4587253 -6340547
-2968932 1167394
2997493 8674157
8648940 -2470656
-1787126 -6450815
7872927 2016241
7810270 5929809
8774665 3556568
-9109536 -8290759
-7969980 -2307408
9703864 6530607
1732067 -7907157
2415612 6038602
198045 3407317
-7275594 -4940358
-1280905 -4818159
-1134413 -9346495
9327663 5750163
-6720492 -8136919
-4587734 492955
5025548 -5991266
2454895 5801545
-8125535 2835818
4545060 1229561
1438505 -7235070
9295537 -908568
1184276 1142369
9697324 -6456043
6951274 -6400112
-8824118 -104631
-2406438 2192032
2845537 -105022
8161493 6459149
8322230 -5310448
5182507 3957353
7966087 6250849
-5431254 208055
5560226 420983
4166896 -3556788
-791858 -7378362
-5770578 -4394599
-735878 -1496321
2047636 5413698
1529938 -1038554
1373167 -8484738
3707294 2705821
-7399201 8966729
5425879 9069184
6275088 3278644
-2764002 -3735539
-7484690 -6026052
-3301645 7718437
-1860580 -2915943
3527269 -7741419
7396571 4822668
-9571931 5251763
-6244558 -8374006
-443956 -307808
1169990 -1680569
-7648955 -8914017
-3691844 -7456842
-8490113 -1425308
-2356124 -8574693
4703951 -547882
5716580 6435316
-9590736 -8060051
9658387 748242
348651 -2892380
-8117447 -9685841
-2346820 -6124080
1644035 9279125
3421471 -1918751
289793 -2084170
6235261 -7022485
6579850 -8540216
6519294 8586306
9677350 5404358
6829665 8029181
-2518700 -2678774
6272895 -5950031
-4010082 5714232
-3537526 6682159
6306131 8164657
995169 6811126
3203398 8188685
-15838 1164701
9245950 -5152566
2763264 -6594367
8899500 -7947904
6028232 -8485123
2617535 -2004297
-6599939 2547526
-6906941 2294886
2132464 2746079
6796048 -6909289
8804943 -1594641
7603871 5302318
-4016672 7783770
4594896 3910002
-5384961 -505151
