48 -7108932 6112781
95
1600708 6704500
-8872668 903997
-1232699 -4005801
-8537748 -7597529
-6644986 -3853376
-4065565 -2696590
-6729594 3402769
2572536 -8897156
-429757 8766578
-3406637 5322989
-6874698 -3715578
-6449541 -7842291
2975640 -8254432
3267110 6412541
9303609 9508735
-1270413 -8103757
2800240 -6579331
-8068780 -7626728
7292095 4083893
2746870 -6606528
-6786766 -9352891
-3433769 8681305
2300502 8999992
7766571 1655119
9494460 4387097
-9328481 -5640066
-3482357 5136114
6881682 6738331
3150872 2009636
-5965277 -7334856
-5438613 2454481
-1608497 -4719338
-2346066 -122021
6478225 322723
3716196 -5053970
8109491 -774905
-9577248 6929430
-1554225 7192074
-8636455 2723254
-2889648 -3787654
572280 -9141995
-1489528 -9701777
7036554 -393725
-8384089 -4607846
-9426349 187426
5158260 8166986
-6552351 -4864962
-2470630 -6450237
3872486 -6382065
-8919683 -5992405
3232690 -9894966
-449183 9189809
-1101765 -3828206
8895049 7996592
6725290 -7221867
-6363862 8521753
8819976 -2702430
-579803 -5337038
55117 -1627117
1076661 -6447539
-8280553 628768
-1719842 8751273
-7698964 7683448
-8698616 5809528
2333475 -1310125
-8688739 -7618299
4087862 8082517
-5745688 862078
-8624978 5502450
8280583 5665713
4187466 8100312
7914234 4433073
9096036 -4476206
3896677 -2665568
-6596755 -848847
2296273 7489691
6240964 7639044
5322493 3092783
-8581336 8542001
9748228 -859771
1521930 3752139
1834657 -8940511
-5562080 8126145
3628595 6088969
1754682 8329294
6429607 1909178
-3657749 8458500
-6017706 -3139807
-3289023 -4561713
-2894208 395324
-2114985 114222
-2246733 1918417
7527553 6642331
-2299316 5592112
-5267659 8946217
