129 5921516 -7798354
192
7649375 -7905345
-4920559 -7365368
-6479451 3519402
8751930 71906
-640052 -2115891
2082847 8636129
6415827 -5560993
5503774 -5063639
-9320040 -9802095
-1363980 759549
-4391785 -4794795
3119642 -5943178
-451788 -6895771
-9788608 7622220
3543736 5396403
7411 4929390
7564022 -6290537
-254782 -2396796
7675111 3600923
-8514967 -1502852
-2866723 9551411
-6009581 -3915768
1020593 6065456
-1220287 9494193
253742 -5783095
-577890 7415734
3988908 5861957
1482538 5058104
2680325 -6462880
1449876 -5789718
9139672 8740413
-7550123 3973639
-8423157 -779954
-7179030 -5288553
3208595 1768306
1319718 -5693997
-7093413 -9658128
-1076320 -2173511
-2679318 3927180
8144085 7703393
5119127 90776
8469085 -2433804
-7375700 -8375612
-4838492 -7532024
-3321742 -2179023
9077743 -872264
-6898625 -4182069
-2445671 4043972
8755419 -5321781
6446525 375299
-2802346 1964014
-5177762 -9717405
-1890916 104241
6547773 3745918
-6034337 -2053882
8036894 -2791789
-2709241 9084791
-9290821 6505980
8973956 -84941
252389 8387039
-2485224 8168566
6502849 -8153516
5890456 -6867497
-9672926 -5942821
4432478 4645875
9126241 -710048
-427453 4146485
6767078 6464831
210749 7681632
-4372250 3314852
-9476937 4176412
-4222445 6180997
2686977 -2186178
245233 9003086
-93522 -5822715
4862203 3013974
4860458 -62394
3070109 1365053
5422232 750914
7913141 3397184
-7312864 -7628938
-966101 7039382
3504213 2259683
-7542333 -4199022
1632182 6231314
-7075921 -9398230
6782767 -5328403
-4998229 -8782014
2737425 -8013904
8679733 5247004
-9222669 -7356097
2581509 -3941712
7423341 5637789
8905056 -4348382
1565154 -4638075
-9750660 6818197
-3626068 4252290
9028326 -8200409
-2399431 2394497
-1374188 4002345
-2879533 1749103
6420700 -5933757
7800581 6419586
922034 -8577529
-814172 538006
3181909 -398233
-1823592 -36841
8117300 8279770
6447741 -4400251
-6521973 -461292
-3643094 -1987105
4781538 6243719
8043310 -4752810
7641687 -3673784
-9671439 8160232
-90665 8783851
5366446 9965381
6384967 8846388
2785211 3167028
-6294966 -2692998
-574879 -8028961
-5549450 -596704
-2316934 7601529
5717631 5084203
-5377089 -5869193
-5339945 1712010
-2044271 -6503831
-1256641 9441593
-4232191 8515391
6675623 8901399
201602 8612722
8578103 9101311
7947699 -4431951
8735077 -2520577
-2697223 732910
-4779698 4956463
6876111 -755750
-3154220 -329148
-5244945 -5440822
-8793663 5079763
9308125 -622033
2874136 -4133608
7824337 -2736146
-4220755 4133848
-4448401 -6407854
4721221 4971221
4072532 5753201
-8678750 -4184324
-4188549 2020231
5269493 2572679
-9954505 3114228
-7641521 -9510205
160648 6921606
3997136 -8279389
-683274 -2567945
6810022 -2280174
3586218 -1375149
-1594943 -7799489
-1149289 1410556
-2480946 4184302
-8328125 4402310
155511 4756627
3088656 5744407
-9719010 -6006886
6565793 8900107
2014336 5550484
6040279 -872360
-3950753 -3110833
-1390222 8717279
-3850665 2562735
-9717439 7926504
-3448645 5475709
7676220 3868780
7795688 4956412
-8342934 9043283
3445593 7831094
-4895926 -6671058
1589701 -6398895
-9889429 8192730
7092837 1870692
-2578824 6676364
8320357 -892827
5996340 5977807
4695087 -5630396
-551309 7122470
5048974 -9155578
6320131 -268747
6116385 4116681
-8410555 -3487296
-4444013 -3571575
-5740481 -6753488
9091806 9001581
