454 -1815315 4398206
559
967566 -1951316
-5808038 -9300275
-5074383 -1499082
5424365 -5308306
-3762078 8179189
-7767754 2778596
3211744 2480119
3039033 -3565085
-818701 5884441
7622527 -6094442
-7121893 -9158118
-1624409 -3068702
-344153 -6760337
4962937 -965574
-264537 -8773595
-8208558 -638857
-7422779 -9296971
-8279700 -4016596
675098 -2497162
8198379 7144665
-7560387 -570627
-8090508 -9569374
9381893 -1832290
6568503 -2535123
1370435 -1436808
-594926 4191031
3638681 -3235105
-7479090 297017
1847795 -6705472
7037286 7483847
-3155009 -8416741
4802640 8828728
-5187868 -577788
-558598 6522940
-3816042 -1996418
7432955 -9843867
3103111 -8860077
-8176015 1858800
9323677 2485004
-8951804 8392489
-4900128 694113
-24640 -7030377
-4217008 1254905
4549433 2496270
-19882 7630788
1730399 -5896929
-7068201 6825109
8763673 -3466961
5572332 -9739717
-1736134 -1794925
-1638792 4272642
-2071083 8213173
-7411675 -8535680
3949324 -247097
-9338256 -8087997
-4877532 -2486127
483496 8277968
-467127 5097828
-2405902 6266488
-3586372 -5917694
-9298270 7574216
-3084323 8144027
7193419 -6366471
-6106187 -4320650
3884425 -4717897
9554745 -5325969
5403556 4761986
6226306 -9999986
-247083 7991882
9903885 -7308018
205855 -7068987
-8791019 7542705
-4843115 3205703
-527808 741854
-2659487 2750983
-7158448 5885820
-3453800 -1957757
-5807876 -7726419
-2047068 6255971
-8461926 -9397711
7792672 4353709
-884305 3609171
3609185 3196229
1188111 7858353
3066688 5878455
1325820 -6391652
-8848947 -6727457
6478247 2534802
5793008 -3692062
1575273 8466791
-3131037 5649873
6208468 -3066823
-793241 -4068485
-7812514 2916945
3519234 7159691
1513400 6241912
-148917 -6171741
7024488 3145448
1003801 5976621
-5628572 -1787401
1820947 -5929511
9859385 5697248
-9251598 -4511648
-5687358 -1146016
-2679225 -942237
7223988 -1595733
5337445 -3293910
2637606 3432457
8865754 7060556
4220247 4825092
-6416643 2384988
6213247 8249999
-6088201 3434440
-8072587 -4245913
3966686 -2568047
1502442 8815193
-2971206 8303985
6308689 -6121821
-4751485 -2222804
-648689 -9378669
-974401 2569290
1791733 -3424700
2524109 6879396
3939952 -5570661
1770783 1389863
6291203 -9323449
1442902 5354140
-8695067 -4979197
774890 5354702
-7213345 -6767654
4563892 7257929
-1921734 -3194551
-6800019 -8407314
-8113766 -5613044
7524639 -1551504
3534139 -6246102
329198 -3449762
5945986 -4674128
-244789 5369659
-3240478 -114062
562489 -8474006
6880135 5567077
3104232 4521744
-123554 701420
-3549882 -6120877
3653404 2663101
1984902 -8985990
5123048 -8268330
8634978 5184883
-6366620 7009283
-9236819 6159618
5226208 7167519
-7506609 -6391269
8978390 1172195
3574485 -5235046
8807300 8254264
-3662307 6653327
1175071 -1796213
8905207 9441926
5837401 -8948483
-3769030 -4644674
-3630664 -509195
-6261173 732224
-4082892 4008737
1018020 -7626194
1049776 -7933160
9234359 -5702447
-2093716 -3724016
-35469 4244102
9009056 9401026
171642 6055369
2708696 7816356
-3979856 6509335
5951261 -6116233
7451636 7441703
-7202971 1788662
3795819 6198958
-3068818 -8317282
5691455 7534647
2424805 2848290
4915130 9225827
-6476620 5990933
4783269 -3334159
3426295 -6053984
5863394 -5252199
-9196830 -5048297
5284412 -3964964
-7455629 -3971782
-7571663 3820908
1262611 1011985
5316999 9879973
-1404717 4059641
-1741289 -887181
9163818 5526465
-9108892 6466518
5692345 -5895025
-9904092 -1677410
-2495216 1732077
-1805555 4879177
2143330 -9068921
-4117217 -5942161
92875 -4537148
1491070 -8832805
4988103 -4846402
6165583 -3564241
8832084 8767066
-4656941 -6001065
-4371894 -2572633
5470185 3601770
68288 7308276
-8586749 6361293
7200235 8276985
9062 4025511
-8578960 -5294981
8152451 8203507
4777698 -3919277
1543575 -5964766
7718781 -5129427
-7459476 5550998
-8013243 -4776764
-6009698 1222459
5221394 -9181158
-1753791 -666638
5451484 -9150500
674128 -6283606
2594039 8036125
6313110 2087379
8629242 -7689373
9531998 8838525
-441616 -9949717
8647358 7684449
4236035 -5663917
-8276992 190933
-4258069 1954816
-305596 -5736468
-1997656 -9754959
-8936117 -3798941
-1949227 -6776262
6589591 -8173556
8059191 -6497743
-8461618 -2736281
1867451 -6830418
-4519791 367845
-793630 -6986955
5579680 -4987792
-7303343 1281106
5617189 4227038
-5582028 6932693
-8596139 -143450
-3363566 -7323745
-7078704 -6385382
-184323 4638778
378869 6501531
8327976 7866450
-8631293 9484812
-3251469 6387167
2073101 5423442
8307639 1132334
4145380 7553311
5081871 -9969639
1311467 -274940
-6047901 7778528
-2772427 9445009
-698441 -9113577
-6437322 -8852213
-5237595 5937993
-6906876 9000327
5501858 4578082
-5039116 3471993
2956805 3829834
-7266647 -3670409
4269385 2221688
-6645977 4806455
-5123882 2577024
-4876263 15755
9740815 9957989
7736517 6435205
5880214 6209266
7095689 7480443
8628230 7698125
-3847530 3174720
2175047 5906987
-6998579 -754406
-7282413 -2323095
4023092 -2037695
-3191752 -1809256
-9587567 6756445
-5920748 3593986
-3828990 6282808
-3701437 -1044630
-1086641 1294748
-9753695 8555730
-2718651 9166229
6646672 6126519
-3659004 6893390
68110 -2208746
6214593 2493466
-8260939 -7756843
-7563585 9216014
-2821681 6973000
-4836255 6459507
-4267696 -3497081
-9903095 8092530
-3108310 -188443
1283279 8784268
-7404632 -4293395
6778687 -9803361
9362868 -7158327
1484544 -5939964
-9046573 -1474108
-1166502 7825540
319006 -6462111
-4218953 -4951909
6780457 -5425581
-8452580 -9266186
-290327 -6041224
-7021953 9227517
-163601 -2041671
286238 -6925047
-8140779 6728089
-7565306 -8430482
-8233843 -5545411
-2703738 9213381
5789770 3645377
-7828731 1297158
-877302 6743197
-9718914 -6478881
-1430790 1958056
6532476 8578485
1828651 -4650333
-8175205 596248
-7659883 -8461676
-7986994 -5197158
-9605853 2176516
-1095395 2299244
3868762 -7746632
9224309 -6144349
5585384 -1848729
-8203352 9036923
334081 1375154
-1881649 6484269
-9994612 1973131
-6068812 -9084210
2010627 -8909050
8956969 2980016
-6423736 -6160721
7893955 3298116
617311 8432733
609249 9906961
2206206 1011458
-4218821 2030206
5885857 8591320
-3257408 -4994512
-5957588 1471241
5362748 -8944408
56214 -3107155
8865977 5997451
6913241 61602
-6331095 -7202835
-1706467 -1076131
-4720500 5142226
-1559657 -5613851
-7181118 -6826545
-6919583 9057654
-7414536 3428131
-4541663 -2197025
-3605705 -1633357
-4111516 3860546
7848139 3136887
-3291168 -7552752
-659907 3210887
-791661 6765046
9343000 -1793930
-6480413 8637932
-2438199 -6988095
670484 1813120
6199269 -4642347
-1468891 9110827
684833 9018151
-5037366 -5872122
1930853 -4213351
-3330355 420971
-5718483 841500
-6021612 2558129
-2478271 4646009
-2143104 -6796428
9968618 6861822
7584245 7065235
5703168 9311618
4839876 3620184
-4566695 5781321
-8861025 -4489640
7137539 4148926
-4316570 -7813564
-3685686 -2177628
3609021 646064
3583388 761519
-8396981 -9721334
-4646853 7864905
-4972734 8097759
-8698669 2874876
-7746949 2884163
-7534250 -8730051
3097920 2353648
-4026168 685270
-3533408 -2062204
-4035492 -6076511
8072416 -9878081
-7691645 -6897953
924419 -6244154
-3081738 -8860979
-5583108 7049792
-155189 -9498350
882908 -3980089
6634023 5197958
-9410813 5910174
-1205663 451706
-5761992 -7157762
5195886 1260088
-8054642 7335928
7790076 3686070
7609560 -9071698
3566573 -6245416
-3143369 5681976
1954174 -1608720
-7953347 297402
-2652806 8872436
1890439 -3536455
-5000191 -291643
-5093684 -7226653
8683521 -8366168
2085538 -4504497
-9145907 9994211
-6229349 6323546
-3824174 -1433669
-7747599 8232361
1677016 -6034098
-9763162 9861961
-1939711 -4756411
3634870 -2906531
-92777 2530815
-6080396 5681523
-7854931 -229230
9479127 5810043
1099742 9661230
-8704938 6901795
4913650 -216737
-7706174 -4103048
4736851 5767743
-5665926 -3935523
6813191 -9087323
7394932 9102828
1481141 -1509793
3733796 7631770
7241592 9541431
-5411402 -2631334
5566542 -2851185
-564063 -1491798
6834597 227963
-110807 -1084935
8333212 -2065661
233955 1184255
-402441 3246863
-985394 2527781
1108611 -5665590
-4752912 -4134967
7484213 -2078198
6412009 5158372
2790142 -1034646
-8976863 145805
30824 31734
-303098 -4388264
-3363710 8113718
-1658319 9132839
-9435744 -6529112
1405227 747226
4447833 8897469
2144332 -8360818
-3316684 -5954608
-1620197 3675290
2056675 7791927
-4286271 -3856757
-8698385 -459112
8506243 4642090
7304247 -3391891
6639844 9529380
-4858884 9851423
7965141 8853098
502289 1777407
-2235353 8823174
-429600 -6417102
-7519633 9169874
3325409 -5981767
-9420022 -2858949
3332693 2525077
317004 -1040219
-2380624 -4610631
4930257 -1452915
5705527 -8562657
-1954548 -4047148
-4517767 3009774
2861198 7201648
6054746 -6860299
-2566540 -6657309
-7834134 -3442964
139934 5198107
-3115666 -5747382
-9212796 -4863347
-5205944 2726095
-4748828 -8632818
-7156685 8126749
-6483882 -1915472
6631613 -7020957
-5583614 962728
6915580 -5146508
7863266 2461838
-336513 4914165
8053867 -6759184
-3416492 -4281767
-5208379 8003679
3201787 -8734274
8034696 -2552093
2584560 2602473
-4671432 8821900
2705434 -105032
-1978282 -6903908
1180620 5548749
8527792 -5945812
-2466732 -9671415
-4817923 5460530
-2077631 -5551151
1879366 5561695
8802512 102208
5820441 -66767
-9546735 7902372
9168098 3128415
-9423678 -3828596
8773877 -280854
-1458953 -4322765
5572203 6618797
2231241 3762833
-8172065 6110273
2680814 -6588139
6256798 -9644273
-1667390 -9785918
7179283 3955227
-483078 6254979
-3642813 -941350
1508235 -9164214
8738158 4693980
-9661253 1961500
8132904 422608
-9858245 3431422
9108657 -576867
-3958070 -8800846
4961987 -2802788
5823838 8273171
4201384 6789922
-337998 -1495348
