117 4538910 -7147574
395
6172832 5993264
1189533 -4226003
-1140044 5766343
7758336 3862893
8153499 2786632
-1200544 -3067675
-4095321 3387545
7795176 2717750
5871618 -8026123
-2647596 -741436
4192242 8720740
-962272 -7216009
-9272147 4899669
-9904433 -5324606
9214304 2977247
-1029489 5464345
-8761658 5387137
-6330168 2676396
-3460711 98299
-7115069 -8571832
-1639507 7209140
-6886963 1684387
-5597863 -3218476
-1244599 -9091787
-7316871 2790107
1510848 -1375843
-6075500 6875371
1775040 -9451424
-4776030 -5347647
7629600 1870608
-2665047 6954627
2341764 9116463
-5690789 -8910352
1187947 -1472052
-7527532 848500
-9426008 -3410770
8273617 -6650687
130837 -6312971
7111594 5192107
-2017786 1402590
-9973253 9794723
6670094 9493062
2557990 -6048752
-8880047 -9038513
-4651553 298313
-2747060 1265906
-7101279 -4800248
-3710600 2111056
-9360996 -2792067
8056433 -6301
6582929 5627824
8977137 1146778
-2649841 -2627101
-7434994 -892026
-9489436 -5538246
6772829 -6936428
5072987 3053663
-478737 -4040724
-3079237 -9852671
445642 641217
-8092877 -5214438
-14686 214934
-7674010 -5194156
2013777 -1208933
8784766 5481346
1109170 -7413437
-3750307 5367696
-7259405 86307
1710633 3599852
577958 7821953
3401877 2221197
-4725139 -2649212
3310064 -1525136
-1377806 -2687524
7953693 2747179
7532741 1584188
-8200877 2377168
-300635 -9965593
-1174526 6641465
-5360836 4229494
-667591 -2389759
5494289 5748334
8350994 -1901546
-8301693 751236
-8910459 -7422021
4799177 -5207383
-5340243 4491418
5482635 2590390
9902866 486173
5749704 -5895171
-1794631 372912
5266432 3282445
3316853 4492
-3354042 -5034203
1711644 4658679
-7731080 1285122
9549808 -8955947
-857492 279561
-8969203 417154
2995134 -6642833
-1850216 -7879662
6611757 -9689337
-4582595 -4674106
5812067 -5389256
-8768075 7836623
-1790465 -5921876
7360569 -562706
9441787 -6524032
-9041883 -6806226
7852454 8604097
-7594429 2669761
3713815 2637726
-7082712 4471731
7405238 5372675
8729842 6464437
1101128 400372
-6772613 9395978
7238224 -9770763
-5160019 -1355208
-3518585 -4433356
-355232 -3928094
5509200 -2792697
-6800377 -2994663
-7284536 -2532661
8587788 -5842260
6827502 3084270
-4278004 -9006641
-2018557 -6942331
8430344 -8844364
136426 -4613319
-1696595 -323462
-8411132 -8762446
-8533209 1530792
2691936 8827093
-5606263 -3693228
-5104970 1689703
1413358 4038505
3560194 -9595770
-9612078 4612981
8770722 -1207990
-8123720 8975710
2485422 -1885424
-6311403 -9885371
-8729735 -9533135
8369898 4635293
6828183 -6076957
-4839403 -3326697
720447 8417051
-239504 9143740
7966864 5928735
-9865210 -3329415
3225442 -7138106
5782477 1548149
-3838870 -3214363
-1906001 6170399
-2337539 7448204
8079132 -29720
84909 -9852117
3131100 -8232271
6403022 -6128474
-9689078 -5982650
-6792995 -4252443
-5835391 7987871
7131612 3927452
-7627461 3925105
-9404309 -2385172
476723 -7492670
4055479 3821133
3123122 8775552
-2537697 2732961
181166 -8782878
-6296246 5124764
5272648 -1739702
-7455620 -3694985
-7307107 -9079900
-5062549 1463754
7211312 -6996185
-9008313 -1855544
4588261 -8624079
-2182622 639651
8254479 6960800
1984482 -9070579
-2733093 -8752446
-9976894 -3960039
8772923 2906381
4123503 -2514591
5126526 -8529559
-269261 343609
6648624 399174
-6164374 -5208529
6255226 9341518
4861685 -1226923
-566114 3466538
-2641189 5853372
-3506977 -5977853
3499299 -2307459
-1378037 7263855
8511409 -4516218
1523743 5888870
-1204749 8534516
8536277 -7186982
-5716541 5435107
8295068 3662803
6578329 -3469449
1322022 4943693
-3198437 -9586044
-8296615 -2422752
-8956214 4179600
32973 1137271
5159418 -9081051
-1388509 -957652
-3693797 -1341282
4142500 -250194
8155028 -5182387
5868481 8182595
-9004386 -3049721
4901738 -3078890
-9416086 7795425
-5674024 3196807
-9343148 -321405
92551 5647999
-6774753 9974767
4154367 -5687711
5449560 6785386
7704335 6703692
8262393 -6874669
-5699599 8832178
-1418016 -5431404
-8097439 959253
-858152 -3262988
-3796356 287394
-275143 -7346186
-9550760 3621734
9334893 308771
2503718 -5224784
-9576785 9991745
2482864 5112622
9424911 6164815
2950201 9153584
5857276 -2609177
516154 -6829112
-7996933 4119669
1204618 4816555
-4224192 -6898597
-161584 -4376469
-1572722 -2565991
87823 6042060
-336206 8152135
-9022742 537063
-2171368 -1001312
-8493215 3480976
-1406402 -9231801
6933014 -3493998
-4340414 -9465139
-2074315 -7600433
-4429544 -8483138
-1847116 8441839
-4225253 -9910125
-6808722 1873854
13737 1550555
8984564 -4453954
4104458 8441015
6593150 -8411260
-5357845 6284605
7799645 86760
-6432263 2470787
-4244661 1822782
8328784 -5322313
7728901 -7311647
-4912079 -6011630
8021585 -4345414
6612777 -6825271
5780956 8690821
564675 -7612476
-3545568 8972234
7034633 -9421588
1535780 7955348
9544088 1139091
-2576304 -9354718
732043 6702596
-826617 -4776659
7046124 -3183868
-5989829 -2554926
133428 -2108740
1879631 -8260928
-2606342 -2262299
912430 -7582432
-8891611 -5993564
8910312 9209738
8181972 1673064
-5232172 -4635256
-6679907 -2267043
8872049 6303608
6948891 5380533
2083129 8812097
6551791 -9802714
-2986582 3772865
-8782061 -3885733
4005527 1023589
-4720986 -6132281
1605420 8401510
-9180922 2672672
-804540 5034202
4243940 -8072533
-3883117 -9377875
-4013131 -5057735
2675222 -6598936
9704672 -8176686
-279800 -5936377
5392073 -830085
-632799 4319681
-9391102 1943864
574483 -1103029
2436913 4343190
8210909 7096362
5497873 7715927
-7095049 -7667318
7366884 6316951
760771 -5383236
-4761111 -5872823
-930558 -605994
2795070 -6257890
8081777 4261016
840992 2499743
4186010 -9681671
4638010 -3766935
693281 6069564
-5033465 -2236739
-7893549 -8732236
8364126 7403448
-2364273 -9682640
-7349958 -3621649
-7304697 540679
-2326205 2533279
6660456 -4027574
5366432 2912684
-828854 8246250
-4976382 -1838497
3177598 9769275
-9912396 5864610
-7902325 9879960
5949524 -2758033
5005228 -4692692
-3424928 3432412
-6647788 7111679
-54609 7455551
-6166098 987940
4044971 -4888214
7645065 9045557
7534335 -8281234
-2852198 -3178127
7584475 -4582880
3578623 -1164700
-1395424 -7391907
8472704 9272573
1668885 -1307820
5934147 3086731
8394040 -2381590
3567174 -6544273
-9432594 7485464
-2542633 6919386
-9576322 512798
5624584 -6192378
-7146821 4468649
-1296233 -4213999
-4875774 2903867
8320987 -1632079
-280426 -7291299
-4683206 -5584038
6204887 8324150
9532682 -6210502
6876230 -2126228
-1991466 -2016818
1438909 -2213378
7788438 -8424292
1011447 2006316
5035466 -4754194
-946572 1435125
8420127 -6823598
-8521245 -5577041
7326826 9640246
-1991832 -3397019
-688318 5647813
-9936225 7727742
-1431756 4628476
934327 6268662
6658787 -1899074
-1399540 -9673091
-1886469 -5332679
-3756970 -9960630
-5437962 -4098031
1147775 7254477
-8794046 2113856
-2193390 2717555
7140515 9626081
