163 451186 -2372917
340
-3915080 4215139
-7166449 -6628231
-1056175 7393067
4023641 5063282
-4854466 -2322868
-9455926 -8080458
-8583119 936779
4585164 4257955
5930187 -2189246
5875513 753642
-5971118 4552897
3613497 4461992
8333199 -1618561
709326 4795974
7763513 -5595110
8620029 8336409
4224531 -6151567
3757852 3969932
-966786 5684708
-6638160 -9702155
4733739 4178749
7631880 -6094086
680222 6150620
6477727 -5266604
-1996610 -3389591
3679659 2353240
9331585 -5451375
2930064 -2706844
-7910869 7664784
-7930326 6155742
-2991496 9852644
6217429 3206055
-2824013 -8766965
6917743 -7508366
5305831 -1274447
5420654 2795935
6701849 39571
8706543 3052534
302282 -2617929
-3491167 5184270
-2462489 8305673
-7145702 -9811508
9998000 9385448
-433416 -1699286
-5543544 4603483
4456127 -5847390
7358665 1464960
-4785653 -6810091
8197895 7051004
-4223443 4648442
-2555623 3503726
6059649 -8802788
-3233902 6662579
-5955350 4766193
-49537 7068381
-2109594 -6930165
5774679 4326
-610226 744704
1561770 5772680
-7107485 8956358
-6891032 6018226
9999539 -135005
3054904 2983985
34989 -4786114
9862329 1252799
7272877 5811547
7008759 9823058
6485637 3332527
-1901280 -6225143
3359590 3046640
6116475 8049183
-9430138 -8750004
-5488948 1891155
-9819813 -40364
-8567653 6072822
-5392599 -6927298
2937697 -5458685
7525301 7123292
4853530 8508953
-7721896 -9923358
5888189 -2767789
-2944730 9550982
2883509 -4586700
-8295490 -6459093
6587547 3498581
-5935884 5064100
-1169551 -4779625
-372118 -5366022
4593615 3341501
-8069324 -191931
-4602877 6025962
3083629 9054429
6177721 851173
-639874 -6874718
-6798075 1031251
779815 1638231
-6294435 1606466
7019767 7835085
3892344 -894574
-7395993 1240629
8821081 -7003756
-1783381 -3331877
-6181546 -2348470
-9006968 7844501
-9831078 928421
9470735 5440060
4494489 -4433955
-1066430 2554364
-1804001 -6811438
4219813 8293697
-7551720 1397924
5520742 -5000372
5351065 8670197
-2224377 -4943139
6297490 -756590
-5243994 379630
-435895 5118572
5286454 2972625
-6666522 3382559
6827332 -1204162
-5764102 6018752
4101149 6298067
-8631216 1246739
4435301 -6965280
3844769 -435217
3479059 -8828533
8687447 -1190599
-2520402 -1000199
4056663 4038513
5798275 5255221
-4365149 -7129495
505429 -9445719
-3956742 -2284692
3614220 -4208116
4587722 -8106912
7911840 441552
-3260380 1339973
-7413288 2012989
5047709 -1891596
189539 7022014
8193481 -8591170
218231 -6331402
-4815249 6880928
-6564207 7697829
2953050 1757766
4628272 9234068
2304701 1104253
8819562 7650053
-6558063 864311
2757399 2433782
-7124666 546012
4402337 669239
5198581 -7868694
-7243938 6989049
-3472585 246290
-5828527 2945601
-869449 7237248
-3365471 4389704
2087534 -3168345
8589421 70322
-8179257 -4959416
6144838 -4265955
-6615901 -3358204
7506108 4964400
9914534 9342388
-111600 263507
3449099 5306220
7437527 6807089
3796139 -1352320
1410322 2709941
-4344457 2839906
-7406493 5581795
-28500 -2697554
4134101 -771964
1814710 -7940966
9615970 -4760125
973920 -3848195
2793602 5760808
-6758440 4358019
3700408 299710
3079569 5672446
978667 6105160
2912250 -3471332
-2307300 -9067454
3642487 9224741
-5419001 9103023
4684818 9298030
9116829 -2825494
6402542 -5343682
9231704 -4232718
1007157 -9266395
-3114590 8847675
-2875165 -8018922
6339097 9679012
-7504926 -7117252
8555194 -7444143
1177370 5574644
4619664 -466139
466407 6605972
-1652935 -7687635
-8584612 -5891105
5923277 2928064
-9897429 6100206
3272877 -2443542
3323741 -978535
-244930 -4979067
-6131392 -5669102
-3688024 6640481
6319493 -6490204
-3607456 5167426
239635 1330920
-3094436 -5052262
-3002048 -8582995
539329 -8474772
6353945 -19289
-3394042 8886394
1814459 7769333
-3614108 5045588
-7397954 -5566618
3454847 2175121
7196054 5925787
2773038 5726270
2366751 3581015
7090811 1601366
-3231208 -8797404
-4950132 5999707
3463797 -475220
-6541863 1955432
-4002987 2978101
-7041187 3997467
2883861 -7649042
2636644 -7918877
7126711 7214672
-8351946 9022536
-6285991 2245110
-1829103 -2380746
-6654476 -9089937
-2992570 3460287
-4938346 -1771373
-8052425 6614593
2614300 -5653202
3871578 -3002556
1469228 -3921902
1572551 7329716
1327183 7466241
2333552 4531364
-871160 6727396
3942069 -5029804
-6007268 -3744449
8500661 5590123
-6790623 -2293259
-8866844 9187911
-4835450 9071253
-2700120 -1859413
-5244820 226204
4573003 -8236192
-8722396 -114167
-1519717 -9039067
8290649 2746832
213074 -9947166
-2899449 -7865816
8861581 -7453374
-9966826 6229391
5001294 2803650
-1606227 -5974094
-5751001 3501956
-4793781 -5880497
-6809244 7898507
8555446 370769
3113326 -6993011
7287149 5826979
-4287188 -9797319
-8836386 8564753
1311585 -3290553
-3237719 9454264
-8411552 4041011
-896011 3862832
92223 -9549971
-4229969 -862837
-4320579 7609870
-6371822 4163805
799660 -71580
-9656720 -1165603
1721518 -3493232
-7969891 8898726
-2757943 7351196
7553877 9317258
7882011 2954869
2180668 8717492
688108 -8290051
5750960 8942950
-4677866 2276556
-4757062 -5145050
3992113 -2069290
-4459420 1012969
7693126 9671535
-7883693 -831242
519507 -8990862
-2484093 4975939
3874666 -7758975
2108574 -453984
-8620373 3633075
-3412055 -337549
-9103705 9261638
3487939 1284965
227915 1584403
6377312 -761100
4093850 5550050
5997112 4136602
7665923 -9397685
-9726150 -8462308
706450 5359050
-1115460 4906510
-117551 -8774043
5983334 -1083201
979168 6273467
-93457 -1908092
270712 2358795
-5863215 -989160
-9704195 -6316641
5267763 7624725
-3136375 -6959927
1106475 -5838573
8298029 3473827
4076142 -2896413
-1358721 5963952
-6160646 -3133655
4289207 1864081
-4393610 2723895
-8359306 -5828344
2961476 -8410276
-7802015 2619862
7495009 -7131981
1878859 -5014951
-1331592 -8368205
9256520 -5308984
-2268911 -6063829
-9386050 8636497
2110324 8837564
-4058849 8911979
