354 -3895807 4913137
355
-5133026 -7833157
-9585416 -5803009
4814739 -7240710
-6303181 -2090312
927867 2869840
1227751 -4169087
232393 4837350
4265223 1340161
-2443265 -9683202
9366700 4531163
887672 3845488
-8133925 2493801
-2908977 -6286165
799209 5504215
4124760 6406729
1089924 -4287654
-7574311 1508086
4267376 -5979139
1930549 7240429
110269 480548
-1172187 -7141583
7695767 3854372
-4805467 9060207
1893357 -5522657
1524858 -4732380
9113108 1260057
6270211 -7587470
-3873635 3495536
-8483897 5877586
2284315 6925574
5154272 -1842785
9665301 -6625760
9911453 7579962
-2663257 -3550971
-554071 1842002
-2783229 -36636
-6182263 8273743
-149698 -5087461
-8093766 -8471378
9312595 -8256341
-4479932 3431092
5843622 8425703
-5562409 4306631
184217 4486339
-6071735 -4046306
-3372739 -7531467
8359125 9082537
6662499 -3707438
-4742056 8270578
-7371068 -6000758
3962607 4703873
2977616 -154296
-2725405 296696
1825318 5344270
-395719 -819171
5128273 1137913
-7920031 5124350
-8052667 -6511753
7974586 9033912
7503959 2131551
-2883564 -8097149
-9014612 -5868780
423783 -4524439
6262491 164240
-3320166 5681727
-7098048 8891423
-1262873 -9357559
-6544511 -1604079
-6259809 -1471926
225255 -2202840
8935073 3344473
-9014825 -4646472
-1158225 3531394
2565307 -7067492
5064059 -3183639
-8764436 69266
4200486 -7819505
-9827592 4737305
-5098455 7140621
-4661300 6434899
-2157325 1581379
-5259827 -1759347
6636574 -903846
7624229 -9287986
-1490826 -9623235
-3762410 -2150516
3203013 9960600
3491994 -2777235
155274 -7955212
-8622498 8573653
-8840729 7735685
2432533 5129418
-133277 -2123890
7533083 2604941
-8443807 -2715380
1382352 -7128216
1112437 -601132
8495022 -1361123
-649109 -9734637
-9357872 6119251
6485088 7860066
7820666 -3120281
-3381164 -311899
-5750759 -6170988
4919018 6774110
4509796 8143095
3272514 6078289
-6045601 9458681
2063622 5655589
5456562 -8512517
6875619 -3863833
5535035 -3161086
5477791 -2011944
-9230229 -3453590
5182013 -5171318
5205100 -8588101
-9192030 1667101
-8644798 3025766
-628869 9943159
6717269 8120796
6263891 -5709851
-9631562 -6256583
-6797902 -7947243
224699 6839190
843025 -2217927
3918240 -4318739
-4963473 -2281356
-1776948 -8030372
-1483962 3030670
375704 -1007177
-7078926 -6301949
-2118495 -4419195
1122923 6245397
6188556 -8246941
9873855 -9505946
-5215797 -4577823
-8318053 -1345901
-6776792 -4847358
4508184 -5115955
-4817530 -4035741
-5838128 7867561
-4413795 1617063
3586691 -801601
-7770931 -3674391
-2165216 4619081
833484 2604774
701931 -6727790
2033959 8714989
-9531951 -8175146
-7681091 -1777485
-3838955 -9658096
-8487645 -2896888
-5227894 -2157008
-4756611 -5264436
-6783825 1796642
-335797 425860
-7957077 -2621952
6576447 -2233240
4092369 -1854034
-7234953 1321869
6442995 4443505
7715716 3598531
2313521 -2855074
-1030220 -250325
488543 2781570
-4360174 -6194959
-6575494 6649588
-5507420 9668534
6920450 -1803388
2509607 -7747679
2678181 -9863375
-2485327 -7826190
-59429 -2762544
5383422 -5908879
-2070658 6549292
992798 8148469
1747001 6888689
-5966385 -1291486
8458189 6576874
-8125204 -4480253
-8158859 -8536916
8112672 -2485378
9699508 -4734353
-4021389 5121604
7373926 6619958
6756584 8488218
3178381 52107
-194084 -5728743
-9121270 -6881048
2184596 -4810662
5854160 -1191928
-4303239 -6822606
1885908 -9882487
6694387 -7753272
-9717172 -7139550
-5676466 8569183
8600157 -7876031
9905968 4952559
74163 8299666
4919624 -4115421
6889150 -2551911
16549 1676208
-1536182 67531
-4297165 9822465
7528155 -657452
666973 7887431
-8935174 3382315
-3983820 -1119914
-6356833 -4532914
-9156112 -7289433
3796102 -6074005
8566316 7683775
2636334 2396260
-6787722 8472284
6873215 5226849
5191291 648254
-7675537 3762365
-6170104 -4792160
7546657 -6695367
2647181 -467269
-2579837 -2408836
3489832 5830506
-5289407 -8998659
8984779 9506012
4732932 -9129888
7312459 9828668
28795 -1470966
3441646 5878775
-3132589 -7334871
408330 6653924
9818531 6256978
19344 -4400379
-6676187 -7857006
7963979 -3634408
5898324 3386822
-9022013 611160
8958019 5834839
-647468 4467819
-3509817 6184964
7055076 -1662689
-9317669 -8776885
-7731498 -3116113
-7237338 711126
-4107393 5710148
-5119575 -7853575
8403403 6300938
4416911 -5301044
9358302 -9060901
-2695308 7740725
1127547 7322281
-9550207 5719368
-5929441 -5378114
1606057 1924164
-1890872 3423091
4276754 8096241
1835708 7680556
-5435557 4959086
-4329788 4104210
-7669289 9843457
4506234 1562820
-9619890 9727488
-5573556 -4574010
-3634911 4797021
2537746 6301098
-3860269 3669781
-8094499 6181646
3319884 9105876
1030041 -4023940
9399151 -5074058
-6977817 1655521
-8147570 3675906
-8848656 -2625757
-8521546 -3583127
8776683 -3178444
900728 6325517
6053005 3282917
8708907 1280838
-3922140 -9520551
-703101 -4926003
1260130 1131958
9829956 -2047018
-2941142 3165632
1658044 3149841
8075783 605251
4777125 1057196
7249454 3614318
-9011439 6629555
-6953572 8400798
7738706 4983367
1308884 4339463
-2377619 -1360565
9920273 -2638111
-9642310 8847640
6437989 8514485
-353556 -7829059
123923 -2301880
3380104 -8007248
5142593 -300866
-9695615 -4961852
-1388304 3218376
9349046 5081510
-5772583 8377502
-705348 2853960
-2162673 -2726154
4129661 -2966641
-1810854 9146212
9024453 -8247958
-9400317 -9374229
9140257 1898496
4069437 7037672
7252144 -8696947
-6704195 -5806639
3892495 -6851400
-1813251 8438399
-5826873 -3286768
4311095 -685203
-9791348 -6477826
6376134 8538512
8328710 -7980344
-8430633 6729813
-1607623 2458372
-3273234 -241487
384285 -2583169
9315327 -2673551
6880474 -7959106
-6656053 -4098884
94477 -3351030
-202429 9156104
7594503 6503324
5732909 500672
2331821 4283983
322509 44004
-8901132 2540473
4560130 9214995
5944808 1943931
-5597697 6129497
8404363 6853538
-5729631 -6354579
-6511777 -1211352
-6654106 6102048
-7996836 -9631303
-2982333 -3310159
-4154055 -5386006
3633670 -668410
9832262 5956801
-7242864 -633421
1926935 2164084
7220909 3079645
-5189008 -4457844
7486087 1781039
-9573111 -9244200
7609338 4404742
8050163 8831252
-2380100 4396059
-6985541 -8461614
