96 -2164625 -3044544
96
9723024 9064094
-7146926 -9916470
-9678732 -6150113
3706967 -5958484
1643872 -5573115
2112250 -2366829
1278988 -1999574
-9068167 -2274132
-52421 5256992
-6608147 6602176
4090940 -5602440
8020091 8726345
6037314 724966
-6178609 -7194197
-6842470 2994409
-5425145 -6706801
-6623270 -7119445
-3269558 -2572071
-6014202 6214350
3157587 2953761
-9413067 5629670
6146448 -4730163
2995706 1865921
9639265 -405366
-3803190 5459637
9857197 5547471
4273816 2804102
6045420 393641
3199444 311131
5821892 9866811
-6839990 -1126674
1753881 -9603252
-9658971 9053092
-2216206 1000675
-6045563 6843179
2472849 -9058619
-3788781 -5458630
-1076357 -1380702
730284 1723277
-2817086 -1437091
6626732 6927094
-7752452 9556464
-49895 900548
3728031 8292968
676131 5665901
7055579 -7933724
4979376 -3647507
7921938 -1190539
9810136 -2163243
-5320063 -4294268
-3352886 6280925
-9177705 7152786
8288436 -4625315
-385686 -7737709
-6658448 -981280
8462166 6797228
-1129956 9968284
-6614816 3226066
-5964614 1336501
9518754 7113216
1695844 4711517
3580363 6574334
7900147 -3324780
-2971671 1502301
-275615 226635
-3492439 1708266
-8622595 -1112149
4262536 9846208
-7891501 2182193
3717266 -6123150
3190431 -4549949
-4581665 2179432
7921851 -7939525
-4086671 -1196480
8433088 -8042763
-814893 -4567917
-7993583 -7354716
-8163144 -7234530
-3215877 9906564
-7350448 -1134815
-9426548 -975140
7912712 -842887
-996679 4467209
-3350598 2175248
-1431549 1111821
-921776 -9633332
-4937547 -8241118
6335709 -2987088
-1667216 -7015696
-5058459 -7750962
-2318878 9282224
-8072492 -3357000
-8075178 -7796109
4626808 -6235636
2629549 -1291055
7733806 7276360
