466 4727440 -8226664
847
-63010 7597881
-8379889 6658132
-6656238 -3255918
-8605957 -6568630
7785319 6572446
2241659 3053330
-4894624 3316456
-6467341 -9094163
-5693960 -5921761
-4275334 -5303667
8297795 -6682898
-9723120 -5503814
-2255012 -3371565
-8630067 -8589396
6138044 5377834
-4507933 5659622
2317754 -3924966
2819116 -2887821
-6940099 -1822132
-5249685 -3270489
9782842 -9154779
-3321971 -491674
414164 7404570
3999161 210688
-2576627 -2763444
553658 9723827
6736365 -4278832
-5134044 830539
2241143 -5518647
2375540 8752241
4411863 -9104461
-3029427 383959
7496138 9245970
-2576162 2306041
9035552 3072392
3917613 2174153
-8317520 8818394
-1260684 -9404358
-6677318 -5387004
1849552 -7261523
-7537696 746056
-1016424 4919562
8266453 1715021
-1287273 -3634116
-4881874 507596
-6080513 -8911733
-6011422 2046341
1292311 890060
-6803899 4001069
-2926539 8716150
-6593345 4748006
-3917248 -9008926
4103068 7605487
-7781517 4822069
7560546 7425750
-9311842 4068035
-1012402 2539203
6770576 -7811913
-1446029 -2745949
278000 -4516697
9087922 -3811551
751143 4197487
7603900 -6923499
7077570 -7956546
3275956 3316353
-1935641 -5848969
7658457 -801036
-3195549 4147112
-1030819 1761525
-8296373 -977065
5607322 9046079
-5898366 -7608214
7096225 7111272
6881676 -9127789
-3644486 -4349804
-5645002 9676028
-3610133 7959789
-8963710 5106141
-334053 6510119
-173527 630212
-2702405 5458256
-5342780 407184
-5445704 -5043948
-766071 -6021977
-4482690 -3960171
7602261 -6546092
-4154306 -8875367
752257 -8296105
5092458 5458271
3624820 -9849715
9826313 3964325
1924114 7979818
-4397689 8732533
5242652 -4523244
6106968 -2215390
-6757134 -4930875
5476310 -6595437
-9123033 -9583562
-5605538 2546958
1103140 110896
3564804 -88228
-6447243 -1294599
-7074352 1926851
-2614878 -3178633
-3028348 534459
-5501216 -8990058
1506112 9314318
8046851 -1060750
4416006 -375225
7409386 -4194145
874981 522974
3927537 3168604
3585043 8867643
-6069047 4804504
7431752 495857
-9592371 -2449555
-1227802 -6487092
5439759 6476739
-6701894 1697847
4748658 5341234
-1132472 269758
-7899572 1763794
-9296956 2889993
-7485232 -9852721
-4046865 5119050
-4357976 9924154
3092759 -655532
-9271537 2085913
9406769 9194154
-309989 7175768
-5273786 6838521
2867781 -7386008
9090731 3498412
7712611 -1692459
6165127 4905189
-4825052 -5022379
6741415 7549007
439000 9791728
9939008 7444459
-4920139 -4529879
-4605725 8408495
-9730685 721885
5324150 1003386
-7286108 3514130
689898 -2752729
6602144 2403903
5017896 -2067536
3947229 -530074
293819 -3375021
-8469831 -5823808
-846186 -3541054
6524305 9221469
9013197 -4104771
5856041 -3036694
2433427 8952205
-122948 -9064098
-5825860 344054
3863793 -7337281
6176849 9498290
-3254438 6577685
-1018411 9383100
-2684436 -6652294
2817632 6515837
-6859184 3779145
7955338 5627803
-7913251 -5329015
-6107546 -2890848
-4479267 1127407
8090713 -7094348
4374209 -8623226
-7687323 -6959508
-4099102 -5748738
-3086019 -3513183
8501459 9764691
-1141271 5607183
4990283 -4752979
-8888920 7840318
-3127493 4822199
-1398655 -3554936
-7927132 13323
4684309 -3443317
-3817813 6675969
-2196624 1093115
3998767 1702920
3079695 8410441
3967285 -9110671
7656943 -2091276
4395541 9868184
2149227 7087276
2694459 2897000
660374 -8992044
1364626 -9798906
5023294 -5712194
-6750778 8237133
-9233191 6140991
5214026 7838442
4514412 5451118
9060585 -8603787
3099133 4834140
-4239066 -4424295
-3534966 8695180
-3396096 2244571
2112755 6638329
3725605 3515797
-3587202 6778335
7786291 8936417
9137511 -410476
3877330 -8332730
2420755 -3322843
-7181852 7126552
-2518653 3187564
-8844966 8032174
1944739 4512111
-653749 -9784380
-4208675 7560225
6255405 -2376463
9868109 -5227289
-8588960 5375662
-1108541 -5502784
-8724449 -2347003
-3410586 -2179391
7410133 1578195
-4238183 8243278
-5079565 -6196185
3446720 8182572
1370137 -9745064
8287110 -9071933
5440178 2525171
2740791 231850
-9691573 7302781
-5073681 1048468
-1662469 6563832
-5544154 7310780
-8192004 -7735077
-82079 3347306
-8832085 5599900
-2821905 -976313
-2733035 1094401
4898216 2939912
1122484 -5296247
-5041311 -1655064
-726997 -7507379
-2465855 5762151
8510353 7229533
4532315 -9725064
-6160243 8818780
-2101035 1974986
-714234 2177288
4442212 2354811
8218469 1093762
9210014 -5639867
-4099828 9386385
-7002862 -3611891
1844373 3167138
387243 7895354
-3759709 5483210
492183 5345932
-6375565 -1970354
-4740820 8026328
817617 -7865211
3469921 2307847
-5717167 4657374
-3165338 -8631114
3723698 3568599
7178713 3793226
669711 1942167
-6155096 6388728
5293189 6569884
-7746626 -3157958
7253749 -2862437
5137125 2640617
-9497099 6010392
-5959962 -4370692
6171989 -5872664
-3737875 -8184430
4123417 -3010394
4163332 9732047
3617285 8406250
-5508799 -9002006
4791221 9857335
-5684145 -8330085
574995 -4539068
4547168 -9322889
-2480846 -4131816
-4477901 6800542
-558841 7289255
3299647 3175576
8804885 -55940
4071397 7339685
9155256 -2506774
-3000816 2849874
-4901727 -4204975
-5798724 -8837484
4676862 8715559
1089246 -8791171
-7121256 -8015565
9961720 5405101
6082213 -4029909
1838276 4508888
1309431 6117719
3406974 -123273
-6947696 3266942
-6788997 -3293379
6562658 4373541
-8133233 -201248
-7351374 -1765734
4029292 -1134049
-7455181 -9736748
1495163 746920
1955749 7221681
9206117 -7415591
7989511 -2649154
3320937 9167837
3676725 -3411924
-7294205 7675565
-2447707 7502508
769451 6112769
5335742 604597
-5021862 3980454
6295558 1898400
-9867333 9361257
-1772792 8944184
1723788 -3321689
7425231 772027
-9489940 -6781049
-4196639 -8102668
-8235470 9716177
1400366 6309224
-7102700 5085468
-4722615 -4922908
5095952 -4396905
4232216 2829678
5950627 -4134597
2362209 -432042
3982710 -9071235
-9709978 -1342233
-9881696 -3368271
3310040 -8966418
-5678039 1842092
-2422604 -6748377
7665308 -5167978
7064551 -4102891
-7793667 9429838
-2968342 -1535082
-3941638 -4896367
-6776920 2309044
7655074 -8845686
9536070 -28352
2055958 3605702
-2949181 1898279
3072399 -3961332
-4813250 -2659158
-9109224 3190703
7549147 1013142
4264766 7729090
-7438888 7642895
-6459996 -5553574
6392616 2142015
-9393067 -4253663
-6633678 -6575725
-1750329 9181647
2852314 9105754
-922598 8421097
2026799 2388384
6803015 3649712
9688381 9077619
8934813 -124586
5582469 7391483
-1595375 2341941
71031 -4352031
-6709136 -7330609
9632169 -4851505
7290511 9347221
-4906442 6024786
9449061 413796
-404556 -9023767
-9918013 -9784916
8636181 4964110
-2647506 -8324258
5325454 -6820667
-7743048 6671861
9063628 -2469813
-5078330 3708117
-3949942 4646097
2810418 -4157352
-8971609 -1362558
3785937 -1382365
-2035144 -9339439
6685347 -6407200
4006597 -4425234
-3449001 -1349240
-8617804 6118393
-6401145 9149339
3341433 -9981623
-6802290 951349
-9860438 -8816761
-8770221 7971014
-5804517 9203190
-3634360 -3848551
1994097 -7238106
1399336 9176058
-2206307 3022489
-3800598 7701625
-8705574 -1725099
3849668 -7115251
-5948139 -2182625
6452120 2917019
-5417290 -4565943
-4547566 -9949025
-6481324 7924143
1623735 -8833503
1653863 -6341762
-7138571 2853514
1521315 5849347
8611241 -8256579
-9080521 6031765
-8429394 -7473071
-9771446 -8770475
-495574 -2229992
-6828891 4039332
-8143293 5870446
-8696182 -2777030
2657027 825179
876154 -4113472
6327024 625813
-5691338 -3088818
-6914227 -2049241
-9195727 5962526
-5671775 8463554
-9793025 2325588
-9126295 5455818
7982747 -8873546
4872331 -7555689
214319 8211301
2250634 6893110
2763556 3385428
3124750 -3376307
7448873 4067374
2470255 -4218223
-1076057 -9158621
-9731086 -1202721
-735610 3232605
-8288517 -6645313
-8181759 68663
4910603 -3960292
-8504474 -7974784
5668022 5784309
744972 1994625
-7277721 -6943294
9949816 -9040708
-3138928 -2510735
4112958 -4770276
9297099 9985823
8283952 -5921817
7435915 -5716294
3080985 -2792105
2956853 7704829
-8940484 -7654625
-5069610 4668336
3224397 5394109
7419325 2357345
-9341994 -2763725
9230901 -4396301
-1339595 1402979
-5121377 -8046820
-557555 -1389779
-3643702 1739695
-5758130 6071755
2666291 -4346603
-7546545 -7474177
-266282 102206
-2192965 5534440
396167 -7309429
-124740 -1133449
-5739340 -2157091
-9799746 -6900343
335932 4196337
2316388 -9141739
-5222408 -433167
-5963635 -9023206
-7896633 -343785
3912262 -4004838
4583270 -1540335
-3370586 8154133
-9320044 -2750439
7351767 -8400779
7133661 -7069974
-4379402 7675154
9058057 -9953820
-2110911 -1987790
1111867 -6681283
31406 -9394304
3980309 -8552201
-6469015 4864146
-1642708 8757901
-9069532 -2432650
-3921135 460660
1436677 4842730
2996863 -9337865
-2088304 582444
2181665 3676819
6606846 7779815
5454969 -8168321
4394211 4743796
-7243994 4513026
348095 4799653
5405349 -3615775
-2167976 -9620499
5243647 -8097990
3176263 -6120639
1446712 -6399060
-3422048 4106731
-8534187 7525577
8187712 530981
3629777 4462677
-9344152 8615760
6395575 8327795
-9840526 -220954
7039194 1850544
8879922 -2929963
-8130310 9795200
-3820575 -771983
-7876130 -208609
1693401 -3472198
407163 -116131
-3998839 -5130336
1492747 4370227
-5587844 -4904535
5626447 2958561
9937590 5116220
3731980 -8227424
-9899629 -9406562
-7111163 127555
4494451 2776197
9846235 9928031
2239584 3374373
-7397610 4232277
-5976331 935361
7463163 7242612
-2873518 5717070
3103087 -9613321
4756906 3127643
8223109 -5404166
7554395 9169063
-3198365 -3634092
-1861516 8337
-6881872 -9466384
-6822477 -9244792
3531405 -3993035
-4065004 7671975
-6437300 -4106008
-9873730 8174580
-8373706 8681443
5924055 -5850061
2383361 9089457
1992488 -6949463
6178181 -4513552
82283 -3250605
8434810 -3082358
3283550 -9846970
-7322280 -4763555
8286413 3938386
4693594 -4204152
1802813 -8536063
1652264 -9258648
9151696 254161
-9054906 5214964
3896407 1794318
-1539391 -7428612
-8339155 -7663185
-4612648 -9156029
-3669581 3653334
2919081 4081885
-9000473 -1070946
-8401563 -6129757
-8376960 -3200571
-9262184 -5723843
72005 9909454
-8626609 -2052238
-8794534 4391170
-5354669 3025655
-9243029 -9642837
2151481 -4409575
-1838187 -2830269
-493454 -9387909
3972414 -7660989
-1491303 -2589750
4008488 -9697167
-8251760 3944130
7814373 -2475633
4323797 5863029
-9860814 9437413
9346867 -2422035
-1957921 -7272457
7118713 3236610
8778617 -752454
-395291 4280396
9870822 9535589
9221672 4272542
-2599015 -9451013
-7112002 -8755430
-8828828 -8626601
4192585 -6086953
7857177 5179660
-7295972 5940825
1803854 -1812098
-2374684 -455823
-361506 -5540608
9703287 9488535
-4758502 7680573
9444471 -661648
-6381252 -5979885
6072056 -950820
5838075 6005922
-928738 -2189920
-945350 -6760940
-5387540 1959260
-1611340 225823
7921835 8805045
-2737778 -3754163
-3049908 3142215
5202744 1582428
-1441828 4575408
-3419705 7357590
5038164 -1738541
116163 -5661855
-1641739 4482635
6048168 -3748737
-7742814 6946669
7273102 -5597405
-2358345 1328448
5804060 -3672248
-930073 -5229533
6091864 6709072
5471262 9508115
2650330 5870438
-2547134 -7578646
-486886 -9630573
7727017 6011038
6788849 6093409
-9568445 -4718467
2280521 -3094988
-4327372 -8693832
769189 -9154959
-4752364 -9553834
-5709034 -1957709
-3113604 -4594357
-7307537 2611378
-679549 -1527325
-2019210 8784327
4654766 -5208287
-2786933 3147473
-3966748 4623984
635023 6726181
-4664058 -6239731
-958197 9940224
9361589 8283849
9590017 -8677676
-7832635 -4965783
-4519617 -7124441
-6565798 9931353
-4663004 -228651
-7617273 -7163050
1309626 -1970541
9330139 1703178
-988757 1806768
7470593 -3498743
-8874759 6224310
-4533157 -6496155
-2735885 1760264
-5783159 802786
-913365 -1177730
-7339054 -6421570
-1387353 -8806995
6584916 7344663
7276016 4093030
6380731 -9980882
-7143931 5129364
5675176 1279810
-7017011 -3317953
1005167 -2478333
4022924 -5489416
3251247 -1524239
-5504042 5148165
9424782 8718090
-479124 -5723575
3098695 -6358377
-2779947 1123864
-5166779 -1724007
-4379344 -1650948
4958434 -8581863
3953607 5413024
542389 1339165
-7381025 -673972
6008075 8733917
-3744416 8118316
5145253 -2986757
-1994644 -9721492
-2056975 -1603500
-2885410 2501314
6777740 -2632193
-6474218 -848181
-9724317 -7607213
668781 -6737813
1611239 -4891096
9043393 -1194211
-5781186 9086025
425190 2997000
-7676971 -2722445
-3988528 -4439482
6195186 847456
377051 -5216592
-4938084 1340439
9736939 8382407
-6599926 -4478707
-4594547 9367882
-1480299 2694166
-2396695 -1068765
-5290225 -8688264
8936992 788438
9594228 -1162634
-2076608 7980385
-6506263 6329394
-6393051 864934
-1058196 -4183234
6664223 -7865227
-3081819 -4863009
-1006218 9557626
7940034 -5503551
17742 -1269278
-1901396 3856460
9066978 5423195
6870783 -865343
446393 -3329717
7458722 -8419442
417924 -616615
-2636230 -430698
-4101304 8341316
-8277397 857507
-809374 -494355
-5843230 664407
5801398 8371201
7928827 1074951
5571400 -5204819
-3957745 -1614787
4758025 8105494
3528690 -3342789
-1691780 3825003
-9504713 -7084175
-5503617 8754613
-1862002 470361
-9960337 -2569341
-4228024 -1981880
1391979 8454711
-9523292 -9989069
675338 -9417395
1470158 -5366522
5708429 -3523263
-6211730 -8084662
300551 1279829
-8098325 -7653123
-8479560 7574929
1399932 5430365
8346190 -171340
-1416727 -5588429
4881932 5358925
-7210415 -762377
-227905 -2562053
-4107342 -8922087
-8911156 -8835926
4263032 8885718
-6480804 1764182
757271 8249542
-9835120 9227625
-6976194 -2938107
-591230 -7018216
-9443287 -5074518
2872199 -6554438
3274222 1956645
-1115431 1218390
9093667 4373847
6127822 6282853
-6279199 -8116748
-7038835 -4100083
9580344 -7870189
3531882 6566361
-1669456 -3640272
-5390730 7051078
6278704 9087815
8666061 -5225849
-2244065 1818862
6744344 -9408817
-5963254 -9171000
2785645 -383456
3351286 -172680
6717520 4186566
469420 2444953
-3155442 2845342
1261612 -3293427
-8647264 -7677925
8888437 -6641692
-281964 4884618
1935697 -2781019
8823148 4327306
9101457 -9269247
2549615 7489209
596745 9373744
-9797256 -8189688
-6056792 4633491
-5539189 -4495258
9691308 7294494
-7744201 3694683
9056378 -7322920
-616347 -8383291
-6061215 317990
3676298 -6747258
8137360 -7172778
46203 -6605666
7721640 -7410591
-6679838 -8614297
1391265 -660550
-8770454 -1613870
196442 -8011990
-862147 -8567709
9453385 4139650
-6049504 -3884984
9809700 1661045
4338126 -3793705
-2176995 8866078
-815932 -6278221
9490873 1761790
-2894636 5376718
1287404 7628234
-9782357 -332081
1053622 -8474604
864846 6054158
-5559712 4961239
6949249 -5389255
-3956964 4636730
-8707268 -3912898
-5281529 -4503579
7157466 -4756772
-6034125 -5471829
-6605751 -5988056
-9749924 1788880
6067022 -4905331
-9528613 9740949
