6 8504350 -8230028
328
4722040 -9541200
6952774 6903580
-1575462 5814780
-8195829 9042831
-3722521 1343899
-5372981 7126763
-7975439 6108019
-1572254 -6534488
8474917 -549746
-7155917 -2225031
4586528 -5150238
551295 7242587
215450 -9637804
-1328834 -5098446
5922256 -6015871
-5557071 441138
-2655282 644296
8975429 3912055
2954887 -1714392
9629507 -9220400
422715 1748718
-2143263 6772878
-9761610 -5036372
4413882 -1199165
6575805 8713308
6079422 -225683
9533257 -6321315
-5959119 9147069
-5951377 -251293
3732836 -4771601
-1814111 9970879
-6868473 692118
-5395827 5530607
-6183785 -7893044
5402908 75412
-8175870 5962074
-4748696 8341976
5821956 -7802781
998055 8006046
-764294 235839
2526508 -9909788
-6231103 -4684872
-5537803 2059765
-8191528 -9673870
-4445471 -8972828
3514403 -1942339
1266131 3740418
-8212623 -837717
-6214409 -1613344
8462069 8119944
-3401630 1704852
46828 2802551
-2483877 -5633974
-7627928 -4131216
-1379025 1030530
-6362906 1607779
-560741 -8852516
3207249 -2594009
-9751527 -3582191
-2555019 -2467926
5589735 -4196998
2059772 3475737
-7361980 -3144134
-2241126 -3636499
-5516555 -3576389
644815 -3779057
1539847 -6401833
-2035807 -9308357
9076780 1572322
5119204 -7147383
4460396 -9785893
-8638409 8756298
-3837711 6416008
-7166183 -2914807
4617267 -3589238
-5269884 -7204850
6270887 -7276646
-7904428 -693760
5669741 1425259
365223 -145554
-1408258 2669538
6267705 -8989962
-8298318 -9868411
-5779737 6748250
9600867 3294814
3508921 9339467
8095765 -3422384
-7006376 -2613135
4472058 6774406
5701520 -4172559
-1377409 -910675
1812679 2947988
-7745772 7409831
-1164910 3908251
-6237303 7923969
-6890141 9200313
-9789648 -5129209
7518732 1893916
-1357834 4428386
-2276800 -8261005
3594814 -9240615
-2662999 3748473
-8864662 1690579
-9018663 -7153023
-1325582 5607396
7213073 6682857
-369155 -186638
-2776807 -8457896
-2033293 -5598575
4841746 -1425365
-2225051 1729405
-883452 7951605
-7638127 -9498347
4930039 -3364719
-1625724 1004039
-5720223 5169591
-1081936 -8030909
-3823978 -5866870
-3019892 -7430245
8177151 -2842640
6356569 5654526
7984240 -2093423
-551319 -4012585
-7094808 -4792567
3782069 7415389
-8338854 7746939
-1785104 4073370
4575023 777694
7412975 576770
4097161 -7978586
7191005 8303604
-9727305 8376938
-7489931 8625421
-8804824 8965069
-3877571 -509823
7661055 1888680
9795257 -7521001
-9017234 5645296
3369081 -756062
9175679 -6112042
4151249 9667502
-3742776 -9163175
-5869128 -7633854
2942916 -9167753
-7146339 -8456153
9847451 -2959923
-4582984 2561018
1186440 2636498
1601568 -9556563
-7550034 2381616
-5729704 240349
2719348 -9888979
-1727331 6581905
8342196 -3781534
-7377223 -8358249
3825605 7517875
871053 6774026
9140172 -9917170
3431429 5001925
6545772 2083088
1639518 -1198557
-8637539 -1090424
4062426 -427114
16323 2548901
7446870 -4336006
-1579304 2466289
-4906338 4233518
815424 3656396
9874863 3366332
-2475565 -842380
9191847 -7502360
1788018 3866392
3949222 62900
-4935175 -6555457
-1956017 9897004
-1301553 4126950
5552878 9683501
-743613 60908
5126162 -384696
-2204349 1789062
-5744649 2573032
9322902 6216347
-127257 -8134634
-2251950 138326
1812298 -7736042
7277950 -2211163
-8344771 -6479502
3583398 -934031
2510512 -1879196
-1982192 1164576
7807878 3070847
2754349 6716255
-3222837 -4122892
-1991236 -7989264
-3683849 4419677
-3007291 5804415
-5462886 -6912146
-5046780 -3684388
-1029710 -3073790
-809832 2701270
-9509893 3298941
6819439 8984471
-1949560 4661689
-7217507 -7080811
-3399883 3077304
-3851849 -6683347
-9967092 6924347
-7198545 1418852
-4054059 9326423
3746101 -6673428
1647339 2262092
5349946 3255162
2087126 6184454
5627016 2819519
-4479211 3573769
-3127290 -5182816
-6198345 8527249
-4294710 6208501
1644042 -5631553
-37897 -1512217
-5679212 760512
-9798789 -1373393
2561811 -5646304
6196471 5519019
8845591 8507752
-6713804 -7541076
5714087 492930
9193736 8636143
1455662 -9682435
3891334 4820752
2154289 -507197
-9463596 3280396
-511103 -1527704
-4642904 -3758306
-2754171 3649292
6926156 5319199
6462158 1566617
-1563335 7127367
2646386 -8459678
-9951926 -5366863
-2907939 1491977
-8015092 -6665729
4486766 5322500
5640066 3694996
-1484251 8458780
-9532065 -468600
-7188203 -9329962
-857666 -8995660
9762386 -5182954
982690 4499430
-7665018 -2991784
1091185 -2091154
-4963786 1313492
2853814 9527851
6677340 198952
-8309070 -4581759
-8731136 6285753
1608254 6192190
-112814 5755630
-3269238 9764672
-703928 919287
1589325 -2801303
-9280611 -5375779
-8042380 -9268340
-2252558 -9518224
-2510008 2940310
3365509 82424
3912269 1097529
625380 918075
-8882973 -3233917
2184324 -2697280
-6411526 5324309
1516499 3453188
-8274830 -2286920
-2522248 3920038
-5160675 -1544068
-1829018 -709824
3914398 6428651
-323337 -1109629
-627853 -1611630
3845032 -59543
2539234 -621509
-9523979 -2789459
8128616 -3548497
-4266062 -6382247
-6563174 1761996
-2913695 7918263
-6112197 9541652
-2745268 1119157
-4960805 8129326
-3414742 -2751164
6539012 -121480
8823523 -2727408
6162964 -7030238
1358132 -8983462
-6526652 8051463
9946307 -4796835
-5069942 6012582
4980437 -9577672
6556433 5575027
-2662977 -9285625
1148990 9993259
9534911 4423328
-4457515 -2446854
-4317528 9305995
-3445169 -6901968
-4507095 -5215918
2056675 5610196
8579958 -5683572
7849319 -1780361
8787454 -7545557
-9826040 -8677333
-148399 8733761
1672441 7620370
3195397 -5167962
-4453587 -1771125
-9261514 -9467580
-2527899 -788244
6764902 -9726602
2095745 -4469062
-8854677 -7552626
-2768544 1166929
-3222875 -3361772
-6528992 9288131
-9975878 7873435
2844230 3836679
5159346 8811577
61690 3018190
