448 -7690813 -4385463
632
-94346 -4726685
-29178 684573
-9489661 -1125026
5895109 2557639
851786 8090506
38930 -9839505
1738188 1875688
4402582 8570818
4620140 -5746824
1473926 -2344294
-5937377 689319
-8813768 9458561
74263 1308689
277152 -8576184
6249356 -2187753
3085562 5891689
9092614 8671362
-2453664 5572736
-1869625 9602953
209811 5957798
6118293 1498514
-6625798 -9751258
1335912 -9627167
7142361 293137
7948843 8472404
-838277 -1383712
-9408799 -7988534
-4163493 347956
-5711876 -6818184
-6489585 6113659
2005348 3053832
1725195 6595977
-5314934 -6385686
-6782733 1787883
-2254319 2815441
-5686045 -4056569
-3807827 6380326
6753160 -9795490
497647 44437
-1483158 -3588127
-2455487 -9037158
-7025692 194917
3059225 -1864286
-6166117 -8672833
7440826 7347350
401182 -2655702
6456628 -8037474
-4423160 4642729
-3569387 -8858306
-3526513 -8689541
9770242 4176294
-6927027 787443
-6491695 -4037585
-1476795 2342485
8754358 -3477696
-2514854 -443601
9751316 -3701128
-3049062 -7024194
-5697027 2810542
-7325756 -6698827
645472 4260151
6222677 -4408222
-9765492 9618452
-9239854 4315869
-1857320 9181473
-4125881 -2766367
537428 -2087077
-3608310 -1052908
-8710423 4045733
3084389 4914895
-5528706 -9956064
8859160 -9430465
-6454659 6738963
-7934143 8326450
-8372376 -9635334
4624817 -5259899
-7151769 2273096
-5592100 -6636154
196067 5599091
4780564 -4831954
-5081969 8338748
8768023 -9345316
-7881872 5455460
-7982455 -4840287
2590961 -6592294
5967994 5101935
-1812178 -421393
-3682430 -2656494
-4330044 1733164
-5385818 -1616573
-4360120 9813932
-5396620 9239000
5119198 -1511888
-5912797 -988720
4179326 -4684734
6170366 8867768
2038804 9097358
-2930830 -2545259
2614454 4156932
80990 -8396933
-778646 7721767
-2699625 -3951016
-4091158 7409177
-8341307 3617945
4517725 1578799
1392731 -3727125
8028227 -9842395
-8837931 5996112
-4992608 3147426
979044 -4750727
6633393 1703071
-6683219 9665762
-2879497 -1327803
5345481 385951
-5494630 2251309
-26923 -4573528
-6008192 3726725
1135902 7273452
-6592251 -99349
-8520550 2794595
1583822 441826
-6884216 -4611467
3900997 -387950
5275828 -5722147
-472874 1424742
-6872187 8771224
8436986 -3839481
-2650932 -3555406
-653103 -4442511
7808798 -7305450
-1878978 -3631381
-9904656 -9701773
7571679 2112830
4529833 -6252402
-941455 3495781
6453959 6009283
3914169 -9357632
-7229230 9569743
-6152403 -2184834
9239908 562950
-665826 3374723
2051595 4884073
3845019 -2228840
-4154999 9400663
-7904787 5708268
-7923112 -6346201
-6047973 -7267413
-2638230 4688584
8436183 4040058
-9947809 -8108397
417239 -2505272
-1862904 6506151
-1407754 -5668592
-5337074 -6575782
3987168 2439843
-4185433 6419187
1303260 -6678658
-6391146 7866162
-216823 7664632
3372900 -546145
-4375993 1878391
4610978 -2033860
-7345275 -7907614
-1351204 4489100
6380704 -8909092
-1414364 -8782660
239843 -3202057
-6354297 -760915
-4820345 8832089
1271933 -9175019
7244168 9166824
5004518 -397148
9985366 -8936219
8728413 1129725
-9416420 -231457
-8353066 -5382335
2583806 8723939
3332677 -1225735
-6736635 5238531
-1154209 -8018526
5715166 2160421
1474716 -52221
1703216 -4044991
-5212902 -2363229
-1538247 6882872
-1433952 -1424617
8178235 -4294079
9286054 -6429434
4700291 8163601
-2067855 8014467
5148485 -2199776
9040515 -420921
869696 -2267709
5487174 2373193
4354667 -3350586
1326187 -5667035
4280744 69833
-1458806 -7199096
437675 -4016039
5383185 3328292
-8096324 1415780
-361946 -6050767
-9963849 2598263
761865 -1075892
9454928 -2747205
5053019 8694010
-9210559 4603413
-7664296 4093534
-3533273 -5824510
824904 339230
4672195 3337746
5923931 -7848909
7468347 -8530709
9969604 -5534875
309770 -9577625
1838155 5352789
1818374 -5270202
7328061 -8523791
400318 1854526
9107321 -9393722
1816640 -7628402
6975011 -3323308
3286578 2606082
-702076 1827067
-7833703 9753306
-4392596 -9877172
4790271 -645156
-6659513 4047688
1029165 -5225029
-4802654 -6689908
1179233 3855287
8585085 -448147
1028063 -7002392
-2631514 -1570501
-964223 3944733
6316331 -3524193
-4331149 -9147582
-4025148 -4192306
7634761 8955429
1225087 5272776
-2088044 2317410
-8327746 6832492
-6603468 5218579
9993550 -4987259
-9160815 4425697
-1719015 -4809104
4742750 -5465229
-9951269 9382422
-2188079 8287165
-5251750 -2582783
-3590624 -635949
-7267179 3580933
9388627 2078227
1033656 -1292327
6496801 -460260
-8142850 4775096
-5876060 -5591243
9627336 6045756
3574849 -2479528
-8053831 2137239
7328135 4414035
1465158 -7256494
-7874071 -5412763
5390754 1513889
1447458 -7545798
-5665395 -9860996
3719937 7856834
-7548587 -2932574
-1708549 -4375084
5164656 -3998579
-9223483 -5211748
-802991 7021806
3067562 -5099543
2420929 -8659302
3477937 -3357588
3572799 -3116549
-7856691 -6677576
-9573986 -4962043
-931802 6785590
9239793 5816768
-1527875 -9484344
8372490 -6425602
-6841823 4708414
-9666669 3340255
9341676 1449628
6237881 5497987
2519794 -9881806
7535003 7951242
9291940 8103708
7262472 -7527715
-644264 -4713771
-8874994 835271
-1610420 -5984603
-9199012 -8448980
-115860 7457778
7973434 2557133
6131531 8356265
3064680 -1137724
-7797469 9289708
739337 3398011
-8587650 4060560
4178754 9493570
7444812 -3551504
-5447795 -5769891
-3297606 -746895
-2944314 -8185323
-4833699 -1425518
2589880 -1819308
-7751936 3555881
-6469988 3390868
-4051999 2132205
-6995178 4019798
-7117925 4595884
-3598055 6069502
-8016135 7600958
1661518 -342366
-848796 -6603784
-155288 8356624
-7413266 9112368
-9118175 -3086731
-1272053 -8194520
379963 -2062488
6118204 3894248
9966481 5486195
-8606585 8366269
-6985174 -6503507
7516292 9857768
4453652 -3980352
4605503 2914719
515677 3371949
-6970417 6589368
2501936 4693548
3050172 -5302861
6325860 4863001
4292622 -1846742
-7524909 7207685
-4854803 -6979431
-568831 2855054
-9142399 3779754
-5337625 -8085997
7926848 -7748984
-7891216 -2322799
-3786799 -2040508
-9125789 -921212
-7549262 -9181296
-75575 -6093759
1116141 7996673
5210165 -7573639
-194286 6682665
7352276 1536025
-1256290 -5901663
9635258 9827367
2682421 -3594740
-9814986 -8417220
-6503217 -3943626
-1692610 7363741
-4959058 3939983
-8100524 416174
9494962 -6229505
-5410800 5290039
9196280 4462052
-5024922 4513625
-543662 -7171227
9511439 -9814757
-5762380 1778405
5876742 6863715
6691082 -4502318
1902942 -1971648
-388868 -8110145
-2053771 -5395692
-8031951 -4375733
9564251 -1230029
9186145 9525343
-6704161 3980079
-729882 1197459
8175864 -2114961
4915016 -9017249
-6188476 -6849058
5852537 -5628646
-1333889 -6677037
2703030 -9909843
-4412161 -5457147
-4912442 -605888
-6199681 7490782
4611442 4698690
2839310 1746548
-9483481 6579492
-1378813 -5080087
8899992 2219016
5932828 1917026
2318417 -1829890
-847139 4108692
-224014 9749785
6637492 -4519262
-8679947 -4371477
-4281320 -4696397
-153543 4023084
5933548 1306519
-8686347 -2549633
-7850943 9733868
-6003232 5925096
-4979060 -2495281
2424632 7029640
-751344 3642127
8075506 1324624
2011087 7697836
-5677120 393923
143709 3680300
9161038 4098866
9727389 9297553
-5398844 2997444
-2979472 7962421
-8214707 -3036035
4414332 -7045924
-7312056 -6901054
1540394 -920258
6584461 9201065
6230705 6561334
-7280186 -8474554
2850070 7995713
5693550 -9204680
1189243 7377509
-6425838 2532782
-3368351 3849304
3146857 5251552
-1751004 8875390
-645836 264366
7228331 5269524
739953 1139457
-3245245 1642664
3238758 -4055751
-4854686 8295150
-2627164 -176781
1348665 3892371
1888085 92650
887970 6715088
4092597 -9902013
2630769 4593566
-9040778 7666759
2918312 9262418
654161 -3377568
6886798 3683660
-1046815 -9991675
-6335866 -3368519
790497 2209490
8153739 418889
-8769609 -5970745
3852475 5815406
-292223 -1396772
1212230 7717492
4432580 -8404138
4210201 -7899799
-789881 -8958470
1224641 -3159029
8619741 169341
6791773 6659305
342966 -8209746
-8201421 -3805077
2826405 1812503
6538345 -4537287
-1602045 -6383098
-2353842 4692084
-6976158 -371654
8231574 4014985
1732477 2731620
-3156166 -8039843
-5939642 8681410
2239292 -8945964
-9588641 -4213171
5956170 5980285
-4844057 1547452
3337707 -4735704
1459219 -1984739
9827764 5136286
3115352 6801976
-9581121 -1117539
-6425455 -8486693
-6341995 -9418611
4596374 9114740
1846360 -8110420
-6150263 8845203
7526613 1206546
-5223066 -9573553
-3786724 -7717743
8262543 -4811707
6735746 4685798
9950094 -6581514
1433747 73453
7726091 -6074334
-9272358 -6222137
2660324 -6642205
7387454 3662873
4244262 -1248779
-2134039 -8954540
5451392 -1159364
-9797808 2228673
-6564780 1817481
-5239720 7728805
2527415 -9271494
-4083200 973556
8175706 789958
-3275204 5168898
7758703 642153
-2915829 674895
4452758 5484794
1358942 -9671835
3991039 9629434
-9102993 -1253604
-7691792 -9248347
-7891358 -8720679
-3975654 7759600
-7906567 -7689166
2555991 -8024082
-7295575 -3146287
343621 -4916594
5873364 -1378775
-6209877 -1480672
1677833 5114512
-4210593 -8451174
-450028 8762004
9090169 2758517
-5095697 3425266
4688015 -4402440
-3650786 -4198689
9596984 6996223
-2727824 -1542144
768690 -4378670
-2402751 -634391
6219323 -6675319
-9075560 301674
8922899 -3437056
-2401376 -685844
-5571331 5229374
-705448 9276457
554813 -7265572
5492946 1360876
-5213857 -7838665
-2241105 -9602751
8714912 1990510
-8496915 4108109
5082317 8311896
-6066773 -1224739
657223 8367359
4208393 1530476
4348502 9392898
-4044158 5132833
-5553011 -4212247
-8982873 -3929181
7863628 -8607990
-5873561 -7171969
-3294741 -1581558
579777 9619385
2532986 1491402
5998264 8338672
-5036866 1247899
-7923853 7501350
-3723389 2561803
929163 -3990626
56202 -549814
-1156916 -4862444
2786741 -5595296
-7291191 -2684721
3386098 7233730
8625741 -6274064
9070319 -6233922
2184520 5268532
4887917 -4224421
-216667 5280649
-3864326 9937255
1185154 -4218402
-6717052 -6384840
6176963 3261302
1787028 -7924089
-5957550 9622478
-5239966 4359583
1280639 2885534
-9799187 63127
9813210 3989449
231737 -3896737
-130658 955303
-3776165 -697943
-2406012 4570214
-7632784 3628104
3565359 7377321
5675271 -8980758
-5365598 7266866
528168 1474571
-3933165 3327717
2950196 4831548
-808869 109285
-7005181 226582
-9710290 -9528229
4461220 5711985
4331600 -9897080
1058223 -5307043
-3488634 6717294
-6196139 7282058
910162 4105354
-6000972 -3828923
-2809681 6991873
4258739 9674299
1148871 -5658927
7668790 7303259
2134808 7215706
-2675009 618986
-9154431 3842291
-3169586 -7163838
1064499 -8864721
3754551 -8708366
8500944 -4603900
-7886606 -5187226
4611184 7528662
1634017 -4082745
-5395316 8037698
5029571 5633045
-2176304 1795003
6136076 -711689
-3408430 1488919
-1295375 3804867
6940205 1242730
-4914978 -1454032
-6101517 7785774
1437405 1915436
-4276577 4962982
-9640918 -4808044
-7478918 6740719
4269381 4988829
-9093916 -351382
-2313684 8419750
-3430853 -4489231
-177876 -7284112
-5479449 4392844
