16 9537430 -852778
716
7692812 -7756456
-8363632 -8993677
9607917 -3234310
8350079 -8585081
867753 715600
-7726876 -6281143
-4464771 6641524
-5855573 6625366
5089795 -7832550
-2679322 -9287005
-9766405 3528222
-7255757 9019503
6114404 8446806
4728334 6261130
-1685088 -5242881
-2999337 -6124443
-5118120 8524077
-4710233 -8846617
5084654 -5510203
-2278251 6156198
2391407 -4047592
-7406068 -5126
9136592 7926636
2610438 9254711
2484058 -3257261
-9729038 9931116
8950620 -4765995
6197164 -6984795
1792688 5065024
2338495 925498
-2682593 2623952
1148029 1855510
3008894 -5284361
-794563 -1045852
-4889654 -1906452
-3437692 -556462
1954764 7501753
-2055259 -8327408
-9072697 1091357
350448 -9444820
3002648 -4072287
1161719 621410
-3847032 1953268
9534644 -2641117
800733 7945656
-6914040 1873139
-6271350 8118141
-7166220 4233990
5704490 -746104
7347444 -5444431
3999108 -9185163
832942 6426105
8098697 8470224
-438419 1294036
1849216 1542353
7470066 2428382
-6950208 -5148136
-678515 -8851863
-1492980 -8280888
2181120 -8627519
3245621 1824106
-7541401 5267081
-498929 -509377
8744519 7808731
-7635699 7721913
8536750 -1391685
-4965580 -1120239
-2650015 -8113955
3180081 5649470
-2808177 -572081
-8143699 7545649
-7602487 -5338111
-4189973 7422445
9141558 -5764650
-4392168 -3166601
1173857 1322678
-3410241 1369805
-9139572 3632456
1441188 -1392818
-3670904 9604947
-9270386 -3678159
5201602 7382198
9268243 8280387
3929857 5067939
7012210 -5035324
-7489675 -8878320
8299921 1384863
-8676339 -5092161
-8340459 -5890052
-6540300 -9534781
-5695751 -2732627
8637178 4633557
-9217634 -6589639
-5466105 2013958
-5864743 2223554
8545395 -6620657
-9238458 -5135128
5661611 -3736651
3847640 2546137
7510814 -408532
-6770500 859851
4761066 -9978861
7445330 -8470579
8155722 6084727
-933702 1621224
8888597 -8384578
-1234669 -4113100
-702739 42128
4572438 -452303
-8228749 3831156
-273148 8707696
6088920 2832998
1612699 -6995254
5550883 1750531
3858351 -4539660
-1163457 -4421951
8115541 7087851
8617272 -6402391
2198689 -1922777
9698447 6772994
904768 -8735013
9668239 8587045
-8854475 9670100
-8265851 -1034500
5313009 -1765685
-3057989 6021753
-8628897 -4960139
-1955393 5547283
-2702186 2983803
8444143 6111842
4206244 -8843835
8244016 9797038
5910999 2321785
-9600992 -622359
8666987 -1890312
-8108972 -9902544
1200853 -428244
-8241792 -8440733
-6958880 -5137270
3097045 6008709
2030462 8354129
5910342 2555409
-1897308 3401566
8901721 6471301
-4900505 -2083141
-926976 -137784
-340746 9305739
-5856124 9833393
-8272614 -4429747
-3803706 7059237
-326955 -9605627
-7517519 -9396326
4679293 3390250
769332 -5759311
-9750601 7720413
-1409106 -6133623
-1061862 -5203787
714131 7017588
3488889 7040831
-5042310 -384148
9478068 1104737
-7073172 -3452934
8896811 -8346326
9740280 9587057
6646294 -9375803
3534923 -4063426
9056600 8835691
2225941 6017404
2774446 3735893
1456307 5511625
1894354 -4459803
336410 2563553
-418858 -9167507
389676 3566894
-6817254 5586383
-3308880 5347366
4410784 5177167
6830841 -382051
-794994 3307596
-3551855 6571121
5024047 8367652
-280305 9983068
-1483175 4080647
-2183459 4461988
-26387 -8708729
-3168532 1789200
-5647247 -8132033
-7299540 -315770
-6748876 -3549753
-7963369 -4393512
-9046146 8950223
4127390 -1272249
862052 -2119009
3704939 -6525417
-9954295 2583410
-6532586 2669436
-4831143 5069752
-8333248 3187109
-2350903 3685682
-2506695 -8000355
3788845 139062
2007030 -3158875
6525355 657950
7108198 -2776158
2830331 2292832
1243055 9144829
-9611068 -3699463
-3302120 7886797
-8638620 -6232663
6350747 -9597181
3072256 3923437
-8490458 2334514
-4478377 757465
-5556853 -6823706
-4824061 -4312927
5826135 1936452
8777577 1481136
-7860914 -9650483
-2426640 -2180716
-9887884 1763636
-6575183 2920043
9220580 -6128477
4274672 -6186250
-9902561 8434813
8837632 5636053
-440510 -1035462
-8700948 -5573760
5183705 1069032
-3238322 9337028
7540453 2143204
6596008 1937617
5935105 3366588
-3767542 5373585
5709222 8074192
-7645820 -3677830
9242213 -1662310
2209214 -4221002
-7890900 979145
-586042 9000238
4636291 -7793461
1171077 -9232057
-4805817 6712134
-9702482 -5013518
-5676490 2894241
-4962555 9575549
-5970482 -8136037
-2253097 -8366546
-476609 9964624
555168 -3504287
2817883 -4767387
3570304 2909348
8688346 2060096
5555594 8295870
7296108 -9202554
5520337 7485904
8253847 -5551248
3677238 -3308585
-5805751 5964383
-1141376 -3508892
-3933343 -1482241
-7101926 -3587579
-1954125 96176
60800 -6838671
-342957 85619
5318232 -9384032
3525316 -7525074
-2948625 -8595112
2217110 -5269985
8043813 5123321
2609225 -7970429
8994675 3564151
2771918 -6620575
9343808 2671913
9163021 6966167
8000278 -1797568
4614853 -4770321
-2157793 -9101648
6576033 5177081
-4737300 7903007
1035327 -3766924
-8775645 3097284
-2981475 7076995
-8192990 -9207918
5915403 1751987
-3702090 9850824
3414975 -8959020
-5579595 -4707415
480850 -3813107
5669412 -6235787
-5517003 -7839776
-2610097 3669690
-2915606 9097851
-3208716 5232110
-4348531 -6339573
-7590144 2053984
7667620 6686796
3763791 -6365789
6942645 -5313855
-1045515 -1912846
-2062022 2858048
-3584620 5252395
-9455019 3869305
2572550 835786
-2883649 1025831
3186055 -1758038
-8088348 1599349
-6786448 3092310
-9159228 -8487602
-4827175 4836
4575172 9008593
5695389 -2417319
-6266756 2242792
-554710 -8024467
62687 -9324111
-3949711 8399775
-3831478 517017
-5613678 2465670
5817808 -3286497
255687 6958872
7717186 -7065841
4533508 5958094
-8433243 2145190
3657588 7747060
-9731752 -7592471
3932475 1346765
1445799 4843420
9602565 -372136
-5880251 -2304605
-1628715 -8435793
2480334 -3301212
7215805 -3062074
1919948 8648856
7878712 4118479
1077351 -2262244
-6811732 -1865601
-5907507 -8689111
3456079 7721776
-2014811 -4340750
-9416868 9630019
-6506863 -1746563
5613210 4515607
6659823 4938936
-7365669 5215775
-703666 3295925
9994713 -6478032
459895 -8223332
2941876 7210519
1328998 4896195
-7366048 820588
8954987 4922702
-1250057 -4177780
6060348 5563833
3739435 -7793977
4352394 -5954463
-5184673 -3161081
-8645474 7845531
2784467 -9571463
-1839336 530702
-6173373 -2064849
1457119 7456998
1750018 -6178660
3548211 4433366
-670438 -5308106
5512483 7393562
2316264 -5520134
302086 -3016178
-7452345 -8933793
5788582 8878786
-7075676 -1196557
5642362 -7342671
-9497140 -9743997
-9315460 6996889
-9956057 -4196320
-3744817 -8638444
8818554 -6129430
-9791738 7712302
-5337979 -6915076
-2223182 -3727174
-6333612 3991583
8471449 5805653
-7210524 -1500996
-7918437 -8710113
-9831327 7853483
-3343074 7870146
3043827 5609349
5865352 -7700711
1812530 -3936961
-5616929 6549892
7911448 1856473
-1756605 638254
-1649443 -753646
2331278 -9031991
-2759165 -4471070
9520513 2624449
-1569898 907223
9406227 7991962
1798201 -6264070
-8410586 -8512209
1874289 1966874
-2423776 -1753660
545629 -5081884
981155 -6558424
2507821 -7641841
-3269016 5364227
8518833 419269
2181976 4974379
5942389 9385742
-5085328 7029606
-345945 5699576
-3393200 -5564815
4943499 600510
4336440 -3986973
-9982830 -3258300
1224927 -1557794
6688547 1891459
-674073 8801151
4759079 9750528
4625040 2823435
-9295986 -2733100
202522 -8643976
-1153244 9222847
8608590 -7615502
9414104 7305497
3005073 -6476738
-9525200 -8415488
-5298626 9611873
8141253 -2065349
-2807296 9037814
-2519979 8158423
-7433765 8417631
-264866 6684920
6435448 -5591486
7231949 -5505787
-5722534 1060488
-5067135 452315
-324837 4479988
6864486 3779621
-6398530 -9199895
6839719 -1205058
-7104194 6606543
-1265231 -169129
7765523 -2402820
9151347 -3123978
7550797 -5041773
5892210 9147720
5832640 2633384
7041899 -4372656
121557 -5215560
-1638719 -3209800
7242516 4399023
-8604637 3294146
9590119 9434031
2750488 776201
9571144 -6808411
9798132 -7893441
1937431 4983302
-7419517 -1467099
-2074725 -297046
-2822467 4248182
3395902 7992425
625809 -6930257
-1302913 -8255106
9045686 -9815940
-3025739 1334996
8250372 -2593033
-9298887 6733129
-1316488 9645735
-7061711 2807584
5999173 -8566000
-6459441 -7490567
9087 5797306
6846559 -2005658
7697296 -4894078
9354104 7288187
5280612 7391181
-9539076 -4733642
-2988748 -4093579
-3909518 -8325637
-4474288 8573291
-4019742 -4418905
4830576 -6223916
5938171 9197724
2005308 -6485912
7464440 8876460
3902245 -1995518
6318140 3521351
-8484306 6427685
-8466393 3164699
452886 1729342
-879476 -9112288
-3845930 8249850
-5843728 -7902200
6288516 -4318325
-5745034 -7236894
-9139447 -8185772
8106664 -7248424
-8050700 5691129
1721569 -3438813
7954000 3954609
4475443 -8297639
5223712 -5627403
-9199718 793583
6474634 -744242
3501453 -7666110
5737954 9443873
7693723 -7378023
7236129 4408376
-9909949 4366347
7129453 3524645
-2144775 6861369
9612946 506358
8713839 8478241
-4960571 -8437754
-1966793 -7048240
-5345879 -7006571
9882378 -7491350
-4181415 2394186
4166296 -9317339
5532903 4809572
4253445 -2332251
-7193922 1270857
-4320767 -5536480
8829868 -9957792
-3916795 8285637
5147006 -1524327
8982032 -3545217
-5066976 4759952
-1161449 7695871
3163984 -7511195
7998586 -611890
-5586887 7818105
-7271357 7880965
8563626 231698
-4958730 6894940
-5437311 -3387119
7883738 1811067
6274588 -2631232
9927328 6079323
4364960 5104456
-6419871 -3989467
-5018332 -488033
6788271 5078513
-4709263 -85307
-5080150 -4373178
5014933 8454721
6272826 -7081563
-9200598 9428046
-7823904 9001470
5896410 1879380
8492261 9733719
-5938862 2975451
-9655781 -1107649
-5028326 -9664274
-2043466 -9728453
8798433 9336635
-8635046 1536664
9131529 -6219899
-3788854 8153225
6296400 -5577734
-7123013 1130997
4049434 -6172315
5772083 1666166
-6816012 -2634812
9244568 7948179
198250 1596750
-5427799 253181
9145532 4259389
-2888533 -5083579
7704320 6633558
-1513455 5068002
9121018 6502753
2799207 -148501
-9478923 8252547
-7325186 1526705
-7342298 6817477
3161514 8068153
-265681 -776512
-894972 -1066403
9398128 2918307
7031409 -9134052
1119129 -403621
6372120 -8396389
9036384 -7218987
1930924 -6516413
8551589 6740704
-4240190 -9582531
268969 188959
-1558493 1075369
-7397926 790046
-9876125 -6367327
4217178 7776129
-3000383 3285389
-7781014 -6048502
-613843 -1379002
-513054 4133466
-6270155 8933919
-9462470 -9393924
5903441 2618317
6101905 9573914
-1169030 -2165635
-9231813 -2830154
7358806 4590780
-4333851 1037156
4343554 8316665
4465690 -9215424
8560705 -3016219
-9730830 -1317132
-4849282 8076674
-3302328 5004508
-862026 4536876
3470795 6184619
-692953 -4615828
8002489 -3475323
8614943 -4789512
-4438794 -3379254
3790593 -2554087
4553046 -3670607
-117099 -6334249
-8017584 2735547
3520123 6742807
-6273412 6448106
-4869026 2080828
157503 -6004242
1516618 281693
7334921 6855175
3039794 -9345408
8555116 -6677932
-7636903 -7653159
-9926318 6557606
-6821648 -9021960
-1576047 8151240
6996985 -514703
3151048 5493351
-1771101 -3120114
-6377307 5133464
-5902078 -8250978
-3653797 -2650719
-6138609 -8254751
2026942 6503706
-4124767 5378009
-1451047 -8121785
-4799717 1431380
3778221 9620422
-1305620 -9920268
-8942228 -3631745
7035847 1872732
3874382 -8001923
7491429 4032832
-9087282 -2974570
4675247 -4279672
9985702 -5464589
-5598956 1289521
3034770 -3668095
-7164389 -9221213
6156796 7578064
9456279 -8772803
2658577 7222102
6842524 7172914
7252646 8953150
-4678594 -4463096
-74012 8310418
-9691504 -7642747
-1093562 6316722
5858505 316277
6036605 -180844
-3129080 533752
4339625 6022307
4870565 -6211684
-5432896 -2625604
-5047540 222528
1449725 3240252
462354 6925092
4098006 -5891698
-6938547 9821230
7874486 -6132995
4693775 -9100789
5772816 -9683173
6633549 -2481377
7834900 -5320746
-2985237 2492054
5542158 3871505
-7589835 3885683
190351 -118216
-227468 7280730
-2496742 4757455
-2002292 -2758656
-5833564 1469336
5577638 976414
-6686003 780795
4647800 1155443
-5428994 3704835
4021662 -8142073
-623449 -9656177
7539429 -6828436
-1820030 -2788549
3599309 -5445808
956227 6238481
8636617 -1474174
8322908 -8853421
-1579614 -1590851
5650493 -4173834
7295502 6418094
9910861 9816930
-6885923 -4610507
-938712 -6775142
-553955 7761877
9619804 3632295
-3507530 5984060
9155624 -8487293
-1275841 -5968101
-8897556 9851946
6090427 4839820
-6634354 2058671
-4278398 -2756604
5652545 -8311446
-9968928 4141989
