143 4827482 4994251
794
4908581 -9269675
9679848 -8703426
4178931 -8909258
-1770059 -2309085
-9455161 -2858154
9514919 342447
-8665767 1047560
-1087784 -1780161
-3437315 8902373
-3230326 -4574076
-7232376 9071971
-2022517 1852826
-1745633 2814770
-4278759 7757948
2585431 604160
-6149162 -9284508
4528419 -9989636
-8898894 6047038
-6262047 -1292650
5849197 -8152601
2189846 6799144
-9636944 5364116
6100307 3524080
-5057195 -724727
-2782451 -7337008
4251316 1712479
6081658 -14826
5316296 -7771201
2503099 -5663975
-2543462 3553890
-3214266 -4911470
-4901106 -6176272
9870766 -8685847
21504 8716353
-9436248 -6391280
2924216 8387053
-3732479 -4730049
1310383 3287273
5078898 -7632171
7547173 6253188
-9517981 -7703553
-5202027 1798489
-3456360 6563677
3416055 -9885730
-3815488 9046740
6651622 3388945
7212673 2970246
-3199248 4266869
2983222 7083439
3208511 6822256
-2274339 3546974
1333277 -3867272
1936353 3993182
-1122637 -7356340
1413200 -2984749
-8171950 8940889
739378 1895220
-9024751 -3373976
9256646 -200629
-8637537 -3092344
-9703399 -4558842
927756 8014085
2280954 7509274
-2890934 7728508
-2932884 -4735824
1327503 -9682423
8966657 -2690871
3818664 -7339220
-4695559 -6580638
-7049035 -7303973
4153268 -766007
3645565 -5220984
-6078608 -5107353
-2791630 4620815
-8471529 -6821962
-8864452 -1429167
-3415082 4341425
1850699 -5420344
4824517 1382225
6646401 8959765
1793695 -8108367
-8282885 -9509744
-6848963 -6723296
-3303933 5535779
748158 -9028170
205823 -352968
-3057600 -5098573
-7689574 -6148611
8472204 863792
-3441818 -481204
8089629 2517027
9374804 -9789918
-5210261 7190899
-1426876 1225504
-7298379 9614256
4022241 7735878
8226134 4495316
7772021 5739356
1275135 -8622829
-7650999 6984440
9147824 -7976706
-3075279 -4928823
-1077434 -3909775
6954017 -764853
1270295 9911122
-5055499 6028552
6238634 -8123724
9067175 -5680694
5544810 -8971627
3158981 -9843348
7892530 762783
-4741900 -2818777
-7079421 6118664
12188 5546473
-4952735 -3287933
-1264639 -5122459
-51282 -5804911
285314 -1823566
-72067 8871284
1298758 9755684
-1699412 -8801772
-6925496 6243260
-9437434 -5460778
8083948 4658031
4814683 -1376272
9386511 1242929
940504 -4776435
3858582 7160963
2707436 3861084
3089503 6387122
-8735337 271053
4466143 -8175136
-7482350 -6270266
5117370 7267809
-460155 2445583
-3839837 -3583871
-7340611 7840433
-7620344 -8248981
6409050 -6778045
1845683 -9536396
-5777115 -6259914
-8519997 1232194
-1606842 5163390
-8459174 5338585
-5757941 3616946
6404352 4630329
-1028455 -4493277
-763543 870495
-9345344 -5994453
-1032518 6870179
-6713692 194502
-1965065 5127645
6878664 -4054303
-8315996 414591
-6605453 -4195934
-7939496 -3953961
7278234 -9866215
5297175 -6459492
1395445 8187744
-5678958 -645647
6501034 5637505
3660580 -9274606
-5887759 7988931
-8005522 5413389
2283568 -5233102
4961400 961960
-3910395 5569877
4031926 -7003665
-4072721 5484621
3805039 5715931
-8238030 -678174
-544389 -1618104
1922404 1556556
-7739348 7269138
9139843 5834201
-6011942 -3418305
9823441 5640877
3629808 7648638
-4421621 -6064317
-1297419 5624286
9102598 378300
-4051823 -6336019
9176668 7708555
-4290472 2496455
-9271262 -4896053
-3057874 9514568
-2103536 5007061
-3436383 -1085911
-3816772 2335220
-9314227 -8659378
-9561331 7839423
3480301 -5326168
4838822 -9737890
6714145 9626461
5250748 2933554
-6688146 7933078
4113411 -3130302
-5421746 -739969
4272838 3290080
910379 287782
-7681298 5001577
8638 7852505
-3233405 215166
5066738 -911393
429229 -4533825
-6694402 5752512
2942696 -6615750
-6353639 -697749
-1071287 -9702130
3231424 2876858
809937 -5820539
-6434489 6543278
8319661 -5076652
8213428 -1856235
8431548 2592500
-9889571 -876192
9492665 -9249750
-6518231 -7364581
1724026 -3740740
-5758213 8548507
-3182629 4669608
8053858 -2452614
6849637 2276419
2574290 4216571
-2906570 -4221650
-7525837 8322066
4865345 419719
5343067 -3960325
-3300208 -4298642
810210 -3927152
-2286992 -4868660
8397943 920639
-3927590 -2794327
-4018714 -8120288
2944571 312789
-5017603 223073
286811 2278295
7071066 5552607
-7714469 -2863551
-4568849 -7838292
-9516225 -621039
9798680 -9578333
-3538658 -2134528
3566830 -2341901
3730947 3161134
808827 6893393
-9669616 -8556045
-8834019 -793230
-6397166 -3597205
6715584 -2852733
-113308 -936243
3858404 4214333
-233060 -9826496
-2690047 929471
3091179 2052471
3947784 -4742544
-4320877 3574954
-8559574 -3737184
-3562732 -5343183
334304 -2476391
-5582998 -9831785
4128523 3659483
5382605 -5252614
1150181 -2189144
-2525525 8985439
-9434452 -9617883
4596450 7361167
7534671 4423953
-4646576 -5636609
-1067786 7360976
-7381567 960955
-5464090 5396351
4175519 -9186092
7987078 8492688
8532649 -9387213
3297355 -9162266
4497217 -7050349
-9786610 -2574122
-2246914 -120178
-8618387 1363571
-5737959 5227561
2588728 4463513
-1112534 8858491
5738234 123400
-9999272 -3242758
7718198 -5329551
2583152 5135513
-1534226 4770460
3263148 -3241329
-2628541 -3547148
-2709414 1795798
-2738199 3185166
-9388956 -8212197
-5816023 -2524809
1355115 -9119518
6108043 8081942
2545455 5617156
4475647 -1303229
1336523 3949274
-9293484 -7269766
-2599317 -6146396
8989117 941066
-4288474 2500187
9258858 -2545109
3907743 1491027
5803177 9146669
2331835 3714681
-1981164 -6935022
-6943478 -4540769
-3660287 -5280835
-7198893 -3072011
-7454855 4964108
6177232 -2137085
-8187811 -462856
2267378 -9969893
-6116289 -7481295
-4023876 2184413
7200952 -7127171
-7155928 1687650
5695029 6459811
-1877168 -731832
-7017151 1498206
-2920463 2971020
946603 -6481962
-1762797 136059
-419600 -197331
-5233223 -6445337
1417578 2125545
4179041 -9055991
-9025883 3229767
-1735176 8962772
1147185 -5142172
-9752991 4240948
8444951 -1651862
7324301 5607434
-5124398 4139980
8154539 7963485
-6549143 -9625197
6409193 -4765924
-2113513 4397461
-5799870 -5353603
-1798940 -16761
-7891216 -8516741
-7572731 2134990
-4635243 -1195823
-2233051 5917738
3291918 -3854067
2903234 1430487
2294977 -3944720
-8337286 -6135463
8004517 -7864370
2615467 9054668
1945823 -1324592
-3574164 6066325
-7019862 -1644983
3001414 -3171325
6811914 -2819732
-1336473 3718826
8370168 1437050
-9758772 -6392852
2041238 -6265075
-7602790 -9475471
1955016 -4666843
-6095211 5300444
9164981 6766345
1418327 8083855
7138523 -314149
877611 -5966205
-9899880 -915654
7439363 7303448
6648475 -6919742
-7223122 -7042871
-807693 3460390
7413792 -6043243
-9919742 -2437525
-6186248 171372
695902 2121496
-28995 -3789037
4027759 5167270
1933616 3875794
1959649 -4290907
-2088704 -6648057
9902090 -8385476
698871 8788907
-1391293 -9997790
5598820 -9345414
-6388284 -4742817
1233925 892050
4848808 2804023
-9633501 -1352283
8819090 4929066
9566914 6696603
-7092434 -7968656
7198614 -462080
5930066 -548322
5160771 -8351418
7516878 -9593932
-7979408 -6927933
4377326 7418968
-62469 -4764185
-4109598 -7013966
-9240431 8052703
-1055246 -497882
4822493 1993494
3157563 6309914
-6244668 -2294656
-5598052 1976653
4007997 -6677754
-4623482 9825866
-722456 -6277036
7887898 -8693415
4229005 6954667
2543086 5404776
-4659903 6249597
4001765 -3079587
-7577201 -2206020
-4153317 9892167
-8089363 -6817632
-2307786 -2692211
-6382297 6733130
6954827 -9150223
-4657217 -2626965
-6788366 -8643225
3698993 1867132
5590096 -1411848
-7588911 -7023462
2447557 -4005653
-8600877 6640094
-4593956 -5009356
1911057 9255572
-2950448 9407809
1816328 -3149792
32576 -4587412
2720377 3726965
-7023553 241142
1090919 -1145567
-1256180 9931274
3804401 6433702
-9182813 1955454
3059959 -2496605
-7003715 -1076365
4917982 5471048
-5372505 5443842
-9565514 -1166542
-1910970 -7450109
4474052 -5138105
1712103 -2345065
3067523 -3709620
-9982655 4261031
-5497827 8304252
9675037 -7006208
5441419 -1890555
7059499 -1581142
2890664 -754180
-734433 7876686
-3199678 -4049377
3938024 -5221796
-9777953 4234656
-6931886 8565519
3631762 3172885
551133 -6326503
1328432 -1894186
4396194 4779588
-959380 6912307
-2267089 -3070109
-7559965 -3940855
4168590 -2592051
-1656841 7881454
9643627 1228090
-895224 -8766177
9700799 -1090806
3687399 -1578550
-7343893 3638823
-5279306 -3574202
2115035 8240573
-8085930 8352456
-3541730 -7333832
-37891 -4241146
5187513 3370816
-9699293 9002729
7578226 -7079575
-7155274 -7259258
3138549 1746817
-7025093 -6295763
7454412 2782176
-8308630 -5403965
-4466162 7155211
-6689614 -2104879
-3162729 -1810055
8946870 -1968920
8899888 8952307
4134827 3377293
9136147 7874510
1245326 -5903064
5616017 4323661
-239562 -5937615
-3196872 3194244
-5058939 -4878484
-8657895 9941677
2723853 -9567680
7544707 8796517
-1531919 -3068425
-2656951 -6921455
-6215158 1778467
9809548 4180320
-4351021 -7268287
6109006 1225788
-899701 9783807
6397095 -2238495
4601518 -9654375
-5591989 2013113
7723709 6878308
-8000176 -6272509
-6330832 -7335230
5613442 -6658071
4654799 -1090627
-1642700 3158149
6236695 -6877120
4901347 5700349
-7602978 2537889
5269602 -2772753
8453036 -9437647
-9653840 -6105040
1656466 -9930313
-9584688 -740392
3789073 -3742016
-6863707 7339675
-8932834 1512782
-3306096 7652469
3510751 7252686
-3837941 -7692654
-2018153 -1834450
-6195218 -2964288
5252413 6734894
-727216 8706129
8449729 7649435
8211789 -5457614
-1562653 -580883
-511196 1074301
2850261 2610165
8868149 -7579532
9760144 -3360666
8152116 -7995558
9656912 -9172690
8079997 -5153980
9669718 3167663
3849565 6758408
-6205880 -9832082
6902812 7654347
-1123172 9046534
-787679 -3824404
-6765665 9842909
-737974 9940462
-6468884 -5811966
6798199 1267182
3687651 6381377
-6979288 -1817300
187143 3447795
-3208543 3689180
8535201 -7639593
-1955578 7387806
4146215 721271
889189 4410339
2064686 456687
-7980427 -2207998
-3516050 -9058486
3300776 1231895
1172357 -7765363
8939023 -7437198
-3653663 -2780175
-6398797 5737222
6436275 -9966012
-4001865 -3378085
2827447 9139770
-8499823 2789592
177399 -6121000
4600272 -7939049
6471290 6839966
-2703347 8005813
-4202185 -8947672
4510194 -8167421
3064474 -5201882
9549107 -2189030
-7109875 6753183
-6026991 8488131
-3258295 -763538
-729550 -2425788
-3287521 -6822020
-7682250 -2215063
3090881 2056278
5935279 6334279
8395230 5784632
2624598 535551
-1458636 -2617128
-1564800 2437604
4270183 -3144468
-5829998 -7054605
756365 9851009
6604192 -6280891
4723592 3646490
5399304 3093553
3184117 -8534702
-5356722 -5330246
-5028957 2412948
-5530773 9477381
5811660 8061925
3846557 -9595494
-6543591 -3276757
-3377533 8987508
-6058536 1997773
1369657 5057668
519415 727999
579008 5539659
1775121 3792132
-2561377 9699552
-4690542 -3501287
-2035989 -7162073
-9975966 8493575
906524 -4876358
-5398977 7511429
5573354 -2107897
-1703391 2929035
2168630 -8063736
-9076228 1753018
6267143 8791098
-3634882 -5134764
5593235 -2363199
5692812 6884533
676665 8688595
8388147 -2532067
3966647 631640
-4014080 -6302395
4707533 4447010
2087004 8526306
6037735 8130409
-3977488 -795621
-7866585 -5872558
-3936294 -3164527
8588491 -3181603
8125847 9503830
-5630934 -2628014
5008787 -5509035
3891850 2478653
1167248 701600
685885 7084868
-9767140 -7928253
8285705 7168884
1615895 -3781220
7261438 -4490410
-6360001 -6297101
2907279 -4184474
-57032 -337489
6497984 -2442954
4375443 -1476974
-1973144 -2397173
4974813 2501291
-491392 -5087726
7390927 -7500047
-4282095 -6599541
-9514673 -8925473
5662626 6403790
3572675 -9281813
9453320 -3535317
1974273 7704922
3924173 -768890
-2437012 5614272
7793135 9347804
-3095150 22308
8545334 -3192529
-3073350 3796646
8814289 9088542
-5999184 -8098536
6917769 -1677103
-5760292 3908095
-2501026 -7364326
1555816 7241387
475927 -6838399
-7857364 7644843
5349765 -7554401
1676709 4116910
-7752466 -8209709
-8861905 1756050
-8221642 2557022
9364493 -1957054
4355944 2840045
1928587 -3708856
-9291040 -4313415
-3474166 5929404
-162501 7626729
-9737597 765543
-9476718 -147174
3014427 1818219
-8020585 999209
3444808 -2326585
-8209675 7329180
9119471 7637870
-606080 6554212
-888766 2773919
3333217 -6311370
6528675 -1524273
-2716777 -2310839
3375746 -1542737
6903019 -2007817
-4381088 9901580
-6816525 9256870
-890304 8397667
-7267761 -6293242
4705967 4640475
-7686109 -5288346
4557186 -9332872
821350 6620568
3174780 -3806990
8966929 -9784730
-6096100 4802366
5794446 2300146
9989307 2948928
-8593809 -6922331
-6413795 -4118595
8299337 8309210
82432 -794883
-9880863 -8517187
-4810429 9192129
3832604 -7148624
-9920618 2411890
3079018 6146495
-4716584 4636568
-9170422 -6099632
6631990 8458196
-4223085 9796507
-5386995 3052243
-3998829 -8428639
-5350970 -5397688
-6999931 9923714
749276 -1764765
-43295 -8700593
-7217780 -9168292
-9976163 -7407806
-4556430 -9511857
2900033 -3627206
5035641 8039304
2675872 8495404
4912124 -9680943
1293606 -3978197
-4181690 -5939533
7112710 7070521
8641882 431316
-2450020 5630233
5553947 5807264
6558852 -6933598
-5634191 8819575
9651283 9031909
-8375897 9664381
-9847476 2191473
1080619 9584025
139681 -4431091
6580665 -3883740
-3564682 -7184447
-1162644 1492790
5553257 245276
-2684203 -2827981
119687 -4817681
-9187448 8474031
-3202353 186019
3252421 -1117149
-9781222 5872851
4904760 134582
-201037 9870061
-5422114 -954785
-8854408 -7532161
-9446899 5658505
-8225234 1285273
-3382821 7133766
-1373444 -9273564
971712 5454535
5142906 6696165
4394836 803861
-722108 -4737407
-2035035 5207388
6606591 -1408109
-5535257 -8782614
1351969 6825369
-788217 1885855
3447423 3667284
-1348524 -3693979
-8035473 4593015
-4121711 -795423
-3661657 6255645
-501567 -4988180
-9533645 -2518748
-5822583 -9529855
1274006 -1874386
-4095441 1088606
8812346 3068250
4176493 3869524
