449 7864757 1873045
622
-8082379 3469242
6548799 -2914357
-5788181 6146491
8438614 3673886
14630 7192309
-2751359 -6081102
-9835951 -906990
-2330276 5059475
-6303111 1698930
-1369078 645037
-7952913 1052029
9422384 -3897471
-349083 6873663
-9816048 -4439163
5941946 6413539
-7600867 2056997
1658992 7859568
-3477589 1464284
-4861830 -1612836
-4420527 -5038975
-8603725 -2330848
6762162 2828114
-2112411 -8439675
-4224393 6948239
-2406724 -5899170
5152859 4406529
-9490942 -7843284
9030379 4575243
2652432 -7323672
9089867 9214331
-6212320 -1405621
8970299 4005352
-4530363 5446673
-6166163 -4507290
453735 607807
8276960 -8070338
4757776 -5633637
-4073312 -2444526
-5496287 5161717
9262547 1702295
8625176 -5386658
-3229942 -3068241
4023354 1650587
4326915 8316789
47473 -3324213
-2213482 -4066866
9938486 3835153
-8201822 -3243183
-5234121 -4591877
-1467717 8148367
-9921971 -2264034
2102329 -3190757
-3118931 -2647843
5030226 8029017
-7752336 1384783
-1485523 -3190874
3740885 3389193
-4960220 5284535
3601324 -2235761
-3043622 1883047
332533 6165149
-7483345 -2740752
4016065 271019
-1804505 -5685167
4979553 8781944
-3482089 6727778
6053373 -2426066
4926092 8620240
-834390 5450794
9351929 -7527330
-718204 -6070374
7318819 -2133594
-6849059 -6977319
-6696727 4874951
9274350 -731382
-4566233 -7223997
35252 -393117
2394255 -9533226
-5218392 -5948683
5349614 -9410250
-166120 9761161
9851447 4383877
-4479531 8403605
3854399 -2706109
-233438 4686079
1132058 3206329
-8927265 9048358
4587392 -9032771
-1641467 6740029
8524999 407017
3183020 -2367117
-243881 6475118
6941893 5734624
2302294 -7849626
5256476 4239853
-3482634 -2348092
4552137 -4909644
6010313 -3631187
3662705 -9927394
-2724962 -135288
5587393 -6570733
4993977 8407096
1890677 -823519
8432862 -7902279
2504738 -9750790
-9601554 6957861
-4050669 8204111
3938735 154565
2304939 -7108776
-352571 -3758971
-3590711 -2438585
-4831877 6164795
-7466391 -9038574
3550385 -8821564
-6440500 6196314
2141933 -9174577
1748871 1663246
3356079 9652262
-8250016 -6360452
-6111241 1788941
-8736846 -3228926
-5024815 -5712795
4441770 -2787515
-7379938 1430273
7671302 9263061
-3175524 2267491
-1567713 6596944
74722 -5491049
8203739 -6517752
2194914 -6374893
-5549470 4279591
-4057163 6853199
6505461 6199401
9838950 9298916
-6395791 771797
7542872 6244061
-9468734 -5132637
-5403799 5034409
-3535318 -2510612
9268801 -2783737
9483754 6652337
3249281 8609629
-6881420 -9567607
6430993 -6675997
-3050889 -8677681
5601910 -1374093
-4520894 1399641
-9884605 4061100
-4123632 -8015432
2756365 2470697
-1285242 -519422
4347941 -7184411
7849999 -8237624
-8231884 8944142
8676757 -5685319
-9032982 -8963083
9646546 676864
-6374391 -3267349
56655 -7234874
6603797 -9943397
-1317490 -477882
3438111 -5277941
1299511 4161617
-1337463 3553506
8540555 7175880
-3343542 3935254
6750844 -2744687
-8465959 3520751
-5018754 -2882805
1431876 -6697843
-5660926 -6341997
4334867 -5084753
-5835750 6501972
1783450 476829
533432 4220905
6259375 -1612753
-4374341 9215942
-4106089 -302513
5767345 6925170
4101050 4556448
-8991945 -3175747
4079566 3273860
-3205388 275251
7392446 -1870040
1432117 1775858
-2049787 -8659326
-3744079 -1712456
7305868 4801433
-4721738 -7063476
7157429 -910681
7476566 5811694
-2456012 -4066843
-1853004 5618577
2543748 3437900
-9489300 -6085659
738594 -3355202
9918659 -8481245
1794006 7334513
7980825 9229623
1005481 -8297196
-6956521 -8070706
216838 1472046
-3726521 -8184248
-5247724 -2477293
-871622 1551741
-2636565 4426058
-9640785 -3395056
4739874 4907424
-9138324 -1493789
-5063096 -2716378
-3555228 -8627624
5407484 -1808149
-4473636 8879783
8109406 -2798510
-1095705 -6492811
7952835 -8368761
3103286 -5535874
-3720122 -1830326
-1791267 9376765
-6555141 1032155
-4541787 -146537
-1025241 -6675354
8232070 8333780
-3160009 -6285367
998255 1610098
2982475 1776895
9968746 -40620
-1160837 -9093689
-1892199 8011462
4035003 9464922
-8903839 -471552
-3491074 1987839
2673865 -3284201
8608917 2788805
6337312 3398950
-6747587 -7946224
-4621578 -8204475
-9870695 2227172
5941806 6126845
-2263057 9485648
-6221105 9456413
-584207 3235770
4142081 6263994
-3208192 771309
236231 4766235
6811035 -9173188
-4668997 -6151256
564544 -6680038
-1374881 521220
6436522 -826539
1227237 -5037569
-3242044 2205287
6948811 -877989
-4751144 9403613
1405613 -4593031
-5136617 -4497848
8737922 5184508
1448502 -3204472
7566837 2880004
-9837409 8240311
1583475 -2196932
1651813 6973626
-9706412 -569170
9952050 4732709
-6093830 -1081293
-3602510 -1095076
-8889789 -2350241
6771770 3155446
-4924589 8059022
-6534008 4536979
-9960869 6481024
-5818115 -9154273
-2358745 1293405
6689761 5630387
3870698 -4791907
-4472487 6852352
3825979 -4545827
4885003 -304322
-5571613 -3364081
-1929021 -2646595
6258329 -1665443
-1499332 4468469
-9859732 -115108
-2056085 7788791
-5157878 7732031
-3270592 -6073741
-5228014 7397605
-1308990 911293
-3458320 2413241
137686 -4619228
4749476 2928731
899256 5665200
-4639122 -8908193
-2272273 8300612
-4345983 -7694382
640175 -1684942
5299879 4428699
-5686409 1657196
-554013 -2043501
-4311469 -5226142
-1299883 4288109
1685714 -5065709
5845584 3472103
-4114655 2893076
790200 4903616
-2167653 -1460617
-5795417 -4460323
-3368516 8731604
7032216 -7918186
-5612568 -3124437
-2293027 5202585
-7852364 -2456041
9201155 -6993147
963352 8977580
-6248562 -8836506
-2032045 -831765
4102526 2451556
8440011 2170021
-4936902 -7535538
7368079 6841708
-4618908 5853298
-8607025 -4799574
6448382 -7897973
-5816159 -9459188
-2583625 -4003050
3715888 -8912375
-1368415 5123349
646554 5863524
-2642544 -9650908
4028939 4126258
5810846 1108895
6076803 -8003106
4166916 -86628
-5105813 4516814
-6125125 9230014
-2400336 -7737734
9979044 -744033
1357994 -1007360
-7950196 6427427
4940729 -1941812
-854187 -533821
7105880 -1343383
7036494 293750
-6840805 -2247566
4395045 6910302
-1980803 7188134
9185028 205891
2635615 6612352
-6354481 -4131704
7614662 7529802
9792068 -2479606
-707287 -4785673
-3276681 2287465
-8768756 -9349293
-1291105 -1226877
8239302 6171973
7344943 371061
-9335189 -2138465
-1869679 -3102211
-6191909 6340358
3528492 -7474634
2731257 -5656359
-9044007 -4770127
1098169 -4633127
-7103325 7117864
7154610 -1287168
3927159 5205096
-2507439 -3552677
-2901969 3166830
-8060047 -1276195
7412130 -1676722
8694339 2695607
-9442858 4757073
4171214 1875503
-1784139 -1312536
1212830 7979306
4839299 4260706
9490579 -6055912
-689039 5795292
-4570491 -6894900
-5665716 -5276012
9929084 -7415881
-968557 777795
-6055375 -2578355
-1338198 -1354174
6969104 -4115422
8580186 -3926067
3347358 -1820204
-9944701 1653680
-9658856 -2481427
8014231 -9212488
5048218 -5929673
-1985585 2853530
-8834826 -2944851
-7323398 -158272
4565716 -3405317
-8304845 -2989114
7788682 -2988847
-3050850 726598
9372424 4249659
-9865762 5610953
-8315114 6341528
-5478676 1230776
-7115544 -2451404
5067169 7092975
396840 5741953
9812280 -4402248
8451282 -4554942
-4983440 -9656953
184775 2132809
1243844 -2306838
-2779600 7266843
-5722004 2938999
-6334403 7525434
1775094 1227147
9354452 5554373
-5587746 -5574316
5656460 3555690
-8895714 -8550070
1059258 1057268
9315573 6171456
4285560 -8543902
-3098844 9127853
9470900 2736843
-5130348 -5565932
-5356418 -7827973
1955223 6113496
-8431152 1863983
-610583 -1250429
2493070 -4765555
3305171 3680863
8106547 1847522
-4596788 7717425
1683707 -3720641
7336628 -3492501
5195307 -7257035
-5800937 6652201
-1703593 -519133
4734062 -6383428
-1949360 -9716341
-7544313 2120066
-9250085 -4789425
7074558 -3072738
5676833 -7681237
-9930440 8980327
2661191 -1830096
2533778 3374731
-6391492 767738
7047098 453343
6960842 -2191432
551533 -3099922
6068631 -5327499
-3330280 -2733051
883521 -5634962
-5351302 3920135
-3959799 1450513
6661088 9620737
-3452001 -3209884
-8374769 -3748002
7748678 4741184
-7088912 -8305208
-2414125 409869
3693959 -2038781
8414562 -6289264
1519304 -6742591
157487 -2108244
-4919391 4587189
-8145862 8742471
5623861 1750329
-4329536 -4745989
-779123 2788911
2409648 -5772982
-6466514 8398317
7166668 1473999
-3784816 -4841282
9369862 4915346
-4674785 -8357376
-396157 9472089
-6817175 1535526
4792936 -1981595
-1573487 -2781519
-8194329 7466775
6209246 3507122
-4742548 6176161
3946525 1833108
-5377981 -6555732
-9812362 5683754
4082071 -451980
-8977981 -6278875
-8603805 1248739
8680437 9753555
-8603820 3282409
2754498 -5994348
-1942469 -6483625
-5948867 5937324
5672157 -7149533
-9682758 2477646
-4015231 -5820
8686694 -957159
-9124051 -6241427
9719193 2633219
-1683027 8014320
-9921308 9906832
6144309 4915396
8680488 3617064
3370619 7540504
822913 7360925
3882930 -2716849
799527 -6422589
2031087 -8059539
-5209072 4850660
9844658 -9780403
213777 7624522
-3332637 -4170573
-7895648 -1099529
4050042 -9940336
590337 -8176454
4246730 -7632985
-201236 669029
-5713907 391039
-9552105 -1520748
8356529 173065
7456216 1270808
-2635429 2239459
-3303728 -9227905
-1860893 1912011
2131608 -5996448
-8371925 -2016234
-3670455 -7654615
-6237791 -9188210
3387807 -9049750
-7226204 7812251
2695619 -6021856
-2836475 7020526
-2588435 -7505617
-6510013 -6034029
4139036 -9624188
1646620 -8153484
4085976 -5888396
7400052 1527543
5955906 3298600
7302153 -4460841
-3960723 -1912486
-7050748 1446580
2258370 -5114825
-4164575 -3288539
7040064 8162529
-7859327 -8874427
8146099 -264317
2230066 -8179449
-4213478 8074016
8449828 5720053
7566570 2441910
-930134 -7387200
-3343305 -5831102
-16150 -3530082
-5474570 -7387398
-6783532 -2713997
8732583 -6918941
-2033766 8682072
-4606467 -6492694
-8330165 -3681989
-2556416 -7566402
-5314367 6326861
663764 8106035
6180051 6915700
-4847895 6450286
-8591452 -2853769
-7724617 5235027
1920277 478414
-535315 -1067921
-5938967 -8095872
-8293517 -3493533
-412474 9793853
8475926 -9560933
6462725 70113
6388124 6385811
1335761 648912
9492125 -6168291
4454096 6021395
2937095 155889
9122527 634148
296731 8089200
-4159420 3047427
6042194 2572115
4020546 7760857
9664985 -4493121
2013346 597931
391784 -8628531
4326888 4117224
-5812663 -1132290
-4746478 -6694035
-3528771 3091814
-560125 6589283
2610678 8479707
-1364404 -6106029
-2955529 8064125
-1330322 -9725524
3321903 7341203
-7570330 4510258
2271115 -635903
-2612672 -1033432
9564499 -5547547
8340274 1917026
8550603 -43717
8823994 -4816486
-8994169 -7262060
-1653894 6593868
3183151 -2522940
-4043233 7785981
4196305 8310182
6374307 -2891284
9899544 -8759224
1098331 -4956015
2070595 -4262201
5101897 3528001
5010921 6858063
3826868 5005577
9438956 4575420
-5468296 2167142
-132992 7989559
3243851 -6644302
