9 -7175640 -2832855
387
6959395 -7474826
-8347560 -2540188
5301844 2916933
7496701 -8913304
6617022 3372358
-3057750 1886485
-5457550 5342140
3351427 -9479775
-5185673 -3944684
-2450024 -9370046
-7395016 -443801
6227674 -3619307
5893449 -9714225
-1636947 -7909529
7431183 -6832813
8208714 -1953450
-1977285 -3093070
9823863 9861154
-9052150 -6675441
-786731 -163084
-8276599 7564872
-4576635 6155519
6675744 8782204
-5162480 8774792
1921099 4006423
6078974 -5096152
1284542 -2957565
-2671789 2306649
-3086528 9694343
-7138469 -1792384
6254167 -5655345
1251585 -8929755
3447751 6793234
2634145 -6408200
-4054932 4395602
-5523174 -8152585
8002934 -2331531
8967025 -99809
-8808664 -2804969
3717806 -6195454
-1291606 -4371213
2671222 -203219
4619782 2509288
2203632 2515785
-9276598 4049606
910613 -2418485
-8831888 -506079
8803507 4678550
786702 4615863
-988535 1437652
-4198581 6731770
6916591 3488292
5904835 -6195646
-6484263 5883617
9688163 -387477
-2242338 -250105
2063028 -9087091
3422198 2945237
-4538978 9199162
3248768 8142182
-4276303 8700776
-9288951 6675733
1354283 9408161
-3459624 9514556
-6531439 -7859015
8872755 -1931806
-8443514 -730020
-4409314 -1694301
-5810684 -22327
2106549 -8377225
1372671 -6122521
7306740 9864211
2809448 -6564301
-7365138 728938
-1128880 786823
-7996049 -1600018
-4924284 -2888831
9035682 5231353
-2737739 -1053649
1087337 -4423941
3644253 730822
-9999197 -7523556
782143 -2282909
211116 8107841
9730617 4971459
1365290 -7682335
4698229 -6380360
-2944661 -1327969
1917321 -9975971
810852 -7793447
-6877112 -9211558
-9584037 -4668844
-9437491 -1801396
7144955 9451646
-4972295 -2175230
8555593 -9251356
5741441 1188310
8905401 1072748
-819411 -3476416
4011396 -883483
1434183 -8572442
-4952802 7893038
9081421 -3867588
-3843559 -5381110
9341795 998743
-5696463 -516354
4814802 -7535317
-6820361 -5280500
6687498 -2106337
5718433 2840947
3589591 -8284797
-4580135 4274026
7863126 -668968
-1629031 -5674734
-4041864 9560068
-9012374 -7617635
2791755 7392319
6041083 -3965175
653715 1873177
-7128080 4713876
6713874 -7488138
-5023454 -2824543
-5588691 -5954972
1938691 -1843815
3513484 -8901192
5330363 -2342875
4447503 9619428
-1049540 -9249771
7591847 2310630
1870698 -162219
2220146 -6450017
3458654 -4625324
1409501 7528254
-598569 -7983911
-753682 4579568
7091431 2273351
1965160 -4039808
5221 4584329
5256866 -1107179
-8371 4460264
-7882611 -1229649
-1610221 7838345
1104926 -918755
3908227 -143409
9694373 -1303227
-5236891 -4221075
1153601 -5569129
-8040875 8221763
2754205 5079455
-340977 1360556
6150259 -7999477
-2039285 9266806
3851135 -9368229
-475407 482288
7458905 -891998
394705 2032574
-129081 9576294
-8826109 8784484
-1358925 3492197
4705323 5082118
3377395 -1664552
-4717328 9468432
206547 7047349
2126804 -2758203
8602354 -7039248
-5038725 4302179
-3914662 -2731035
-2099263 -4561657
5920631 9936473
-8439173 7425330
-542096 3379536
-4527817 1955532
740016 1845176
-4662627 9162426
4244545 1897444
2749244 -9957304
2027480 -2378060
-5330711 8031916
7790066 -7765972
-4805220 -687555
-6385375 6392420
6177737 -7327592
-1889249 -300037
-7847212 -5921526
4020156 6547734
-7556377 -6286384
-1814500 5994413
-2160411 -9567842
9594584 1441869
5855665 -4306686
8252363 3839129
3977422 -1395091
9153178 -7203805
-4969777 1163063
2991861 6943244
-4147984 -7258644
-4586236 -877162
1339153 -7970247
8624580 -3959133
-7411399 3491941
-278091 2644736
-1360851 -4967776
7980734 423762
-8134369 -1004910
-2795243 7575319
-6069200 7721296
8842557 7973472
-9230333 424574
-8412362 7995735
-2544669 8316243
3573951 -2904149
6218689 3307347
-2146547 8987715
7544934 -2442158
-8950217 -3521967
1639121 -9866465
7682112 -6711955
3711807 2794623
-8210287 5662846
-4245483 -1906210
8331438 -8489178
9484294 -314682
-9890108 7173995
-2313917 2770314
-6397091 4213882
-8690267 5141414
-9034886 7176860
-1319073 44774
7602616 -8665081
-2187048 -3774139
-3640604 1168752
-3026851 1968425
-5236952 6557860
-5262941 -9315044
-8704902 9069114
-9420064 491576
-9823106 9626536
-683117 2580583
7867249 2803139
9533373 7002966
-5339267 -8529842
8647018 3359459
-6595767 8142199
9477118 -2672055
3553806 3523202
-5308046 -2709930
9258495 2429554
-8496233 1665103
-5133589 6537896
5607010 -3759174
6732402 -3838491
8304397 6186946
-8716119 -574351
4745140 -2378720
7140599 9151130
-9378712 -3205135
2670676 -8198668
9943531 9268306
9112603 -1408738
-7885536 9420649
9227071 2666409
7612316 9322770
-6495775 1001918
-2460186 9116083
-4643091 -1629364
-2951503 5663176
1850123 4605663
-5968688 7869246
8006878 -4349644
-5198513 1292804
8087670 5147477
6948809 -4577225
7207434 758346
1865960 -591308
-8654307 6320037
-8497201 3980424
-4180454 3089116
-5908965 9115115
747550 -676229
210759 -5852799
9810378 -1379189
-6773526 -224392
-2355146 -5823147
-172791 9774139
1066943 -4348267
-9200790 4628696
2567824 -8329035
-5054336 264372
2189416 -7708390
8611647 6811624
-6691599 3535110
-3375774 2630798
-5737735 -872053
8451719 -6768387
9895167 5009815
-6369374 -1337522
8438087 9705545
6398750 -3142899
9147592 8599293
6767378 -3774041
3371008 -7269113
-5598147 82941
2863665 8455184
-9253206 -8136131
8675493 -4946919
1104543 1874793
-5494408 -8016106
-6371806 245122
-4006913 -1232143
6294025 -7920087
-6741257 -4111746
-4406201 9924651
9298104 4213182
2812476 -8007451
-9265139 962048
3692936 -7903794
2179147 -3377779
-4922595 8094789
2475010 -4957188
-7387754 8340551
215344 1150503
-4349250 -3766859
6478263 -2762712
6005146 -721056
-6124791 -7528649
-9124043 -5184477
7256526 -2866048
-8652865 -3530243
-9021342 6554631
-9966969 -3324037
-8711479 4229871
-9147908 3725967
-5662892 3467669
1026833 -4070503
-5729952 6812118
-9521026 3639079
2388573 -2998255
4239033 -3870276
-2074980 -1133164
-6145461 -7239469
-2423946 1800229
1450533 -5269503
-6283394 -5167419
3903564 -4685980
-5493665 7211616
1441488 3936595
-9821085 -4205143
9262526 -5190068
739430 -5483977
3844494 -7194289
-1038857 -2474170
-2956073 4323468
2969544 -8650284
-7267096 -8717039
6559844 -9105436
-4788855 -3412556
-6165707 -5864101
-8515168 6661678
4492051 -9932749
7278867 -2095252
4357695 8998386
-5206757 -8763293
-3953360 4536610
1568986 6572121
9377833 -697578
-655396 -4586520
9736948 -9144672
-7794956 6388532
187845 2706492
-3882592 -5062052
-5958256 -3252311
-6600060 -6155095
3022935 -9607611
-9540360 -5115228
-4694128 -2485014
9029725 254860
-5992081 9663568
4200178 -6177032
2911442 54559
1873333 -4230836
-6301004 -5194373
-4339045 -8782062
122822 5952296
-1341212 -9617649
-4679701 -9689333
-2941644 -2707452
1137453 -8121604
