1 -6589006 3955146
89
-5219075 3996022
645971 3158541
6851156 -7148176
3495674 -5031958
2554432 2398081
-7575765 8987896
-6574542 -2528492
1098517 -2784669
-9427335 1844393
2938900 4540082
2372760 5524429
-4773784 4071566
6596100 -4346153
2949876 1472799
-2599855 -1818812
4693562 9421374
-4903733 2181070
5032894 -4660466
-7176072 -8052577
4345505 -1471432
-9967184 -2105288
5366221 6769740
6501423 -6541726
-2180981 -3535262
3521172 7074089
-4885130 -9242081
-2654163 8410284
-5935869 341086
-8186115 -6058063
-5360523 -469641
-1048267 -785970
3911452 9333040
7188926 -3435648
-8971872 -8539302
-7494382 -9987146
-2092433 5373633
-5340275 -7461566
-4003292 5790140
4771230 3677501
751590 -3667921
-2910001 -1707598
-3297314 -1617188
8723898 -3047812
-6589522 -6716831
2813529 3054136
4784518 -1950045
-2617005 -8234738
-9154033 -1304029
-7326979 -5428079
7101128 -8125905
7247728 -4821360
-2282926 -4991305
3315187 4423805
-1898694 -3769865
2562214 -1913583
-1104829 1369248
9752060 2168565
9120754 5597857
8881026 992311
6562799 -7468768
-6902461 -5789093
-4023830 1347317
2559640 480535
-2431192 9338489
-8787416 5232662
-9588698 -5330064
-7805017 976664
-4599531 -1871624
4358511 5510170
6112939 -3981872
-96272 9437078
1605643 -4991890
3122319 -7827859
3164452 -6757251
8290333 -5480302
-1269395 -272749
3590920 -8612127
1868408 -2776873
-3438384 -3849439
-8616777 1953568
6623505 -9709448
1267216 4310877
-7560747 8818488
-3154989 -815962
-2281482 -685883
-1248805 5474302
-9517587 7622246
9794387 2873190
6115940 -3878916
