124 -2267576 -7279720
476
6922907 -2555074
-8599748 -7984
6512351 8584038
-987653 -5159552
7330902 -8187319
101283 -2412488
6780747 -9359141
4172052 -5487272
5189746 5809194
-6289249 6933096
-4049586 -4647476
-5195511 -5531210
2958284 8519850
7022771 -2921882
-2673106 8695111
8656389 9743052
-264932 -5750199
5350191 -9943359
7413442 -3752581
-9423548 6878890
6982755 4744344
-2098445 677735
-2293185 -3720146
-7910952 -7926393
1523055 5412914
-9234562 8316152
-7215058 7473470
5993320 -4430072
-4835602 -1740422
-3045310 3016092
-4724504 2491292
-742555 -4388921
8184073 5010564
3774335 7123989
-3480769 5597515
-7141789 -3132861
61227 -6498014
-218159 -6723882
-4650275 7768042
3180956 -5612759
-7296607 6872781
-3137397 -3537253
2032675 -4511664
3747914 -7144077
-1611633 -286575
4721069 3218956
8830036 3663863
-8809221 -6021486
3618855 -469539
-4872024 4965114
-8167746 -9861913
6156425 -9497461
-6221343 1893481
-7822125 8454618
-7158140 -8355266
1033867 5358832
-8178421 -4454747
-6450059 7896470
-9247606 -3629394
-1399617 7297856
-6966836 -8342887
-2162671 -6678548
-2700034 4379552
-6089987 -971892
-6006777 3435174
-3910387 -8445659
-7943120 8341829
235310 -7753962
3217009 8351889
9996624 -5070463
-9711631 6058869
4120474 1030491
-1073038 4626300
3513258 7670416
-2515376 -7804292
-6147179 -7886359
-4564907 517788
7413693 1690150
3234611 -4748588
8686586 -8676294
-7121952 7227834
5569663 -5223801
9538589 7451280
5803170 8321325
-6749138 2755598
-8669181 -1683854
9346637 6055584
-6801764 -2032354
-4361938 -9210049
5502011 -772153
1341488 -4360962
-1326822 1871185
6077687 -707066
-2939302 -3913129
9926930 -687702
-3459868 -4252716
-6960165 5321330
2772610 4626147
-4536176 5094776
-2149625 -8907868
-591722 -8768961
-197025 -8302454
-334808 -8728732
4577571 3001211
4745410 -2180394
-4025004 79583
-8049232 8603251
-2103815 4648175
3251398 8028455
-2659246 4956883
3220519 3178328
-8983990 -3602762
3539738 -1223294
-6128518 3788621
4880753 9003562
-9765399 -5761791
-4064244 6805384
8076652 -7446072
5555140 -1882700
5936907 2654223
5250158 300550
-1096199 -8088097
-923570 7200926
-2254266 -683662
6789573 -7672171
-1977491 5086488
4000078 -7473556
-6180498 -961480
5343493 -2460184
-3456621 -2309015
-5554454 224246
9545982 9294332
-8151739 -7102346
1014955 7622634
-7206790 -80247
2736655 -3048138
-1136235 559720
-2239353 4156809
-6526853 7940196
2784377 5506381
-6890779 2779073
5305517 3323238
-7638242 7109299
-5350884 9125020
9332357 221603
2962202 -6291153
-6996821 6294255
9191910 2508184
-7352829 7367792
-2712455 -7276783
-324921 7956733
-1483547 -9975799
4181010 1055196
-8488256 6277100
-5700167 170509
-7050418 4296121
-9864288 9925406
7034706 771452
-7587176 -7502530
-4764574 4200174
7909021 -8254819
555788 8197628
705812 -9087800
8279993 -7735950
-5012733 3352983
-6173932 8083890
624443 4662346
8233895 2342522
-8864026 -5194547
-2507685 9745639
-3441887 -4564192
-4638786 -7041751
3729701 -3306175
-8292353 4912272
-887554 6142525
404058 -3056927
-4859299 -2978533
-9549980 3476199
5740249 -1637134
-8284151 1246365
-669745 -9272483
-2093785 8058270
400792 9954699
7276504 -3859890
-4114250 1536766
-511074 7285171
-9756579 2443863
1654040 -2633507
-7721235 -3510526
5148352 3361687
-9695239 -6092436
929031 8068762
1544961 7961814
-3675320 -6104597
5141768 -2714789
-9470920 -9443118
8615152 -5527976
6943075 -1564705
4575406 -984056
-9447290 -3264069
-5978897 2977508
-4578629 -7442011
-75518 -5735476
753998 7075411
-7046550 -5280401
-1372837 -4097650
-6028887 -6741789
-8779974 2072547
5967950 5516074
5317637 -2455294
-1898412 1109719
-1901905 5846717
-5717987 -3283260
-1750964 7557522
-5706547 8857419
-5648721 -8681901
-6123912 -1685444
2579080 -227350
9364413 -3683078
1036521 5849431
-8248219 4834215
8092427 2180037
-5747416 -4277106
3755321 1828805
9373511 2736886
-6153395 -8410690
7436028 9991452
9224544 -5538948
-7981426 4234393
-4391836 9989933
-8691968 -3687972
4626584 -40557
2248445 7700472
-5982606 9722017
5571448 -5870790
8963425 -2429733
9750304 7323229
5562476 7055852
-8598991 -5997112
-743873 -8165851
-6576541 3290873
3282325 3102732
80137 3375839
-2389768 -4976779
-4986846 2098711
8410739 3218396
-6822161 8837538
6538010 -4446324
-4724307 5426284
2071846 -9444596
-9357976 -9152859
686722 1035272
-9392524 -9607672
6911569 8765550
-9400301 -7991514
5299359 -3832304
1786780 6539511
-84650 -1418316
-3878743 -8133083
3965629 7525583
-6739669 -6349236
-7511698 -5107280
-7037252 -3561829
4380807 9026313
2098069 -9245207
-8398066 -3547346
4278 -4743555
-4351226 -5194991
-6429441 611754
2620240 -7439657
-8755609 6686611
3226122 -2080401
-982365 3031171
4898089 5657824
3183407 5138893
8789657 -8619930
8789142 -1039909
-2085386 3794311
-4663024 -8248109
-7493316 4811773
-8735573 -48602
5207843 6624971
3946332 -6214943
4396812 -9143383
5933312 33243
-3280146 -2982948
4936652 7177703
-7274773 2462328
-1879847 -6045713
1609532 139668
-5963910 3819912
-7219997 -7084459
6709853 -7174768
7093475 694617
-4493609 4563181
-5485421 9600160
-1258517 9287170
-6927772 9722423
3095392 5204167
-4762590 -14608
7002444 -971295
8722760 1957265
6935945 -5544552
-1590264 3964339
-5895993 -4943902
1392363 2535620
5451162 -1859903
-6518318 -3311282
-100312 -5322633
9240548 -9424843
2691669 -2077569
9725953 -6244872
5993903 -8566848
6637319 -7201819
-4700075 -910705
634352 4391082
-3651653 -7697630
-3242182 -642887
5837804 5800644
3373095 -2316094
-9780473 9941812
-9401739 -5234542
1454176 -1812959
2864408 -5920057
-5344899 3870216
-8207353 -5378692
-9107212 7346770
1296275 -8481399
6833134 6886691
-4024013 -9550054
4841028 -7866940
6951782 6610339
8483804 3705727
-493628 -6290400
-6090141 4321609
-3220227 5395819
-9838723 6645738
-5167221 -2621966
-6025670 -5868195
8002022 213539
-2648801 -1370569
8492553 2311021
3829622 -1756012
-4869321 -211172
-7244873 662757
-4687831 1106666
-9766642 7596155
-6181765 -7736049
-4026449 1233514
8071475 3324607
-1279574 -7600238
9045500 -5148752
-5254365 -8601945
8046212 6394631
-3391830 -1280035
7349396 -1435414
-9124392 3959370
4719710 -1641699
8147130 -2778418
7884339 9850389
-6526592 -9097743
1014764 5712860
7976811 -6293234
-2543368 4832999
-9326042 6466715
8866477 -4471892
-7104292 -8089264
5825143 428330
-3177039 -2358657
-1122340 3871356
-7564058 -4052516
9906854 8743408
-2898290 5827902
-6950515 -2857084
-3006695 -4751160
8667449 3450176
-836963 466713
-3310169 -317787
-5484787 -2860152
6122915 4146464
9674572 7705523
9616260 4989393
7934075 -7429720
-7272024 5441403
-687241 -5242964
704520 1605636
349045 -5734946
2609308 -6872274
270642 7450755
5215947 5658793
-891030 7263948
-9752987 3883396
6081961 788359
7928207 -3063155
3599661 3113526
819050 -3432525
4073220 -4209415
-9122783 435310
8393065 2007295
6764331 -6394807
-2272818 -2294175
-5512769 -2531148
-6887070 8076227
-1956666 7096539
-4728315 3383573
-6836127 -6740719
-340971 -3102993
7685366 -6589114
347731 -4259010
8854517 -1870075
4697400 6463744
-7745671 -326433
2625229 -1229380
-9222085 -6868453
9253092 1018294
1240471 58599
43803 -3019726
7572853 -1755946
-4659406 3156733
-3459694 -4383813
-8608180 -6871369
25638 -295821
-4368582 1050849
-691808 -2288996
5840929 5979149
-5040754 -9320939
-7131020 538330
1825302 -2786425
345122 5494209
9028855 -4880430
5178169 -401785
-905159 269327
8513381 -4778028
8378705 -3332305
2283882 6370327
9498958 7435364
9655895 3675703
7242904 -7959052
-248048 -4712687
3782815 -3448904
9746509 -4407118
-1352436 8742061
-4044364 -7384511
8109698 -9527134
8108788 -1182889
931678 -345094
9924233 3286957
1025281 -9973481
-3305786 953966
9840646 -8079661
9355703 1494449
7686504 1855956
3896905 9011598
-5701088 4929408
3996857 6165209
-8241909 598079
-659860 3743366
-1124792 -7077993
5911226 -2187872
6629239 -3015094
6639812 4020014
-2693028 -9922731
-9896211 -919603
2550716 848605
2768944 9314355
808804 2391362
6763670 2124647
-6347402 -1504692
5941069 660575
-3174215 -9532138
1065941 -7545722
-1286004 -8899772
6538588 -9593919
-1781791 7589204
7090463 2449814
8986180 7363801
