644 -809957 -7302707
685
-5188341 -9813267
-9837715 -730531
6955421 -7837599
1599208 -3940071
-2597400 3763208
6239569 -3765143
8182614 -3388338
-6327800 -3696781
-2326782 -5971696
-6739329 1013597
4909651 -7810923
997264 8684491
7608768 -4179802
3117237 -8145494
1044549 9368452
2071537 -1669117
7600352 -1627440
534961 2233823
8293752 -2927875
-9164666 -7865830
-9114621 8212704
-5175634 -408745
5894475 1584345
5612649 -1503433
9510164 6084045
8273122 1389673
-7409484 -3063833
-4727283 -729614
1124892 -9800716
2084089 8389955
9237190 4685794
-6941646 -5844374
-1094199 -646106
6426019 -3890332
-9239810 9715905
7928610 -222295
9368961 -8354431
3229914 -7247024
1249543 5263436
1347481 -8641085
-4735060 -6723940
-7271421 -7863044
-6076306 -9628192
3087445 -1998703
8907604 5048587
-7749267 -4828466
-8156488 8144794
-2501312 -4690913
1418755 749314
465219 -6075293
3702413 2178945
-3659134 -9089819
-6336842 3071374
-9148838 9570780
3446048 -2570947
705113 -5285005
-3148049 1227340
1599149 3433693
3951342 775646
8340585 -5313406
-7625520 2858946
1003740 -9408682
-4099595 6734344
-9999990 8502428
4943487 -164487
-7985542 -7018418
-6108237 -1354100
4233626 -1644675
-9557543 -2445079
4983975 5084788
9799784 -3595143
148550 8205440
-5844515 9168087
-56267 -8252301
8950645 8106827
965773 -1715682
-8608012 3841477
575821 -8030487
2988293 -2707606
7127907 575832
-3926234 -2068219
-905967 1658717
2530394 -34471
7520451 5844012
-6554848 2972852
1894061 -4979222
-6773782 5761288
4929376 -7957389
6306662 9898056
8004883 7389461
8190132 5257307
-8384864 -8512991
-6543478 9582120
9390866 2190958
5283142 -1038832
-590699 -964875
-9306157 -8643092
-6161211 1019686
-3136302 3224237
8713441 -8640760
8896370 308851
-3929861 -6876145
-4833534 4638941
4536997 3515867
905329 3989481
-8236860 2541880
-3454759 -904539
-8806067 -6621723
-1914413 1764
1479284 -9415200
-380075 5885081
-241659 3404937
-5575377 -7169880
-1429290 3597130
-2527277 -6195326
4113525 -2715849
-7075642 -3630907
-8991966 2700016
-3784116 -9392823
4596658 -1938617
3119616 7121213
8733026 6359798
9738075 9664857
-7817027 9926959
-9488241 -9659986
6225095 3662257
9583546 -7351963
-4521843 -4016564
2096919 -5991830
-2187156 4048867
3849371 9569642
8455087 4442721
-2857263 6773729
7380906 1979474
-9959143 -4125027
5512538 -5506084
-9146285 3160473
-4658317 -3238084
-3311124 3108142
3448157 -2475344
3703266 9716987
-7634976 -326748
-1826959 3286812
-188666 -9640466
4408401 -9730040
2355954 140530
-5416749 -9225876
64206 811041
-7209485 -5757659
-7366334 9961464
-5544619 5347725
-1491802 8146205
-5091879 -4690904
8417238 -3633767
3890890 -5886651
-6169663 -5618253
-3428648 -9889492
3397320 8711713
1587599 4744393
-2469295 5725007
-4134463 8512353
9286477 9886659
-6785948 -7034859
9723834 -649317
-8171500 -3995432
-8647707 -7642500
3020057 -3716119
1592977 -7623157
-1256923 444531
4557880 -7473433
-3091685 5150319
5260827 904569
-7867365 3479667
-9259588 -8825501
6899506 3720234
2232587 -1728883
-9325872 5281396
762889 -5964583
-4097548 -6111820
-7590900 486723
-4639425 -2269048
4014833 6277745
1170941 8380633
-8658484 8124162
-9349270 2430370
-2419311 5899396
9320318 -9924603
3555064 5357868
-951281 3969305
-2310461 4295476
5082945 -4051774
3745974 2438479
-1009752 -1726575
-5322043 -5491137
-2488062 4892700
5140005 9603410
5881155 2872513
-6230502 -8328810
9795353 9568448
1998818 -4888986
3526763 2962435
3037832 2095859
9970079 -4636567
9332738 9109248
-4078924 -981201
-2516623 9538629
-5506540 -8995979
-8206202 -8770649
8254566 3483708
-9107239 8988107
8591517 -4233496
1155369 -1450882
220308 -3010975
-3442527 4924868
2552234 -7467987
5494448 1072644
5684855 8595349
-6041218 -1467720
-2358472 5654935
7190086 -6708480
5346502 3562604
-2917023 -5326537
8419166 9839962
-4159977 -8606873
-9618765 -809916
4956588 9249136
-2201746 8972752
8478129 8628309
3553177 534914
3066928 7551955
-1375401 8621764
7217113 -8922272
-7873639 -5690546
2480741 -8824104
6983768 -7715759
-1636802 -329173
-3139358 2330270
-5313415 -2037473
-644345 -4720192
4469892 -6957040
-7707904 -263110
-8774006 -8057168
-9428858 -7393298
3141616 2220476
-227569 -3359329
-4737565 8724896
9802625 8397030
5222836 4995901
-1311851 4445338
6729579 -9780070
-109243 -4328083
518540 -4907223
3055305 6751400
4547560 -2278523
764437 -7589040
-5335798 -982547
-6523363 -4427115
-9304061 8406548
627024 -5952221
-6795197 3837555
-4921196 2915807
1312837 -9016410
5979491 7397781
1843119 9052026
9271956 -5332360
-7144090 -1427302
3665476 -8320935
946817 -4109198
3612279 9237133
4164445 -4505622
-2971817 6893068
-7534047 8828647
-248453 504820
-2931048 -6838108
-484201 2894924
-4189269 273755
1257345 -2889045
7025088 -360079
-1308053 9753189
6937181 -1131793
-42742 -9519745
-7840680 9793091
-4316107 6139086
5376219 -4377510
1116868 1812524
-8778056 -459336
-9114337 8145051
-1350129 6204249
1882493 -6846438
6048486 5718823
8508930 3914645
-8974400 4375570
-5984509 -233724
-7964183 8050689
9435248 -4776210
8220397 8972998
8766090 -607494
-4468408 2896069
8518559 6966335
-8704788 3424163
-7035173 -364573
-9703170 -7482844
8721406 6366842
9520405 -8536946
-301771 603899
-5481456 -1914757
-7539187 -1792840
489788 8060497
6111186 8992656
6732798 2525605
1498603 -1937214
7455293 4953195
-9634383 -7218955
2263733 -7013115
6411049 8884176
-8964044 3558945
6076101 1892228
-9224577 -8667214
-7204160 -2686141
7917759 -9704172
-9102577 2494070
3217582 4952655
3013152 5874589
4867245 -6292630
6232975 -8359310
-296523 -5883604
1585943 -9752070
-6971024 9675122
-7337993 1951560
835737 5292709
-8631994 1589408
5997989 1871693
-4279169 7444107
7274319 6773412
-414408 -1483328
3527094 -2291570
-7338915 483015
-3642396 -3255324
-7031602 -1809410
-168720 3741202
7857598 9201373
1965655 2051109
1726231 -556459
-8604898 4994631
-7196308 -3095409
1010351 -5252809
-864764 -5828302
4132158 9524692
6298104 4856067
5889091 1406477
9114907 8400048
-8600584 -8067463
-1322787 4292344
-7517066 -2242980
4014574 1645611
-6636664 -5169433
-601972 -5611476
3832066 5328992
-7160025 -8875740
-9454797 -2256480
-4992937 8160020
-7668282 1555554
1080247 4142299
-8485282 -1019772
-9613295 9894703
8294752 7403810
9336347 2017964
-3689691 9694168
9967540 -9470087
-5308124 -8690405
-3859838 3982115
886991 -9428435
5900557 -1945457
-821197 -5280943
-5021071 1256884
-583096 -7759642
3795912 -7497656
6644643 1748623
3245203 7392511
7287215 8159362
-1920476 3631909
8166225 -1901681
-9691161 -2584129
-9537864 -5523466
8302482 2792731
9291198 -4845987
-4274422 6958996
-4986461 178190
-2586401 4142487
-4600629 -3291306
-1050948 2392529
4894873 -2667372
1597603 -7255035
2653828 -5944131
4731583 -5157194
8474715 -7542605
555714 -7188893
226978 6640941
3633827 -6619095
6173637 -6794533
-1640520 -5547339
-8588342 5464835
-4356975 -3398590
-9256103 -3574803
3133892 3056625
7965506 -3856732
-4007752 -7917056
7344261 -4623269
-567400 7589851
-7567342 -1910
2455485 -5835817
9491642 -9092627
64666 5527552
1424809 -7765027
-4559560 6214846
-9332493 -2401554
5579634 3799920
-9598670 4595517
-8979285 -8777341
-3204364 3661579
2321199 -3329041
-8729745 7277494
-7345774 8313448
5903299 8614517
-8871041 -5396822
-8716286 8335957
1759683 -3899204
4144700 -9224644
-6989671 4340701
-6928101 -4430490
-4315692 -1549231
4767041 -6260593
8334924 -8736058
5002954 -2315277
-8653698 1871991
8542950 -8201410
9076085 3667502
1980950 9813206
944075 4246663
8849841 -2115751
8736559 2073034
690182 -9866445
3425264 496242
-5163057 -5165117
-7079255 6435593
-5113637 -9574805
-5835398 -1394947
-7614652 2169756
9854480 5015878
9404222 7388302
1703244 -8799218
-2615364 463524
276730 -6704319
7542344 9365586
9766188 3737157
8326543 -1091462
-8441555 1019099
-8484659 -983274
-3632039 4983709
1419303 8868636
9293831 -711294
410111 -1177982
3508126 5974785
-6492984 2795459
-7299887 3362606
-2920259 -7088762
3374762 4403358
7699039 4464377
-3653684 6167845
-94998 -2242264
6666274 8628856
-352045 -9252102
-235376 741071
-4275219 -6320352
5064636 -1351063
453995 -339564
998806 4358468
-7150395 3380458
-3824082 -5493068
385891 -3643379
-8215789 -1123969
5795741 7465632
-5553639 -2324674
-6156829 3494781
3768869 -6690971
4454237 -3735475
9528775 435143
3692566 6618544
-9701808 -706601
458688 9417347
-8405865 5362829
-7762351 -9087317
4293142 2592941
-383774 -4912746
-6039772 2985412
4377795 -9997883
-15899 8260791
-4063883 173537
6184670 -3053186
-7227804 -7704360
-8923482 -46461
-9611318 7226433
3844978 -9394707
-7584955 4081248
-3985052 -3340478
-7977649 2873733
-3697231 -2390917
2718377 -5740000
-8136393 3112263
8614027 -7665397
4853072 8340187
6600978 2991822
-6834641 7353525
-5699661 -7462904
7349088 9350029
-8180080 -2927465
6815321 8425606
9030900 -7791398
-1193797 -6823349
-163827 -8554055
-3163970 -2662497
-2537062 -5625123
-8848771 3138799
8767414 -9818685
5032270 -6985164
3871375 7381441
373264 -114658
-2761133 472354
-4474198 -3945025
7921357 -5944441
-6355554 -7125110
-8699503 9741277
4466232 2976119
6152770 -9668603
4293694 5788787
-6873710 -4011056
363821 -8870276
4268524 -6894420
5803248 1515050
-2953761 -4447710
-7066268 835518
3237213 -9082386
-6093680 3306996
9361971 2992432
-435657 -567878
2307013 -200320
-459042 3208790
-3815091 3607510
-3544741 -5992810
9795977 4854032
-9157024 -9251047
4395029 5438619
8544199 -6276851
-2245449 -8820095
-3267804 4347447
7699318 -2682858
-1765243 -334072
5489276 -6547117
6445315 2141077
4089552 -2632401
7167280 -3990341
1734801 -3603435
2520427 -3291762
-6768220 436062
-4709906 1492038
-5242657 5544109
982728 8649422
4888923 9152372
2848630 -7956721
-1092921 5159827
-7523031 9580826
-753246 -3393603
59280 -6771922
-2114492 7252382
-5380019 9020947
7546958 -8024940
-9112023 -8212739
-8988149 -718241
2234174 -4075244
7416794 -5756369
9787740 7524268
-1309957 4690489
3842861 -6713180
7846452 -6421034
8738793 9207843
8788669 -3246469
-4123720 3732115
6960193 -9448225
7804157 -1548088
-2527141 -5154299
-3179239 -7575861
6727752 7536170
-3182071 -9774910
-3850154 255956
4499587 1568455
-8390924 -6433360
8257129 -3196320
-7393148 299119
-3605563 -5383657
-6175814 -9546696
-2793165 7649583
1381698 5129208
5680983 -4400533
4051379 -1658109
-4296055 -3998507
-9058016 -8475761
9060409 -4958942
-4733851 186088
-9557956 8394690
-36854 1415995
-2501012 -2542016
-3221984 -5911426
4387693 -4243883
-7111188 -615132
-161827 3298482
948065 9229351
-3125089 -438640
5160828 4846115
-6811993 5072246
-8926261 -8271441
5769150 -8591696
-3550638 4532075
-5281836 4829559
-4259398 1715511
-6868493 -4839792
2618192 -1779900
2308674 630495
-1097036 9396208
-8702571 9212719
2511201 -5691871
6053832 -6348046
-4270334 5975619
821734 -7071257
8000989 3406846
5135406 -3473907
-2065603 9074729
-3876844 904556
8250468 4383760
8615623 841320
6001529 6507422
-5272478 -8252870
-5106023 -8863927
3048634 -447452
-8718381 -3686706
621423 4346063
514369 3792820
-7715209 -3324745
-396002 6244035
-349118 3106526
2148971 -9878661
9196068 -5213712
-1792804 -9916631
-3016519 -4680775
-1323103 -3542336
-7034914 -4400896
9862587 7194778
847204 -9791040
-238492 7272916
-6413790 -6104162
758253 1043127
7352300 -3276015
-4084408 -8727378
33009 9637091
-4740031 -1964058
-1842718 9683891
6986531 7408941
7492310 9869702
7705279 -4806272
-5832256 6992143
5107599 -3617823
6093307 -2867169
-2658209 -2513462
-5240545 -3059489
836349 -380348
3179131 -9137983
-9897645 4110954
-2100072 531431
-7315125 -3982053
-3429758 7932938
133181 -2055156
-4646215 4727524
4597226 -2880287
-5170207 5362447
2354590 -5181142
-6282613 -1002463
