274 5923289 -402101
551
-7204121 -809659
-4463595 3253527
2346241 1535600
1769331 -3053893
-7449112 -3058573
2495236 -852233
-9551558 6588196
-9310160 4406923
7704304 318310
-4918760 -890084
2141144 7017018
3939154 -2016622
-7540062 5967381
-5386576 5665865
-5894493 -8811512
378830 4211323
9981202 -3098614
953338 -1568413
-2105954 -5156204
1785223 -7277330
1870437 444934
9549482 6796812
1203735 -5164769
5153542 -9760678
-8134409 -8575609
8441409 -9765218
-9265488 4006735
-7509532 2380563
-9437219 -6805550
-5617061 9620244
3831567 -5331712
1569674 -2721879
5709708 -3670878
-6310730 5039365
7762035 -6396245
-3434959 -2009155
-5212343 -367528
4467703 -3885476
8870198 -1492255
-67864 -7862403
-7627620 -9264211
-2741123 -9110102
3270461 -6893108
8817695 -250655
-630410 -3650406
1017882 5716986
-7004893 5717509
4562983 5103909
143274 1221167
-2658726 8252253
-3756901 -9578339
54133 -3577332
-4946456 1030756
2054853 7038188
1692138 -6076258
-5340468 4503342
5393240 4064518
-312238 1918409
4184106 -8819947
-2470352 -1494543
6738795 -6446304
1787558 1063882
-3832209 9733902
-6528578 -3649459
-5397205 -1172583
-750922 -6670952
-248284 845894
4393002 1819563
-8625896 4805260
8729003 8964208
3467550 3066242
-2869240 5904887
-2176704 -8622858
5073547 -665126
356684 -7992598
8077451 -7396805
-3816570 -2904521
9345734 -134991
6215550 -5132427
3694991 -7182844
-3853796 -9181655
-5819409 5460421
-2720015 -1585727
-6780467 8573594
54154 -1345911
-8279669 4464888
369775 -6478296
-5101154 -8632557
-6781331 709423
-4766822 9972393
5091941 3575353
3187185 -6689371
-4308010 3791723
8659296 2532919
-2133573 -8092460
5242238 -5129361
-9668939 -3471017
-2540392 1939181
-6970873 -2388954
-1218513 679142
-4855970 3083281
6604985 -6981830
6901965 -1969842
8739581 4020183
-3491071 -9879366
-3787660 -6027241
-2716612 -8399130
5392593 9399525
-5551204 -4508270
-2600729 -3431759
1438881 -5168425
-6123090 5157861
-2902958 1769942
1897340 1336519
-7984339 126170
-6790549 -9321173
6213349 9676043
-2293799 2330789
-3649028 3115314
3235948 8962135
-7065106 2859901
-3022877 1964640
1364165 -7265365
-1773635 4886068
3970662 -1670687
3160888 -1858012
5816201 -4590457
-304163 -445849
-9109330 -7086756
-4444234 4109529
-2695292 5422683
5098726 -8718431
3612358 -6481943
6633371 5321280
4283415 2479683
7855936 -7614329
4350312 -265339
2469296 7349412
2235480 8230829
9076495 3212014
3870354 -3793858
-5867963 -5246265
4307886 -313444
-4883848 -3655774
-9546245 5198556
621239 671918
1953487 -2241537
1276520 8236318
3557598 8082198
-6921767 -9573757
5328267 -9642635
92026 -9065831
799933 -321421
-9574240 5077675
-9193959 -6964586
-8242092 9502255
6772343 4676395
-5637049 8406298
-5249476 1080229
8795138 -520897
2667373 -4795720
2962743 -583623
-2347305 7137213
-2264237 6755616
-301789 3726645
-3399638 813996
-5735483 -4973522
-2778591 -791259
6802768 5064451
616217 -2352830
9665777 7608809
-5198444 -5109523
-6703225 -1045528
-9965298 -8319140
-6323685 -1952700
3251580 8829840
-9237431 6343689
3480902 8730675
-1997357 -9068383
-2825386 -8783335
-5452987 7700855
5243685 3774977
5500070 -1188470
6392333 -7534905
-7371383 2302838
-7572001 9524902
-5584620 4810746
-6234781 -2770445
-1089585 -2287845
5759455 6316273
5146113 2586731
-8553228 -8472613
-9741937 5908682
-643349 -2555974
-1339309 -9222942
994265 6531266
306243 -4275944
-2948062 -3762049
-8780602 -4193687
625503 -6555728
5485526 -6151985
1175113 3053502
2799409 9900906
-2386938 4940332
1256605 4226177
9329260 -6627483
-5100095 8919070
-2655895 -9223968
-1779942 7674320
967730 6700756
3232022 -602899
-2362491 -8038004
-1800053 6054617
4377282 4689447
650071 -580655
-4216288 7519137
572639 -3864402
-3963496 6958825
-5584490 5888401
114578 3649566
-461564 -1811533
-2892462 -8039810
5252574 -3045307
-5370987 -3032005
6185103 5988984
7902437 -1886905
75091 -8066522
7988095 -4460054
-9770607 8275038
-9789265 -5118270
-7599133 -6604183
-7952233 -4005553
-7046727 -4510141
-8621740 -1915729
4250190 9885135
-1926398 -5990810
-4030620 -6211374
-6740329 -2302508
4665487 3738306
-272710 -9594964
-1481869 850591
2784069 -2370273
-4313975 8593223
-615387 -6711484
-9313402 -4084582
-8172413 -404651
-1893852 -6912534
-1422675 -6124646
-5524022 -6424227
-6539092 -7528063
8997479 8726168
5031146 1534511
9232003 7483211
1221517 8290817
1212205 3897491
7264434 -9051193
-8905114 9730336
8323559 -7435145
8369723 -3219089
-4787319 -2291827
-180126 9056322
4660140 -2959731
-6568025 7926022
-8498204 -6762535
8225754 -2092047
9150473 -5037296
-986433 7223233
4706444 4181619
-5011212 -1754429
4659414 -4072039
9393120 6200993
5931330 1923848
-2994945 -9511994
9785269 -3228759
-3004234 -4625222
6947452 -5002050
-5445429 6815640
4741663 1607592
-2638591 -2013453
-1589148 -1240189
-3761133 -4412837
5326748 -2438674
4259297 5252435
-6501994 33192
-1522495 9248086
-2034569 673772
5113972 -9613023
3391335 6413113
-6815645 -7880973
-9989843 3176604
690907 -7303527
9512114 6957610
-1434798 5245478
5748377 -3229871
5529940 5926612
-8486225 6675582
-5763092 -8231193
-462406 6840524
9390068 1012557
-7223005 3035600
-6290628 -9616074
-9229097 742427
9671892 8823344
3458723 4162239
-2661157 5372599
8069073 3468881
426491 8029750
-4208419 7581187
6867668 1508045
-2565343 4056310
731892 -5086040
9199119 -8535215
821661 -2514848
1014062 -1263286
-8227686 211729
595655 3791057
7049836 7998039
-662265 -6117089
8045150 6721729
-5389320 -7203541
-1218308 -4616007
5930096 -7320247
2777292 1724535
-6767420 4238029
-1705661 -355040
4558920 667238
2132023 1542584
9027736 3758040
-7505246 5470036
8198117 41798
6349208 6783420
-2702189 -1206227
2676684 3399044
-7362875 6635547
1948358 -6761814
-8861469 -2752194
-7556089 -9269950
2454585 7068627
1306656 5221204
-5133836 -1796483
8870755 2117348
-6340068 1941437
-4300523 -6480870
1505518 5204020
7762171 -9289417
7494003 -296364
1013761 4111379
-9973225 -5208185
3943714 6206797
9444983 -7336099
-7571941 -4107928
9138474 -9416486
7652142 -5128030
-9906826 -5890589
2312928 -8524850
3592498 7475691
-582872 -6299964
9735518 -231218
-5027197 5116605
-1656460 1241037
3461025 -7265026
6846353 8353895
-6854290 -5525214
-9318417 6873128
2053381 -394224
-1985800 -9873434
-9289920 -3002208
-5613885 9669026
-6221563 878574
-5129923 -5520711
4471332 -1392282
-5175894 978927
-9252290 -6111540
1521417 7075976
-9166635 -4279487
-9028161 9864957
8218853 4294390
8769176 334544
9724024 3880915
6003044 9450759
2093677 -5706242
1291550 -5982756
-6313729 -4679890
6198684 5677665
2673307 9981060
-8894870 3585113
-5435959 -2855361
-6450548 8445588
-1962083 7828103
6064968 -2412779
9968531 -1128718
5682025 7036807
-2628649 8187384
-5415349 4451201
-3581687 -2904625
1389133 -9412305
7121292 8511990
-6167900 5197036
-6608947 3323915
-4178673 2547137
8648602 6064360
5725352 9442810
7888398 5728995
3557098 1791156
9378377 8442667
-2686050 -377934
9175225 9346908
50644 -7004025
-36472 -3453424
-3841696 -2848352
-2260657 6381841
-2589816 63789
-4739175 7376987
-6782746 -6241364
-1177875 -1348121
7232591 -961418
-1518608 -2529272
-6800277 -4525705
7265451 8886142
7328810 6756822
8895240 6643829
-1492911 7159112
-9844913 8070466
7133394 8557734
-4290618 -7365033
9016809 -6708302
-4128160 -4034923
5858417 8943345
-7298019 -6350983
-5182752 9075671
-1885747 -5959541
1511187 -7950160
-2475865 6595645
-2001860 -2772738
-6015916 7305939
-3533880 -4673050
-7513938 5395677
3466143 4973209
-3952705 5157501
7792468 599537
-3592412 1756677
238107 -674371
-9214674 -5204220
-1555203 -3903476
-4827805 -6512692
-2472233 3262046
5311886 3286449
-7601554 1555306
8782568 5352373
-4825336 396586
-1760112 5283005
678682 1640784
-3386006 -6757698
8399803 6661177
9777066 2661289
6934319 -1291376
550605 8701006
-6503214 -2827574
3268950 1335932
-2660408 1941584
-4796370 957497
-5756054 -2616289
8939017 3031868
-9099407 9158745
-7928317 237937
-4479058 -3924742
232394 311572
3553874 -1284024
-4622847 -637260
4540382 -5529970
3178654 7670572
6371578 1474701
1163479 -6270741
5065191 9868365
1809949 -5567571
-2093722 4921135
-7695154 -470069
5078151 -5333423
-6174678 -8756137
1481801 -1504904
-2913294 -4102995
-1275071 -480905
751424 7319101
-3318159 4795156
9265186 6128577
3799149 -8777777
-4786724 -5039808
-8794197 -7312920
-7444555 6376755
3325536 6270995
1192130 -3118254
-1071971 -8768185
-4101608 -3986671
-2742808 6522532
-4982372 -7759934
-9346577 1255345
3290793 -5379313
-8060212 -621647
6689861 -5957783
2687146 -8862019
4876557 -1528601
3431591 9002648
-8310272 2606185
-1017059 4637394
-6575259 -5754827
-6356729 4824829
-1427004 -2866776
3146553 2571300
-906168 -3012260
-772194 2920097
6691795 -3372188
1248499 -7602418
-5707713 -17412
4024805 -4295361
-3157379 -9017852
-546453 9228303
8230951 4235530
-3158285 5401490
38884 9920679
6682204 -1658992
5682190 -4020022
3113202 -9674525
2896775 -5744814
-6240721 8776107
1696204 4506959
-8865228 -4496563
-2098981 -1612001
886939 2383271
8087911 2193306
-4308194 -5088256
6656400 7446884
1682414 -2338295
-6936805 4887351
4808031 1040481
9381490 -4381568
1598410 1490235
-5667937 -2419968
1835218 -5288388
6004071 7228838
1735798 -1889151
3614287 -2299725
-1395373 -4613078
7770193 -8484694
-3775035 9491566
-5596689 -1625544
-4178660 -5566877
2094829 3576063
-1536586 20106
3576940 5158024
-9223544 5787797
9794385 2958430
