92 1293831 -2085667
336
-3582642 58458
5201416 8914919
-3065221 7096866
2266783 -9506117
-1646571 7157486
-6202523 2778528
5196869 -2437504
-1803615 3371312
-1453487 -3387143
-9416814 -3597368
-3620984 -3225725
5741719 -5491913
9993894 3111680
-4744842 -4242351
-432168 9001581
-939960 -4314157
-5399237 5985190
3082057 6777808
7271691 -5948106
3725732 7865192
-6839928 8141473
-4296031 7523209
-6589127 873293
7486150 -3583293
-4664309 -5526262
-6235635 585689
5093776 1714707
-5173613 2022436
7780085 -2395978
-3394396 -7402102
-9199907 -2652082
5849460 -1818004
-5040196 7917208
-8030898 -8552131
1829413 4747848
-4594327 5694835
-4265604 4989485
-4137221 1109642
7526349 -8338378
-3864640 5865281
8967322 -7137959
-2906900 -100274
-8077838 4061098
4181473 -5564160
-2966262 9702248
9566518 3303429
-8514575 -9649817
8267392 5415978
-619800 8961581
-3774219 -9763506
-1552319 -8790387
6199099 1631454
5257449 -3301570
-1639948 4578230
443511 2783798
-1837809 4495412
6911490 -8072814
5988284 -2228356
2207484 8833653
1052253 -7313891
5989538 9241222
9591405 618771
8551101 7474963
-1047103 375149
-6872004 -2068699
-8342733 5178678
9326485 1575677
790459 372718
-5049052 4583934
9884084 9150511
-3837724 -2089189
-162003 -9437372
-1665728 -6926234
4423771 8342634
3545095 -9458244
2299330 -4523976
-1388853 -465366
9525949 -5592913
4782237 9678601
-9873746 -1521154
6173877 7910233
-7997738 -8216479
2156239 5500362
84296 2792722
-5540415 -376461
50703 -7515268
-6952640 621861
-3788020 2405052
-6735962 1381632
1923388 -9364249
8628128 6809134
8860120 -5777282
-1370194 -2760725
9434228 8386069
9381268 5928395
3838628 9560483
-8655996 5555145
-6428141 -1642758
-8850036 -3983404
-1843513 -3827493
-1342761 8125902
-8735885 8207190
-6871405 1704600
-6913768 -2523905
-9371801 -3607367
5718119 -2474027
-5734957 1772679
1528306 4578239
2964309 -4588799
-8660404 962535
523018 -5138071
-9582926 -2305424
6051819 -5616626
399970 6505285
-7322208 -281865
-2155963 1072810
-8203648 -6148617
-1927665 -8375495
-8383048 -5075053
-6166067 -6325080
1200893 4761503
-3465818 2068404
-3353356 -2017712
3393490 8062489
-8458624 2127305
6989234 -2750562
4944015 -5419254
-1035880 -77340
-3572055 -6487814
-4253327 1880443
-7046747 -8377911
-4526528 -3892937
-2268432 -5250395
-7809095 3545808
7220728 -651480
-5889976 8541190
609594 -9062027
-1079739 644206
-8776953 7256238
-8100105 -7686249
-7920458 5280775
9861521 1405481
-8671859 7023557
3052095 -8658006
3222437 -9727562
-8105473 8798768
-5094169 -1307958
-4042001 9884352
-4053488 2637399
-8014080 -9334744
9206446 -6832760
6621565 8612296
-743498 -183959
9588631 -4458174
-9628070 -7004098
793029 -8511473
2894008 -7548528
1991381 654551
1996545 -3261498
-2989060 7559828
6358596 7735334
8943728 -1094532
-8693828 -8735572
-3581821 7418079
8083336 -2747316
-7063724 -9079549
9532747 7289782
9622175 9557841
7616019 -8694398
6817856 9210807
3215686 504301
-4527875 -2389115
8265436 8626046
-4635452 7463506
-2460314 -7221667
3030019 2375489
3797309 -6101717
7679063 1973747
-608173 -2380167
4872517 6613594
7534046 9991515
7281297 7808793
-117014 7066793
888747 6903473
-1369368 -2500995
519659 -2293397
5317489 -8153682
-9527636 5991784
-4028357 -3900723
-8606037 -4163087
728754 3511329
7409612 4423982
-3602270 7042415
-5337752 -2394973
-5781378 -1694091
-1702576 9534765
-140090 -8247332
1335813 8095073
-2485102 9742896
9758253 4740913
-7552484 6145530
7991848 277912
8786049 281357
6380635 8464213
6817478 -5242308
8269021 7774598
2198580 -9937416
7104999 -1805014
5800013 1112662
1934923 4283599
3818364 -9981365
4287655 2748699
843773 6194626
-1546126 8139821
2880734 8358671
4504202 -1787873
1006392 5328250
-4390392 -4987598
-6523385 -207559
4550133 4506595
-5202455 2810445
2873029 -4664494
3530492 -487523
-9374860 -21972
-5738373 -8153142
4381845 -4923585
7825115 596343
9307321 -1330499
9325674 -8814760
2060263 -2238805
-1510325 2206408
-9948990 9080817
-5906780 9496067
-8195140 -4339382
2683565 -9913813
2896633 -1128655
4206851 7481110
-3006412 8286014
-9219605 -9746304
-7899446 -9864920
7727847 7558374
-1845282 -1001249
7668252 -1930686
-745446 9978391
-2260413 6993926
-8283314 3831170
2911987 6229262
-1758319 -8232303
9944667 7005207
-392253 -7437107
1434238 2628233
-7374305 -7495620
-9209606 8157441
8411137 -380717
-7729285 4087141
1645516 3028043
-7973205 9998563
-1932123 9800234
2294977 2211399
-8278322 -161216
-6330046 -9965436
-1219822 -6561636
-4793939 6581941
-3896499 -461789
2101104 -4849271
295314 5711248
731980 6051694
4209136 2921009
5056645 -5961274
8125868 2620273
8164669 7327360
7325923 -228616
-7912030 -9808536
2402863 7910153
-2251063 4382947
-3066136 -3359107
79258 1418891
-9482816 -1769606
7768606 -2198329
-4531248 -3379315
4848285 -7613938
8437757 5764066
-1314924 8096617
-7864656 -4836755
7783518 6258073
3585433 2777564
-7451052 -1535461
-1343997 -6572291
-8662138 7153270
-5947431 3575219
-9783888 -8396849
3022042 986433
9216828 -7188278
613394 -3944422
2676264 -498214
1887848 6082146
-5637435 -9959099
8137519 -7158043
-1994798 -4436007
-8177934 2789215
-4433221 8305073
-3230388 -2076149
1351560 -9367921
7785349 -2058032
4033539 -4794226
9325277 -8162082
-4659296 -3233997
-422274 -5136329
919250 7073884
-3424330 2707472
-1210382 6111866
6152767 979870
-3661820 -4331465
1232528 -3193362
9595853 -3140266
-4835193 3054594
3494798 -4837368
-4205289 -5549228
-5090908 7362710
-7431515 6096412
450683 8942631
-4291366 4410114
9273786 5791387
2865271 -2197288
-9489816 193036
8821254 1957293
-7062837 -8183845
-2515310 4974021
-8219340 -724657
6135078 8717219
-5711835 -8623487
9055498 3816237
783361 7782963
5145674 -5149791
-9053378 -1791195
-2848564 230511
