174 555726 -1166017
254
4793729 -5173665
2953031 3684844
5376553 -5216744
9848281 6767745
-9805652 -8200969
-5075410 -8729250
8207255 -860577
-8570819 -7240685
-9355459 -5340339
9313204 -6830192
-5650898 9001452
-8362599 6474751
3862734 4659556
4333979 4865494
7937572 8140987
5483675 -6832038
-630842 -4752347
30909 -9046942
237155 -5254289
9061094 -7604458
6182645 -7052144
2087279 -6014315
-3255000 -3093748
1565914 -3967188
-797380 9905894
8907346 879118
9870221 3551723
-1788721 3061100
-9557054 -3750692
6906647 -7454742
8229572 8380518
-6371829 -5093326
-4140268 -2401269
-5139206 -3824568
-1429025 6096888
9044744 -6078111
-2092426 -5246380
1659872 -6351625
-318812 -2831074
9591172 5742138
-3378743 1400160
-5048117 8498519
1559619 9007830
-4742862 -4320486
-9258876 2002565
-7100565 -7836214
-2929540 1487049
9085780 -3472394
2703038 -4553455
4059785 6462926
-9615185 -8725987
8543985 3104529
-730744 -9191259
-9505980 -7279790
8462348 8950444
-7133043 -9914808
1100063 7599957
6607788 -2181160
-3985293 -7340318
-2821401 4381278
-938584 -3244169
759232 78034
-878008 -1351771
4094774 -154988
8824291 -8174969
5615396 -1845441
3775440 9209106
2534200 4159382
-604056 -6955304
4511493 3028220
-4370236 -2141708
-4541750 7378450
7713642 6729828
1905862 4582390
-1036332 6244701
5516885 9084462
-8321152 8025085
-3326686 -3723883
-1362518 800841
-4857776 3284440
3955351 -2538227
-3329121 -9242380
-2566646 -2269209
-6708161 9205079
-5250349 6829298
7203943 319684
-2301866 379416
-2890756 -7337807
-239065 7928129
4172830 1531458
-6867728 8724603
-733960 -310285
5965833 -5188879
-1871686 -1544294
-8259854 -5396685
2065088 -4213110
-3455490 5695497
5942640 1252319
-7026249 -3505783
5839867 9234480
-445836 -9760246
619170 3043810
-1777645 -231349
-9786868 244766
-8223775 499642
-775754 4385962
6592030 -5091503
-7764030 1006638
1978697 -4925785
-7806118 -7119364
-1332474 3718843
-8069307 -3224678
543993 -2271611
4222606 7873333
-375835 3517744
3757499 -7421175
-1861012 1694682
-8536667 6893021
-2862212 6361343
-3139014 -8323535
-1421221 -8569635
8855214 -1398416
2124574 7687161
-7238624 -8908815
6488173 -5896729
338467 7471610
-5753068 -4844300
2884089 -5214488
-7341155 4790926
-9174978 9623047
4718224 -5200637
6494045 4582521
-6008105 -7142788
1734908 473730
2150195 1129683
-4923600 1112246
2230182 3245326
932488 -6068386
7539151 -5645244
-9025620 -3789784
-6318173 4027325
1699377 -6170801
-1385289 -2071241
5236037 7099818
-760783 -6210092
-1410729 6061060
-6840067 -6042559
-3185346 7599668
-1926602 -2848172
797863 1065914
-7821840 2739945
-4014728 5874263
2322230 -3075306
-6204198 -565888
-1839320 -7622267
6405058 -5229818
-1400619 1842507
2287619 -9379213
7720605 -269556
3520353 -2476344
-6415284 -3040178
917264 -7890376
2225645 9261002
-3587170 248270
3830536 -9700957
-4444659 7210694
-4398691 -1474952
5449742 1540613
3491077 439891
2817625 9245544
6532079 -8348243
-3989383 -8260965
-7640177 7647812
-2621743 8298236
-4178108 -9919572
9556603 -9101390
5524586 -8077039
-8816037 -7009781
-4245159 -2249769
-9434373 -9886855
7323839 9585377
-1889575 -3879032
177933 5441501
-4118608 -6439833
5322063 -6330990
7837119 8699017
-9561947 1854142
-498045 -6152264
-7854028 -7202124
5394656 6880212
295174 -9515783
4923530 4951259
7941478 -4180240
-3913656 -1376155
-1263010 6212671
5798048 -3348029
2772939 -3939170
4018683 6424825
2501344 -7049128
9136234 9900075
1115445 -2176592
2193902 -510295
3337442 1553498
-3132274 -8304143
1092421 -2000234
-8999665 4778734
-7753654 -8612405
-2792644 5923865
-5452290 -9812176
6400496 3293700
2462023 3284701
1861883 -5285104
-8860278 -4765038
-9297814 8396918
813345 3641066
-8535526 2354772
-8155523 -8071210
-4001360 3658377
-2129414 5181919
5698038 -4617282
-9838547 8963008
2866955 6698373
-4861409 -7592201
5111975 2590663
8400715 -313699
5487354 -5971177
-1256280 862738
-1385948 9865589
8262507 -7600206
6040860 -683762
4187362 -8407795
-6479005 21687
6196416 6031840
-6269889 -480364
-2581294 6583354
-1937286 9428149
-1357125 -2419841
-7495690 -9070330
3520333 3781466
5984119 7616286
-8354891 -5562599
5300139 -6012174
6369767 -7094819
-4695025 -6085808
-4253218 4632275
-1259168 3862188
6400227 9934145
-1517663 2261827
4297815 2596643
-8303651 2212448
-5843050 -8283478
-703319 -240936
688734 2799825
9097643 -5682656
