454 625516 -4127995
733
9014066 7369495
-2238197 -7437782
-2074771 8950384
-5939385 -2452828
-4395842 2891447
9591177 5683891
3518234 3194012
-9865639 -6843409
7170520 -7196756
3622057 7813961
-5614635 7389370
-5003561 -1594962
342642 -9145146
-4294352 4557645
-4816839 -1332274
8553574 1577653
-3343777 6713579
5663964 -3684623
-3621098 -2902196
9989252 2240931
-9558825 1983060
7693424 2096781
-2230276 -3524239
-720994 7827786
-1841901 -5059755
4845967 -7098937
-6177547 -4940184
-4085329 9842407
4400052 -3318552
5349174 1620319
5714325 2099566
-1186855 -3580900
2734478 -7629452
-531647 6993461
-8249255 1629732
-6387208 -8026043
-3412910 -7808080
-1332319 -8693783
1650355 4356815
1813412 463039
-4119545 2324806
7384623 -3340621
9018138 -297092
6384356 5815646
-2564035 -4065457
8034109 -5750117
668983 -6849710
8037191 9363606
-1126580 5919813
-2450455 -9978104
-8004147 624165
-4667563 -6321310
7501259 -8900705
5456110 4000118
6979510 -8332034
3992772 9785874
8961606 -7140035
-4920775 -6106253
9709393 7979744
-6085713 3979934
8229817 -2854641
-7187999 4464748
3828355 -8584848
-148682 -9150808
-9128912 -7298225
-4157708 7400863
3595905 5383293
6482589 1174729
-4825153 1097164
-4718518 -5544949
6757278 -7845643
7530674 9274255
-6831998 5718884
-3785020 -7390100
6589834 5393748
-7460893 129268
-5405984 4819651
-1248845 7867460
1233005 938723
3640498 8602473
-1480311 -5379555
-9996261 9482790
657519 4631946
8245463 -997320
-4025917 -1651281
-6980572 -6473055
5317552 -7268639
8450245 -9449897
-6839997 8485555
-3604345 -5334774
-2689154 2266189
-2914160 -8548886
9318574 -5578786
5359938 -1646653
9472173 551579
5172025 -8483212
-9000421 -9491786
5140160 -2307884
-788852 -5826550
-4961479 3385623
-571079 5185231
7916593 -9425698
-8875595 -5253527
5748380 -1116810
-3935232 6800760
-933051 -7855965
-6404851 3375614
313181 -1330859
-461160 -7086276
-4018345 -4326881
-2810093 -988987
-480773 3670032
3878500 -9294162
-5120711 7175740
-6922285 -6910352
8274880 -7565838
-6991536 2506636
7253110 -1292175
7591015 6649221
3449981 3001490
5145526 6172136
-7935898 5033282
6218775 8740675
4170751 2377283
8050402 -4242384
4768629 2668759
8855143 -4759690
-4053852 6804209
-3503699 2733644
-1660356 -6658211
8292304 -425984
-7919347 -3385476
-2161299 -8699232
466342 9333763
2335253 -4570283
4118205 6432675
1465958 -2519221
8737807 6182307
-1440409 -2315267
-4041299 -4575090
610021 9126345
-5633345 -9272669
47892 -534835
4715161 -7170844
8687297 6544193
-3881791 -6945195
-7814318 6979601
796722 -9284786
-9951023 24383
-2029548 -8736936
7695739 -5099417
2381362 -7911343
787317 -8321951
-8120865 -6364479
-8423216 9346908
8473253 -2162164
-8918481 2186805
-8348030 5356261
701769 1129411
-9810044 6367131
9421937 -610934
8885020 8824518
9539732 4123971
-5851646 -7801906
5977510 9588710
-5510707 2118807
-3276184 -3810399
-2132349 -612993
-4461119 7511133
-625607 -253214
7584622 -2884335
9302470 -9636001
5720260 8666142
-7688095 3470793
-162076 8938381
-9156201 5018214
3842732 -8223787
5900184 9728819
4443265 3382464
-4512474 2564891
7200050 420775
6610377 -7506829
1880179 -6076134
3951352 6994380
-3258834 -64588
7051077 -6674255
-6310256 6842140
-1975366 -1130101
-7659308 1926356
864737 -7147108
7871106 -5305031
-3528818 1708537
-6046292 1713838
-4903698 4887719
-2547390 8396974
-8665899 -6899819
-4406648 -5347340
-8907122 7944478
-2544790 -10117
9925295 5044230
886328 4196376
-6445131 -507276
8362624 4576072
9018781 -5904145
-3051253 -9296684
7914637 -7600130
-3375241 -5180147
6533691 -5614180
1789891 578468
-8508206 4146346
7246527 1758853
6411513 -7174105
3286726 5356231
-4653885 20743
-4935026 3258288
9971017 -4728590
4764135 5951302
-6956274 -6474114
-2378259 -4356889
8862779 -7937493
6978730 4570489
9390342 6777417
-8836763 -6396511
4181957 -1559614
-7413268 -4530520
7228333 -1809897
-6467649 2349611
-2294158 -3843802
6176941 -664571
-7406283 -4431691
839720 -8758085
-290431 -7435266
8606972 8120207
-6236682 2753296
-2667845 -3771286
3315555 -7373903
1919866 -5689115
-2085625 -4777751
3662635 -4400545
1068935 4612684
5319140 -1234281
3631682 -1702732
4453466 8851491
-9296728 3853877
9422186 630408
-5611325 -6703011
8378076 261906
-9101535 4098245
9367893 6985048
5730114 7178135
2320585 -3299952
1010934 -8437979
-3215729 -5759549
-160093 1441661
8570697 2963258
4245330 -9091158
-8277537 3889837
2741328 -2122988
-8269111 -1307719
1839041 -4039048
-742058 -8846924
-6068666 6227717
-7157686 -9847630
7137418 7346152
4524287 -7789793
-8573393 -4616115
-3054094 9361224
-6398324 -5046107
6395554 -3753471
9209788 -4042065
9383129 4966252
-8627559 -4028530
3848482 -8894408
-202126 4113770
-9925278 -1904276
-8234848 -8363085
380984 -8150984
-7998614 8212838
5558990 -4260350
-2050143 1655157
-444606 -7400370
-8039146 -8107183
-3153290 6501300
-7252170 8078882
-5963183 5758617
-6758779 4473970
-9554560 -6580053
7041891 -5386338
8727432 -3189726
-2577650 9356117
3509385 1318507
-4316125 -812498
-2599659 -6109631
-369980 -9798386
1856771 -7040669
8075313 96229
1989046 -8587835
429817 -9963832
631402 1352109
-2889274 -4306001
2684321 4668220
604519 351947
4965609 -4353887
2456388 -2353590
-2997472 -3790606
7527901 9878738
-8417407 -9488087
6918634 5728128
5929742 -1017066
-5541383 9065006
-8322412 -9697135
-8284970 -7466069
-7429901 3666634
-4981257 -5338800
-7128449 -4282147
-9613927 -5354179
4997768 5555873
-8798014 -6493056
-6330293 -36622
6172772 -3825274
8569817 -6811413
6216852 -3782975
-8054847 -9847590
-864656 3135486
-5283155 7874896
8177761 3593961
6127892 -3605567
2577419 2409144
-413304 1214343
6932197 112515
4758336 2458247
-9469528 -165378
-4142081 -243895
2235835 -8267541
-2092815 -472374
2716213 -9075041
-2858016 -3522998
-3370588 -1066935
4584903 -8396511
1994737 -1718892
-8124930 1818100
8212533 -7311149
-2385653 519314
-8266342 -6693695
3418820 7201043
-7824358 1182207
3533181 -9306492
-7034035 -7293885
-5561426 9391100
-1081274 5201800
-1356889 -5137889
-6144534 4151291
5600708 5785095
-95063 -6998770
1282339 -7298036
4520064 -8100326
-5411475 -4326239
6193075 -4751050
-1444745 2202872
-8079733 443085
-8374708 4490427
-2299713 -5904090
9318377 -2325174
-2934074 666253
8384405 6273303
-8864586 -1498995
5168648 -2972483
5328964 7507232
-9491537 769357
3471321 -4766099
-2866424 -5692846
-19085 -9492263
-4243313 -5761547
-1042322 8690342
-866572 -3171706
-8681279 877945
-2509793 -6724928
949898 -8464639
2201614 -3191416
-6918113 532177
9033182 -6897629
-7353760 6733654
-3242762 4201830
7487539 7975205
5725458 9782053
-5910793 -6524788
-6017050 5375386
2130192 -3413526
-4723183 -7744011
-915716 -8912130
-5517833 -3073403
201669 -7080643
-5545282 1972375
1297311 3667920
-5799903 -827316
-5208592 4379199
-6370795 5749631
-7532187 -2562352
7929205 386443
168497 9955353
5946917 -3828984
-8453598 -3225944
3360531 2446219
4702209 3676594
-2719184 1153700
596649 -6213507
9222202 1762984
-6264641 3314670
-3017410 -6323079
-4634043 5032670
-8071779 -6300961
9448670 157365
7595014 8073778
-9023426 -8083516
4388189 -1959429
4211587 -6338577
435479 -7148542
5297678 -1725658
-8049064 6312362
9982414 -113
-3697268 -8251895
3511089 579063
-6106266 -4475066
-8281793 -237200
7311822 -6607324
-2908284 -2915835
7241530 9240044
-169826 -3459614
-9026778 -2647104
5393468 806748
4468171 -2122237
729222 -7878593
395749 7420003
-3751283 8543252
-8940509 -5136962
-3388857 -3768868
6810195 -2637777
-4596491 -9877768
-7598616 3220281
6612958 -2878283
4205882 9713206
1469602 -6295326
-7238588 -6036236
1316661 -8700223
-5377123 -6265365
-5871250 9226481
-8652112 1607401
-972596 4857972
-4082424 -5740010
-876972 -2207527
4023605 -3022933
4339290 5734171
-1627245 -6649847
6570434 9742800
9380869 774139
487345 3183392
6888066 3586751
66867 4473300
5773077 9649479
5900466 3899880
3126361 2912306
-5480293 -9970784
-2596459 -3009398
1250592 -3936537
3855937 3321117
-9701815 2889972
-1375857 -9604106
-6253953 -2846173
9412979 -486750
2803741 -9683518
3499874 8793848
-5103049 5807438
280738 -7095707
5070124 4963819
-1136301 8570167
1482474 -6513058
6032510 4506413
4013367 -1481467
4581997 -6563949
-726479 -4736041
8153931 -9045714
-8649820 -7911942
-758115 9294426
-8675972 -4903772
-4587290 -1345135
9965065 4127769
-64793 1428936
-3150419 -5137983
2342188 2732298
1302465 4436057
7922999 3722239
-9254996 -7215061
-6180175 3955510
-92087 4758371
2538682 8401822
1872460 1697786
3785844 692613
-7496609 3222640
835220 5544082
6715299 -6172581
471540 -1235718
2709571 6680364
4058733 2923100
-4344602 9559152
3995210 8917273
2639513 -525785
-5224493 -5565439
906423 -4099131
-9340759 -1404668
-3002846 -9185663
2512123 3197923
6406889 1385966
-5391394 8814320
4358402 1426632
5254052 -2039821
6724461 1073701
-9729583 8241944
1165044 -565968
-8490463 4329151
-4237224 6820442
8811010 5504747
2455660 8402289
6819511 -6413483
2181849 -6637916
6692773 7478752
-6806973 1695355
-6918679 -795104
-9464432 9599916
1026549 -9793721
-1833542 -2589678
1000375 8796953
7038897 7407272
-3158696 1270793
8116296 -9279706
57088 -1649159
6371940 -6120928
4797714 -1131902
2454615 -1172399
-5293963 1617225
-8387671 -5363536
6331819 -8601190
-6879942 -5194644
6921625 1929492
2135772 -6344373
1065949 -9535474
1777831 2818582
225854 -7933675
-4146530 -8666920
-7946626 -416489
450704 -6030234
-9634810 2110463
-9021439 9338997
-9317050 -2320744
9296481 3433177
585993 -4611013
-3212203 3425162
8230519 9434165
-6119991 -92145
-3920166 -2331504
-1866978 6015781
-8649284 7145784
1728461 2427205
3760285 -5907078
-3807215 98283
-3415599 5813660
-2075877 -840158
-1501161 -3050409
4628848 -8580964
-2631435 -818211
-2912872 -3558319
9866844 470911
-94924 3874925
6299132 613715
8282211 3785085
-7682781 -7621033
2041103 8931585
1358790 6184287
-9722791 -6230436
3867847 -4880925
3449087 8986347
-1853811 -9547752
9918191 3889562
5308599 6645028
8343169 -2936609
3505073 5193516
-4335573 7946649
1821574 3371917
-6014368 -1914145
-8129059 -1879294
-6983975 4784195
3715780 6704512
2888799 5057128
8826692 7590922
-7290003 -4317640
-5331293 -4789109
8179491 -1324563
-7435001 -4668752
4492628 8097683
7677426 389950
-4416533 2835797
782446 1182499
7070768 -6235754
1850102 5120372
5757431 3572752
-1643053 -3762605
-7058093 8773456
3830585 4589079
2180001 -1652942
4029418 -4826371
384521 -2593649
6081788 1214478
6545726 -8919636
1694399 1163139
4069442 1038355
6390504 -628174
-9445675 2169261
5933507 9689303
-2673973 7625094
-6285802 -9700039
-3462644 5599810
4373267 2071146
9176577 -8004385
-7140975 -9279796
-4106167 1356579
1279282 -595204
-9380726 -1205294
-124929 9877422
1040561 -318648
3236059 -8430530
-6542352 -4889997
-204384 -7857084
4348571 -5988026
4153420 -4270876
8545437 -8325402
7274409 383970
-7544884 -4917206
9594761 -5835972
-5115768 4148046
-4495375 -7546213
1858583 778065
2089124 -699741
-822319 -5005791
4675561 -8035805
6050017 2734594
7844598 -9572027
-7429111 9507666
6035992 -9843434
-4114310 6919460
1110410 -7294236
3089734 -5568872
-7969726 -9098829
-4934801 5544851
-7790751 -8374965
6595174 -50569
3243849 -9769774
-469515 -9029891
-4035682 -4667027
9813520 8708166
1442760 3156232
3584205 5863537
-2112445 -8196290
-8039723 -1328554
8107258 -6076453
-3370689 -9637681
7309799 -782332
-7364808 9719046
-2219751 9340073
3481461 -2299609
166175 -10502
219724 -7407013
-6436903 -6589976
-8740651 9750209
974727 -472585
5199999 -8927131
-547242 4933839
6737550 -1215796
-27998 7340314
-8736139 1214179
1576498 -9404388
-7670367 -9590475
-9871429 -1113702
-9257277 -5035175
2665216 -9574828
-7068978 -3259464
-666476 5347743
8757767 3150746
-4582693 -4587027
4940388 2533468
-3877311 -1091614
-6157775 -7343260
-6042704 5575448
2915762 3096127
-5689694 3929299
4524911 -3304025
9621852 -1596843
-194193 6854544
-8180631 2266775
2691947 548530
-194581 -2999062
-7651319 5622969
-8709933 1655295
7068268 3622801
8672621 9223726
-1867888 -5474992
-2818252 -5204689
-9629241 -5509310
7586817 1139045
7584696 -4197127
-4984800 -8102876
300281 2109607
-8519496 -5362947
-579820 2622440
-6829030 5816225
-7182837 4628480
251449 -4507259
7148036 7682197
1304998 -5942131
5797947 -3267344
1257665 -22381
-2710718 -6069940
-9062898 955765
-7905190 -2339959
-4020734 8523919
-9578957 2195858
-5694534 994467
-1852128 -6762324
5860116 8302322
4118547 7568052
2196532 1547439
-443468 6935711
-2865740 4964334
1538555 -3295431
-4046423 955610
