207 9294362 -8071249
393
-460182 -5933205
6104962 2872093
3418452 -7874405
2566220 -2775301
5552344 -3496492
8343865 9324985
-8501624 8618870
-1999992 9932454
3865105 9784897
2193580 -6709421
-4308147 -7168530
-8976228 -4460653
-3506870 -4927999
5727262 456725
-248912 -9797477
-5730682 172365
5560811 9290906
3932853 2890632
2631683 -1020737
-2000877 9015425
8340411 -9299621
1835601 -3657011
-3724557 9838787
2140036 9835609
5642541 2656900
5488370 -5666384
-7610685 -8665606
8922748 -971505
9485220 -1117554
-915031 4650010
7338727 -763692
-8956434 -4129361
8761271 -4584110
4395153 4976419
3991845 -6090693
-5390314 -7605723
-8746382 -5151392
-5312605 6445288
-1202751 -9954587
2702313 6827431
3677399 -5560210
-4225815 -1809316
-264469 6066714
7465512 -5303067
1863295 -779249
8457060 -3449519
-5062528 -8281626
-2865735 2016978
-3006602 6215096
-9875597 -8470582
6440047 3501595
8350203 7250441
3695729 7693665
7739078 5553950
-5102267 5009331
9449121 441392
1148428 1091484
-2841802 -4776694
-7563409 -9116041
-7378938 -5376289
-6309456 -3183762
-1465387 -8921878
-4388547 -8855631
7359465 5668878
-285352 2604851
-3893554 7483868
4734309 -3845304
6364713 6973001
-4956697 -9053609
5955722 4103792
7061536 -58964
-8967480 5404843
3144502 -1790036
-8389725 -9292930
7847133 -1902555
4913684 -5768663
7825812 4054030
5198399 5964649
-5850121 -6562735
-1441532 2557864
-7441916 3864527
2535575 -2818734
-5845733 7292393
8238784 -1099711
5520433 -8286078
-5828690 -3289142
4632054 2581969
-9208067 -4796170
8427252 -9707092
-1609647 4918560
1666249 -1209262
-7155232 5820389
1785038 -507939
-4554322 559519
-6882617 5934917
-200555 4004146
3701764 -4324533
5484212 4851372
-6248339 372383
2086305 -3760651
2950207 9272094
-5629585 6257615
3977797 -9901387
-9608479 7678700
2597260 2405050
3712140 -1218125
7118616 -5736490
-3728077 -926740
9632779 -1096345
-5161428 1717602
8238100 5266514
3458333 -2845631
-7994258 1939865
-7687752 -1057455
-2301754 8273755
62202 -3085094
-6827479 3164806
3263419 4432617
-5372330 7150319
-7928279 3654941
4953168 7224930
4004792 5783861
-5142879 2071784
3491791 -9723284
-5489330 7006252
2272766 8330364
8001085 5265122
9721339 -4268901
-2810004 2523179
-6686713 4549940
-8535154 4888243
-1946951 -4108159
-9675542 7153719
-3179610 3832820
-2512239 -5047872
4693411 -1107889
7192324 4957281
9545418 -8785445
-8508729 4565797
-5911599 3037209
1367573 8518293
-3700232 6361167
4608618 -8114989
4408190 -3978893
3087399 4314967
-8280438 7721477
-6386682 4552245
-5777683 -227389
-6394569 6454129
3922609 1042707
2451171 -6390455
1083178 -8867628
-7653072 -7840153
-758003 628596
-6334194 6354551
-2610803 3330398
-7792082 -2450269
-565258 3688965
2226424 -667112
-6352145 6359285
-3402886 -4686176
2382421 -4632583
-2343620 210433
9180914 6604738
-2352554 -6221836
9904061 -4380125
-3247752 2614969
4774816 987239
-8384164 -900824
7970079 -5983187
7347212 7797994
-4652275 -4640724
9048241 2071482
-8595630 -2701180
-6341895 1274666
-895158 -4947774
419643 255219
2982004 -8512737
608354 592376
4370540 -5320730
299146 8255800
-6612879 4274601
-4738160 -432254
1183274 8161937
-7821249 9394028
7192022 -846647
4512630 2042315
-5886203 5056100
-7645080 -3922777
-131759 -4481833
-6913255 8529377
-8699052 8973083
2976699 3506389
-5901235 -3200695
1478575 -6414947
4357205 985657
-4739742 4294073
-6138181 7744326
5906263 -6961550
-7567521 5045093
-5801553 601366
-7356319 9624501
-2803047 1227429
7304652 9273830
-5208002 -7931775
-9402398 -2827106
8662329 -9604905
3901484 4414903
-8785792 1639028
-2259567 516601
-8497742 2692783
-3013143 4613990
2358316 9278868
-7682681 -6634972
8410122 -9219068
-6101350 -5250202
6890651 5124921
-3647650 9058684
8332514 6603957
8672182 6173354
-6653752 5640864
6035960 1786137
-3798960 4524930
8680310 -7546204
-4513250 -2584752
2624383 -3579256
-8965266 9505360
8784229 2127592
5492621 -4090597
9206687 3617900
884050 -3580905
-8455984 5621689
4680373 -9708947
6895010 -2103634
6586072 -4470760
3686456 5567193
-2646670 9932321
-3026397 -277584
-5307435 -3929278
-3997678 -4346087
-5408991 -7304333
-7798973 1143057
-6729350 8142096
-5948501 3501608
-2880492 1279623
7698718 5774538
1396227 8003558
810964 9242734
9655452 8592953
-5877807 -2294026
5789519 6241524
-1309803 325001
2563770 5659201
-8270077 5663800
3834066 7256335
9952002 -2267755
8875303 8425075
6567171 4669381
-1829010 4662305
-4058072 3135022
-8574088 -2193150
8326761 6156998
5399732 -4661508
-6068555 -862275
6843699 -2428464
6329412 -9430010
894991 2633219
-1707580 7535962
3199762 -6541239
3231448 -7461304
270941 9550180
7975256 -4300198
-9630816 -8337404
-1158747 -2941221
-9806198 -8943474
-1136624 4783181
940179 4136066
9474558 -2809863
6327862 8856263
8944151 -6593997
6492345 -4312086
8321133 5273564
2809526 9903689
5878802 9129905
-8331399 8525640
8075821 -889749
-2673595 -5544105
8634843 -1432571
5626208 -2304411
-1247885 -2523903
4775630 -1663638
-7527571 131844
7321981 8232162
-395223 -8053013
7869343 -3833804
1854110 -1451071
6338845 -3121960
-3218271 -7308405
4337852 -8335277
-9809637 5176884
6803487 -1477194
2978701 782536
1866317 -5870108
-5658166 -5870104
-5877655 -9991122
-1654760 3093949
5742145 8897976
7130138 -6665979
7797361 -4419521
1746675 9251267
-2199804 -1816944
5061096 6117137
1325084 6655393
8320116 4359178
-463938 8179288
-3297906 8510480
-8190632 -3660451
-7014207 2197147
6327044 3675686
-3799084 -2672373
2937929 -9550611
1863717 -2937492
396530 -1319926
4260553 -8489793
-9238525 -1806109
-1106701 8523580
-2842931 -8921977
7733417 -6045605
829925 8482153
6661442 6053533
-2919635 2882339
1738240 5879888
-1922964 -8593914
-2401876 4724034
-7948339 6920432
-113827 3799040
-9138452 4989590
-6330335 -8250109
-6739902 1258078
1968321 446570
-8513497 6537925
7615949 -9138380
7332368 -1356428
9642078 -2134282
-6080749 -1837707
3560985 -1180128
-5300240 -6484031
-5077945 -4700775
-9976741 -4706852
-7786420 2520179
-3680781 -7925079
-419137 2099754
-3634003 9697119
955198 -4233120
6213451 -7857553
8680373 5439871
-1182156 7699954
8859878 -1187326
6678392 8666564
-3171143 8501956
-2678172 3113995
6629964 2906194
8205420 -5462059
-168911 -8447981
-3411450 8228679
2819952 -5438978
-822872 2907769
2604889 -7599184
-1832304 -1940523
201924 6076439
-5967338 6897499
-2886195 -8601351
-7272325 2850506
1517070 8490036
6991992 1922419
-4963585 862280
-6231526 6830173
3884466 4182731
5734751 4490246
2718926 6231907
3309281 -7676699
-2252577 8055230
2972398 -7513591
-6937762 2868664
-1054897 -8859905
553946 3264163
-2820836 -4505883
8344624 184104
-1325860 -7576808
4345611 -7621954
-4243322 8182484
-2470991 1898378
-3918890 -7958495
