149 4641993 6820948
521
-3759510 6274269
-1335560 7174861
-8648270 -7471170
8876283 2461679
9817767 -4820292
2149467 -6662708
-996271 5280336
2503155 1566707
-9403744 3774015
8983043 -5997023
-8451129 -3944974
-5973701 3697434
-1767603 9887506
2618512 -2843948
4314397 2413917
-8795462 -8044187
9130674 3071239
5600069 -131021
-7669342 2998756
8178464 4476352
329996 4664777
-7538535 -7155717
4410990 1850077
-4375907 -2519027
1483950 5007246
-8937727 -5392864
8304570 3032821
2920327 -4911428
-5239024 -3463033
8950885 8055191
-9988996 9075373
2146612 2671775
-7459246 9141678
-5343214 -2253319
4739385 7387764
-5431107 -7164749
-4320466 7585733
-564190 -2969641
4511332 2606877
-2385877 5059903
2183392 -4004718
9028103 -8807252
8797672 -6995686
-7942366 -5535218
-7480027 -6441352
-7365979 -8991481
-3803354 5047330
-3294640 -2703015
-2439982 -1262599
-3874835 1362147
4197398 -7700597
9885136 694059
240770 2393284
7516513 -8162701
6897202 -5247898
-6736264 -4869363
8839737 -8403054
-5398739 -7708161
9272973 7637410
3712410 -3341105
-9816234 4309298
-643372 6346432
6159769 -3619588
5117813 6061989
-2575864 -6280212
8535543 3759331
-5546610 4137886
9047522 937032
2774331 -2789488
1962614 6564036
4211025 -7812115
-6215168 5226350
34541 3050762
-6795476 -1613907
5044988 -8176134
6133164 6916935
-4220281 5228754
4125518 -4510207
-8448218 -8060512
8175628 -756668
5519015 -8507730
5630156 6711172
-2351796 2488757
9699269 -2805970
-6241934 2938887
5126772 1661883
9404585 485443
-6463794 8911604
-2702303 -8044522
-6220656 9257082
-1309631 4859037
-7395857 9912508
-4597699 -3013560
-8557719 6729662
8489346 9470435
-9037295 9617909
-1154567 4008361
-3502882 -890787
6303244 6493637
-8051124 -3803613
374622 2577662
-6936894 7075649
5987253 -220793
-5748963 9115664
8372746 5801303
-6823308 -1969619
-2057111 9579468
-3434092 -4219164
5026850 3345191
-4668022 -1991811
-2373901 -3967452
-9959091 8811036
-2079751 6471532
-4518478 9054379
7767118 6739845
-682492 -2569602
7022399 -1858260
437299 -5103034
-5987370 -4473995
3843660 4688336
-7281283 4901728
4481196 7020352
5317540 -6822042
-960499 -8952895
-8428354 -7139258
-1106710 4371480
3182516 -802255
8185630 -8549449
-9495070 3619117
358963 6183504
6130254 788400
8930140 2192823
7089789 3152654
1195011 -8116209
-911521 3618771
-1479501 -4961329
-7940977 -5676452
-2498493 5518048
-918495 -107084
2753658 6541008
-6571160 653151
2367249 -8353051
5613852 6611356
-7253174 -6930769
9252735 6118783
-3092817 3105789
7814964 -2100659
3568347 8353676
2753819 -2578895
3556228 -5236642
-197971 -8157701
-3834153 -7923273
111127 -5622595
4270321 3667354
-7275285 9192632
-7637864 -2976021
-8812720 -3846445
5281264 -2754263
314968 6801133
-4563732 8028090
-6349769 -7915945
-16604 -5140197
-6786521 3981547
-8597348 6068096
-9168546 -1516349
325950 4958880
-448041 -6850164
-2472759 6491797
-7324496 2179439
-6111577 4313914
-8662107 -4599781
-5929874 -3749441
3496296 5041526
-5640989 9351390
-104168 6327616
8411671 -204721
4655082 -3937585
-9956038 -9088580
6979516 384914
8868565 3962966
-8561802 7810970
3477158 -8289133
8202664 -6493490
5685949 -8995601
5318313 -9121832
8794739 9574372
8341284 -827441
6730437 -7135134
4732608 -5646068
-9318451 -8910552
-6598921 7144793
-6792792 1609572
2520992 572513
-9042573 5767523
-269511 -499492
9827831 2342344
4053211 1168688
-2808450 3304989
-3174259 -5227772
8166748 -7122501
4968223 4660406
6349317 6961488
2342706 -4174141
179792 3079754
4169202 -2924686
-5779893 -6622307
4987265 86633
-9340853 9943668
5711191 -9975390
-474882 4132926
-3524729 -4558320
-873280 -8130699
-2309357 3044834
7817062 6318270
1712121 4516384
-8306858 -1499837
-4538349 -3319655
-4977444 8042460
1122214 7804357
7396023 -2281300
1096393 7807769
-2105598 4132483
4076151 8600011
8624621 -8930099
5202828 -212658
5229022 -9333909
5051745 4194451
-2760715 6872095
3190365 -7257612
-224876 7572700
-3927137 7418839
6615536 -6015382
-7972922 1534514
-8144777 -8361908
-643207 -4334355
5989766 1767598
-4099919 2969538
-5914099 6400520
7470422 9976232
-236426 -7289478
5892966 2673250
-3132299 7508949
4381044 -6538937
-3796549 -3376662
-5803962 -9912239
7506600 -1505073
2479545 268901
4319767 4122136
-1723419 -2977024
2688621 -1308658
-9541059 149726
-6880736 -1321613
-4921093 8875374
8851607 9721518
4948392 -7450671
-2261069 -8868467
8640482 841358
4302421 -2877016
3746323 -4462122
-4374360 3022224
4033503 7942361
-9272385 5648592
-7712919 9029401
-3947623 -2436266
-1228571 563662
3229740 1257350
9935737 -8253278
-9377904 6349004
6070522 7530996
2596678 9473703
3121589 1018915
4376625 2851961
9974946 1762071
-183698 -8804601
-3266025 3721269
-5820018 -2041706
6123238 -9232521
2313232 -5092403
-5012316 8410319
-8509667 881961
-7860689 3759113
5505835 4720073
-6414570 4591400
2122396 -1355717
-1882013 2172304
5707571 7235426
87388 3755928
8034351 84197
-6204052 62334
-6216397 -2149347
5808947 529923
-6186246 -2036415
-4612465 -5551462
-7141143 6126986
9525299 -7108429
6650684 6865543
1585616 -8335390
6256010 -5327129
3317154 5171046
-2656649 -9105241
8130185 3951493
-2292579 5567274
-4348529 -9266075
796259 -4258227
-3891222 -8036229
2493695 -2903786
-2423848 4434078
8882616 -1176199
7467140 -4519961
-1628390 -8258527
8607016 6992439
8657050 -4977706
-7788483 -7291015
396383 -2570588
-1675829 5528671
-8003483 256086
-4176639 8970709
9704634 -296062
-2037937 -6008816
-4045044 500894
113460 4070842
-1495080 965003
9788804 7689612
-6830349 -2612464
-8354639 -227704
-3235264 1541261
-920093 2768730
5477715 7938138
-4632450 1291424
9336448 8390450
-1353463 3691722
-4821217 -8667035
-6446745 4469898
8461082 -5116583
-2099337 1515319
-4413839 6932390
-2102607 8014124
5703736 4091081
3994969 -2313802
7458494 1389740
5447353 5640330
-9074588 6739582
4677720 -5472739
-1664963 6403127
-2690070 2561623
8769697 -9812163
4037154 5956467
-7057283 -6051520
-1168103 7590410
-894271 3920151
852542 6732561
4746685 4691890
-8700677 8749935
8952485 -7033227
-3127135 -2189356
-6549026 -1072668
8183266 -7679781
9363832 6892739
-4187782 2860987
-4577390 -9784779
-9596941 3122148
-921385 -5807693
-9342861 4440213
-5453025 -5462316
8457836 -510964
8737949 3652704
-9139054 -8173270
-9423335 3484634
-1032240 4676621
-7512735 2045503
3489187 5840625
677196 8454592
5347331 1672453
7049792 41028
256250 3675901
-3201950 4988754
1697413 -6824339
132226 -1606983
2930702 2354552
-8156411 4679202
-9151742 1388538
3215268 3097890
9098877 -8290795
-1097822 -3691715
870140 -1933363
6423614 -6094204
-7639612 6875679
-8935515 -2899189
7141839 224071
-6100028 8114277
-4380616 9914441
-6909898 -6785626
1607392 7316797
-7812298 -4261319
-9582117 -5461906
-1557016 6547643
-354467 -8733859
5491698 4174604
2999241 -1255590
-672601 6910229
-9183975 6385734
3261413 -4248986
2851825 5692765
8433188 4325898
-5043472 -7489984
4940810 4849512
8063887 575912
-9590939 547264
6285945 -328721
-3274275 -7403237
1660758 6703828
486322 5168709
-656687 -8693708
50702 8494372
5404601 4858906
1244640 9378102
7645468 -1263022
-5570257 -5493946
1348304 -6986355
-4476339 -7137069
7712444 6304832
9397096 2980823
-6471912 -1707317
7963962 2322510
-2564375 9814033
-965786 -5310313
2374748 9096384
-9597324 2036888
531260 4234413
-906681 -7030270
4864184 8452214
-2810808 -9662040
-5155986 2509652
5523297 -5864712
9514571 -1291330
-4986497 3563311
-3455866 -256633
8036050 6926951
-750539 72222
-7597392 6000012
3206051 -798561
-1702177 -6046826
5990062 -4419201
9815212 -8783149
-5813419 9037674
6240 -1091468
-8237156 9050766
1560418 -288215
-3636575 9123210
-2168120 9600068
3163379 -4122004
5621364 -4638265
-7711313 9707513
-7703912 3657414
-7826221 -5945500
3255939 7215048
-8831778 -2103818
3476982 -8446238
-7229387 -325364
-8771338 -4191454
-2766570 9473547
8524313 -6248745
-4020608 -1003726
-1880516 -7398917
-7798849 2342817
8220813 5951365
3829452 -2119118
-9895252 -3641471
-9984056 -1365509
2688992 -7599164
2132236 4706075
-7397743 8461283
2531398 -4183190
-1992202 -1404409
-3079510 -2181637
-2708090 -8247188
-4495933 4153920
5666547 8332575
3450011 1483459
-6173724 -6213969
2253748 -1832486
6048397 4563442
-9078029 -3916799
4717692 -1330503
-6413315 3454267
-1839658 9923036
8384320 5718921
-8464269 -6721048
-5609105 -6567930
1250433 -7940119
-6187307 1311385
7981658 1058696
-8092377 -683239
3316572 3648205
7434236 5357634
6041501 -340799
-5777357 -7795663
-9196110 -5393750
3275747 7660966
1115234 -1962066
-2039029 6862432
2581353 1791928
5070880 8861643
4810065 -3366564
-8790331 1978128
-6710487 -3939502
-364454 -4977638
-3144525 -8728829
4919376 1543170
9417156 2688400
-7652399 -5130035
9590654 5458657
-9935093 9086596
6747562 -9605456
-1567522 3340654
-7280562 -2137204
9654725 -1090199
-9712204 5300791
4450579 -2758043
9220085 -2385787
-3808936 5660248
