405 -2884345 -8905117
921
2922554 -139766
5128976 -2358079
-9045760 -6090051
-61225 7812105
-9734272 2782125
-2880001 -4561000
-4984321 -1241673
3451496 6139923
-1057590 -2632726
-950488 -2759417
7331171 -8688729
-2749766 -8444249
6021836 -3974464
-4639610 7856720
-5027625 -5968243
-3591657 -3544726
-3386453 411282
4321231 -8462681
1865776 -2432213
2866264 6776358
4731710 -5352143
3406184 9986263
-1357461 9747389
9631015 -3142320
-3385385 7584949
8896220 -1319472
-7247369 -6054214
-7512326 8662806
-964121 8774468
5322577 -2151935
-3180309 -3475394
6935888 -8269080
5784591 3433238
3517377 1257119
-1966523 -2349632
2298225 -3616359
8886256 -7234812
5028929 8220761
-4921558 -2471205
7630097 -2823703
-1626823 -5790591
-1844804 6526317
-2294524 1125808
-99724 -6840778
-6476361 6741355
-6734039 -4777147
9470125 343330
6292920 2718202
6491673 5254717
5421437 -189703
6193938 -5474849
9806691 -9763986
8456775 -2403453
5125342 -2648028
-2955379 6051569
-9739021 2755439
-8201891 5417798
-3456393 -9067473
-5908251 -496415
8761292 -1039765
4183089 -2384611
7958719 4543605
-2738193 -3830434
-8575717 4251640
6578289 6269833
-9205016 6845720
7081734 -4711420
2885127 3118027
2986351 -1945138
-5893569 -1989531
-9234091 -9969027
5448771 -5632590
-4700063 5080370
-5416045 4508730
-6531034 -608313
-476572 5861599
-7078444 168407
6337973 9998499
-3233509 -7300284
8969549 278609
-2875671 -6655219
-1366639 2280885
-4601088 6722416
-5222722 4034840
-7954691 901615
-6551060 -8599939
-4232528 5327570
407940 1414064
-4077206 1067409
2975448 -2491753
5886198 -608240
2076519 -7501124
-7502624 8807755
-8492529 -1585507
8693102 -8219781
-4875000 -9522980
2757905 8333783
-2427449 -3725287
-9690447 673169
-8425216 -5133819
-3733757 4871215
-7284863 7540077
-1045859 2033715
5617476 -4360570
3147677 4876935
6785048 -1407075
-6391847 -966124
-2158369 -1138433
7276060 8621881
-9597899 -8134546
-7657526 -1514486
9335650 8043453
-5681833 -2383269
8289900 -3091799
-5709265 7144072
-5468361 2381036
-78887 556978
5107045 9763129
-4597441 8875254
3752190 724521
1833798 1066588
-9899536 -6946410
1915157 5441952
4063833 -9541553
4840253 -808782
193084 4465934
2509388 7182727
-5200542 -471266
-1046712 -656093
9004331 5605710
-2013253 3244023
6317353 -6464029
-6700900 424212
-700533 1424398
4665271 -8781989
2284599 5568009
8621599 -3500930
4457374 -5098584
-4640137 536756
2244326 -1478793
5503494 2716469
-100804 4953763
6998849 -9470766
-7610507 -2784993
-7179283 -4047863
1712512 -8606176
7446147 -6676184
3748029 -9453783
-5513033 3261599
4479610 5563848
-6351791 9152239
8167661 9280562
-5818022 -7730192
-4677084 2625035
3662594 -7941807
4774662 83595
-4962642 -8317560
4728026 -5326141
-5594782 -7963793
-2011655 7117519
1027696 9742287
5582456 2217209
2763427 -9009805
4251795 -669515
7410685 7250394
-1081015 -8752243
-9471681 -8941106
5845054 9602998
-5255615 -5289703
9284843 -8832030
1251565 923332
2605772 4059505
1249716 6288923
8325131 9850151
-515978 5654934
-2086426 8829828
-6436611 -9488282
-8498086 -6503970
-4657133 -1156832
8609915 -1729939
-482182 -7246448
6328798 -2471100
9648251 -7437510
9789139 2173852
3341822 -5607364
5315968 9073982
3133488 7109740
3398663 -9561907
-9711756 6899556
-4929157 -5759854
5586326 -227734
-7199663 2984417
-1003201 1666068
-9490764 -5697749
-4911336 4339666
-390430 9119151
9164404 4606482
-314676 -4061632
628572 8812655
-6794709 -525536
-8935202 -6029606
-8919866 1037612
1475705 4198286
-6385805 -3004850
-6248352 -5719699
4052567 -1314962
-8330545 1854327
-6479605 6852904
3671507 -6817394
7522272 6545983
5665135 8760171
-4116994 9648194
8102914 4829539
-3841454 5568330
7559146 -1268514
-4781768 -8119811
2917801 8623945
-4661417 8814719
8326221 6909858
-8809841 -1047222
7637816 -7922131
-3551452 -2240921
7128335 1823623
5006229 -31057
9031279 799843
-439986 -4955147
7209399 4696414
-7957695 -2040628
-6472297 5312313
6560151 -9282797
-7402608 -8913151
2227146 -8221616
-9406897 -1968454
-5058596 7565730
-3481492 1435676
-3970103 8647916
-3593005 6672677
-8987348 2478446
4963741 -6464670
4335173 -1464766
-3903561 3995020
-1308566 6411540
-5629088 -6694161
1134504 -6749909
-6032706 -9585033
4018169 -2305344
-8010608 9081039
-2887415 -3754685
-6188955 5098847
-3465477 2053989
-6781743 -7154094
2034935 2564420
-4957134 -374748
-4323065 3047587
4099173 -9993392
-3482020 2528460
-1060000 -9804387
6017804 -2274233
975858 -4172735
8758584 9668660
-2636684 -2540495
-3459456 2776753
9022069 -8130940
6967907 3653129
8223470 5349466
8195372 -6497570
6066851 -8558272
-6416668 -7253341
5794247 3626069
-3850971 -739733
-8211272 -7590228
5121737 2667010
-9607223 -6754920
-927655 -6344107
-6675446 -6115013
1344492 -9652718
3124035 -6795778
-4926717 7885036
-5945483 -5337544
-9988077 -7958810
8059973 -7722012
6236068 8207295
3470307 -3356824
-9730755 9819400
-920332 -735446
-5809322 -3581725
1601637 -6615252
-3370172 9312416
5484661 1994414
5879401 -1781474
-1434192 8809215
-7986562 9740246
7625282 4206195
8868652 9603073
4160615 4196152
6474140 8880575
-395778 2220588
8863764 -4773440
7562312 -6925471
-5144565 9133010
8067637 9158332
-7456920 -953886
-9125118 -330726
4180040 -8310739
-92213 6359543
-2314889 -7424207
-7683961 989947
-4803858 -7785099
-8182026 2457674
-3346174 -5935206
5461721 5978589
-9284470 5644318
-9129122 -4934056
-1859527 9579294
1228656 8433190
7591523 2995909
4558375 -703707
1481919 2650955
4340216 -2050391
-5690848 -4338041
-1762247 6764355
-2245698 -5489385
-3274484 -6929856
5527818 -4533203
-468409 -1456510
7038432 -7818356
7825962 -5006687
-7424391 7753962
-150392 1213192
-7837265 716082
6228343 -8921735
374558 2270610
-5078435 -6696930
1252679 4372830
2551141 9261782
-1457511 -1921816
2588799 3305246
6375391 6296792
4279941 1830668
2890510 1903209
-3398794 6327884
-8678803 -71058
-9800744 -5572832
-1843287 6413158
9645593 48865
1127130 319448
-7409942 -1609712
1693359 4018040
-1609130 -9972025
9289757 5462390
-6459426 3458364
-3236390 -9651401
6645391 -1354274
-9523606 -6860999
-2441437 -6558316
9769568 3366904
5812199 4159769
1103289 3607118
20276 6011455
8576672 9260002
-7904198 -334131
8056158 -296198
6238195 -5314140
-5286164 -7734131
7728259 7145417
603781 6519945
6868544 3785186
-7569088 7367392
-9493607 -3969713
-528029 5423658
-1209438 -9418692
4741077 -758460
-7151342 7119113
3130569 -4155633
7620721 -4614714
5051156 -5776407
3927396 9716524
-5597616 -4376334
-2110465 -7318057
9827360 -8367428
668870 8134146
1919332 -7052506
-9685114 -2462586
-3915946 -3133404
-7709746 3337631
3918940 -1927623
-169731 -6402831
-9283718 -8823631
9537088 2678927
580566 -3636797
586797 7157810
6874334 -4368278
-6228260 7030545
9712488 3793070
-2058005 1661275
-204579 2056200
5003694 8610865
8664631 4231106
-8902298 -2165068
3688916 -5251315
-4662585 -6612043
9501478 -9875792
3816929 5167684
-9637036 -9782240
9097316 3354018
511828 943530
-908396 -315887
-3285342 9902514
3695584 2863344
-5475381 8943498
-6483950 -8362421
2764796 -3163608
-8932502 1036097
1387381 1429428
-1305535 4681553
585862 -4923703
7716857 -3451768
-8284083 87340
-7178548 1533787
-5112195 -7921119
3022411 -8081232
-5880767 5399633
5302147 4630367
-2506289 833891
-7706259 -8485917
5668015 -5465318
-6112574 8326144
-637759 -1567189
2378591 -5045075
2152830 -9250378
8342272 3589409
-9862359 -7261308
2826032 6059129
-2407084 4369910
6448791 5647484
82605 -5002927
2913058 -8012446
6617921 4201838
7552082 -1784795
-7754359 6627984
-8837334 9845823
8171967 7913656
8862819 -4949907
-7478630 -9949440
-9199817 -6242237
-136476 4674200
7412892 9142455
-2282064 -7482483
6887428 -7244724
919112 5310853
2824278 -4147429
-9643522 -8998283
5203556 -4262663
-3531106 -509249
-3881264 2755638
-4882187 -1285465
9144543 9797754
-5152153 -6710219
5856693 523715
4281478 9885569
4559769 6656876
-1684317 6661354
9178871 -5510987
-2755711 6033620
-6139175 -1417349
4435223 679754
1681471 6685103
-7577560 -2691947
-684844 -3114973
2157017 -1108665
7605870 5433892
-2252001 7274831
3080964 -733234
9790481 2595846
2481416 -1062343
-4405466 -3411689
-6750335 9557537
6562903 -3573431
-7539811 4944888
-6472460 6323544
-2996702 -3678986
-6993882 479115
303520 8684770
8086149 7944910
-3163755 9618676
-2431079 243167
-2482002 6958468
8741586 5316920
-9570882 -9401038
-463381 8532067
7636730 2910534
-5015576 -2352495
4074075 -9113605
-1652365 -8452673
7870871 -949384
5371631 -5608473
-2613006 -5125830
6075292 894101
-1160989 7690514
7309191 4161441
-5595392 -1808391
7666429 7394464
2711384 -5561042
-4962080 6408015
-2543566 3140502
8567389 -2909108
-2745251 -4906836
8495911 -6448187
7615492 3845176
-7104207 -3156454
1235074 -1997285
-4606763 783776
4194229 1138420
-1171065 -8531471
-1853677 5549592
-6258799 8654478
6048942 2550931
-493758 3923982
331997 -8723322
4417180 -2939486
4151406 7788431
-7118405 2984569
-947266 3922508
-9715964 3893858
-9262595 9184578
-2812706 5696181
-3520043 -5511169
5627251 2580531
-3434587 -9325814
-1259869 6972538
5627016 4711736
9779019 2481332
-3594685 -5807690
-4531012 -714739
6345776 -746336
-2957904 2402521
7903442 -6986466
-547606 -7559957
6333902 9472529
8657107 -263569
-4567388 -412341
-3407158 -4155599
941285 -5571078
7619460 -7779907
1708984 23050
7251138 -3640409
8840924 -2664000
-5955337 7030157
8831771 7762591
9532607 -486349
4432524 -2306101
-6776215 -3425297
-8468901 2335967
1808496 2676180
4928963 381353
2485364 465603
-1173643 -9638425
-5209503 9078206
3814651 2283994
-7692956 -7590042
-1230451 -4476365
-4624012 9558182
-895309 -9873175
405768 -579349
1450654 -9547186
-9336935 -61624
-970569 -4116821
8219146 6403203
-8404265 -6923118
3458235 -7456006
3009597 6524698
6886273 8459951
7538157 4352306
-3363700 4193123
-880567 1352809
-607204 -8540304
3534230 405334
-6951488 4768784
6705787 5155274
5608088 3454280
5909008 -9327206
-3444027 -1212494
-4809291 -5061560
-9468326 7291471
9835465 -3213556
-6688858 -3493738
-5033787 -4638586
9713721 2713767
9423242 -7495629
-3626468 -3649979
-9673930 -8940973
1464362 -1717320
-6948535 3860300
-984426 -2970774
2999858 2273604
2946398 7140015
-4072479 -1091133
-3636341 2018723
-689806 1118230
421026 -3104667
3401595 -8337989
-2976574 3732168
8962287 8367809
3388532 -3262853
-4396480 901882
1960909 2278416
-9438904 -4070410
9789891 -6574729
-7029151 6128913
-1597482 -8678183
8461832 5970708
-5120425 3865268
-4116008 -5610647
-1976065 1243234
654919 -2289462
-627450 8444961
-5306519 6572867
4940676 -1087672
-1834173 6172121
-2925997 -9154440
3123976 3769347
2215290 9034912
4976536 3685072
-186014 -5478467
-4156650 7947385
3918093 732856
-5401876 -5694817
-8789112 1314020
5073606 -7001532
709007 -765176
-9803863 -4271474
-7698607 2597909
4026589 7405971
3578092 -241579
-6879667 -7807584
5961763 3168447
2203359 6244309
-7554267 -9306595
-4785062 9696247
159985 2259719
-7007425 1058289
-2120176 6594430
-2091549 -9892948
-6894480 -909288
841888 5498409
3743287 -3669121
8928788 1038026
-9039651 -1438968
8319453 2955377
-2335855 4538441
-2293112 3956138
200447 -6374091
-5680686 2426599
-5360801 2646181
7422252 -465747
3108894 4799184
-6090034 2931180
3038232 -9011282
79430 1818417
9833179 6143752
-7525368 -9078681
-5524303 3576466
-7862501 3919772
9391502 7952398
2490839 2973304
-3070557 -2944353
-6802092 2714079
7657030 -353758
-7707577 -9966425
-432172 -7703771
-388235 9714676
2645856 5193074
6181792 3521732
7856501 8200440
4344192 8777574
2215245 7689680
-6217501 -664824
5771301 -792706
-2840308 -4080002
1409654 5162803
4734802 2166883
-5119038 8339097
-2014660 7932711
7966286 5054345
-133074 -7205885
5025143 -9949534
5243540 9478692
-4483224 -9812649
8387791 -6058316
-7280742 5889629
-3904338 -4751664
-2900136 4934504
6658150 -121839
-1685489 -7128835
550320 -6182157
5984726 9724165
579615 -4714877
-6782166 3382041
-1563614 1081307
3875422 3700472
3750938 8303312
298356 -8583082
-8395731 -8489170
-4547486 -1668516
-5778886 2508413
273101 -9311876
-1861020 316776
-9805063 7372965
2760483 -5202869
-1385026 -1490552
-9250035 -6689197
-8887722 7116052
498093 1329580
-7589113 6846464
546936 1450831
-7729504 -1197338
219580 6814226
8325056 -4914796
3416689 -5659799
-635034 6293922
6982047 7637803
-2045421 9638067
7011033 7637379
-7565490 -9334132
-8308332 -7712132
-4401329 -6434164
3198241 -7558367
-3712434 9227302
6073766 -6303666
-2336482 -8785195
17467 -3379297
5951281 -7549634
-2464430 2753399
-390047 4276338
-6913388 -9047741
8590062 8974919
1129339 2585011
222391 9060993
9726861 -1859628
-7055408 -4826747
-1260910 -8581471
6376515 -8940385
-9713083 -8062669
8150017 -7335919
6395238 6360684
5497739 8329887
-9219747 -3587294
1682457 1449020
8241710 -1684176
-731917 -8707590
2783682 3844675
-3570314 -9625502
9435491 -6086979
-5430255 6652077
4341683 9162353
3097234 -2485663
-1426048 -6919227
7534456 -526251
-5345818 -8622778
254258 -1799175
-3469287 -8950579
9978479 -4248003
-282631 9827318
-1856858 1660936
-4530301 -9524568
-3163541 -72422
302076 769733
4682754 3266145
-7565425 -7746081
3932624 1768851
9283188 6776258
2373383 -2970141
-980040 -9626508
-8249286 -7575809
625016 3674143
-2760084 2004972
273321 -327919
-500600 -2781605
1395683 2507043
-4501173 158894
-9913528 -618266
-9848533 2335286
8117783 -7095100
-4841180 -2649427
9119424 -9447642
-155032 9091444
8637655 8402612
1292457 -7781649
-5357458 -2342384
3848111 -4440477
80848 -2216089
7455992 -8911973
-9177226 2870521
-4622436 -3044608
7114287 -5265191
4116544 -6607257
5728029 -282889
-4861636 4268011
-8381415 -3637835
-3085477 -7186464
4421332 3254361
1656974 6759492
1494195 3058988
3232956 5465783
-8974694 6136738
-6079351 -2918933
-9314554 1106154
-6023324 3892993
-9151614 -8491780
-3756971 -8129408
-4736664 479025
2712488 2875925
9660289 3507717
2386234 7850852
-9335612 -8721126
4533235 9300758
-1423398 5085721
-9338939 8706561
4172344 -9929203
-1276113 3894017
-9024916 -2285997
8820157 -4839112
9053882 -8339470
5685102 5313185
-299870 2418620
-7102355 4444483
-2679591 -2520182
3503887 5610133
-4022662 -3019302
-9224076 -4109878
-4809120 -3358274
4243799 -2174489
9048425 -3716166
-3645369 4904860
-1201123 -4262879
3451124 -2405129
2755759 -226039
-6049157 -5212366
2617171 -5674007
6744613 2152297
-3403219 -7682699
-202881 2158610
-9714904 -3566458
-4069408 -6698993
-808871 -3737566
-4579488 -3293484
-2951621 -3101639
3182195 9664312
4569172 -3903196
1833926 2053178
2164401 -6631950
-4341637 7801402
5105388 -5079839
-8237494 -7874441
-3205792 -2277440
39861 1023472
5698434 -4092659
2340883 2353333
-1829308 5983530
4762316 8271475
7494343 7361821
6776534 -9817171
2363493 -5457277
639527 -7524919
-2955389 9449017
5333419 4989805
2791208 9209013
6645526 3508135
5633694 -2103404
5619156 924384
-8052144 4944254
-9148404 8175370
528703 7646291
-3853827 3192479
-6019693 8699395
-1422432 -9091510
3607671 -8525350
-3982627 7870454
2861887 8487516
7936533 -826747
-5836942 2422850
1631863 3269953
-3221912 -529382
7367215 -9206259
1718126 4928134
-127612 -4497277
6194445 -3817666
-6171375 723984
6432816 9239500
455247 -25201
-6600359 -9586877
4404125 1549167
-8064027 -476336
-1988820 2937851
-7888896 4797860
-2779289 -4052287
9217666 8790514
-1738867 1368926
2162668 8512106
3440240 8144700
6163775 6397146
-7420520 5828981
-3447035 2358221
1597721 -3591894
-1100743 5502133
-1568392 -7947031
-3881512 2298898
-8177438 -7164266
-1710063 -1945538
-7147678 -7649906
-1702193 401041
-808445 -7410615
3958312 -9968174
8543932 -30960
-1886260 -3879020
5034478 -5499475
-9670494 -5722484
6635737 7613958
6538416 9398823
4900957 -9250190
5319131 -4562327
