155 5806033 -3331827
247
-5741850 -7877260
6281896 -9753606
-2440367 2892006
-3422362 -1248701
2401602 -2040224
-3138297 -6468586
2494932 -8242425
-9242699 -5791373
-7275059 -6549921
-7747257 -2949446
1198914 -7060935
-58687 -8608056
-8584671 -5255568
4259176 -3519706
4802679 -1952425
170315 -9072651
3690095 9060830
-5530812 -3547789
-2280138 -8750272
-8274143 1046826
4578240 -9878535
-8120960 -8896088
-4687461 -2926828
-6960396 -7363658
-7796752 -9446168
-6507103 7808699
9200643 3402162
662947 -4049438
-5052791 -9384028
-8820100 -5077877
8365825 9749888
8810718 -6133433
-7164869 -5427728
-4177999 -6720094
-3156916 554993
676458 -2452142
-1348230 3937677
3527201 2555499
-2291807 3964309
4518142 6566805
-3108143 -7572207
-1653692 527391
6477954 8608852
1741177 9009255
6447730 3941515
3691403 2921077
-696004 4813555
9385828 -4981526
-9185268 2139127
-7305879 7724181
-4727961 -2342183
-8404506 3370579
8442430 3923809
-9595530 -2360953
-5794147 8666975
-8905231 -2561036
7966356 -6385938
-7777086 -558923
-9033316 -3039338
-9097823 -3519557
9401520 7414414
-5255678 4593580
9612054 -8778131
3360996 -5869850
4370683 2943139
3117308 6055117
-8057951 9642722
-3917117 -2770846
4868201 2900831
-5915841 9003705
-3557330 1590406
5204468 -4821072
-2863643 6925378
-6113960 -56265
6424178 -9380607
8033807 -5211783
9381797 -1657949
-436080 -7221871
9424631 1510204
6969695 5441268
1496386 3795314
-4045612 87003
7316157 -4045213
8855618 2037271
-6442671 2184358
-6225235 -7060223
-9364943 -1
-3074623 1495585
-8560680 -9712234
-9092841 -6672231
-1884014 7863499
-3794450 8940967
4235448 -9985865
-5959309 -1714178
-6272910 3660080
9971746 -8989614
1097389 -2260172
3694615 -4073865
479758 -9070102
3114257 -4933414
-9477285 4037087
6553438 -594626
-9099041 -8842227
3961891 5995167
9322936 -7659720
2720131 4869051
-3673630 -2561078
9969410 1442033
9727855 -9438182
-3261750 -5989899
7536840 5971297
-6288874 -3290003
-4847516 -1365771
-7919520 7405741
4988679 -1851406
4702034 5194737
7116463 5511395
-814480 1255472
-2749360 533774
2874054 -6852589
532814 9089928
9045203 8110537
-447430 6859184
-62645 9014613
5541066 -8203223
7768075 -808043
-1581694 3077906
4228488 -8520799
1401294 3570790
4235737 6308968
-5979943 8906326
4417721 -1062229
-9806757 -8863480
1670294 6119593
9267004 9960235
1566516 7060701
-2312410 -200181
9175355 611719
-7857316 -243487
1553290 -8370938
821020 7683750
761657 -8162283
5833270 9239326
-4673531 -5009855
3815465 9750917
8657243 9562206
-1500023 7835522
1488394 -4408684
-8289091 -8790428
3686160 5675040
2735741 -9022087
-6705916 -4747324
-1619253 2939684
-7303803 4985792
6614854 523431
-1792819 -3234161
-1396443 9952226
9191553 8968838
6475335 -5563173
6704096 7034374
6596580 290800
-9357326 5361339
3469007 7612909
1338833 2131068
-2193891 5179916
-1325818 -4975007
-7205979 3058202
8514238 -5515382
9470410 1174768
-8301801 -8789565
-2023725 -1398383
-1446157 -94619
-8609429 -903816
3533011 -9738252
-187526 382259
3189411 -7246540
8114799 -3590946
6538315 3832086
8479506 -5899841
9280075 -9606499
-4581506 8801967
1860170 -2045743
-5044772 -9271132
1903636 -7109240
-5898804 -5574362
-4456393 -3881812
6023569 -5406177
3690007 -3386197
9391903 -69508
2829103 -2776982
-7507170 -795622
5613432 -3981485
2366953 3123982
7224141 -5331900
-4938399 846459
-351573 6504216
6974826 -7003553
-6274685 4024949
6915709 -8069946
8872044 -1854696
4263492 -8983095
-4389272 -5584348
1029455 -7196587
-4749743 9300735
9040106 -7062290
2142088 8079361
6614228 4049288
-2826730 -9728127
-5060027 -1018819
9827640 -5602589
-9098372 -7482074
8030725 -8007581
6017368 7876454
2322860 4272393
-7582303 2933078
-3533665 1194904
-1873092 6681189
2000954 -5406584
6410503 1672715
4610426 7251211
5330572 -2033039
-7983750 -3247486
-2975613 -5538848
3442333 -810480
3586932 1964360
-3001362 -4213674
-2221255 -2995088
7397718 -4970636
9301757 6312466
-8238104 -279422
3431834 4235806
916995 -1771769
-4662001 -8441257
3231458 5434301
2685512 -8251497
-7768184 -2158116
4594399 -9467563
-5006411 -5751934
-4046061 -8381214
-3900501 8435923
-5777751 2057223
9062135 -4385511
-6839795 -5482654
-9170188 6459853
8696783 -7538038
-785880 -7408292
-6663708 2128617
