408 -7132314 5983922
908
2250371 6426021
-1685400 7196105
-5847946 -4610291
6571008 -7057671
1185255 -918167
-7353040 -7906780
8721130 -6854780
-6756818 -3517622
-7296720 -1860645
-4423970 6488617
-3058973 1630353
-9325990 -5261671
4869971 -4114182
-2085315 -5202792
-9818754 -6324769
-9898748 -6101393
3611064 -5052031
337679 -9067795
6390886 7763118
-3155049 9425039
-8481741 -9907506
-6762286 -508088
-1509358 -9760610
-9104903 -3519104
5485866 1193923
-7175724 -3528873
-6274192 -7573107
-1687288 6014638
-9188154 8595780
-7728989 -1256251
2642356 3509444
8457414 4888615
-1662828 -3746580
6532890 -8688555
-9263516 7244411
7336905 -6622158
-4613894 -7745256
5010486 3090971
2088219 3876748
-4929329 -1578065
-2590586 -2425915
-7482669 -9588701
6425938 1135223
-7752645 -6653605
2090144 -245864
-6736419 -5481634
1923333 7248852
-6497728 -8279005
-6967560 2776858
21269 2551514
5929356 -6231076
8540020 9874526
-4518151 3831814
-2291437 -3933142
4488793 7570068
7660506 -4704414
-4293114 4414560
-4450217 -9822163
-6475768 4649176
-5596688 -2202862
-5168144 5614376
2863228 -2333107
-8095760 6755189
-7951601 -1118148
-8566634 -5063320
-8778043 -5413980
-5539454 -120925
-6289111 2278329
8345188 -7541253
-9971184 1419452
6715039 -4649667
9764893 205674
383511 4938277
-412547 7831028
-4371834 -3575905
-7961529 3990765
4174011 460022
9731564 -2581949
6299903 6078251
3531284 4296315
8882336 249621
-9871304 4753241
9547922 5859234
8317982 6355938
-2224610 409462
5759796 863150
-8931176 7006781
-5538590 -1958959
8388422 -6031313
392782 4048863
-9444019 -5983412
-3007037 -5052395
2365656 4729992
808243 9240879
3537194 -8818089
-6052116 6855879
1609120 2419530
-9204883 6592933
2948871 1157043
-8433495 9113099
-7507399 3240613
-7236253 -157347
400047 -6438575
-9953536 -2774843
-8725979 -1211531
-4678591 439246
-2096797 4346354
-923654 -5169276
-5928397 2785211
3967122 2400941
-8226827 125150
5061032 431358
-2975709 3382293
7055688 5856149
-2514400 9973162
3213776 1138546
3497551 -21799
-3944022 5977523
-6797320 -6102402
-4797581 -3897558
-941960 6993053
-6144241 523829
-2129095 6961243
-253546 -4551543
365751 1942509
4584011 6229928
-3338713 2138924
-4478783 -354957
-4498807 -3798070
-3824907 5093258
8748156 2986793
-7035005 1905221
-2117256 2245707
-1340342 -8462675
-2360232 -6398224
3111182 -3621571
-581390 -785840
8691756 6966941
4931751 7289516
-8251623 -9045438
7184491 -4702498
7436426 6332388
-4022569 6362130
-7435940 5473995
-6916395 -6005024
6981770 -8744495
3160726 -8168239
-3406179 2463117
4000442 3559822
-322049 -2230169
4148260 4156562
-6629277 -7210867
2272426 -6433129
3372739 -7937521
-6982959 9720529
-4981969 5121116
1453504 2717884
-8403634 -7545543
444805 -52713
3942264 6676779
7932284 3528410
-2123476 924034
5903503 1093011
7169185 4470345
-7759824 -7579703
6576860 -3152864
-7847379 -1095212
2471659 2463935
-2957234 -3058600
-3338071 8360750
3481866 -7423841
5294044 1679961
-3349230 7451722
-2600990 -593238
-3916459 -388073
-6859662 -8658726
-5218340 -5984174
-2374811 1016862
8003559 3201515
5621812 -5205626
-5842137 -9756265
-851477 2198672
7178959 -3689516
3251884 4136535
2497285 -5778275
-3202115 2430166
-5889873 8495504
-1536422 4608281
6531395 -6722751
2889177 5862588
-279786 -7385063
9147115 -1454133
2079081 -2981774
-9780259 9288656
6599382 82640
-7157273 5841554
-9443422 -9242755
9584082 -5492398
8644137 251890
4473615 -4647682
7782484 -6342225
4669631 3787852
-9087515 -8107389
7686213 -6866791
1512150 7443881
2575170 575390
1637609 -8767636
-9233057 -5761363
-6472707 -6283310
3799330 -9013316
6828238 -9873325
3400273 6642057
-8850341 -98831
-9846941 2984355
8336673 2310149
-1515724 -2856974
-9069121 6119158
528121 -6846093
8803468 4359716
1803597 -1785666
1306076 315618
-5935665 6895119
-8866244 -7056315
-3339625 -5168722
-4182038 -5338951
7304077 2976057
-7865534 5162553
7580074 704350
6205057 5800478
-9373021 249485
7392511 -2941918
-6822760 -888745
-5218486 839742
-4800541 -3778286
4436048 -6415018
-3583047 -480592
-3585472 8258477
-8797838 -7002360
-2171082 -9935364
7242038 -9621110
3354947 -3836768
3842137 4546115
7766817 -1994234
-6193756 -6061437
4188048 3971874
-8970044 -5566777
-3939170 1580560
4936654 6723549
-7054737 842344
-3056322 2652465
-7828126 -102337
-1843860 -4123017
-1125377 -8897246
-8832610 -641697
-262807 -780107
-2100522 925780
-4528105 5608492
-6385742 -8258385
-4319821 5755064
-273062 9936854
6886429 2384579
6481491 -6726753
2513148 -7052741
-3694045 1418146
-5929389 5458411
-4643926 -4234014
1642969 8758837
9861591 3512215
5386870 3033945
-7746162 3545334
-5528886 7640415
-4234741 -7330332
-5588716 -7540638
8214426 -8104130
-8167276 -7392185
4992394 -9542283
-6269036 1235506
4182765 1473886
5408384 6244112
-5781125 3005073
8771059 9478995
754185 -7908699
-1880132 -7069620
-1519323 615776
6677462 -6493262
3663505 -6749132
-4079464 3664929
6124291 9428765
3840987 331820
-4544013 4338717
-2687214 5673711
-3090783 2964734
6954972 1043750
9804214 3608335
-3386592 2363356
-5641297 6539441
8630743 7900819
3347551 -2370760
8245017 -3249389
-7226298 -8171771
-4920903 -2561169
-8896240 -1046441
-1617676 999633
3847806 -255597
6599473 -7776689
413375 1820145
-5215121 -6087741
-2527638 -161056
-6552721 4256203
9135911 9792928
6332370 -7422961
2994210 -6505385
-6359793 -2520535
4230076 -3658238
-1830009 -8114776
-8159592 -479870
8473690 -4234560
-718575 5460520
-4795076 9372366
4112030 -6870769
-2534271 4320749
8233008 7041757
-3119299 2250608
9023164 -4294630
-4501701 -7155667
7937724 8159075
4170042 4347021
-8173514 931935
7273697 7810250
2211826 -1427086
8093045 7960040
-6274520 4052234
-487245 -916913
-1544547 3006905
-1347511 -2765969
-8445220 5083835
2125592 6118218
-9114822 2304140
8009511 9006294
4366979 9908342
8067418 6024162
-7112465 2304703
-6763362 -5246188
-7435938 -5285979
3286935 3026687
-6496921 4775889
-1171877 -6103668
2979419 -2771441
2751817 857230
607613 3951225
-964940 -8595694
38876 -5321255
6982886 -8839347
2683299 -6559594
-6651251 -2491251
-6467089 -2949722
9354981 3932519
8686331 8936798
-6349181 5107972
-9348989 -8749606
-1457365 -545894
3350439 -5845909
-6100998 -112890
-9255659 8846210
2797435 6650819
571477 -6131694
-1452948 4348848
5509501 -9389647
6567112 -4470062
3038687 -9290848
-2240570 9915861
-3635268 -912050
-1975252 9630763
-2744913 7567415
1334161 -5808081
3646025 -2093901
-5423458 9876796
-236093 9512816
8359027 -1524456
7642716 -6975400
-3107094 -6327186
8021662 -1785807
-8659101 -2043690
-3997400 -3952485
-3243333 7908011
340224 9041287
-9354411 -2967551
-3336787 -778692
-3211277 -8813311
-4621392 -3565348
-3142897 8122885
516033 1540986
1053802 1433645
2425542 -9720060
5820892 -587171
3085644 68258
798803 5230151
-6813539 -6376342
-328826 -5343946
-7435935 -810938
-9253299 -1055807
5976643 -4579359
4641949 3908643
5095332 5156208
-8409140 3947025
2069910 2990293
-5468721 -1552036
2397961 -7414057
5382236 -1898567
30615 -5176497
4891761 1203128
-3566721 -6883741
9256269 8206917
-7137029 -7863907
-6158493 -1072557
387989 -4572963
-6635970 -5411792
1013203 -3635368
-8479160 522332
-5530643 8624888
1615181 -6888300
-5923984 6539267
1641562 -1337188
-719403 6473978
-8702519 9540150
-6740369 9311212
4943823 -1294405
-3087488 -7790738
-5654645 4200093
5643888 -224517
-2281128 -1813138
-4708577 -3968123
2396509 1082903
-8394765 -1179022
-2554134 3917349
-454598 -3925408
5130211 1577399
2756563 3621418
95396 9288125
1344628 -7962839
-8651627 -6090770
2614825 4604259
6813521 6292197
492290 9527337
-8180828 3675229
-8137909 -3863822
-5315592 -461955
3137300 9669866
-1509155 7080917
-6485381 4742535
3333479 -1546937
-9969537 -4423627
1714143 -9019958
2784519 2787026
4824187 -8190460
8235122 -5870853
8733406 6172561
2464758 849947
-7106364 5546928
-777843 5473400
4125930 -5287192
4250853 -6399400
5786819 8810338
-1592392 -2611847
4647040 6794016
-4752921 1922227
14952 -9503129
-8523087 7793894
580921 -8270905
6054987 4261433
8390580 7921460
4094021 4290109
-4859944 7123987
-4812733 9075131
4548531 -9449956
-4737147 -3074224
-6957272 -8809186
-9998848 2030058
1934564 8829547
-1860085 -1591240
2847339 -3418396
-2921524 3386995
-6302759 5378643
7107739 -8928259
5333174 4278162
2199623 3162726
-2547164 -3759893
5880446 8809996
7885128 -4890756
-4340711 3584065
-9490159 -5049989
8657177 922142
5468552 6068921
4898469 8658330
9583442 -2596884
-3498927 5554736
-8541917 -5052866
-9674223 -3904099
-2832358 -4844675
9433487 7433516
-6887405 5017169
3773628 -5850538
-7040541 565431
-1808973 -345926
5754491 3360939
827302 3850316
7288810 -1219316
-5150395 -515520
-1857190 -4726285
2676831 2264426
-2180837 -9757396
-4810262 9177904
-4726195 -722754
4432571 8031868
5465384 -5042200
2491321 -3617589
531873 1094331
4176114 -3735051
-1564625 -3992316
9368623 -7632858
-1266190 -5810134
2970550 195926
9680406 8538973
-6187312 7820155
84582 -9660432
-9417828 6489519
-1816224 7903745
9697343 8288263
6320131 -4026067
931733 -3353733
3028678 -5698133
5396199 -6576946
-7795645 6076903
-7915412 -427687
-5544193 639730
4829596 -8546789
-5834511 3189618
1728591 -9683502
8136654 -6154105
-5814537 5541279
-5452850 -9262412
1157685 7283988
5572251 2730926
1221212 855028
7501295 1892382
6194249 -7847055
8092352 -6953675
9123229 -5893200
3679114 -9703293
-6547210 -8792183
5177380 8134921
-6159109 798738
1115237 9342870
-6811235 5569482
-6372887 -748109
-10521 9890581
7174569 -1825736
3421542 -8852836
-5481456 2746820
-5360798 -5357246
9312052 -7980160
7582517 3349803
7456604 -79244
-7266185 6705746
7913563 1135718
-8213009 -3813395
6985344 3090944
-5049834 -4372117
3713717 -1899419
-131176 -1861069
-1970488 7340831
8031447 2374655
-3961829 -4795919
467253 1452989
6095744 556715
-4907093 5106455
-9027389 -2075852
7844904 -7324575
1897523 8429215
-7918715 -9421281
-3234675 -188913
5418383 -6131724
-7987489 6267021
-5632398 -9631451
-8976168 5726229
-4416588 -3247222
9127433 -8430303
-3226222 -6385141
5067848 7681956
-1761329 7241032
-5136161 -6320056
1604092 -4152069
-8960292 -4163550
6782017 -551004
27716 2937231
5264670 8863302
5247931 -690607
-4423586 -6800595
-6432046 -223206
-4496977 -7539632
-786854 7108139
8677836 -6397213
-2782354 -9143069
8538887 7967966
5208998 -7714505
8481791 9293910
-4858159 2589190
941992 85884
2051232 8697901
1635133 -9759638
9103664 -7921052
-6095307 9416155
-7384439 -3132053
6644742 -518893
1941475 8699867
5808006 4664117
783257 -8845379
4527904 4485842
2453809 8000903
-9713602 3066791
2360702 -9820841
-4715299 1284542
-8629574 18895
-1283203 6226694
6467056 -4061990
-9466689 2868282
-5199211 -1912928
-2528628 -5561996
3919112 -2583650
-3883782 6632466
-6187065 8376939
2047913 4440576
-8557229 4596192
2597096 -3424183
9642609 3896580
-3407909 -4600154
6684388 2003311
4538558 1876793
-9380161 571166
6509177 -6744645
-1360011 -396753
206671 7042488
-8519508 3440779
-9142871 194395
-3173139 -2084044
-3707104 9489699
-3553372 -6843851
7752341 857161
7432978 -2110601
4302331 349437
-1734364 7075587
-8404750 -9105578
-4712433 7466376
-1962457 6133809
1905516 8423758
-9456643 7063072
4105560 -9454494
-3497363 -6733619
3460776 -1897596
-1465287 -2640234
9365818 -9712362
-6556213 -2656039
8201122 8328798
-3781803 3712480
6578270 5634100
-4773960 -9479472
3931302 -5156094
-7689718 9337642
-2012197 9218870
158980 -7135823
9927249 9893320
2955178 702338
3968719 -3450839
-2832082 9457815
9333933 9945847
-9766515 5702631
-6953408 1216103
-455099 6193624
-93895 3764066
-8085482 5763098
-1200022 9000727
-6155367 -2859442
8994553 -7268719
4466503 8671267
4051797 -3017644
9392028 7141835
-2155827 -3504602
3044560 2347206
1805021 4329244
4275092 -9787522
-1568539 -6344693
4871410 -2975071
5734906 -6005595
7758471 -5583688
-9820590 8157363
7158090 9672989
9329900 -8504259
-5772978 -8997277
2190342 840805
7823161 1209877
-1648288 -3757861
2737538 7215190
-7921252 -1287762
-6958518 8298450
1027280 3883770
7539077 -167074
-625792 9458741
-6546854 -5073161
-656849 -4890886
-6733523 3727969
3400958 -7961086
-6465345 -9575433
3943642 -4752790
6088015 -9721971
1487906 8650336
7408828 -3572471
-6357281 2355970
-8931792 146366
-9038832 -4278533
2121589 6626043
-3541031 1988448
1447189 -7822982
-2896142 5833177
3458643 -2583313
-8855344 -1036639
-6481373 6725120
-333961 -2938034
2309177 9569634
9847663 -6390319
4776370 -9086456
-2658927 -6148079
6207892 2185198
4847916 983792
-778388 7276100
-3581505 5809084
-2202468 3859553
6036572 2877465
-8773006 1761073
1694112 5656782
7136495 4685638
-6072890 2838768
2417086 -9344877
-9775243 -3890498
-7764465 -5273737
-4360192 -9927579
6440694 7011905
-802897 -4502767
6481026 -4835062
4957391 -5954981
9854103 8218990
2078543 -8624114
4253351 -9832013
-5554588 -9368533
6288249 -2003302
5198688 6139524
-8505356 -4058903
-3403780 1642150
7751652 -3571917
1154346 -3179023
9409750 9987188
6999093 -689494
-2675908 5850445
-8984617 -3803803
241216 -6194882
4540460 5972774
-134987 -7388328
5296011 9135355
9766823 -5881636
-5368586 9741424
-1602700 -1428576
4512521 9830102
-6011395 -7591703
-1163620 -8891259
-9553929 -8259743
-8272555 2507078
4333937 9855821
-1777382 8726539
7439088 -8341971
7979499 -8245646
243480 -9803344
5324680 -4963689
-5828334 -9891507
6743210 620692
-7121532 -6061511
-4973734 -8625376
3721079 -6207880
-3799583 2055139
3163881 7709684
9449941 -2446851
2576580 -3873696
8498477 3693739
-5063370 9426869
3601250 9237448
-9008198 -7624282
5088726 -5902899
-866588 -6248366
-6139872 413407
-8965901 -4178570
-7723728 3119690
-2989334 -6087433
-2295313 -2697462
9357677 -9268255
957781 -3578543
-3509042 -4962090
1164214 -7075925
-865834 9067538
1010759 -7820956
-8583508 4070796
-1037134 -5387991
-8774538 -7591706
8676280 -5948408
4464999 358874
6180305 -7463592
-1827550 5499098
1928017 972929
8275467 5183117
-1568786 9632705
8570514 149496
5187407 9388996
4829423 -4938528
6645363 8867973
-8952983 -6036411
550737 -9827526
7300836 -7536491
7388155 9513603
-6434805 8526298
-8598475 6064436
1117196 8030195
-3954355 98182
-8928889 9289647
4472764 7973663
122720 9346578
-7987574 -7096022
4809326 -1306766
-3728942 7199833
-1415841 -7844899
8635042 -7083579
5605248 -368824
-5388962 -814221
-1300618 2906084
1432382 4515545
579981 -5219070
-7188875 -4649741
5448441 4213530
3503177 -1143230
9346785 6519552
-1617518 -9507707
5912623 -530495
8162739 394909
-9888906 -6761698
-4606597 -5566202
9866571 -8788395
842782 6544798
-4269423 -2011829
-9105745 -2029828
-7514283 -3053688
1727242 -5157010
193249 -4417949
9795581 -2945281
-1572159 8158043
4677595 3298758
-3692597 -2225373
7244132 5576430
8487691 -7779974
-4541672 -2076776
-5126626 1115137
2326743 -6631916
9912882 7256297
-4755531 5685877
-6343951 8159811
-4893877 8655076
-6501934 8658118
6756521 -650283
6404436 -3792332
-5634289 6552102
-7632788 7348630
7639609 1559658
9652440 -1325385
-6589006 -2599907
5323317 8140131
-8228379 -8614326
-5246242 2713043
-7514307 4098364
-215759 7182992
5342804 -9753486
8901590 -4043358
7131112 -9551073
-7685003 4916009
3640029 3887634
-7043912 1235785
-1415585 8005740
-7918250 -4676699
-3485732 -3775976
-3859530 -8265809
2390674 -7558386
-6172711 -8536213
-3306817 4162295
-1739341 -1418953
-4235960 -821124
-8058258 561252
-965754 3623196
4072123 -9156668
-1724307 -3834641
2569345 -1096528
-9860742 -8084278
2437814 5525433
3365086 -1276327
-2535950 -2964083
