608 9359562 -1610917
645
-4357275 7088755
2242985 6371002
-8977609 777204
4141209 7125123
-2110049 6818314
9245939 -5791290
-4531347 4706711
5622555 6570825
-501248 -9540169
-3681313 9708092
-151480 3140474
2078292 2215973
9573055 -7570439
-2723787 6860502
-1263584 -93301
-3004545 5665297
-5447349 4379141
7672698 1754792
-1120085 8091394
4909708 1813907
-1461031 -713782
-6007071 4155648
726473 -3476026
-3016195 9615485
1839929 2741577
8398403 -4181156
551170 4204801
6634362 -7006953
9853549 124225
2547277 -6089425
2092224 -8893683
-1998189 2059084
-6186124 6644875
4736269 -4325491
4768 -4789857
4496361 -7837670
6317978 8543737
7584063 8489291
621128 9560803
-5181268 7084220
-7096936 -7538943
6665858 -6782865
-3789817 -4029414
6094812 3300220
-272853 8580084
2202754 -8841559
3217525 -8180628
980599 -9795435
8395426 7031401
-7758456 8233221
-9604449 -9083454
9460283 -745743
-2256452 -770119
-1209316 -439302
-3355082 881028
3342085 3609416
-657097 -7935666
-1965079 7943
5824515 -1930562
9165875 -5870267
7804526 8068015
2403739 1368629
-5910454 1022051
-1946548 -6615662
4133911 5001324
5917870 -7188652
2065605 4529462
-6240657 -2105495
7455203 2325506
-6793466 -4933621
8675795 -5899879
-3835545 -935028
9072915 -9464949
-1395511 4199376
845461 -2586217
7998150 -2229636
1655345 -1350013
2188390 401889
3786227 -1738757
-6737433 2758194
5569542 -2079861
4965953 9180437
-2925058 -9848500
-5006642 8725297
-6208324 -5469855
-8853382 -1800108
7264864 4983824
5518875 -2688926
4026802 -1145868
-1215733 6639716
6926433 7388616
8554955 -3217583
7184306 -8901870
-640626 743346
-6498460 -6513115
-6076624 2621941
1802379 1587435
1738935 8889330
7614627 1393673
5923819 6732293
7448537 3922655
-8577169 7070437
6897863 -2770246
-1399762 -541942
-3902225 -6558982
-9170366 -99143
6683274 -6975792
6638690 1900941
-7355713 -3616068
-129183 -4001936
8620006 8662180
249615 3794194
-4800124 -7061263
4332410 -8011450
1237195 5330855
-746490 -7227419
2359371 -8797916
-1568162 -6807306
2650752 -8226414
-4785396 -451572
9449285 8748527
4289087 8560590
461532 -1351089
5032843 927778
-557806 -4377829
-5715649 7420013
-6269441 -9421448
-6482711 -2949682
-8444780 -1069565
-5738710 366052
3138633 2792415
3994500 -3968848
-776154 -4501996
-2728409 4942690
-5508881 -8125401
3139478 -4997453
6079490 6456756
-4894332 9944918
-6610952 -3458978
-5320455 -9861489
74876 2831242
3409795 -8519751
-1469433 3805435
-7264130 -556564
9809488 85788
5394555 9513512
-4455335 2948122
962478 -610945
6848098 4768511
-840538 750421
-1730679 3855569
312325 4815293
4760211 -5651189
-6593815 5417993
-1927143 8149259
-6503147 -1914270
-7917669 8147733
1953169 6906648
-3649915 612899
3215039 -2794609
9235256 -3840427
1624047 -1390406
515002 -5220079
2064784 5102878
-4146701 -2636900
-8781331 3740599
-1444108 -3361028
987783 -5952654
9465340 -6683897
3981714 4393968
4996051 -2461803
8202282 7478567
-3098432 7078382
-9792367 -7328197
-122805 -4231995
-5556070 3422672
-7967733 -8371197
-3591276 6067978
1170856 2547269
2426721 989860
7246811 -459493
6179480 3645390
209088 -4197297
-8364842 9683615
4077584 -325572
-271023 -1866776
8128144 -8410013
1184721 -2068740
603063 -4970288
-6685931 1392355
-5184973 2996610
-2858235 -2242001
-6174023 -3152706
1910915 -3933159
7056702 -2486815
-429955 -5662364
499378 -3180135
2622569 8265877
7949492 -9291533
-7100753 -3225921
-2576344 -5456572
8649767 2628225
3075837 -4448200
-6902136 -165511
-8773156 6195252
-8291785 -3588067
4169932 8558223
7921870 -1150020
-2566826 512262
541799 -167215
-3313226 -5510124
-6173907 2628196
894073 7186152
410971 -1034986
5739094 -8640082
8419698 3310219
8454796 5679102
-8769098 -414182
9420307 -5953015
2758589 6845118
-6742949 3163503
1721726 -3016844
-1650511 -56665
2971949 -356404
1992734 5782663
2788891 -6486251
6141945 8679508
-1617988 6614984
-4420001 9552371
3428641 8792984
-5380445 3835445
-485453 -5635309
3950509 5590703
9637688 745449
-9893081 -4112832
9050671 2396277
1895786 -6636030
-4176343 -6711250
-4551302 -9754725
6027938 8795607
4825708 7441432
-1362708 -1183171
-4568187 -6515995
5552728 7019305
-1671359 -6471836
7363609 -8502279
-4137587 2948196
-1461101 -3121844
139957 2329274
732795 -9307061
3089216 246876
-3872802 -7700182
-4411432 7501354
7746629 -5532792
-6737185 1037267
-9004949 3774567
5107748 604875
4088880 -367656
-3348351 3055914
6584078 -7842039
-6344318 -2503358
-9555162 3947688
3342196 -7965553
4363722 -1016263
-323324 5998506
-3754618 7612869
9912687 5282244
2783599 -5111067
-643859 -4498744
-945125 -6953420
-662500 -4864692
-1743465 -7433722
2198622 -5554752
7501162 4861767
7019728 1366623
8863265 4085241
-9450719 -9324589
-7290142 1824455
3324544 3891477
-110017 -410068
9719153 -6998780
799817 -1348282
-3942997 9631841
7649449 6099768
9146348 -2070504
-4418844 9220676
-8213046 -8999800
-4554551 3837691
-1300542 -3498071
7868552 -7053389
-451796 8235539
8910950 -751830
-8927375 97485
6505315 4137160
6243445 4397170
-85258 8911650
-2436632 5962598
-1889209 3230911
-8152969 -3863277
4066219 -4239760
-5019084 -9006620
-8006420 9647375
3485066 -3232129
3269800 9955381
5418345 4700877
2936416 -6345296
-4580774 -5033451
-2419613 -5636282
1017230 9008204
-4078274 -5914298
5513704 9777027
5739626 5836468
-8416268 5593425
-8269852 -6149583
-7872990 -6569237
6940495 5796368
-2039905 -2892074
-3607851 1450428
1405809 3961514
-8821257 2178301
-1650642 -3175846
-5692944 4115159
995229 3768584
2776788 1887443
-1510503 -7987541
-8210513 8698514
-2948665 -5996799
9596626 45465
-3587766 -1364933
2065830 3843127
-7844153 -1460756
5647171 -8477322
2973106 115942
-5922544 4555672
9250326 -5621085
1203070 -4743801
1887710 -2400316
-8631732 -1973522
9913921 -7117061
7411751 -3338591
7876275 -9080230
-5077029 1717590
-8236945 7443962
8595381 7035950
-6604571 -1824711
-769114 -6822436
-5299758 -4448724
5667218 7394409
1950081 7673348
-7947737 2261027
33578 1200407
1316443 -4228315
-3685485 4437641
-163068 2684712
1862473 -3771564
9664558 -2751317
1482625 -7744900
2215415 -5412470
4139832 -4237968
-3546326 810796
3988360 7535261
5602889 5684560
3078969 1204954
-1121698 -6213541
6047486 7545402
-1254190 -6553082
-8265045 8597417
3035058 -9937747
-4736683 -1950529
-3205741 -7128010
-7362974 -357858
-5586405 -3541182
-6437300 4119651
2398036 6629010
-2560194 218884
-9729503 8851710
4536270 3944519
-4850527 5873386
9659845 -2384761
-4839359 -3455872
-8954 -1776316
-3178899 -3577197
9001409 -5757647
2291824 9856159
5244501 6781078
8939573 1602436
8061254 397879
7033883 -6646832
2498530 4140306
-5640810 -568081
-1716371 2454688
-3600793 -5370313
3019425 -7180101
-7048510 -5934967
609161 2679270
3419306 -9371517
9567639 3116559
7358912 -9759593
2612918 8569048
-2133522 -7832911
-3714123 -9626228
771651 9322403
-7324429 -5652869
1003789 -2194466
7237453 -2309547
-9854858 5362979
2509018 8037434
-9142667 -3455651
-6874266 -4471557
724065 6325175
6953659 3734895
9367806 -5856628
6900131 6521298
-2393302 6726719
1410160 -486950
-7596826 -2010472
-2688068 7696037
4559520 3174825
3496712 -7496145
194309 -4436691
3442640 -6749483
-8712048 339451
-599848 -4048342
-6003547 4661637
986813 2525887
8777134 -2763130
-6103406 -2059528
6978122 8144941
-2611988 -9203274
-7173872 7101172
-4909300 1314524
-989439 -4770698
920479 2402632
-2577160 6086433
-8350258 -5582809
-9815939 7617149
-9527048 -2391266
-3923256 -8527987
-1349998 -126896
4915343 73197
-173581 9636815
-9906361 3692478
-5646229 3723014
-2963908 -411887
-3310715 1741783
-6943693 -7621428
-9875774 1779986
6698970 -5416780
-9330347 1044705
-2021751 -5878190
-8261041 4835747
-7555519 -1837690
-7849325 -7788089
-5398632 -1478775
1110774 800677
-7046155 9516711
-4274459 3453545
-2823441 5563836
-4848050 79312
4337447 -3270997
-892425 1841235
6137573 -89894
4493326 -768199
2792859 -4647104
-525294 -2320669
-7484922 3287460
3966122 -6269982
8458281 7475911
8513488 6116797
9433826 5576001
5092713 -7859386
5594160 4904023
467860 3334606
-6586081 5287071
4532427 -1863838
2493749 267718
-9822175 -6359998
-4611844 -1368677
3984219 -2812497
4866835 697367
-6015173 5975277
2221647 -101735
9890529 467301
-3415902 -6803719
8772282 8404017
3060984 8534276
-4045348 -3618653
9715954 -1344856
6458567 6422512
7075026 5646225
-4086057 990994
-2852651 -431225
8200098 -3908232
-4204376 -4948143
-1734424 -5299331
3192299 -9337541
-6922924 2250403
-7282296 -4586054
-1389773 -7032395
3887975 -8181846
2868782 -2617490
3763857 -3051041
-1879545 8823434
-2237702 -4003837
-8357612 -5420978
-1913631 -5162676
4406100 -9927316
-3835548 -2249930
2801927 -4877450
-7660428 -5523572
-4861113 -8932497
-4165742 5531871
-9054183 -1784036
-6300079 -8931686
5402820 -7927603
-545093 7587896
-5463145 -9212046
9611389 5735116
-8268720 -4826338
-7730963 9890039
7243716 5890020
5962704 355406
621828 1649816
-711282 4643509
9119937 -6576245
7007610 1628290
-2839839 6775177
-5008859 5358220
-1057114 -9377669
-7305272 -8792586
8795311 6862058
7650012 -5334013
-9598897 5848518
-8977819 -222247
-332207 4648735
538756 -6708782
-3837024 -3088491
1077677 9017812
3661321 6784804
2724911 2882747
-5488962 2781259
-443564 -7751127
123445 -5812449
-5190118 -2936071
-1728657 9066331
5928389 -9979038
-5313051 9583006
5431525 -3905247
5872507 7604405
2253140 -1029942
-5222372 -4459700
-5031839 5308248
4326061 940604
-9758240 -1437810
-8555063 -2012618
3284993 -4516977
-9751752 8472327
-7340121 5357781
4938062 371693
-8045624 -2530239
-9992924 5725758
5308764 399117
6493870 -5305975
-7701570 -6743359
2226699 2366377
423029 -2932077
-7623829 7004327
-9538717 -2092458
6469732 6702232
7205967 3219395
1218770 7914670
6386997 490960
8365094 1467018
-8161289 1563228
1549342 3303156
-971086 -6206913
4192204 1556418
6250443 -5662321
-9889328 686075
5568804 8548874
-4383203 2337372
-8141949 -4008166
3899376 -9490680
-272095 4835687
-9428566 -7114539
3316483 -3066128
-58816 1790205
-6742777 -7780168
3783061 -1693722
4125787 -4904065
-8594626 -4667597
6888821 -6845299
-9991268 -1886069
1316358 -4344384
6720842 -9880595
-5026871 -3114838
-4606652 4853991
5363312 -3168820
4183219 9292725
4694538 -4908783
-5458559 4754654
-3455141 -1988979
230853 4482625
5305256 -197918
-2585631 -5986086
-8137331 -8052605
-4897904 -8663904
-549973 8751490
6923459 7627181
7746586 3282737
-9832101 3644301
-1501707 -7280285
-7932753 -4438752
7370325 -6138395
-8530826 -1233181
-6478527 -5418785
2592236 -3989385
3009592 -7417316
-5098882 -7176911
9353356 -9168800
-7221405 -5168160
-3832064 -8783975
2483868 -9602956
8024225 -1865685
-8582948 -8076321
5567980 -1712837
-6476770 4101303
2178903 -5933727
-9555770 8106829
-3126352 -450772
4130443 -8086596
-9559629 395121
-4505843 9239031
4578473 3449964
-3202484 395276
5227116 3931829
-2335794 -7907536
-7510492 3911404
-7954281 2664426
4588105 3030085
-8682752 5979123
80426 156086
-3261289 7356830
5463659 -7740670
-5675090 -2817058
