98 9602307 9022574
176
6416490 -760805
-9410584 -3422040
9422016 -2885043
4521863 1858606
7755040 -5627789
6485134 -6436697
813264 -945099
-6384110 -9360905
-3015151 -3488519
-5668494 -94290
4608881 2303112
-6855355 -3858393
9989129 4381944
8073269 5492314
-2389027 9278304
-1482501 7095844
6190156 -5972536
1142421 -8376732
3481874 5612172
2500736 8180637
-8256060 -6246734
2808167 -8497778
-7858683 -4926444
1585037 6424057
-3670233 -8357481
3945631 5916543
4574502 3455001
-2163055 -393372
7615295 4563632
-3641712 8426566
5522410 -4773732
-746268 4875788
-984592 -5771081
2357443 2912506
-6390505 -7502718
-3749452 -5141821
8876753 7869787
-7056656 9058715
-2000875 -8981929
5176942 -2955267
5477629 4328892
-2216107 -8361075
1245553 52131
-5384237 -1862810
-3436243 -8622800
9119821 974052
8366192 4602519
8831438 -9110095
-3681237 9897952
-7604766 1188882
-1436587 -71742
-2201954 -8837866
2737201 -2559833
-9025410 741390
7786123 -9263674
-2418429 6151532
306809 -4219896
5832236 -2118184
6019007 4068714
5445915 2964351
6454755 -7417236
-298365 4565736
5455641 -2662701
-2764749 -1466926
2238308 4290757
-5780985 -7853163
5825323 3318073
3274592 2017061
5274803 -8921123
-8184797 -3234466
5433418 -4422721
1357383 -8086874
-205057 -4259773
9808942 9705971
2670323 8330302
3429418 5254857
-7663055 -8358570
-1021270 -6868947
-5819521 308938
-5400305 -1269667
877171 -1064861
-7746787 -1181289
3352124 9218846
-9702277 5527805
4809692 -8856720
-3279441 -7887073
6542405 243110
5983338 594294
300266 8853700
7184002 5792280
-6436511 5486941
-355277 613420
3744474 -4099566
-1274276 8623453
9870139 441305
9376445 3325420
4660483 747310
-33844 4146010
-7809833 -9471041
-8327761 263880
-5106841 6999859
-2757030 -9090850
-5980203 3951916
2805617 5742660
1534940 4320063
-7676644 -10381
3119392 -2385219
-3968433 -5515569
-6892115 9380218
-178477 4757291
-9400937 5494376
-3758314 -8285680
5860330 -2224102
-1695142 -1275806
1504426 8050498
5050357 -22903
-6597400 -1086063
-7134146 4809679
552339 -2577603
4258812 -1812177
8177442 4603631
-7781588 6582168
-8933401 1296834
-6806596 -9233669
-1960025 6690836
2185212 3014928
4729248 -1360962
6414937 943250
2183797 589579
-8843571 -5280205
-2786756 6204575
7634865 6206786
-6467182 615844
8038241 -9499281
-1311458 4085157
-8794859 2297053
-8604427 9382336
-6804477 -6576447
6706237 4978525
-5814287 -3611073
1920207 -5253788
3385250 -1112722
2346880 9165808
-7728261 -7683461
9552686 7047029
3251605 -6571832
2151306 -3234069
-101873 -6597178
-6096459 5684124
-7714366 -9547279
-4733874 -4891565
7007123 -6509225
9430680 -3338300
4156577 2718998
9107926 6136917
-9116871 8342290
9745920 -6455515
-7289707 -3215268
-898729 2092801
-8343818 -5017968
-9073448 -8829690
-2063759 -2575861
826961 3077859
-8721665 350720
803441 4730502
2355289 -6436031
9571096 6069568
5247620 -8121235
4597763 9001777
-2344954 -8079451
2779191 -3777959
-233473 -8945472
-2160740 2525112
7134265 -5006828
-24795 -543117
627193 8790447
