58 -1176631 256477
168
-3382218 -133577
2822464 3670086
-4850701 4923753
-8785714 -9789037
-7450663 -5399152
4570773 5777533
9804692 7046341
9370361 1504277
-7109718 -5271164
-3389017 -8068981
-2542584 9298307
1286200 8064342
6346077 2132023
2048804 8162553
-3014078 5535596
-4597981 4821633
-8991929 -3879943
-8956190 8224483
951799 -3842629
-6725429 -7741904
8035629 3501136
-6936171 361696
-8134026 356674
5085510 4950542
6881561 7272608
6570915 -8303507
2277187 6855330
-1012647 -9626532
8536021 -8860384
-808435 3552509
-9109506 8038295
-5841648 -2890064
7850772 -8101434
-1944063 -4797838
9976611 -1197429
4820059 1330508
-8307795 528592
-9114734 400241
-4649217 6074531
3347139 -1512872
183621 4748697
1604027 -7565594
-7192126 4977160
6116777 3107732
-3339758 3860247
1898543 7824694
-5065370 -2449264
-8034346 6056895
3775410 -7214598
1587973 21591
3868452 3752021
6796965 8924385
-675374 -1922991
6667892 7682232
8685712 -2808239
-8059542 15031
2449437 -8614314
6362846 3544485
9168570 -2226336
-8366089 -5004025
-7179331 8345164
-4104100 3532454
-410650 -2244700
-6942946 -9622093
-7084150 -6635240
-366867 4645028
-3914235 6784302
7377663 -3569902
6628682 5410391
5118504 4045555
-5939414 5314395
6700081 7058963
-6880200 -973624
6800040 -4420721
575255 -7711630
-9366466 8433951
1966406 -4087724
-3816072 9045787
9423694 4072108
-46780 -759017
6402363 -7660456
1640199 9586353
8532803 -7511872
414871 -982138
5579770 -2322162
5508585 -4466625
-7407662 2156708
-8816916 -5274982
304297 -4287861
-9483139 7983124
-1066572 3395904
9308181 -8849604
2712535 3416186
-2511706 -4507891
4733092 2136229
-3007875 -42134
-7939429 -6348193
-3860065 8632324
-9833461 -9406626
-9212436 6554806
4604534 5746309
-2096983 6296149
-8978833 7196872
5425363 -8397546
9585578 1325465
7237721 -1541423
-391027 -8964642
4451544 6545902
4554364 -7678492
-3025911 4456190
6930408 -8196192
-4544384 3966214
2598539 8990979
2100706 1595551
-9333290 -4718570
-8972261 2888270
-815580 5271244
-5015532 -8552892
-6950438 -7278061
-3436244 2926184
-8615239 5151493
6186851 -6198522
2863732 -6489914
8347946 -6845252
127290 -2581904
-778095 -4677965
9288249 -2942301
-3951322 4677521
8789424 -5596860
-315430 8149384
-6445993 1972486
9760082 -6771339
-5324230 2738427
-2023282 -5255449
187087 -2274668
-7123175 -2943173
858305 1571848
5081934 1580029
4734777 -6277963
-6343514 3429880
1268267 7378419
-5563882 2878391
-9927736 -6927132
-2523991 -6998851
3666885 1378040
-6649473 -323069
-4578055 7220892
-7524329 -6889391
-9628488 97715
339399 452390
7509217 558599
-7869553 -4267423
7312606 -9116126
7122263 -271267
5674965 -5436265
-8057846 -9221251
-3826508 9459584
-7467547 8894625
4412126 -3754244
7623797 -7475186
-5281903 -1920989
-4700096 3490676
6601285 140042
2754109 -2224425
8227965 6972798
-2468603 -6906491
-1173914 -1746466
-862592 -7821803
