117 -9834460 -1952150
564
-177064 5695880
4288904 6344960
-6596806 6993835
7442827 -8990717
4824252 1704622
-5546047 -1799183
2903705 -1999250
7758813 -4104295
2322044 -6773993
-8866046 -2890661
3279800 -2923754
-3081393 -2977306
-5351190 -5517934
2163467 -917356
-8235464 -196275
-4500394 2727669
-927371 1587472
-8902341 9788510
3314145 -5007824
-786850 8540486
9257655 -9345251
-1344501 -3816545
2079160 2161360
-2096280 8930665
-3959996 -5598796
-6006198 -962326
6060368 1836156
-1165425 -6571239
-4972243 3225531
-6970744 -9001958
-3757937 -3207707
896117 -1471138
-9166276 -2168956
-4660428 1993776
-6949385 4147869
-2681030 4552722
-9263823 -7691730
-3014017 5974470
-2578513 -4668310
-7750754 4889703
-6072623 -4022157
7813999 8759401
-7811838 2504097
-4270372 -3351426
-9837032 -2784080
4008213 -8724763
-195901 -3594969
4236076 -5095669
-585541 -6845824
7302045 9575648
-3355277 2465074
4773345 -5378984
3111838 9897252
-4771058 4275680
-834617 3049677
9027520 9994541
8753942 -4390888
8113209 -642129
-1477202 -9057896
-9325624 6359190
7634427 -8797882
-2392850 4682590
2103273 9954878
-6890946 4359578
-3548422 4034084
9015511 2927452
64820 -4387347
-4490094 -3694792
-9419112 -6823342
-1257313 -6744800
-6750259 -253729
-2128265 -2229793
-355570 4520035
5462140 -4015056
4860486 8167228
9369347 -1347132
5851810 2494913
-5033856 9492849
-3631221 -2044917
4505520 -1924802
3519002 2820357
8433011 3521031
9826239 -6416178
9276832 6459269
9714469 -9592873
-7330250 -1980481
-1693922 5480563
598 541485
-957219 7950509
6117737 7979090
-3368041 6419620
-8569115 -1996564
-2503715 -7516231
-7044795 -3602971
-3011420 3865064
9201774 7460725
981756 -9492418
-5908595 151137
-3389594 -6675653
-6268526 5884589
-6095891 8841227
4321790 8917576
-540939 2210187
160696 -5677611
-7698521 1018194
-2562186 8794786
-3201778 -8550210
-6066440 -1131300
-2217919 -3189140
3192276 -3111235
6865842 4770661
-2205404 -5089598
5061539 -2152402
-6311703 1886001
-9713058 4188297
3029525 -2580229
8853699 -5808949
6401239 -2648685
1673704 -9170888
1847306 9078287
7873073 -3508464
-2058674 1801473
3186525 7187648
6514860 -5608762
1280003 -9031394
5739268 -292864
-2866109 -1854155
-1490205 -6466136
-2063783 -7804570
6383728 2198092
2134215 -1776841
-5069437 -8070395
-719080 987914
1817026 3848154
2926441 3470977
2478865 6180685
-2017842 -6684133
3019867 -9579809
7327782 -8831317
4653641 -465273
1758215 -1392215
-730017 392909
-3556875 8892106
-8912463 296130
5010575 -3104306
5118854 -12383
1917222 -2855210
649057 -9950583
3897571 3714494
-2814529 4982435
1163120 9340364
-7343769 9664336
2600880 1661630
-4653335 -1807550
7727177 -71338
1052799 -9999693
-7090432 -514607
-9106149 -9677218
-6864735 -8130954
-1235260 -8018612
-5514643 8145840
7806982 6399946
-1034285 -1081069
-7366574 -1543961
5954827 5379638
4720003 -7664751
-8000414 9634299
1295930 -107414
8085037 -2883182
7045480 -841053
-8324394 -1671434
330311 -1901721
-9062586 7101527
8970573 1224163
-4278097 6589031
4734871 -9748335
6651612 207261
1642544 2541853
3514245 -4382673
3513318 4275970
6611220 -530928
-896629 -1766679
642259 1127158
8243976 2915653
4590953 -8756352
-427785 5289456
5904087 -1217089
-4115562 9902526
1126689 -642147
-4053116 7371363
139381 6848593
9572206 -9318245
-4260039 -3209007
-5075328 1214750
-4509279 1770558
3755982 8437990
9187663 4618293
-4254549 5375705
-9192289 -7653725
-6410077 -6010573
1795235 -2084984
6697927 3162138
3064665 -9784326
-426472 5098718
-5013567 6707706
3556299 5520412
-1281480 5125814
4433159 3128505
-5656744 -3025167
8745391 9357832
312174 -7649671
6968622 -4982275
-9606570 -7983810
-5637535 5230425
1736204 3717493
-8367491 -2047612
-8885473 -6468561
-6252887 8330437
-4054493 -3304456
-6596750 -4163007
-8642594 931940
-3942245 -524098
-7395593 -7407722
-432889 -9509086
2365098 9464015
-8185656 -9171146
-4153421 5193625
7209815 1299318
9046095 8756361
2473855 4088632
-7958980 782299
-3169910 4106364
-5046847 5671899
4883795 -6906444
-1069451 898660
-8169399 8287046
-2237052 -7195693
-4603415 -2111644
-9104378 -7116293
-7652277 4963696
-1691098 -4222927
-9029302 -5837933
-2022262 4155481
-4571805 696865
-5214503 -2976167
7806133 7902050
2008414 9342869
5014769 7152575
-9753869 6961568
-2139772 -101436
-9298038 -8306967
-5502660 -7792819
95537 -1535090
1348618 -106074
7373974 -6492488
-715415 -3787307
-7108888 8199229
2354710 -7228365
3468500 868850
409036 299257
-1798693 770349
113218 -9268479
7884096 2726074
-312358 -4872013
-2457096 8130228
2339613 64222
2271404 -1755134
6709777 6836953
9247231 4883293
907157 -9425253
-3212560 -862442
-2663213 2708094
5479729 -7805096
3063755 2207849
-7492893 -8535419
2234930 -6527209
6720664 -6775234
5950840 -7651851
9992488 4604760
-4748660 8154834
-1780943 -2464608
5780259 7590953
-3055741 3006813
-9593542 -4993612
8097487 -3808510
-2154600 1313616
6538062 7401279
9596183 -2301461
9906389 2017792
3482373 -4823710
-8834567 4929848
8154614 8233656
-9418195 7886097
2490858 4105455
2260289 3090645
-9373962 7742198
-2150496 2995698
8518863 -1077351
3929037 4793763
3501605 8925322
-7244710 2026524
-572197 -8652994
-954455 9293352
-6172504 -8459662
-3283371 -8531714
6398134 -173778
-1940122 -2117938
-4231840 4552749
-8825444 -8841965
4248680 775370
-1482432 3434845
8946896 -2608930
6313719 -1116576
-6322813 7465759
-1092567 -7240892
4785632 -304855
-6441497 -5820925
-6527572 6729787
786478 2604048
-3411313 9816276
-357502 7503107
-4614831 5503173
-7427726 218728
-6106885 -6330319
4445051 -6253170
-301972 658148
8049218 5478972
-5637604 -1355076
8627035 -3120710
-361602 -9444064
251081 -2465531
1713544 6940383
3670170 3809584
8929984 -2297676
-2481399 -5543352
4476107 -4481329
-8978155 -322549
9896180 2377629
6047310 6110471
9857302 6305647
-3036205 -6991286
8487686 -444670
716606 -4986986
-5591344 -7149918
5922370 -8140007
-605538 4047054
987437 -3826549
2499387 3624359
3843035 7173960
4146960 -6054276
-8019253 3877988
-6444560 -1376932
-8999303 5518944
1629416 5967972
2273619 -435641
2573073 1486718
3558400 9237415
6766781 1060759
-3572806 6791358
8651351 3691789
-2261157 -7650436
-8960632 -9437834
-3297123 1242633
-1583407 -3944893
831 -9454088
4423901 -7436447
-6297027 1981579
-2499477 495693
-3536335 7220022
-3215618 9129939
-6866991 1253636
-6992597 1873807
-7065433 6691409
3482767 9774184
-4017675 -8121887
6744029 -5349529
-4787363 3721169
-5036198 7783397
-6161495 1915514
2461426 -4103253
-9023348 -3644312
8337267 9401679
-102628 -5320374
-8100352 -4162209
7484082 -1122611
-9868974 -8799618
3074190 -9382908
7308501 -6861571
5428966 -1474891
-7080426 -6692379
-2041908 -8588709
5132460 9663603
-36647 -4312919
7602595 2612614
8509361 -3681790
2673898 -7419627
4498405 9486014
6681992 1011166
-634691 -5604223
3273167 1097992
2298375 -3150609
-2533517 -4079455
-941026 7888917
8930378 7291337
3115310 -5512060
-4100768 4366304
4029907 3589754
9276835 3548044
8677011 6509612
-7172178 -604218
-5507493 7186372
-811262 5501721
9029239 8990912
5903042 -4129270
6968723 -1605452
5243939 -823791
5096754 -8216550
2188719 5226775
-4965536 6672080
-8839979 -6364551
8001753 666126
-5744120 9575605
-4359999 -5451988
-8942375 6049067
-4555151 -5682988
-8496615 6401799
1903520 -62644
-1071731 -6791525
-8404442 932759
1843659 -5168689
-3476128 8564281
2864083 9603951
-2652922 4136978
809058 7569154
-8795397 2381542
-6952332 -5514569
-5938964 1722708
6270720 9819900
5868967 -7782610
-3465598 -155303
-3753503 -8686184
-6232476 -9445861
-6237385 666369
4115481 -4787855
43456 -4641827
6438806 -4040860
-4436909 -916320
-6779342 -8180759
9388395 2910169
7808063 -3453931
1031500 3109350
7348410 3372083
3191983 -2391111
-7657369 -3864518
5980180 -8422698
5407470 -1122967
-8052475 4743029
7925750 9174995
-5612860 8226492
-6415335 2041231
516724 -3053051
6030629 2539823
-3124584 6079815
-8493663 1767640
830061 8780163
1889513 1830752
-4797164 4377913
4503154 -8245725
-2110243 911171
-4995174 6845785
-4277181 6386289
1129318 -9587704
9587291 -2329656
-4103164 -944931
3612652 6490784
-6562267 -8002147
-2945972 -5870624
2725544 1984714
6268706 3929444
2709607 4231881
8578985 -2901233
-8523319 7115472
8869747 6298173
-2790655 5979835
2825621 9275856
5662146 -5269477
-4857181 1064792
1251488 -3208536
-1637115 7246463
3737247 -335324
-5821119 -8024462
-3895086 -308668
-8323954 1232909
7678705 8830458
-4421309 7944753
-4956480 -7095336
2536488 6674029
2972202 9036553
5016389 -6077413
-6801557 -9818453
7428422 -2157990
1423154 8860589
8168406 -7428758
9817705 -7325358
2339318 -3468709
-8976819 -3928696
5762636 6518199
-9732540 9644448
991258 7438682
-2100213 462517
3367181 -913698
-4239669 2943308
1979861 8420021
-7657392 8732533
1430433 9512602
9870964 -4458949
6917993 -1141145
1430097 1294118
3968760 5086399
4134042 -6235846
-164542 8824430
-2141019 5157224
-2681976 -4401906
5553129 -9357207
1105310 8309282
-2604416 -6547084
-1087424 6988843
5408864 3155915
1888449 -9107562
2921392 7751472
5808876 5835234
-5305911 2792357
-5913525 2726869
-9670380 6124187
2404693 571588
-8087630 4463662
-7862762 -7759848
-9645402 -228648
414145 -544738
-2235455 5907727
1876996 4035808
1024651 -2323519
-9167603 -9210428
4198362 8949868
-782308 -4762802
-8927568 -2880245
2428464 -4973432
269789 -4233479
4407060 6514939
9602879 -6884239
95776 -3188246
-8431742 -8484750
-6197046 2233014
-8311723 4439208
346936 -3266549
3285611 -8030826
-354345 4740284
5529856 -5689737
5776483 -7005596
-9252046 -7755429
-635674 -5005825
-7462904 4336738
2619612 -8207210
824081 -4676763
