588 -9218894 -3776069
711
3777263 5695665
164876 1443522
-6932184 -1110648
-9802131 -516765
-149953 5603620
-4767568 -189456
-1712022 367673
-9653376 -2952015
-1500068 1393476
2484935 -8649495
-2409427 -6303686
672411 -4866062
-6006420 6474043
722926 2469300
-4233242 1215290
9427307 -536791
-9093269 9544022
-1566626 -407817
1591770 6490899
2094519 -8852404
-6525508 -8558183
-5674157 -156697
6891289 -5721177
5672299 7188819
8539324 -4608779
-912465 -9326414
8323876 8646250
-2363355 2276298
-5254402 -7682544
-3950902 8359571
-2177220 -6971291
5089083 -4523595
-2415060 -1270489
7736762 -6477543
7186405 9176711
3134880 -168719
2190937 -9339102
7456073 -22925
-2834106 -917774
-3010201 3128372
-3681690 8221571
6867821 6077334
-9130016 -5357814
9475994 -5495534
-7135963 -4384418
-8839357 8041444
6034201 -6796831
-5550968 6249726
2288536 -6380859
5312204 -7814206
-5466573 -525059
-7347809 -9036563
940512 6724364
-4193410 -9891736
-4247012 622759
-1155670 2796389
-8609925 -5412350
-8253812 -4287849
216617 -7739941
-9608006 -8777818
1779978 -4402994
-8683473 -8447363
7802364 -2185821
1433321 -4234441
-2048647 90900
2082193 9261877
-9774686 2484780
-8274503 -2749263
9875353 -6317821
4304938 -2467913
2844829 -4371658
-7267656 -6850732
-1138581 -3248744
-988684 -5521467
8217067 1594388
-292254 -8080338
-6527701 -2954
7811225 1024273
-693816 3791015
6398267 -755454
-8977224 7257537
-7741331 -9003187
-1752450 -8751910
7446621 -6015834
-5967394 -1877097
-3732403 1751559
4900827 -606213
6145043 -1000058
-4005173 6278598
-9610662 -4843641
-2923979 -5788106
4208940 97084
3637709 -6935327
6855688 2020166
3781064 -7056107
-9798570 -4229692
-3232879 4803840
-1431717 4976452
1476970 5014671
5653926 8531256
282816 -1974072
7419715 -8078476
-6562182 -4816357
3978594 3564759
8721118 -567355
-3839109 4367932
-5534983 8313492
3894517 -9630168
-5093650 8102726
3562972 750205
6520513 1203766
8523959 -3719246
-8742794 -6712366
818657 9608594
8139850 -4749471
3276457 -3527416
-9089540 -1577334
3606310 696173
-5739068 6864630
-3702725 -2415096
4469188 5498402
-3671754 -5025482
-4655650 8934205
-446716 -9777237
-6510679 -7232948
3970819 -6883744
-602990 -9990166
5813821 2494778
2103372 -6829431
-1578902 -3367522
-4378586 -7240426
1182241 -8302445
2393728 -3468126
-6603496 7304903
7406159 -828988
7185767 -7789869
-2815350 1875347
809553 -6485987
6253129 -4954648
-9671243 2879189
5995445 9742450
9752284 -3184072
9310706 7908807
-8920624 -1917543
-2768712 -6069570
-3309996 -499526
-6285618 2852702
1900929 388597
-2306500 -1375538
7795475 -2186215
-7459731 -4900341
6975007 -2502406
1011607 -7758729
9802975 -9699088
-4303547 9781088
9523538 -9868268
9464012 -8308102
2117057 1792175
9874632 1291070
-2262148 3196434
5213260 -2894080
2474975 4427857
7332806 8927642
-2447895 6892256
7222393 -4973693
-7357682 7863932
7877878 2279014
4520285 2133677
-5049059 -8594163
-8813074 -3160387
9487697 647394
2339292 -9289536
2502639 8951710
242780 6972702
169136 2377272
1999544 7980633
-5075158 -4617604
6826391 6990871
-3600521 -7742352
9800307 6894848
-2724868 6138225
-1582761 -7557374
4576303 -4846990
-3441153 -7062475
-7706510 9527245
174639 -2254227
-1543762 -8218813
-9267103 5030284
2002986 3475229
8368853 975678
-8527337 4688474
2587222 -7115250
9875621 -3602495
-8828495 -586387
8824813 8791453
4929678 -9028187
-6585561 -3900055
1252955 5863269
1317146 507094
-7449309 328155
8073928 3610636
5391824 2725331
-9728033 9046518
2521748 6124721
9616751 -5208695
1996131 -6593047
-3708297 -8910586
-9996729 -5416647
-3486681 8683677
7475130 -8825223
-7853410 -4661868
1438078 -5078840
3300781 8077381
-1415525 5207385
-4464460 -5382072
8228564 1135167
6376850 6125821
5172339 3620388
-7738538 -834831
3956474 -9789561
-6382607 -8121787
5483980 8468957
5568662 -7574552
-8890875 5487251
6662028 -7918019
9936466 1100607
6021767 8808618
6885999 1374544
9098281 -677451
-3543171 7986827
-878006 -5366178
-9240357 -5314607
822134 -4501156
-2819635 -1551666
-8824874 3083596
-2521839 3653191
2122148 -5207481
-2782033 -7037859
8449393 -2309190
-227208 -9156555
1944052 -2372227
8952744 -290742
3600154 -9517828
-7678927 -1644905
-3658078 2698435
-151391 -1222098
3463295 -2019732
-4004536 -6875396
1572939 -5714571
-114623 3175829
-3170980 2748065
56936 7363539
2842032 8951168
9158331 -208745
634700 -6192223
1435551 -8552525
-6326915 5095105
5577277 -7095353
1259742 7273239
-7511974 7898350
-3323748 118017
8098285 -5147012
-2022408 2655899
-542319 6610102
-214069 2066883
-5185052 9343058
-777051 6614952
-1917528 -2611764
-304156 -7935018
-4127241 9757155
-8795370 -9669456
5425649 -175338
2729309 -5122285
4667306 -6480722
-8582372 6505404
-3376579 -328315
4524673 -9389768
3266132 7238058
3848160 5018617
-2914499 -7276187
4583223 6150444
-4718252 -5583199
1805038 6322525
8387507 -4119428
-4362272 -8499118
4347778 6776618
9117633 -3157642
-5763574 -7710220
-4190942 1846942
-9131302 1420084
-8908231 -2773313
-9646729 -9991529
-237118 -1867206
-6848588 3619403
-1140432 6127394
2277838 236913
4653714 5959144
2281669 75938
5956511 8975104
2992338 -6814472
2478498 4110591
3469301 -2659883
-7853751 1596131
5959426 7705727
-874188 -2044693
-2301654 6828124
-647052 -7266067
866728 -1948382
4187373 9115830
5243224 -3465508
6771405 5563294
1522438 -9962585
113353 -6058529
5432928 6320459
2022339 8586216
2696807 -1574734
-1718265 -5499163
-1386679 -3833891
6388188 427984
899644 -5427253
3917223 8030352
3280638 1114342
1682312 -6729829
4902353 -5852634
-6801790 8386038
3949332 -7338070
-7300655 9969615
6427438 7988122
-3175067 -4670950
-6084733 1860366
2801985 8847272
-6651891 -871574
-2189113 3600072
-5971943 1961430
-949471 6715428
4745780 -2555947
1074747 -7032247
8754276 -9457230
-5309864 -7242940
-8856902 3656630
-1165088 -9595302
2890665 -2391218
-4403096 1534257
-620341 -681896
3694822 2421837
1269109 -4188722
4939705 9013159
2613232 -2866430
1611353 5266944
1982372 -842359
6601694 -9338118
6145987 9244505
9787275 -2323559
-7050147 -2583384
3589598 6993764
7398462 -5907049
1701733 -7575490
3958767 289128
2123584 -185011
-7763174 5854778
-8333943 -4181594
7347918 -3977713
-4327790 -877886
-5610942 -38850
9118791 7283563
461797 6371431
5615936 -1763163
5913278 9124137
-3459247 5403211
2396975 1379484
5472435 -9869649
-7445139 -204562
2600918 9690521
-494490 -970020
-5115242 -5275498
-6940740 -5741311
-7202672 9067167
-1810719 -9592822
368328 -1530462
8269453 2578340
-8533877 -7996529
240308 -8752397
-9628260 7082059
-4998378 8669939
49423 -3087507
9559196 -85050
2226740 8038210
245083 4630409
6176741 -5172342
-447840 9750594
6525635 3577851
2645019 2611420
3018599 9322963
-9691146 -9165700
-4071008 5903279
7906751 8578307
2342262 -2604885
6993526 -1852941
9333350 2714002
2142847 -8004851
1910099 -617227
-2579016 -5781605
8848804 -5863161
-1035503 7666067
-66987 5025545
-8880251 1033009
6160781 8975000
814316 3764768
-2884580 -8304268
7599012 -6360478
4734181 3044413
2955880 -1977885
6169174 -2923556
9790446 -50593
1944556 -1981123
7401650 -5550354
-1331959 -6145345
-9492154 7338986
-2478594 -9966802
-2424905 -8011305
3021704 -29229
-8537876 -1305156
-7540388 -817515
878218 2276440
5915962 -7908615
5135798 -9006418
-984303 650143
7726587 -1908322
8041085 7701223
-4279900 33386
4483032 -7498007
8873000 -6878249
2977089 5667425
5700623 9380846
-8630459 -9501505
-7014381 -6724281
1970563 -3092403
-1393565 -5552257
6724183 -3053472
-962087 9484653
-9521765 -4843503
-1677008 6690063
7298093 -7989716
9711507 -3950420
-1400682 -2144469
357524 -4568392
-8930289 5598702
1266127 -769475
-8872277 4046800
-2938352 -3033249
-7241178 5013617
-8078786 47267
4495010 -2754263
4192265 527649
-7471346 -6264455
-1107958 -6769822
2436593 5523241
7533525 7215034
5780966 -265313
7590218 7245033
-7323359 -5619716
2495338 -9535906
-7789029 -6253648
309504 -6238534
-6755431 -6661305
8352312 7371152
-2581581 -3996609
-4234520 2789878
5833880 4429781
8165326 9957746
5704276 878886
-3597872 9573720
6788755 -1859130
391909 -6064347
3697038 -4913927
-533642 -2017873
-9037427 -1109969
-4847265 4478048
8239514 -6826455
-3487760 5462240
2833392 4000435
2520178 7380904
-7312866 2768164
-2802055 8285659
8243405 1037366
-8083747 7879624
7453344 -3535967
4604903 -9165267
7286738 4242099
9328173 7513164
8011643 983777
9873808 -8689117
5788931 8974217
-7852238 -4973456
3005136 -3455202
-9454767 -8823646
8557258 8354880
1123044 -4418236
-6132577 3760744
-5201889 837342
-1283034 4627180
-8908787 9230716
-9934551 8686662
2928762 -1787531
-4274367 7352187
-9147684 -5226713
8600522 -6262723
-7288506 -9273875
8269021 -3094195
3450603 -5140744
-3964390 -6209491
-7854611 -3487811
-5389695 7109220
-6613684 3268434
6622128 -1522272
-6895092 -9299221
9931495 7855446
6542108 6712473
-5075058 9996944
-134516 -8012778
9276861 650576
4387853 717800
-6039723 7877383
7299541 -384301
-3008693 4745650
8536159 750144
-221315 3026917
-7347511 -9318451
-3533665 4388990
5383070 8555157
9255937 5604815
3460261 1004330
-2283196 9187432
1700729 2369
1989592 2641746
5808674 -8433787
-5199635 1266453
-8339811 196527
2328578 -1239357
-6493707 8959730
-7773774 9319885
-5136846 4558805
5240354 -5478736
1426606 -2484357
-3929199 4223041
-172144 -3190323
7814007 7843090
7030522 -6711883
-4193162 8047163
688910 -1268749
-7186184 312782
4095588 -3502416
-789536 -2385818
-1108823 -1727871
-2768141 -8460958
-9141072 -5086178
9472627 -8025563
-3504299 -4277918
-4245922 -2770667
-8547626 7922308
7248337 -5658769
-7815679 1280230
-2915301 -2421304
-4374140 1731195
2978799 -4592110
5720672 6314770
5328706 -1691033
-1560499 -7667388
604741 7055522
8594565 7330678
-7755499 7836600
2327390 1969845
208279 4233480
-8537186 8823091
-738249 -1521291
-4663708 -7084812
-3288229 -3489912
-3394863 -9963035
1768161 3796470
1720712 2230997
-8937881 7263312
-4427721 -2558615
-226003 6390825
3446348 4011781
1342459 2895091
731691 -5442735
-956538 -3896688
2853145 5575433
4398525 1768093
-9753197 4315959
7231147 6176628
5203069 -4416905
-4379939 6459270
-7227907 -8191794
4039203 -95426
-2832114 4492805
4450542 5101322
1492147 2740165
9268298 6740892
-364017 7454847
4528464 -6872890
-769578 2884026
-1540540 6088278
-2143628 -7916433
-1084122 -7142015
1550965 -1896825
-3797378 8663378
5122648 -3245966
-1437760 -5660965
4243609 7894741
-5096101 -7398557
7702765 3927847
-3331987 9354441
6095333 -8288735
1682464 -4063689
-936579 -4268684
1131695 8727281
4815559 810196
-4589885 9591155
4965492 -7328069
-6708542 4325994
2989372 -3483543
3270492 -505919
-3650532 -9371628
1039466 -8167268
-5565824 -9406922
4520925 5943365
-2185842 4653293
-1119090 3705290
2157954 -6090508
-7842840 3079727
1807008 -8778625
-5452077 3288855
2880010 -3377433
-705501 -7525609
6800385 -2154498
-3121688 2585957
4596390 -7693891
5450833 -9851196
-8018464 -9054141
4055289 -3509701
4950016 8932064
-3898290 -8907434
4797857 -7235825
9190019 4982620
-1937653 -3044189
-9306462 -8652821
-2847613 2385707
9008275 -4758538
-9767795 2548749
2910604 -9180874
-4078565 7032590
1855051 9788916
9937720 -9482174
3980037 9822236
8828888 -8080744
3367673 -9448322
-8355756 3778904
6543079 9469383
-3031645 6442101
5914264 5733098
-403370 5030703
-2583590 -875845
-3118031 -734631
-8185882 8941037
9760163 -2885826
6663116 4724722
4513638 -4318401
8715777 -1481833
-9143245 4451358
-1113033 -4787834
-4236156 9685643
3464548 -7745360
4240375 9924440
-1117106 -7476021
773430 -8791270
-1244215 -5202842
3921313 2886412
-7848219 -1311452
-9854063 -9196718
-2082544 -6034101
8690622 9906101
8104052 -5419428
-4384909 3204260
-9828029 -663819
-2935301 8988199
8673842 -941062
-6170070 2828543
-4730665 -5345258
-2821278 586657
1795387 4152229
1465740 468504
-6645084 3067525
4272425 -4612947
8706688 -4493303
-527404 4418362
-3159185 9140496
6237421 -9320430
3883831 -5055133
-3202600 4368864
3357063 -3427846
5631092 3862099
9206994 2030906
6685648 1977374
-7435969 -5523670
8628559 6380722
-3150774 -3124230
2459647 94299
-2002295 204142
5710839 -3267928
-8849565 9220745
