618 7198589 -3385129
731
9587549 -9849400
6338914 -9666274
3462821 -3606576
-4732832 8568789
851814 -2796020
3327592 5392840
-9332188 -5728805
-301887 -863523
8285791 1266930
2210719 5055186
-2499343 -9952607
-9671348 130799
-2274380 9915651
-9934910 2191955
-609456 -6436650
6230303 -3320038
-2986312 -1021906
-2112130 2569217
1138007 2992861
-9803159 3155038
-8935770 4506173
1293720 3524433
-7339090 4248395
-4484675 3508185
-1436629 3463054
3510447 7726044
-2143157 -1419620
-1503968 -3644549
1063759 -1901185
1662165 -8922526
-9726212 2970655
4465101 -2107532
-9538314 -2712524
2796689 -7647029
5508010 -5883955
8622218 2993530
9034315 -911408
-6663013 -7567710
5940475 4211578
-2325368 -8631336
1611060 -5496154
3084226 3701431
2573235 9467903
-2433282 4096610
-2309563 -6363006
6607649 1745236
9637704 -2035775
-2231946 1072751
3425722 2615742
-751861 -9435257
-3925374 -8549916
-6944971 -9613291
-7181001 -4891059
9320519 8908368
-9722967 8759474
-6736680 9511503
3212935 1888093
-6127651 -1136101
5476861 8302522
-8060484 -6044581
5700655 -6832702
-6352124 1063517
-7863732 -2145288
2986806 1415930
-5502975 -1921657
-471573 -7765054
-7378345 571651
5680593 -4900192
-5991823 7957007
6716481 -2482536
9545320 -5714790
-1310345 2496154
-8639947 2758255
1060777 -4921644
-966224 -646734
2520565 -4483355
6580162 7250783
7621847 -1315207
2617075 1232783
9311126 -6874994
7876304 7114100
-2314248 -8644095
-3544286 -9502041
8454966 5882697
5916513 463891
-2734547 -2312200
-9816046 5461833
-9263560 -1528540
3549817 -8455993
-6586375 -5686431
-169786 5099945
-5132920 -1549458
7135335 8926729
159512 5005280
8130286 -247590
9382863 -529362
826543 6006590
-979099 -2931385
5467664 -201391
-9737500 9992220
-2319980 1384177
9362363 -9955695
-1484234 -2136026
-8075667 -9901197
-5587627 -7934417
-318120 -4662042
3788501 -3241061
-4314332 4548960
-445760 -6559812
3192599 5845180
7832170 -2315474
6207468 2575462
2160429 -8824934
973675 -4771630
-4779410 -9855555
-5955026 -6247472
-6203167 -4583038
-4202712 -6592663
6022493 2312599
-3105466 -2278379
-4424069 -9565134
9710157 6576414
-6358273 1880784
-2162675 -4604174
3757358 3195967
3396846 -8970076
-3878262 1589529
2764595 -395686
-2650964 798519
-6540684 6254622
-9992850 2569626
502940 -2495710
-6572020 -6196016
-1367065 6300228
6538201 9450473
2401691 -1956178
7136588 -7885867
-3488731 2111848
7507674 -9221685
3974283 4348594
-2105130 -6218615
5370914 9887481
-508205 -3467040
-152169 -9348139
6906483 6840832
-8073190 3307147
-9188562 -570014
3233970 2429751
-1270021 -5760582
6206243 4383257
4943431 7784533
2415018 -1392066
-9280218 2080020
2858335 8926287
-4208766 743809
4525194 9348970
9236451 -3797544
-4748231 -7587540
5580673 -8755401
8085431 5099600
-9076900 2487156
-8082858 -9987759
-5041656 -8265462
8490308 -2332536
4567074 -3795324
-6010791 -2787097
5820837 -489495
-8409475 6404227
-2153134 -943029
9800780 -3034787
-3685817 -3845548
2356909 -3157674
-8228862 8066987
9311586 7608678
-4775370 7351811
-7644680 -86631
-7558038 -3852270
-9601380 6788814
-5543721 -2599693
-3878665 8888928
-3898169 1539705
-8949790 110544
9031123 4439020
-6504008 5157088
-7877699 -3122011
3032442 5813124
5171803 -9047164
1536175 7905703
5514381 6942941
4294753 847761
-9238870 3255363
9403094 -833575
-4044761 5719445
-6880248 9801714
1206995 411518
4467575 -758913
1867983 7308826
-5735801 5517786
-6808774 899106
293447 -2239809
-6426685 7829879
1299067 5842241
3747944 8745118
-1795588 -7164757
-3800644 -8221323
5034041 5015517
-5818058 9476839
5196284 -3046513
-3244799 137181
3065052 8316036
-9926525 7962196
-2212625 -2467373
-6949587 -5542190
5356916 2051574
9811765 8757991
6587870 8166715
4008957 5901432
-2837097 -2113062
722181 -9726747
4568283 5367315
382832 6921537
6398376 -7881324
-927837 -2918874
7218307 1594660
-7572952 5827364
-3694087 283359
332339 5016875
9474685 4093288
-3855138 -4100896
-5342904 -2652047
-4485331 8472979
-3109237 -8755034
-868096 2039978
-5170417 4053666
-8062667 2370437
-8191673 9397866
4032894 -5163483
1917643 723055
4834068 5621409
1448774 -8347697
-5547986 7261116
-5205656 271039
-5635673 4784353
-9316542 -5730971
1616983 -6974459
4014872 -4659446
9101872 -351996
-8312018 -9094365
-2524346 -1766223
3120566 -3482435
8431784 -587013
-3234143 4928893
-4348051 -5018970
-9397560 8683500
2852155 -9513983
263485 -5432434
4838605 7304170
2088523 5057829
1843211 1719284
4744825 2771981
628887 -6539806
3108198 -1240303
-7818316 -269240
480889 -2687468
-3653551 -342662
1586678 -6398545
1046701 -5221767
-7724384 8352535
-447613 -784998
-7782629 -7121944
-2554378 -7595457
2225065 2480856
-9944962 -7715773
4003511 -5686412
-398078 1898249
-2125205 -8735312
-7459263 -9769191
-7522079 -9017007
-1704475 -5277579
-3103888 2958810
-923382 4641974
1936560 999142
-648323 2639671
-8145327 4212176
-393416 1420416
-3658689 -5927956
-930748 7052206
1852785 8566376
5396317 -8359358
-3944757 8372648
9637336 -5001761
7745400 3930038
4913031 4694425
1933198 -9776678
-4301516 5724908
-7116765 8829310
-171548 -2708546
9931125 -2663853
4064675 1696481
5633250 4302150
890546 -6328741
3239817 4490913
3057290 2476151
4116793 -4907398
-6534750 -1546393
-4031802 -9827963
4102075 5618938
313363 -6286402
6453272 -8468541
-227281 4762913
3592224 -7848243
-8040437 -4827694
-4975195 5937028
-9850138 -8109311
6192839 9089480
5277091 -1700536
-7209623 9599738
2075889 -1483092
3609510 5847667
6817626 -3807318
8881071 -408888
7726402 5302176
9015775 -4500501
9547310 -9443883
5319031 -2014601
-7346492 -679971
-2991312 -8572393
-119013 -5386928
-3496239 2033493
1122974 30849
8330313 5212952
-2670958 -3599935
-2566674 3637043
-515290 9404931
8113966 -8957164
-6849699 8818689
4120865 6995037
5010888 -9123297
-8567179 -4347008
-3845256 4558198
-6121772 6751852
8179459 -1191748
3421324 -6596732
5436761 -1939554
607648 2441437
-9829258 9076087
-4523847 -8545687
5091356 -2500216
-3095284 2909479
-3531333 7092419
5911108 7535034
4530071 -381032
-6987976 -7451675
-9282330 -459040
-5900842 -5555155
-8803303 9388766
-1802982 -9506262
-6102994 1892508
9952954 4134695
9092484 1850120
926207 -6923046
-5468732 9263226
9279363 -1081288
4344543 9622624
6715043 8700431
6235465 -9186789
-7051469 -4857497
-9792819 -6718112
2822848 -4039445
405400 3441203
2829969 -561641
-7551551 -5881551
6010957 3543339
-2321966 8861808
-6771720 -1519736
-5926430 -3229481
8550097 4154487
-6926800 -1395162
-9256185 7829460
6529891 7417743
747306 -24790
5117714 2765356
6047245 -3787810
2172745 -2158753
3798802 -8613555
-6658844 5094498
1729299 -3371229
2688462 8305958
-315882 -9743391
-1263127 -9633503
9653368 2912398
-2933115 -4673205
3931634 719817
-1450722 -7343563
2590533 4675449
7167011 -4920831
360878 -6662161
-449971 -5198923
2642324 8924475
2827272 4239127
-8150023 -3558874
-4413751 6168429
-3009261 -3904372
-3647763 8274712
1157561 6674857
-7896393 -2394538
2932258 -6672719
4047098 -8313156
-5656718 -3136108
4055693 5112728
2708250 6933815
2788006 -6260944
-1459866 -6930872
4509955 4854388
-8390133 -8817542
-9860063 -2662773
6022008 5976196
-7928176 8242538
-966398 5529099
-5279692 -1575938
6029524 2707515
6034796 -3176085
-1489240 -8521866
-9141622 -7401753
7710975 -4629606
4820561 -2569577
1169480 419225
-3995295 -9875081
4979307 9709614
3408424 -9485340
-9631760 -894474
-4918278 -3935287
-5692748 6390248
1919348 -2846453
-1906039 -4142794
8564722 6639656
5979924 6639837
8117972 -2884130
-7769531 7007036
-7622570 8976350
8923126 2457797
-7122978 -285657
-160738 92606
-197780 -8601920
4429092 7334922
-3559552 5726996
-8208290 4797332
-6296067 -5961477
-6291578 8615314
-5527480 -1860367
-5220711 1802383
-9041428 5553594
5185817 3275565
282601 9076544
569247 7416286
-125917 -4823617
4890726 -507627
2101331 -4732542
9181890 -5270011
-7935089 -8096449
7630547 3610982
-1591685 -8978289
-4939766 9422257
553923 -5371400
2768233 -1231344
3087391 5026444
580038 63874
-6660560 4045964
-4361140 8282207
5698494 3622041
8798425 6208107
8216832 8088929
-6643613 -3794497
935492 318163
-5261934 5054629
-1334388 -4483245
-3461533 4884966
-3176425 -409721
4218879 -5884947
2883710 7377499
2403943 -3012888
7050986 8487453
2533417 5500333
3782541 2906778
-3471180 8172278
-3103263 -8002613
-9913684 7843597
-5950900 7629922
-2051915 5959056
1013685 -2499055
3017700 -4797496
-9912530 9679297
-8214072 2072519
6187573 -3088955
-5711456 6004807
5508271 -8412365
-9924912 -791161
-5290827 -4924390
7982388 -4875142
5813488 1008066
3005453 7027560
-2612491 -7289775
-9659853 -4391879
-8432823 1436610
1453907 -9195415
-3992911 2580863
-5223488 6987959
-8423169 -3905441
3005604 -3437559
5083600 7764404
1868391 -189499
9019340 591872
5667482 -5540169
-415311 6244865
-2747069 3649870
677431 -4601823
-9375245 2774736
8382858 8064940
-7982098 -9035098
4285839 9950035
-4952750 -4011839
-7023879 -9707072
-3612513 -176237
-1097444 -5447048
4833708 1909444
-8280055 -6013844
4578028 -3297901
-6321718 3255637
-499497 245510
6411733 -4220676
-6306147 6753434
-7955477 -2910836
7670456 -5681392
7799863 -9572619
-9622584 2204711
8192872 2085702
2378631 -4575333
-2235218 -8831007
-4278055 1282470
5708266 6667338
-9346506 3072005
2290456 -55437
-6799799 -2252125
7993385 5968739
-8251937 2700704
-8029510 4405118
4010634 -4558084
-7723123 6531365
6958746 1681091
-6114198 -9923260
-5321206 7336163
5277182 -7921326
5764020 7057425
-9143752 5558316
2225654 4002317
-2925677 6564514
9025430 -4604500
3143375 9364779
-2150130 -7774369
-2557313 -6346887
8058231 -402067
-2443798 -8070471
8460895 -5414782
-1217339 -7650569
-7573829 5419641
-4727844 -4815185
-2736511 -2895035
6678743 3065690
-1375994 5543861
-453821 51343
9132209 -9150340
8761513 -863146
-1498367 8157639
-9616730 1904888
-1925647 -1132144
982141 -9657691
-7728161 8648937
-6765845 8538343
3404126 3249086
-8814921 2016816
7201631 5830297
5451615 -3542764
2039278 6981472
-4958314 -5353290
4698053 -9336715
4029297 4587865
6241071 3830262
1987902 2790810
7212051 7259056
-3873088 -5112476
-4770166 -4713596
-6064659 7109054
-1836251 -9981975
3267111 -2830504
1702664 -8432124
-85475 -3031458
3425778 -8579353
8402120 -4633860
-7470798 -4534943
8644694 -6556194
548023 7227255
-6426130 2673991
-4535198 -3210906
-5951850 -1921876
-4518000 5193205
-9520391 -7308585
9800469 711834
-6753789 6931303
6617151 -2035782
-467906 -970326
5998217 -1680184
-7743185 9446620
7329112 -8059653
-2594596 3175287
-864555 9858315
-398078 8566450
1240442 9683468
8988914 -4307856
3770268 -778404
-5585199 5553417
8244832 9252269
-7519545 7410762
-3141583 561653
8525871 -4273333
-2727307 -6524431
-5688263 -9425682
-9979062 -6729090
-4788742 -3431448
9743840 -133598
-7758931 -4866986
-6300535 -1120715
-8920894 1842992
7535136 4939907
6677855 2584372
-1862211 -6178243
5590378 3609008
-6463878 8898973
-8023022 587185
-1169796 394540
-3613539 -9497150
3593520 6102898
9373808 698198
-216898 -3869190
5997212 -5414934
-281919 -473058
922580 8238282
-7402374 -4066102
-9126195 -5481962
7102410 2649114
6470871 68012
-6322980 7756552
-828123 -5422399
-2318861 -2786858
7607682 1148856
-5831942 6511343
2614241 6510495
-2791307 7761578
-6107612 1988050
-910532 6991796
9035090 9889600
644234 1323901
7257799 -7525978
-3007940 3241860
-4109025 647956
-9284032 6610823
4367375 4878198
9455800 -5607012
-5877517 -6460748
-2795540 -2863061
6164634 4246517
757013 1372518
-865904 -1221124
3283278 7965706
-2526146 -4457164
-4567563 4889098
-3787000 9025297
4015671 -1406977
-8165116 5987151
-3364892 3524084
134907 -2274141
5120409 9867428
6776769 7018634
3074238 -2907439
-3254148 -9100748
5145769 -9721301
1651217 -7089513
-5794285 8419134
-1098807 3301666
8844502 5345
-5105557 -1108601
-9566952 6793291
-4613685 -6376205
2127299 4448720
-9510844 9737551
-2536590 8762407
1146187 624063
-9840951 5100171
-7807267 -2077044
-8661440 3233287
-3971662 -1061415
1849072 -999318
-2580184 7679556
-6502426 -1428861
8576484 6321009
-4787591 4858428
1651720 -6529072
9611075 -4354543
2610529 -445613
-708062 1738374
-6982867 3099685
6240100 -728300
-5628129 4163321
4602629 -1084499
-7851211 -3435396
-1980458 5941190
-5058128 -1822873
8373035 2384966
-9043894 2361688
-8800950 4386961
-754610 9532590
5519870 8927811
-5426732 3413462
-7032151 -2352702
9385672 -299850
5316187 2259787
4047839 4919158
-917521 -5927360
2988141 936062
17019 6201460
2142650 5136930
5830410 8036561
