225 9188249 7453013
278
3377140 -6803082
7958342 475162
-9623887 -1789635
-6513629 -3808994
-1730618 -3938945
5240589 -5126030
-3939202 -6772353
3908363 223527
-5902449 6876761
1280539 698346
-2240670 2351767
9898232 -1850551
6310877 9213841
-4888035 4549390
3737639 -9460494
-6263575 -7435021
3040141 9631131
-2158504 4211119
-9597874 -4067393
-5489986 1327868
6201838 -8812140
-5584493 9750603
-25870 4778988
-5827898 840222
4054920 -3411967
8939801 -2031007
6118442 4330602
3544444 1354385
8420127 2429319
2968825 8656409
-8778612 2157767
1788898 -778398
-6567278 -3222118
2710489 2146747
-6525385 6351200
7539060 -263145
-512542 2192805
9488146 4470919
7827494 1977940
8565974 -6339752
1629241 -5601234
8729369 22127
-8623488 -9735965
2693354 2273813
-6553426 9796640
-5529241 8178531
-2599866 7184315
-6037803 -1223991
-9077244 -6650792
9700408 -810962
8925893 6913723
-893471 -244180
-5773261 -1586649
-9608709 -1405325
-5228725 4570585
8969352 1473617
-8504256 -1083132
-819097 7698721
-7511114 5388609
5185249 4390609
2569140 -4064540
-6880225 2172360
-9051631 2485626
5834834 9598324
-1212638 4387478
1301201 -1948406
7807414 -2286745
-1357042 2924082
-8481243 -7965846
-878909 -8449398
-4459429 8806384
-2276748 -1909557
-4210836 -2963684
-7575075 -579493
-6188884 -9205598
-3270137 126526
-7701114 -1103391
3898587 -7634010
-8035685 5763607
-7332563 -7750226
301368 751677
981285 3968639
-3107279 -1891217
-7340711 2140595
-3792451 -9072169
9734215 1780380
2387176 1748121
8784437 9973820
-605673 692692
1487095 3725714
6368592 -4278204
-2865243 8216958
-9417052 8667478
-3052563 -8966656
5799470 -7452737
-4184707 -385125
6099866 -3899161
-3274026 -687070
-8546475 -7007413
6436770 -614737
3681995 -9822573
1925548 6170986
6144806 -3930829
6761864 -6773663
-531597 8055485
6293633 -9234689
8982269 -4163005
-5495527 -6571610
6978087 2081569
-2854815 -6031738
-3900511 2777557
1394748 -4523170
4789760 -7800645
7708295 8120722
-9977663 -1240363
-1062936 4145065
316051 -3779315
2289856 -9137388
6605301 8977209
-450953 -8431928
-7666617 -3926296
1910699 -4157320
-728929 3832004
-4086426 -1068476
2899787 8765510
-5940581 -4424889
1051941 8999276
3714984 5454168
-3908758 -4158299
4601338 1423279
-4431656 -3886420
-5149383 6054755
6917367 5884396
-2622043 -343175
1224898 3522669
2112725 6927004
-7230315 -3925367
9906638 -5976575
2954949 -5442892
5838970 8336564
6428027 8371088
-113283 9898389
-2131091 -2520032
-4161979 -6398299
5024980 3960152
2590084 2955711
-989534 -9406676
-1005928 7440701
-2902474 8444186
-5516793 6372030
-4184614 838776
-570238 6595932
-9380643 -8898577
-4341469 -8147248
2705668 -3909341
-5538253 -8502499
3912243 -866305
-869985 4348464
7950165 -8218848
-1742344 4968036
-9559901 -4508503
-3915178 3364092
804793 -8033082
-9588896 -2404754
6483628 418672
3773800 -5105689
-8509757 -7700985
-6599562 -6796438
-4943686 4625953
-9283388 -8424678
5589175 7761982
-3104323 -4821641
2043176 -498582
-6201077 6025692
-6489920 -7490307
-1998809 2056579
-4579328 6466532
8433450 -3397635
4197611 -1258183
9160489 1360906
6255217 681240
-4503393 -4549358
-1345796 261812
7404117 -8586603
-7011281 3710519
1472501 8120729
5815441 1094247
-9404335 884531
9426575 -9625031
-7115338 -5605412
-1032480 5453008
1919540 -6597795
4570 4388192
5646361 -7130658
4230248 -5797818
-2600226 -2676797
2773845 -6998183
3263629 -4587267
-3173870 -8571951
-2345080 -6815901
3821180 -7668798
3425449 9127422
-7471695 -363379
-7472058 -3462534
932055 -8045120
7407888 -4587395
-1185190 2415927
9320471 -672572
-5286878 1335733
5537915 4966832
4806387 8943370
-8054813 5454041
-9133226 -2419768
-8475366 -2274831
909268 -2307096
-7459542 -820446
-9176672 -5269552
-3116578 5965907
-7496626 -6648367
-4693486 -588636
-2659679 -4048219
8367708 -7285598
-5441817 -1328516
-9992783 204531
-4828637 -728695
-9268972 -1938516
-6484475 9977751
-9925665 -7323785
-7082264 6898651
7107907 -8401031
778524 3827004
1073805 9648366
5614273 1601852
4953486 473579
2401295 633999
6585780 2776352
5490754 9741617
-9070547 -2530160
7674371 2565289
-8163405 -9063330
-1001846 5362087
-2143810 -7432377
7760190 -4969969
-8071318 -9553123
-7954153 -9322073
-2978717 9036589
1201307 -4659277
-541073 8095088
-1431333 9331933
-34068 6928765
-294883 3486315
3227932 9068065
-3462095 -4804128
277513 4157385
-2389593 6728629
-5392932 2114108
-2801917 -875087
4154944 -5020390
-4573513 7474626
8152553 -1400022
-9847081 -2527666
-4670591 -4826164
5785277 -6129421
-6797488 4788337
1717102 6870296
356611 3168444
2236509 -8577780
9134444 6100895
-7225368 1290767
-9464252 -588043
4042418 385039
9509952 -4857184
122426 3756853
1231479 -3818752
-2702422 -1934735
-1946048 -8099616
9590573 9966850
-6162571 3383361
