123 -4008539 9983161
186
-8758651 2593695
-4084118 -3882908
-8828495 5600967
-8371609 6639168
597368 2398645
6063781 3648931
1984603 8824530
4445804 961260
-4096019 2975467
-8308540 -4184630
-7254209 -6259802
-3585972 101715
4958440 -467295
9849968 -7726390
-1734928 -7776375
-2666327 2349481
8466573 -7977227
140092 3249555
-7594925 9638079
-5446924 1768483
-4582585 3002443
-5656675 -9383142
1578118 -81630
5410190 8789129
-5395501 -1549
-3744999 -381998
9719717 9866642
-600653 2669029
4942639 4678157
-581865 -8234333
4115149 5724063
7746837 6751808
-7482285 -4901926
7252505 -2113071
9655413 7439142
-7042063 -8194418
-7577560 7589180
-9976098 -2698738
8606744 -3483090
6515361 5434092
7568446 -6788757
5594238 5286714
-2044257 7288164
-5517327 7509937
9275605 5414734
1138798 3900808
-6831032 3390754
8488828 -8598013
-8194732 8203035
5642177 5741334
63268 3977033
-5917435 8600114
8417729 -4997940
1518970 -5893532
2056912 7024473
2752068 -9449317
5837397 -374641
9429875 -1653694
-4143756 6309492
1724226 -6087452
329709 -4868151
1038955 5379376
6781363 3498677
-5781935 -472217
7785469 1102984
7596369 9860242
976709 -2151263
2850797 -8321065
8301755 -605562
8935263 6886119
7436802 -7124981
-4983270 1687331
2549990 -4209449
-7899957 -5553395
-9124494 8406234
6054435 3824270
-796354 1205215
7220244 -2906610
-862475 8501362
-7879302 -8561691
3814904 9439347
9804436 9717067
3912354 7307965
9218755 -4828414
-7942295 2214109
5089129 8154018
-158651 9494508
7801411 -9894141
7068817 -7608661
3313925 9901455
3725725 7944323
-8334110 -8115288
-1021898 5445723
-3536563 1402486
-4642852 631980
-7412321 -1415865
-1698797 1688404
-1003631 -7607885
-2436299 -7786443
-3055981 -9268524
8885494 -378593
-8367733 4549500
-2828289 -8756805
6150887 9433678
1851485 -5759472
4701203 -535188
1349525 8093562
3539286 6367093
-2230420 2843979
5992311 -9997277
-8896789 3126728
7331484 8579990
3488458 -595586
-5865677 -3672147
-2940671 -8947841
-6810082 1078342
-4372158 8461175
9704370 -5177815
6772216 2799554
-443566 5855257
7836422 -8859947
9233616 -5742362
3141083 -814053
4546278 -4710746
7808329 3427015
9070095 538590
-8365068 8911540
-9167694 6401579
5245784 5123390
-1308098 -5033370
-1438676 -7694887
3282640 1881820
-779642 4189167
9505073 2987011
-8641380 8508926
9648979 -8422141
-4164503 9195042
-1619011 1398947
6688201 1492933
7436300 5443620
8498562 -2987117
-4075577 6506396
2907975 2649846
-2226763 9273082
-5760288 -9329888
5491577 -1018509
-9136689 2801036
9506555 -1225782
-8238771 -7399979
-8891053 1527980
3105840 -6880151
-7685108 3274279
-5326774 1457689
5466974 -6787767
1172205 3877780
-9109337 2903275
-590329 -329233
-7679386 9331438
8604520 4833998
-1979538 -7389797
1591694 5360584
-9322027 -6487960
2286258 2455005
-2428621 2700880
-5771139 4047487
-316312 -1319674
-8045395 -148947
3825094 -5485068
-2272834 9144184
3021964 -707931
4711696 8899371
-8913509 -3571021
-4239583 6637719
-6011931 -6592895
-3982692 6881290
2241874 2008532
5520572 125354
5096711 2919847
-4379272 -2193170
4370669 -7331910
-6135231 -7634059
2216994 -5945643
-1430710 8335726
7479910 8558440
-2149491 -1187192
-9771469 501874
