492 -5249121 1731487
576
-3626818 4082496
-2831830 891360
8610171 5388566
2376749 8754562
-1259630 7876160
6301646 -2411921
-432386 -6304720
8743702 524485
-2013390 -4904803
-2160636 4264410
-1896889 -7870956
9734282 -2446960
2426148 4961975
1054953 9008644
6275875 3285724
9884572 -7213560
-3805848 -7350943
553976 -2947258
8323656 -5195677
-7319517 -7069275
-6964844 -2935973
-6724341 1498482
-7977033 -4880878
214320 -7980639
6283772 -7474071
-5345027 570036
8123076 6903235
-5618438 6905608
5914252 -6934424
-1132348 5436515
739307 2190127
-2644464 -1247776
-1678682 6933459
-8262217 7909512
3356589 -3355025
3709002 6934618
-1566900 6391746
4027220 -498987
1520374 -7027581
-4501651 -5758460
-2672072 -9679502
7223733 -7330326
9575282 -4548996
-8967067 4121647
-441838 -1994114
2712365 -99415
8652810 -9702531
-252719 -9932098
493766 -3025872
3619103 -5998584
-9063966 6366708
-4725194 9844457
-8138178 -8114513
-5142094 9302026
6059919 3382197
3702695 -7127393
-4457718 -6612153
-8644796 -6557219
7564428 7633916
-4360197 -7611863
2288722 9638943
2452764 8352168
936422 -6542116
-7051635 -7799955
-3798539 3946541
-7170399 -916180
-8555370 9653848
4055687 -1895593
9922785 -6693548
6688649 8913593
4302553 5982704
1886904 -7092303
8866830 9844835
-4897 3242108
-1853403 -1052390
-8897095 5634906
-3496573 2951671
6409556 3555670
5755715 -43799
-6097258 1874273
-9041907 4473529
-3356271 9248695
-2646898 -7597277
8225528 -9300584
2129361 -2724112
5774944 -2569471
338226 -3568086
8793101 -2338152
3420308 -8278592
-6814629 -1211795
6939463 -8433095
4518577 -5711724
7843946 -6557110
-4084556 -6555515
5318758 -3883986
3105895 -181814
-933118 -1206797
1195927 9749624
2965392 -1063664
-1271424 -578545
6851984 -4905247
-5956980 -5496479
-5318279 9706563
3944323 5352473
6657030 8102030
9668935 7129694
-8582029 3596494
-444264 -3296136
-7335299 1778269
410635 5471180
7805719 7983459
-3223337 -6483470
5782506 9388953
-9158359 488942
2426749 -1252102
-3640996 -429782
4073739 -8204915
4018000 -7081624
8270849 1271812
-626158 -2037676
7608370 -2555768
-8959274 -8440870
-1737006 1542693
-6679037 -6887186
1100347 927696
-8572493 3731598
-235519 -1093934
-9188629 -9279478
-6274184 -4453013
-3188762 -8346988
-6260418 -1331083
464003 -4313406
-8878678 329673
-8398514 -5517997
-5039321 1908523
9352755 975328
2534458 -7430950
-3371905 2909833
6022648 3313805
6757853 -7534590
-1286639 9639347
-8938235 701712
1422235 8477842
6541181 -8126864
6042500 -2335597
6333321 5868771
4071717 9782083
111756 -3202676
-6204321 5193039
-2898437 1713242
-7311429 -8727289
6358113 8970670
1880504 -2260619
-8946814 -7013792
-4548381 -9580496
-9941149 327391
-8970896 4164980
2642822 -8879384
5510104 -5032309
2632094 -8299645
7569127 1552604
-6148961 -8518233
-9204557 1640844
9350236 3962796
-4323962 -5408877
-4136166 8968151
7938821 -9119039
-8863305 -7778053
7724507 -7664323
-7244819 4706233
-4966375 -6823874
7341106 5330384
-1032648 8579081
-6453228 -7499720
6716988 6993808
-1453587 -1304782
-7306662 4286115
8443311 2397452
8876600 -6511219
-1920096 7793547
6761698 7068991
466304 -3539910
-8801611 -2783128
-447451 1602999
8825585 8922897
4615375 -5175917
2670819 -6140790
4954643 -5527166
9489466 4154524
1148332 1017767
2229337 6206454
-6991079 2211097
-5391450 4922675
8411457 -8547767
1762132 6001502
3070493 9007713
7984156 -8959817
-1742945 -6463202
-2343851 1698897
621794 325956
-2333609 -3518266
-7142704 7753522
-7773644 -9662789
4491735 7811939
-8653942 -8284178
438629 8156419
367517 3575396
-1501929 3447550
4899783 -2507581
-6506079 -3090472
8433594 9178268
-9781549 -919233
2617565 6417750
-1883353 -9008142
-6165834 2790066
1788153 1254794
-991684 1500558
-5645879 4645449
-5026259 -6248976
7983198 1362208
-481373 -3680201
9895195 -1578173
-8130622 9886144
-2621437 -1606733
-2180853 -714487
-9019867 -6611163
2469604 -3747259
-7329509 3714936
4706794 7603521
393587 -6696509
4558285 1057313
-7442129 -7818260
-656458 6082953
2350329 9428344
790552 4317283
3153434 333527
8755355 2825531
-4771972 3048630
3958249 3141085
4942950 -4877057
-1488220 -8222604
-9453510 5923084
-361980 -9018616
1101257 5733333
9036824 6861167
-2081520 -8505155
6192937 -3888539
4710766 -7007297
-7578953 8052831
-5113534 -2938905
7394623 -4272049
1069834 8039901
1088531 -1333670
4323767 6297862
-8579194 7563132
1856880 -733283
7706153 -7551062
-6569677 2403370
-9346944 9860526
6721693 -2952068
-8940871 9689880
8317694 7156525
-9850772 7252067
-2178750 3028460
2605908 5086627
-9185422 2707717
747618 -7483117
1183213 1884412
-9301373 4352501
1915633 8023332
9806401 -7880567
-5431629 -6227487
-1307764 7512555
-110567 -9484954
-9920669 -654708
-8448476 9127478
6284003 -8861540
906879 9869218
-4585969 -1050417
-5963790 8728130
1435847 536291
3053174 7367140
-748448 -7816535
-947682 6752739
4776071 -7533469
7102316 -9032049
7256816 -2901176
-5388621 4187040
-2781562 -4050948
5294344 -2982836
-3855358 -2702231
-1563770 6845869
-768561 -7571355
1378228 9343109
8071239 -2838178
7698113 5414438
-4702070 -7976562
-5793097 -6732361
-9979622 -2934165
-467634 -4224427
9259876 -2687199
4411626 -3365317
-9178277 6516693
4982097 1539357
8556522 -1959839
5337931 -7207206
9638663 -5298836
9646162 -6225839
5633622 -8613546
-8935371 1024390
8955181 3704862
5728300 8762742
4546734 -5746889
1318946 2451556
743481 4567112
-8120086 3367665
-9997652 3358
-3479949 -1192108
-9652751 -9175929
-8619416 -8497852
-5705058 8903771
-6395064 -765133
-4474620 6449957
352764 -6748902
-3208160 -8840997
-2619783 1417393
-7303513 8263373
-7483515 -6891483
-1923575 -240427
-5673314 -3648217
9719448 8819907
-1176735 8722952
-2469156 2238148
3062219 -2140332
-8121832 -9605555
9298217 -3040844
6194023 8689463
-2344228 5419505
1186955 -8280596
5394759 524888
4458633 495147
-1241479 -7225024
8399845 7155121
9431046 -6208642
143141 8992623
7812530 -6242268
4997036 -7621058
4617090 9152147
9528167 5044232
5438678 -9804338
-2845182 -8593665
2612150 4736895
-7327248 5865193
100949 -9732077
792811 3859707
-5645146 -4504292
-9212964 -4748555
4922918 -4370273
-578915 9186882
695857 4353964
628049 2080579
4459521 -8975261
-9823114 8141437
3185670 -923389
-8211375 2221405
-3855908 -1375652
-6638757 -8540205
7324989 8756243
1540518 -3966005
2410054 9942290
7954351 4849681
-9898874 -718740
4910988 8741387
444621 -2459604
4410713 -5667927
6412652 -8859522
-7834783 7555114
5696551 -6611475
-5018511 4858455
-2920140 -1117779
7506569 -3229886
-1770090 3223953
-5503452 3384164
1934511 8071251
8013541 6037066
886747 -5655435
-3857822 -1515756
-2774368 -6495774
-6439026 -8946834
-4614761 186605
1327084 488039
-1956847 4314244
7702769 -3991347
3383461 6256057
-4861722 -7315742
-545627 -9536679
-3796374 5161200
-1454636 200635
-1728114 -6783474
9253592 2996228
-142855 8801779
-2713976 -7343308
8677270 5999323
7052489 -2971992
7214613 -7761756
-4757364 4954081
-731675 -8941951
9583055 -4197859
-7941802 9487446
-7828295 2966516
-4053811 9712829
4874029 -5857570
-3140583 2149816
5366342 5935745
-1068027 -2352345
-3550566 -2863713
-7690669 8789119
4788442 -3748190
-4203830 -9013399
5741197 -5642716
9311365 5527136
6585185 -9016167
-3214025 -8903958
-9416512 6168240
-8348892 -8639475
-8926646 5271545
1930327 -2402702
9747114 5947383
-5600519 8789744
-3562601 -2370192
-2717553 3331454
-5363075 -4596814
-5828652 -408222
-6905269 1941720
6299004 -32481
8011007 8835929
2336114 -1873279
-777237 4596192
-6719215 1638441
2998967 -7677397
110501 -5068107
2529191 4072321
-7463943 -7959172
3346925 -5207343
-5061182 -3064462
2783344 2300676
7703862 -5262383
4329396 7420270
-638010 4391563
6875434 7424127
-1223592 8177346
-3695933 4886441
-8001015 -8887477
2750964 5526830
365785 -4720230
-7271984 -4250069
2338605 -9523714
-7482885 -2226441
-4917431 -2608986
4326552 -1619608
-9318932 -7462261
-2724644 9626248
7046518 901283
-4707154 -8395248
1545232 8924860
-381442 4684632
-428927 -9678360
-8565837 5922625
-6034193 -5913590
-633819 -3298520
-5032237 4331593
-2675769 -5389451
-5099540 7306368
-5302618 -7642302
738090 -16971
2520768 1540286
1166535 1419159
-7679558 9796125
3917229 -9270595
2170618 -9870360
4814272 -4537539
8300454 -8210824
228154 6901697
-9011893 2250969
8952449 4193961
-8958094 -7129360
9997541 -6079787
-8773419 -1633862
-6759812 -5101998
4881031 8440316
-7503046 3978279
7913790 -2598200
9714277 3663489
-3090753 -9765768
2880224 3631506
1610320 1596217
3385393 -2305504
7112545 -7572874
4678095 6129899
-7159787 617004
3487645 3630545
7550758 -6117881
-5235391 3485186
899540 1293691
-265993 -1995202
4499429 -4219428
-4301276 2230962
8410803 2413219
2647451 7929353
-5922789 7836402
-567381 8044027
8254875 5687531
8114657 5334365
1464264 5367420
-4015576 2792753
8939650 4304477
702949 1988421
7989960 6490408
-9699549 -2016090
5988708 -1110500
-2813576 -7449189
-2701875 488137
5417708 2885148
814501 -4291072
6061683 -1934841
8625538 4891713
-6904404 -4505698
3345019 6880413
2247833 3726606
9035711 -5190716
1630113 748610
5253383 7975361
-3017879 4849414
-7166675 3243343
4649196 -2717428
-166617 8822033
-8173477 -8164380
-2762879 7131508
5356789 7244231
7825743 8051622
-4540313 -6065176
-570874 6451281
-4151953 -8928364
4798242 5290498
-9900218 612232
-8639158 -3649695
-5674334 -5753753
9095662 -869422
-7626079 1307787
1106711 -8071013
3267372 -460531
1375090 3456447
-6895693 -2389753
7370831 1128563
-8303463 8461096
4912272 -2287074
6680559 -2843775
-9255787 6857751
2148249 -7471394
3140839 5542455
-8107240 2248031
-989370 -2981967
6148611 8734778
-7441083 -1893708
-7448369 1038885
-9421646 3665628
-2877925 5819004
-6570749 -5530204
5598359 226383
-8796169 3316434
-8970640 7294897
6967474 6116104
2973855 7709920
2754878 7711687
-4229506 -4877896
-113513 -4104283
