402 -6017691 8044154
404
-5995242 -3825045
-9816233 -8010969
4781560 -7243105
-4878070 900664
-2055236 -2376413
-9702941 8169396
4853457 -961170
-1480880 3864287
5600440 3180107
-5547161 919032
4276501 1415345
6223905 437344
-7908375 -5838747
-3217518 8737795
-7279895 -1282972
-2591665 7342989
9332020 9241215
-8001889 -9891545
-6474529 -3370068
4253520 9636393
322142 1470235
3025417 4550579
-9068781 -4824401
872058 -8455463
-5020079 6531659
-9536643 5324897
8278593 9256423
-6582324 6687262
5425057 -9629782
-8396402 200159
-2456852 661514
-97270 -8471715
4153092 9391520
-3978547 -5582807
6569938 7678564
-851201 2791325
9858256 9408432
-5415969 4690569
6235106 -9210525
-162513 -2027559
5813690 -8784972
2987803 300844
9504458 4092283
-3021147 6405479
9121990 4929515
8107382 -8901197
5143441 9181490
8573011 -9473536
7460009 -703467
-3024903 -5405536
7385789 4029947
3438380 -1359751
-6669182 7244045
549873 538763
1027557 2082276
-4186344 -9612640
-6795444 -3158753
-9066469 8801459
-2276709 -7290986
154881 -9571264
-8472460 -3154719
-3973228 -1737737
-1211273 6670981
8483866 7116135
-8289401 8765088
2795036 -4541036
4099213 1612740
-1143215 8749768
-8195117 -53617
-7971341 9406658
2310370 2832440
2190040 -9641332
9160127 5514926
8223940 -4360077
-3931341 -3116582
-3754948 -9104826
-842563 -9887449
6783532 -5211824
-8095689 462517
-772395 5267399
3242715 6131262
-2255998 4538993
-4194887 9858280
-195337 6600787
-1476202 -2390003
2958789 -5650326
-5291658 3350520
-1134553 -4851171
788752 -6131530
-6731760 9605739
-9499087 6857412
6969963 -7970356
-3182180 -7825297
2637220 -3730152
4053599 -8761517
7369745 4381177
-8563477 -2703686
9670946 -4886253
4230887 -2758364
4851633 -524391
3825283 5271037
-1378443 -9673225
-4524396 1049978
-2565200 3356
-390904 -1219291
-4361879 -6780608
-4750963 -7373639
-5198936 5124436
3910636 -5416791
8338045 -45364
-5664186 -2035765
-2223099 5707790
3337890 -4227663
-4469675 -2552153
-560192 -2431223
5356166 2898311
3225086 5781444
-3168578 -6022277
-3502568 8700690
-2518601 4266222
7485614 -1377120
1249241 -4364128
3276661 5251003
9834213 -1433342
8521294 -2812703
-2332115 8172258
-3603600 5373460
3662149 -2038862
-2074662 9734290
9819419 9192475
2090786 7365146
-4337058 5175585
1669661 -4684128
6532914 2494364
9276938 8167093
-3210027 6530666
4682890 6762553
2013556 555566
9122224 -2040449
-2336799 -5635879
5052731 159871
8049683 -2152562
-1675072 -8550868
3699774 1711833
904308 6250266
-3868235 3519194
-1305221 5511446
-9172682 1794707
-5710928 -9635560
1047885 -123416
-3592750 -6433990
2844915 354210
-9090223 -8909859
-8433956 7374824
4255297 2548353
5224576 -8254403
-7890613 -691971
-6726487 3274260
-5013907 434316
-3315418 6973287
-6991167 -1593247
-6081801 2816347
7127407 1703613
-5415595 7261869
-2861547 3932831
7498841 5632291
8502853 -3937944
9668549 -7139891
2751285 9412630
-5522664 3750945
5496543 -2993418
-1169037 9701912
-4507476 7605930
-9443402 -5379172
4110468 -7005031
-6081926 -2758819
2573880 7119301
-8660734 -2163727
7614494 -298713
-6365882 -4076328
4072315 -5247052
-6668644 3649312
-974227 2575168
-5495849 -7000095
6750850 4293410
-8700008 -8502161
3716103 -5236255
4886028 -7352692
-2731864 9208628
-7796403 5442626
-7316193 3894956
1014258 -3878328
-3525703 -2225960
-8321 2353524
793548 6605144
-8641908 -3857850
2307814 -5134137
-42616 7205800
-9794295 -8666413
5626997 4461535
-1524274 -527093
4236653 -556659
-5392999 -7808171
-8599543 -877319
-5434693 -5608510
8286446 6120407
4758431 9765467
-9944141 -699296
4170581 3749080
354224 47538
6189688 -5035871
-170007 -5771332
-8565532 -8986146
4863793 9787377
-3234736 -8359827
-6370567 -6992858
-5033164 5240990
7432819 7866086
9505119 -426163
3965327 1349629
-2529964 6586778
-1131403 -5231874
4068830 4744819
-1506101 -1075544
1488347 -1760589
3203541 8848124
-6923208 -2321965
-8791758 5549886
-2146385 -5488739
8667786 6072035
9079178 -2864769
4892573 -7702781
2679657 -5953986
3619851 2325392
6191373 -5298872
-8712093 -9898469
-5130343 6177761
922580 -7327144
1597313 1454839
2210603 9416480
780956 -6914340
-6719953 -4585856
3480382 -3625900
885361 -5511711
3076677 -8666003
-1530772 -7930500
6883071 2155855
-1281779 5878153
-9280103 -7920919
-3219791 -7661928
4955955 6911271
3089032 -9415532
-6742675 2341964
-6203196 6527965
-1539203 -2629010
-7026998 6007407
3937903 9241753
-4384147 -3746951
-6742309 -2581715
-8731366 -982433
-6396581 6334368
-8993425 -7745786
8132367 -9513510
5081923 -275204
-5420780 8852264
5763535 -8137867
4962953 9535176
-5606508 -8631080
7896885 736630
623972 -1809704
6714055 8874034
8115787 3596974
2366376 651958
586595 6247992
-4734441 5624067
-5525213 1855229
-3374205 -8614670
-8128179 -4518638
-2277490 -5241838
6126779 -529904
-6151419 2301730
-5646742 1890314
-4224414 8811535
-7935483 -1253249
-546601 6188823
5062857 2688490
-3714536 -3832545
-664235 -4305004
-8057011 8651840
-3207741 9922361
-5706058 9724900
-8889769 1267046
-735240 919738
-1805748 5498404
-5031500 6987270
-710999 -5678969
-1272302 -1182918
-9855031 -3841389
4905362 4503284
-6791540 -7790514
4897976 -5641238
-6957431 8271317
-6033686 3699793
2351633 2378334
2300695 -4090697
8150555 9143893
-7072709 -889010
-9969272 9260786
4759190 2192052
-820678 -1775020
2546012 9727691
-8938875 984675
7143287 -8726290
-1706654 -8793906
-6584420 2048649
-1076237 1501806
-7710524 829909
-5470298 -5517316
6861019 -3744210
-5318555 -602313
-8942068 -8321934
789056 -7168000
4609139 -6014776
6177276 -6663864
-5922531 -631671
-8387628 7872950
-1142374 -860167
-7070105 5189849
6395943 8517265
-6917734 1223241
5241400 2327876
-6842215 2006030
6488714 7530876
-6213334 -2312513
7085174 -4133915
-9939496 -9015537
6332815 8143107
4644683 -6634088
-3297951 941954
2826636 -6661689
-8788739 -6704130
2435703 -3044640
-7854790 -7414761
-8897496 5365598
-3411161 8541153
-6614619 -5815229
-1292847 4346591
1877467 -3456834
-3252995 7712219
6094657 -1819515
-835052 6348532
-2992009 6155161
9521073 8014116
-1043930 -8347326
-5009015 8739474
-7964656 4299058
-8745581 8718598
3820190 4471047
-7647003 5915981
-3026514 4922694
1623817 -8541811
5804780 358868
6902034 2847322
559542 -2317752
5862733 6165392
2513924 -3345801
5325712 7544034
-1925498 9521915
-8825411 -2636863
-3897388 -453076
-6154017 8681926
7400524 -1862044
5125356 7616754
3532735 1220714
8659761 7478353
8936542 -9493779
865089 -7200070
5647253 4741323
4939923 -9716524
6448868 8723147
7893698 -6680992
-9136958 -8520856
-8998941 3219410
-9417453 -8546104
1000821 4692000
3373926 9201511
-2660532 4846804
-5020090 -6709198
-2972131 4981176
-5024119 8512645
1535218 8203982
-8996088 6428776
-6313549 4916660
-2283512 -832483
-2109336 8626374
-8054618 -5834644
8160852 -4215638
1520124 5324777
6778673 9161911
3853911 -5380976
-6179465 -2220506
5142650 9744189
5551343 -6323645
8657531 -9877440
