834 -5471878 -1864884
972
3045530 -4576529
-984853 709548
-1321036 -3611390
2455268 -6036777
3572962 4957030
-6638406 -6357959
-4177752 -8098551
1094817 982347
-916323 5716595
-3168868 8705288
5134918 3186312
2495427 -6009466
-5658652 4676932
-4119317 -2406991
2121131 5049320
2989143 -3467849
7241699 7683013
6587975 -7995710
-4032486 8437015
3394046 -956756
-4798363 2056828
3958277 -728008
-9745661 1023885
-3259519 -4946906
-6241618 -661984
5040680 3571613
7562148 1409652
8602937 -2463893
5129116 4419848
-530832 6999972
-6467876 9766599
7449613 -7541689
-5537398 3290175
1727191 -3446060
-1886464 -7053532
-2480352 -4878763
4393229 3315173
-5660941 -8522074
9047372 -2836080
-981712 -6404108
-316143 5322107
-3268241 -5941032
1595076 -2753995
-8334146 7851048
-2632627 -3275808
-3509208 -6348626
8626038 899497
-5810328 6456757
5527049 5604992
1067812 5916863
3554452 -6359414
6955759 8587460
2581738 -9535967
-2372047 -8705182
7407062 1629111
-3048782 6646241
-9294790 -2909080
-3146723 -3800671
6566730 -5183362
1540830 -8964517
-5313142 -6065897
4833600 547974
9521083 5829248
1434240 1539624
9972840 5048133
8688719 -7497948
3605864 3527292
3991326 -1839170
-544351 -3812397
7816714 4135631
-6701775 9379063
-3530017 -5232068
-6516387 -5996565
-1179927 3323261
4358744 -9949657
-6015554 2877255
5941582 1561954
-2608798 1334398
-7125977 5462665
-6972850 1341794
-3639802 5363215
-8593141 -8284131
-123300 9966063
-3846334 -2085463
-7949831 1848701
-6255884 6486732
3771016 -4651606
-8131819 214100
6053713 7254629
7304973 -6795394
6081861 -7071191
4490764 3805771
7656522 2023443
-9997539 4398318
8256465 -9469455
-1589888 -6970389
7261833 -5383337
7099078 -183029
7731509 9654885
-5980062 5769096
2255828 9781678
7646424 -2235946
494506 -3973156
-6718526 9514605
-7280789 -3451781
-8006619 3102799
9424922 1317424
5857220 -999503
5915167 7081444
128341 5859681
1405644 4171632
1304648 8538453
-9128223 -8816171
3355066 -1596274
6689175 8603286
901316 7375004
7655411 -1054997
4971848 -8935908
-9421303 -1850083
-2785511 769674
6388825 5814260
9648036 -8275778
724719 -1669901
-4588456 5505256
-6118711 -3360114
3327871 5539885
-3405309 -2196714
-1012885 -5367481
-4447403 -2533532
8586106 -7657818
2233538 -7758228
1186776 -7996226
-6932134 -7594699
-6928429 8674976
-8038998 6162915
-5506473 -7197588
-5473366 866179
9196278 -5858437
9646820 5251353
4407591 -5392178
2664060 6044461
-6152253 -2264538
-5115667 1775103
9241571 -4648785
-9790251 436931
-4804945 344029
2347803 2443287
-2635059 -1101817
-9910489 -2067979
-5905064 436512
3238924 -7949487
2916692 -1411537
2730026 7765558
-4466737 2112971
-762855 -5106802
-9062340 9940854
-2323683 -8098795
-3807340 -5214593
136622 -4922998
5513933 -4565769
-1705388 346371
5306011 3225341
-7876476 3158767
-8909212 -7329048
3107464 -7786964
-5736451 -4814276
3774187 8862740
6628298 -303406
4325917 9020566
-6086236 -7838439
4618767 6079414
496972 -5148576
-7846816 4811436
9888439 6689632
4640216 2289806
5152530 5402372
-1372287 -7065172
6093596 458541
-4354155 -6732410
-4519374 7184384
4886461 1269661
132401 -7739473
-5526527 -8823000
-9802434 -3239301
-8561388 1315742
-2604843 6627683
-8520893 6057379
868816 7892129
4581761 6148643
-1561550 -6726393
1192331 -8261671
-5326842 6107332
9082225 9820045
5603987 3283106
-7016158 -5271930
5997731 -8915387
5861492 386655
1563656 8646484
-4592817 -9665034
1650708 1761222
-1611095 9362147
-2064122 1562217
-545654 -7615635
8533008 1321046
4594653 6552460
8290789 9487810
5595142 -4213015
8123382 5480299
-1236595 -2806281
1921789 3727369
-2671666 -5736400
4650255 -9564128
9082356 -6810174
6041144 -3786089
491486 7005891
6368038 -9791795
1770422 1396743
-3702540 6820269
-1858685 3741121
293581 -5169531
6834631 -7264031
-1477046 -1415630
-5935330 -5053874
2139845 -3353664
-9626295 -4655573
-391973 6577987
-469789 -2297961
-6591783 6774635
-7011454 -8871080
8134811 1965714
2173919 -4003616
7393128 -2980798
-6160529 -6055659
201814 -6309412
-8962591 1980786
4716755 -9504605
-8403882 388393
5334519 -6760291
-7597603 8177140
6037919 9990716
-914945 -7223898
-7005507 -4354053
4936934 8615267
9744187 8919063
884777 7925480
6438217 395350
7414552 -6941304
9519389 3831345
38285 -8745977
-4248838 -278796
-7267049 1075695
-8535912 -9532083
6223979 -5670931
-7493791 -685041
-694325 8626376
3918831 8544129
6706428 907083
-477650 -570324
-1651261 1643362
-7914806 -733463
9661887 9233516
4808564 8523411
-5128892 -407208
-6636833 4327954
6565510 4909394
-4014911 -885671
-7901401 9298461
-6372469 9965529
-8203160 838930
-8018342 8650092
7194221 -6381133
4525950 5900489
-4669834 -3582999
576715 -5951700
-4168811 -3804743
-4571226 2661910
-6298327 8009429
-2397779 -9762662
-2918356 -1427218
5998528 -6518260
2596070 -6352846
-7054384 4499969
4465498 -2788979
8049951 -3426853
-4776761 6262338
9881205 -9968391
-1551549 4933813
-8649186 4407156
971808 -3705031
2490226 -5556118
-377856 6802998
-2671221 435352
672691 3323817
4412951 4931000
929092 270687
3917842 411479
-5088552 -6474838
-6747465 6863458
5952957 1893298
-9328012 -8697514
3850448 3692548
-1373639 -9446806
-2523298 -7701101
-1406132 -7506472
-3062590 8448510
-2232140 -8915906
1519447 6559554
-7600277 5096639
-7456009 4708490
-5020823 -670973
9740506 3473084
-485402 1413371
-1723171 7168307
-938395 2767134
-3414028 6746138
438687 -266406
-7196860 -9563580
-7264681 9065048
4074928 -7203806
3761056 -6154461
-5070366 3528690
-7395404 -8471083
-858092 -1034567
6190275 -4995680
-3150301 -5797748
191688 3685804
-4900824 -3409795
6274864 2222638
-5010228 3376005
-7361504 7852822
-2413584 1575745
-5471483 3077183
-5341417 -7094092
-4297898 -2736163
-6374272 8733512
-5221446 9463158
3508427 -8928286
37147 -2616849
-5096177 5166688
1885292 8743774
2429579 1753522
860079 -7923020
4299618 7528755
-6578888 -2865056
-5012234 1805743
5897840 -3940392
9136791 -4909466
-9487206 -9573643
-9793454 -6204625
5045239 -3785104
8194406 -6167725
-5096011 9823793
9723296 -5780814
9385874 -2542511
-3798737 -5372881
-1103007 1271166
-4135502 1147194
-1324051 9757073
9408369 -9835884
-5513789 -5386586
673022 6912487
4519373 -9615949
3326761 -7673834
8637893 5032167
3763415 3533307
7365582 3683132
-3976723 -5525827
-1306641 4785924
-7756587 -4253426
-7109955 -9404415
-5616897 -9038972
2108223 1787039
1544112 247601
-7071930 3300524
7913938 -6531167
-9618680 -2585719
-9685315 -1413039
913127 4900693
-67140 3641446
9691105 -7932628
5750504 6212627
-9313200 7056688
-5641036 4290133
-9963293 -8103488
-7507903 9118729
-9920243 -7073247
-2769856 -3124799
-360846 -5295668
8004857 8774256
4759441 -4916424
2497858 5918795
7022108 5140761
-7442194 -4671105
1486693 -9548413
-7481041 -4992982
-8780355 1177798
-9249162 785815
-4924051 -8093555
-6197043 -4890198
-5771469 7629008
3072113 8811407
8202960 6824641
4045325 -9697743
1592865 -2157886
2925691 2050182
-9514670 -3647694
4009419 7939901
5785148 23790
-7008270 6567225
-8425757 -2728159
8449639 -4489311
-1187143 5310240
-266962 9200478
6826632 -3594842
-5965834 3535995
-5136246 3571516
396157 -377368
-7558759 -6933286
908829 -5558518
-991983 -3449541
-4580883 6350872
4290773 -7990301
2033489 9428537
-1487886 75921
-135886 5025219
3052261 -7397290
7912950 -1686247
-9969417 4381470
-9213372 -2354012
3698336 6857216
428732 7337146
-3040222 8562090
4145157 3341241
299075 -8082628
-1532169 -4946014
3921210 9307092
3833143 3886948
-4168163 -9271665
-6679392 -4133367
3408204 4343952
-536986 3184722
4014827 8976817
3358287 -2624036
-2461695 4045411
902627 4144915
-6001586 -8763359
2315083 3847711
9705304 958192
-4608084 -3539760
-5969422 4379
-8172176 3859747
-9736952 7951788
8680123 5660967
4043952 -3905115
2955189 -7999269
-2298195 9968509
8945326 -7581797
-7689480 -8283367
5762044 2303614
8964881 -151175
-6398182 9181023
3028734 -7036705
-3562160 5916901
-7622858 -4749610
5254769 1829756
8205856 -3592280
6875861 7082593
-4740087 8468904
7080141 5555984
73068 9303865
9272374 -7448317
-5030114 7774873
9491506 734053
5554019 9796758
-354417 -2230098
-3049075 4518900
-1452 3247401
-835697 2496011
7746401 -1047260
3298848 -5942203
-7018131 -4482477
-7399884 1504704
-7510040 9857730
-2069933 -9623619
9680247 2086454
4638137 519487
-1705640 1468973
-7796974 9608023
1921134 -9697781
-1927879 7757045
-5207702 -8433283
-2669529 -2460601
-9964590 -2692802
6259938 -988874
3068923 298164
5815687 -441214
3579843 -1432856
-1575125 932155
1308537 -1413845
-9327391 -1128706
9390781 -6494864
4974109 5310746
-2564878 -9798507
3020064 -306512
9966885 9356256
3439325 3608538
-8852063 -5240817
2066381 -9230204
-219078 3699699
6514215 -9157329
-7082190 5366197
-6066658 2329902
5778410 -985995
7600160 -5125431
-3737785 -2913053
-6891565 8272770
-3900132 -4347004
8370841 598896
-9707616 3534990
-4592402 -6092742
7515796 -9740730
7534805 8846924
9616720 1180085
7396136 -7882461
-7039790 -8086005
7280192 3910352
8756606 8394372
-2591623 3729886
8604455 4535016
4138315 -4991462
5797660 -5133330
-6963982 7246750
-9638001 4413880
-2051129 3923212
7830470 -9345617
3430005 -4127179
-5280255 -2137382
9042703 -6518837
-4401298 6852818
8766813 6438839
-7134457 -8924736
9469637 -1436643
4809596 -8377850
-1326482 9394366
6919256 3414051
797074 -7188166
2574936 -4766732
9647149 -3650556
-9727344 2936935
-3892329 -2403980
3468841 619478
8482096 2054028
5535191 704939
-2442243 7524799
-3520009 -8866107
4725510 8840922
-2595721 -654466
-6515964 -3288501
-3894135 -7786125
-1855721 2157555
-2514259 -6974878
-1741610 1457705
323501 2577029
8030317 -2094461
-1982089 596158
3731988 6654340
-1291632 4003105
-5291956 2214085
-7744764 -5756440
7893805 -5217847
-6376925 -8748421
-6886534 -4864333
1847166 -6456294
8273934 -3402498
1271409 469384
-3989142 8934565
392270 1273502
6366884 -3214400
4691140 -9284229
-6171719 4397201
-6432107 5225403
-8255140 7560270
-7709293 2276261
-963827 8969256
-6248591 7062295
8313875 9446331
-5418002 9890836
-6565457 -8572659
-1975157 -1054483
9414901 4224829
3159394 1812605
-6913893 -4574241
2211359 6068016
-699861 9452991
-3633456 9418851
4644255 3128421
-6794957 -65563
4727051 -1094533
-2125276 8012102
5074397 -6236776
5725907 1626133
1516970 3388272
4815613 -9692094
-746577 -2532135
-8307306 5356809
9685766 -1331676
-3389565 -2631560
-6563544 -7228127
4741217 8821794
8240646 2736595
8381368 3624113
6074903 -4598747
4306720 -8413589
9598513 801954
-2918470 -7818556
-3676070 -2810737
-9422465 5323790
5631696 357252
341469 -2090499
-6733690 7401471
8586147 2034163
9402603 -7047924
8240301 -4803418
6534728 5355411
-1907994 -4502130
1638336 4775374
2692979 -3526625
-9423862 -2286761
1031545 -3000300
-8302504 2691004
9880267 629427
-4046783 -9462222
-6588618 2974154
-9116345 4101265
-5980912 3752851
8303366 6666317
2134745 -7394765
-9681831 7705969
-4422268 -7108601
-1610731 6852898
-5855376 3669739
2659466 2543957
2773548 6837604
6353656 3235604
-4073392 6321445
9467225 567504
1105283 8323227
1297382 -4579558
2038060 -2966983
-9214131 2181037
-1152645 6057148
1178736 9089235
-688443 -9017900
6389851 -5986743
-9133845 4889289
-1440972 -5220879
-160570 7527132
4364736 -8781506
-3029549 -7387021
1450776 718392
3802248 -4586589
-6263361 918001
-1145204 -5092469
1940549 5034021
9731410 -9107144
-533644 -4757230
-5667995 -8904883
4593570 3161444
7174702 3643562
-8950796 983421
-1721106 557209
-1915659 -391768
-6656921 8118325
3247656 4965429
-4316179 -7170118
-1756707 -5301568
5616434 2002422
6909953 1979932
9530305 -5528770
7880438 -8633146
9125976 9261716
-9643167 9863146
-4459057 -6542018
-382104 4950403
-4066175 5231997
8305558 667100
2791685 4212719
-5152604 -3610100
-8644671 -1348884
1480998 8095052
5309837 9555503
-5925723 9724291
1704224 926271
-2086147 -9015770
4867437 1234529
496245 8310643
690141 3993413
-32253 -6630569
8319834 6231084
-6020567 9585644
-7230904 6770011
982731 -7715008
-8808756 5560781
-5788103 5830127
-3558468 5062925
-2865220 -1790753
-2066461 -8248631
-4806008 1209057
-5290360 9637763
-6611356 -4375803
6451192 9577077
-3913158 -3598758
-229327 -2858667
5888770 -1429058
-9327062 -1909493
-5139481 2384555
4669547 -6557966
1519168 -1640398
6706081 5860791
923717 -1752583
6456665 5663965
-68314 8058497
-732445 -5609796
6544319 5125678
3266227 3977195
-3929376 9932963
-3665795 -282581
-624895 -5326182
3244760 -1378770
6711738 7780227
164782 -3565950
-123915 4088609
4964563 -5165670
3211473 3911605
4675374 -5813004
9850962 6651542
4710040 1132039
-1961405 -217352
7424679 6493947
-7012506 -5417086
7032230 690906
2924678 -8425530
-3751712 5882787
-5495982 -7700217
-9919990 2009401
8443451 3732108
-9662931 -7238856
-2404526 -9164112
4747493 -2182016
2004980 3323300
-25158 -577132
3071259 1855942
4154943 -5315118
3695181 -8890145
8209121 1579622
4786880 6682675
8257145 -2242297
-6359509 -2288442
11341 7021786
-968813 -9339139
-3090679 -7392297
-4631152 -2525362
-1689473 -2753610
5064374 -4519326
8803974 5574372
-5002760 9585706
-6041999 -1221183
-4019949 584852
1694707 8112944
-7791082 2191585
-8609388 -7579820
177884 6995798
-5292643 2164110
-814104 -3665273
-3004412 -2764950
-157246 733435
8208073 3904909
3667651 -2272046
3208628 9034952
4609325 -8751623
-9165917 -5471045
3307772 2122917
-7292231 -5207916
5421380 1804175
-6004240 -3081172
-8144639 7630298
-2857551 -4613627
66835 2033245
884324 -5633842
1601208 9252731
-13834 396264
6817525 3960314
-8311732 -9289409
9745544 485176
1733553 -2586751
1942204 -3128779
1510490 -4916012
-123927 7766328
-429497 -3265388
-3830208 7813805
-2039544 -3917384
-6014659 -1974847
2574750 5102905
9469063 4052176
3304907 -6540926
-3628310 -6413377
7546938 5807425
6518016 -6810785
3674391 1751558
9164807 -1220088
-1832515 7924296
-6991715 1107011
-8610309 9677976
8928940 -4599290
5730867 960195
7042811 -4901268
-4359762 -6308677
8794228 3544504
-2403320 8214988
4190415 779643
4366267 -9098413
-774636 3078457
6267673 1913205
-6335237 8259732
-2960355 -7541584
-9617287 5345923
8969286 -2276518
9917810 5907350
3824412 -9641022
-6164475 8846750
6461835 -7928369
-4237045 -9121664
4422840 -7897927
2833413 7073535
-2146821 4535872
-2046189 9540180
2618638 -7780554
-3350997 7179175
5438907 -8597337
-6138921 313766
8176041 4994904
5234739 6760144
-4816154 7145328
20658 5152549
-3484348 9008258
-8920110 3856183
-2749129 -7022513
7595912 9359197
6432732 4190063
-1274065 -7054323
5002210 -5714089
9021709 6679746
-3624727 -2379152
-8460137 -4329288
-1499169 -8185820
-674563 -4599058
-7838913 -3323128
6338552 -5439824
2229077 -2655067
8869544 -3640790
-9784607 8744729
4238568 2465786
1824983 -2533736
-8343673 1834480
-2703490 -9225933
7576331 -7101386
9578360 -7701280
-7564080 6598040
-7731247 -4046367
-9715834 -6024217
-623275 -6714064
-37192 -7874045
-3313869 -5945836
-6084550 -3698639
-4823077 8915208
176290 -7215006
-2232868 -4607683
-4625067 -5585142
-1234309 2108467
2882534 9547613
-7553773 6062201
877273 458865
9573258 4540940
3010925 3313193
7288976 -8157989
-4872053 3295091
-2062602 9182053
-6763782 -2392893
-3575180 -2860119
8571442 -2848332
-7546986 1601744
-489587 -1252268
-4321058 220146
-7671387 -2598302
-3050689 4444633
-6976814 -2272501
702717 -8088109
6452831 3900459
-2786348 275975
-5365662 -8019892
-2208448 7018980
6201034 -7721363
-114256 5728950
-7131168 1953604
1621624 -1173083
-9571339 -8559726
188006 -3409010
-672512 -7544574
-142876 5866948
-7172066 1656101
1899952 -677212
1234679 -4148880
9751580 -7397331
2878644 -9796138
-7816030 9481584
6500565 7512982
9791619 -24478
8220825 -4782049
7171555 -7806284
1020633 -8910343
-7470069 -8690469
-2099479 -6034354
8937424 -4765711
3617589 7228009
-8599538 -1205452
633688 6445523
4812996 3300414
-1580564 4384719
-2895067 4564576
-3437488 3814432
1327415 -8194744
1780778 -6936923
-9202620 -6364614
-4170898 1603
-6392388 485287
1794818 -633913
-4151915 -3862457
-6111816 2211691
-560300 -5214491
-3903590 7505774
-3532351 -6643486
-826719 6730098
-6368830 -8719355
5845221 7592717
1407149 736103
2541359 4924086
503515 5250916
1402655 6838490
-3159907 1300896
-8213817 -251891
9114197 -7035942
-8382047 -3902646
8309045 -5037718
-252208 -4493862
-6988088 -9734902
-6378388 -1639446
-4909348 -8004087
-6723441 -4688755
5420314 -1278178
1974278 1638132
-3437782 9343816
4594732 -5484363
-8645873 7065734
-1633370 -4002613
-1738151 -9289427
-6325369 -7330835
-1233481 -2623954
-5145320 -4707416
-6684926 -2924435
-2659337 -2881176
5479378 8843338
-9160748 -6521373
