394 9303772 -7799803
400
8807401 3190001
4796466 8603059
6319700 3534363
3297467 -7963245
-5185438 2484095
4530333 9816469
5789897 -9750095
-5256289 -8471321
-8945747 2066256
-9908403 9828266
-6070064 1096386
-443376 3403741
-5540223 6274161
-6937992 -151276
-8331152 9016176
2206177 -4737794
6381617 -9523751
-3473036 9518996
4072103 2701318
7701765 2340783
-5326395 8886665
1652923 2232098
-3722870 -9536498
-4953889 6396634
6224900 9847735
944122 -4862292
1057802 -9845163
-1054650 -9499254
-7134178 -1966069
-2949893 -5476290
-214084 -5465329
7527272 1772637
-6192015 -3832466
1385204 -5945763
6395020 396440
-716895 -913031
3835419 -8931375
4048480 -9063972
-150985 -9887451
2476637 1610943
6748651 -3926085
8745104 5937111
-1045791 -9677195
-1643264 -9793194
-5269483 1820032
-1128945 -2076804
2212185 -2967215
3200319 -3601673
452564 -1463478
8932962 7101875
-3811156 9363937
2948914 -1783933
-8331552 -9975736
2653165 -3002606
1124689 1517463
107730 -4870198
-8933087 -9610307
-9287502 -8630813
4092345 21123
4357507 -8414413
-7974865 8822862
-4144352 -6771438
-373111 4237320
-7226158 1572319
-8809453 2595806
-5523905 4223156
-7560777 -2620609
9920007 7425009
6938756 6624023
-1858514 -4910475
-7264321 -1936555
-1546862 765569
-5348892 6318945
8856420 -834363
-6732424 8743453
7566316 3213927
-1041159 -4707289
9530031 5938316
-9973013 1102082
-6302112 4820225
-956619 -8782466
-8886722 -1826017
-4401007 -6001044
-9377020 3549637
8639162 5054101
-6882454 -8719182
-5437261 -8625158
7693787 1570685
3252674 -786153
-2042699 6550207
-7719514 6520250
4329313 8039969
3978285 1239327
-7658591 3859344
-8804079 -3478376
-2260841 8555650
9245985 -7244346
-3245390 -8631211
4918426 -5155022
2415431 9893942
3691113 3557589
-2551217 5532978
-2896337 8253852
-2532300 7658922
-3274519 2872689
-8090709 5425001
3464970 -994033
2761646 6238604
97948 9959607
-3518769 5103055
-3824943 -6189779
-3434125 -3263258
-9378117 -4578957
266021 3320485
-4269220 5540310
-8385749 5197805
730783 9421893
7675745 -936966
-3278044 350798
-6776513 7659797
-4398850 3447437
-7546596 -4867222
3887734 1582472
1542079 -2268598
-7165543 -6014318
-9687745 539663
-207243 -990485
4430558 -3121870
2714967 414641
-4045049 7212931
2410736 962099
383992 -2430798
-851412 5657871
-3991331 -9423910
8235887 5870544
-8165667 -8251492
9397638 -6162962
5419510 6804089
-5464509 3285372
-212594 9477942
-7466043 9886300
-1104185 99661
-505857 2326714
5257707 5842725
-4427991 4725463
-4312438 3729010
3814564 499097
-3843031 6071555
6647645 -7036848
8833696 -5318010
-3569501 -2600116
-6246726 3184381
-11530 8344489
1629862 1689137
1167079 4523961
4410262 -8582732
-5966718 -3782612
1060454 5822429
-5818493 3527425
-1747112 -3681838
2563524 -7730132
2768965 3940451
-7471642 -3621911
-658759 1442286
6124277 1692355
9092239 -9308710
3875671 5071128
3415617 5361866
-2948997 6380494
904455 7561831
8979100 734434
6951822 7831069
-3830149 -6987618
-943841 -1987724
-3153210 351358
2621226 7309048
-6234149 9410315
-4211596 7906543
-651170 -3705791
502916 -2354003
-1662713 7989459
-4423061 -7888493
7473373 4729311
1109805 1508908
-929260 -5475624
5258810 4530612
2361682 -9433808
-6421426 2210632
2739261 8531533
-8600757 2634733
-7539867 2102403
1512718 -3463179
-5556636 8742336
-4963455 -182526
-20176 -3691454
6814357 -1944187
167321 833463
-4437226 -7608704
-3583443 -2359306
2165071 -811069
6235896 5487297
6053489 -2576119
2150866 -8886070
2161815 2148415
7299500 7406479
-491118 3561058
-9902121 9759634
8501970 3537953
5871779 7057595
-6633858 6054868
-5889319 -4148397
-798581 -9819501
5088148 -3205646
4435049 -2719455
6469477 -8495295
-491646 -3399880
-3459647 2705373
3819303 -4438157
7710258 1207571
-8869598 -4018882
2058528 5009758
-2714256 639285
6693590 -5327241
-8269646 8304067
-3124713 2565369
933325 7612848
7793348 -6497680
296675 -9865256
-2584711 -4602152
-3097447 -5268276
-6151804 6401118
-8377157 6410907
4489102 -7095099
-3371175 -2041502
-3544032 -5284288
9725470 -2240773
8398512 8514496
5703607 9527567
7831634 -2391546
-9826176 7433962
5046810 7223273
-9274407 -6376499
6274597 -4643490
754358 1022268
-1729656 6206238
2607357 173263
9100522 2118540
-2460206 -3253448
4705051 3589624
8305336 4168619
-8072154 3677371
-5291780 547159
-7408922 2842711
-9548835 -9588173
362141 2939064
162337 3141341
6764842 -4591048
-6718186 887930
-8089801 -4444209
-8237970 -3447475
6725788 -7303105
4815436 -3114261
3632291 -1657337
4448639 4871582
-959799 -9146306
4531066 -4729672
-1666161 968047
6327110 1755638
2167465 924917
-6136019 6778276
-80383 -7470393
-9545089 4026318
-5085752 9200812
-5243397 -6263275
289250 9340799
-7962305 9034985
-4079276 9531391
-2125946 -630517
-5758935 2069368
2923062 -7677307
-9890627 -4202382
-717983 9970480
1726118 -1556788
9368129 -4390872
4903756 6409936
8939543 -6767890
-225220 7339725
6540537 9394454
5647531 4689029
-3453820 3813493
2848478 -4063218
-4531827 -8899773
469710 1285555
-6645077 -4141421
-9302376 -2772873
-4458903 -1205663
-8718830 -9193002
-749790 -2660533
2948595 -4476360
-8066424 -8865308
6883154 -9631297
7708428 3389471
-4699723 -3342065
3863316 4248966
-9421189 -9052191
-3115409 -9590504
4026076 -4056359
7229196 -5130884
-6755953 7012138
6755618 3100471
4411161 -6058329
7265021 -7703285
-363818 5692331
3732323 -3484768
-9833724 5101129
5469832 -1817748
-8428277 7049430
-6292635 3178261
9943579 -3127999
-2180190 87033
-6987118 -9477610
-3533969 -2779247
-5393779 7038958
4051096 6211580
-687949 -2149732
-5691709 806714
-4380218 -6276788
1931895 -8426687
-9395103 5255964
-7126554 8180571
-3637177 3287525
336955 8343278
-5962109 -9549102
-2677101 -3439327
6647706 -6018530
-5496140 -2340939
-2603834 9660588
6699546 -6513756
9697824 -5481261
-5114641 -6733005
4073709 -990125
-4750560 -806349
-6716684 9693491
-2534192 -302313
-2121742 6404565
-307910 339254
-8801116 -3242567
-2791668 2545397
9106070 -4763224
-8265402 4531231
4706645 -1729871
-2069283 8754811
-7758945 4619163
9137903 7146616
-9586389 4455231
-6534894 -5976738
-4266735 -2996328
9213516 -8769102
-6555062 -8467067
453850 -3320676
-465070 1323196
8080630 2662292
7724042 733814
-1513058 -4711038
2336545 6830112
7616593 -7262107
-8507296 9559542
4178706 8063663
5210279 -6266241
705342 -4167039
-7627425 -1859758
5143914 4170448
-2082301 -9377807
4671478 4357430
3553106 1362637
5202185 7641681
303973 5604388
-3661797 -4200833
1088129 -1971985
7374480 -2658503
79390 5941027
-1983079 -2492575
-4428912 -5911554
-2177795 4711979
3061292 -9218633
-8562039 8527547
-4785652 5433868
-1427587 6581876
-6544342 -4351601
-472612 -6756109
-9114428 -474883
-4870495 -5270427
528741 -6294102
-5749735 -6015940
1325558 4133222
-7409399 -8375255
-867829 3921300
8009747 607523
7835854 4703259
-1999021 8348304
