541 1094004 -1533497
797
-6022857 4032555
9433959 -8605947
575657 -3415031
-5137626 -1843134
9158464 9019669
-6702612 -7112555
-4404666 4870970
-1000369 2990127
-668712 -4138791
8663149 -5138258
8897327 4153255
-1295774 4547305
-3693773 -8678798
-9834605 6376105
9986461 -3325625
-9293069 -1368102
-7457697 6479957
-6935074 2657242
-9185892 3117961
2137630 -2072700
-6668903 2488925
9876247 -2048630
-9058503 -8557216
9820345 -1124121
-3746027 272786
-5573959 8483494
3030800 7667652
1505206 -4353381
4539077 1853379
8527755 -5813047
2818852 4525538
1005495 1751038
-5591720 -2122493
-9004532 4070421
4514073 -4777612
7711313 3133098
-8915532 361523
1804307 7587561
8979792 4542318
-5184896 -5858996
-7375502 7750117
-2065879 -8242503
9920468 -1828350
-9974970 1955680
6142633 4459545
-1014916 1069137
-7179825 -8522163
-644655 2506931
9093705 -2771545
-5032805 350813
6000264 -3875870
6485653 5194861
-4701226 -398916
-5856598 -9193688
-5052684 -5721434
4545035 -8525142
5748707 -9911833
-1740183 4995508
-3048812 5669176
128721 -9198801
1870336 -6906178
-5428341 1630157
6653441 -2793137
4435318 3927004
6794170 5747146
-8128724 9402514
4597375 -4689214
4911870 873282
-5804054 9896149
6691067 1571625
3046483 -856737
-8252218 -6247546
8747962 -8688457
6980719 -7476049
-6674849 8215503
-8690675 9625792
-6227698 -2288161
4918703 8397336
-5159307 -9574257
-1310759 -8129627
-8727113 -8365137
-3054351 560517
3950151 -1613386
-9200885 4373871
-4054504 8146098
9805713 7490182
3758988 1508332
-4663773 -8446505
-5922554 -4976697
-6761194 -7683054
4459090 9918949
-9852859 -5451869
5461819 747744
1173487 5065844
6936217 -9697488
4453727 9862728
-7060402 725457
9112071 3915728
-1710400 -593899
-2447801 9911187
-82279 -3248552
776132 -2642088
-8572241 6193062
-8783635 6112359
945657 -4494794
7940507 -5544829
-8480346 -4595252
6152492 8087648
-4330156 6981473
-199662 9842332
2221412 -7393938
-4152129 6770417
686146 -2322638
7083464 -5040058
7387481 1492098
759898 -5364337
-5490072 9821555
6014617 -8463969
164742 -4062313
-6040755 7230982
4202505 -8889600
9031500 -8100247
2503753 5722159
-4780016 -2299656
-9940972 8173598
3296012 -2463326
-5692908 -5203207
2474155 9143883
6620177 4993238
9001688 -7926029
-3290365 4007659
3829214 -238414
-6186031 -6264085
-326398 -7639817
9591165 3978712
5089112 3632848
-1951047 -3689978
4548533 -3363036
-3146340 3069058
-6240992 9768517
9821544 -3087311
1709482 7055020
-1284745 -5871364
1638226 -5816363
-3742391 -4664567
1859444 639914
2917852 -4516404
-780489 -4311342
-9434807 6731822
710534 1409465
7558665 2672710
8982732 8315998
7469314 -4392382
1193029 3531265
-4183866 -5677026
1235663 4952037
2007058 -4362322
-7717334 5461497
2161487 -9277687
8574098 3920892
7077158 935448
-1064604 433542
-1361448 -4989
9243185 8154907
-7919276 -796255
-8123545 -7529929
3302421 9639390
7763360 -9140813
4390452 771735
5094709 -1043611
-6091573 2722939
8360617 8846725
-3175426 -1568163
-845850 -9356716
-2919472 8986061
-78491 -9755399
678143 6674039
-3330950 8856905
-471836 9316696
-1479559 8428587
-9101342 1608889
-6235369 -7086751
-6227564 4201079
7489166 -8472009
484381 679241
5918532 -4899773
-6053048 -3090840
5340997 4279149
-2561215 -6712121
-7726060 7011499
7256100 4519314
1193353 -5288198
-6431293 -2065756
9767292 378755
-8676306 -4386776
-261535 -1712267
-6282666 -7777648
-1060217 3503096
-2452561 -9993877
685364 -3571051
1529176 548172
7457332 -3396104
3399397 -2007519
1280360 -4685319
-7673819 -9161817
-2126151 -3929348
782454 2098633
2549229 1583554
4478661 -3132486
2480738 2316521
3120607 5802355
541059 -7780797
-1761349 6837941
6844064 9480842
8426143 5786090
-3665737 -9954220
9166028 -7528329
-7019496 6307947
-8377371 2565426
-4080039 4260864
2847869 6465162
-1436205 -3689838
410068 -6369677
-6985811 3629377
-4054102 -5111271
-9308916 5494927
230482 9066505
-1579201 1232143
-6770663 985485
-3228424 -4735137
-4689356 4171832
6643503 -4377809
-8069862 6993024
-7925198 9624008
-3598776 6069119
2534281 -9488885
-3178723 9249093
5395769 3614429
-2756194 7231345
4636426 8409958
-3578762 -4293944
7288914 5327510
9076005 -831928
-9846442 -4290287
974576 4821694
-1006474 9441486
-4936323 -1198428
8310949 8153382
7777390 9510167
5579287 -9614249
-9103133 6694966
5944060 -9370080
-3239299 -9765504
-17806 -6143819
-7733861 4004507
9710564 -5381380
2462483 -8796271
371802 -484170
5225543 -5945160
1392887 -6958288
-7516802 8716471
-9965604 2902765
1056147 -9936773
9573394 8345345
8731096 -8650111
8044856 -2330967
-9184694 2144315
-5104836 -3494732
361449 -2423993
4096867 -2606290
-5471318 -4856060
8864022 -3676217
5839613 6991165
3562358 -764176
2277536 1065156
-218373 7471597
374362 -2722914
-2659687 -183977
-1838632 3946862
5296751 9430059
9615445 9408817
-5930516 -4142041
2363227 -9569249
-1993242 -1035352
6358358 5241028
2901321 -7896375
-9056240 -9112959
394558 1765343
3517519 6783373
-2151471 6473268
3944865 8311407
-4411507 146509
9962532 6835580
782442 -4554842
-5124783 -9359747
2565422 -3920807
1937153 -5509338
7437765 6634906
8115907 6816732
-5425887 -4555476
-9935499 4474265
-2122342 7475434
-759223 -8991738
307987 788569
9778189 5274648
3586055 8156517
-1696974 3723055
-6925013 1690900
7136058 -9218090
-8577837 3857429
9936622 -7988725
9018290 3987585
-6861156 -5609873
3723212 6456055
4416931 -8745249
-1754632 8297325
5772759 -3002215
-9477601 6123027
9427948 7529888
-4679112 830386
-8496745 9206137
-4554456 8906943
597843 -7677367
-6895456 -1479469
4894312 -2266099
-7738472 7043059
-6453003 -2652713
-5746234 3796170
-7231422 -3314159
-2059408 7976978
6274303 -298139
6699646 6185960
-5174661 -5436586
4609654 -261603
3085136 6769639
-1507871 9930542
8837485 4588391
6911025 3937673
4974557 -8048320
-7798067 2531921
-425020 -7614779
-267492 6979814
775984 3121977
2324170 3986275
1963253 -3939086
5762776 -9735238
-1032925 -9246091
7833675 -5021226
4717172 -3691234
-6921594 2443330
2373872 -2197692
4907051 1570535
8024560 -6272290
8195742 -5665572
6866349 -4484531
-2099309 -9602324
7377490 8957682
2079659 149551
-5864174 -9330174
-3269259 6920182
7184944 -1384568
-8114307 5009869
9988643 8668371
-5022862 9719368
2162698 -2777833
-2459173 -1944456
2142431 7052923
-9219367 -7552121
-3217693 -7316657
-1801187 8976375
1890403 6165009
5122691 -1384144
8765407 -732107
-7545928 9718702
6638884 5417586
6549370 -8298835
6711034 -3659819
-4991448 8435063
8154431 6699677
-6078155 -7497958
-6926062 -7166518
9886405 -6020976
-3573097 5216369
7899713 3183390
-5323883 -4274437
-8109428 8614878
-2769266 6566521
8350766 -470385
-751683 8512493
-3553569 3321190
5022355 -4112798
-5256265 -7004199
-8569136 1733389
-9050581 -247713
2254330 2101648
4935130 -5128736
-8633360 5328268
-6939010 -2662113
3037629 -2206456
-3964541 -9039297
2091933 7713746
-3203381 -9557617
-28002 9322667
351512 -4852614
8468576 9220315
7623869 6797944
9793745 3490932
7740673 -7632396
-5363756 3740962
8358962 8690092
6077708 -593074
-5264806 -4189556
3148331 7444349
7754245 -9687464
3789591 -3814040
6416058 -6210296
-5767913 -4118476
7720543 -6787322
-9123584 -3279563
8457104 -1927944
7386352 1861344
7868628 6080974
964930 -303551
-6562589 5609302
4299394 5601174
-4991900 -8203627
-2393183 -7106545
-9662196 -7740353
-7427817 3271500
1973812 8092049
4398105 -1121873
4759651 -9093777
-5881099 8630192
7866981 2480195
3068603 -5004683
6856661 6324085
-5078589 -7028693
2667756 4725290
-7149056 5886342
-5996132 6105168
417893 7150338
2560145 -8471679
6304320 541063
6328915 2897949
-6493650 1392855
-9729018 -9180920
-8274697 7904455
-949001 5030634
-9972819 -4155796
-6644127 -3082020
-6757934 -4387864
-1416557 2728886
9970528 -1836523
6566171 3767551
-7610929 -7178528
2488163 -9429960
4614713 2806965
5864380 -4951692
462610 919033
-7688112 -5290353
-4471273 3968960
1873416 5099223
-7353791 -2745970
-4385414 -9075585
-2157604 5189742
-9198122 -1029541
4215698 -6399186
-5719357 -8098327
5669224 4186226
-475949 -9153185
-8583145 574648
-6618387 -7987786
9576874 -1452080
9466953 1762345
6471992 39484
-5991555 4295193
-605584 -7999280
-745250 -1601787
-8161020 2040625
-2769633 4869337
6356148 -7802272
-4201458 -9451403
4966622 571846
7274425 79186
926001 -6847801
3726847 -3201524
-8672958 -5140792
3407128 -375188
-8612843 -9096084
-6540247 -4609567
9685626 375501
2376221 9984550
-1617237 -8403605
-3846628 4147324
-8466987 221743
2419472 -4099908
-3551311 405513
-9022640 734366
-9186448 3931664
7083863 8251785
7566613 -5744095
-884887 810710
2951874 8893655
9797571 5038593
2945378 -3144617
7230884 -6742676
5758226 -4852643
-3256248 -7876542
6270782 -5859011
-3120915 -4586524
1313568 320147
-9274340 1814909
-7450725 7762258
1693922 4219372
-5012491 -6637172
-9864915 -8705863
-5378801 -7445878
3964129 -8233449
-678504 7573073
-5571544 3761701
-464623 -7733125
-2585768 -8340660
-6217202 -4706396
-8049055 -3325664
2087812 2569932
5406431 -1169970
-9355061 -6598619
3679991 6132092
-7132184 5710567
1589747 7890265
1700754 -2144674
-7074200 1724832
3491383 6321953
3895026 6889930
-6832017 -7187120
-4920245 839834
-4984474 2703360
513316 -4989661
-5798973 -8685323
3884609 -5019386
3810644 -1194809
-5277076 -8192607
7939485 -3028064
5198855 8402915
-1190468 3323653
-8821021 -3211398
8513434 -9489714
6832239 6621132
3511062 2004818
-2665950 -6756383
-3400197 -804603
4415109 -5069843
-7543152 1615330
2930007 -5071574
-90960 -3342125
5463066 9330968
-8861639 6236036
5724324 -9814009
1105258 9077846
-5082148 923179
7711781 2431143
2941429 -3903169
5234315 -1258432
-9253614 -7709979
8049990 -8738271
457126 -9403212
-4473055 -5350206
6265124 -5127764
-199338 -2016207
-2841980 -804869
-8957549 2226054
-9021558 -7378914
5323429 -7819187
3775011 6702767
-9857702 8945040
1376183 8692863
7306047 370432
9112000 -5682388
9123985 2540362
3802092 2374738
2971526 7173976
4340122 -5740782
-8352194 8498471
8998616 605246
2316729 -6035180
6190874 -3843364
-8705926 3359180
5539993 -314331
8904788 6617504
5562544 -8168643
-9475780 9047086
-582482 -3061273
-6227309 7830267
-7113018 -8954130
3420608 5413029
-4896643 -794574
-4019004 -3607866
7406957 9443479
48725 -2371197
1593623 6405573
5078561 4881806
-9242662 -9699150
-13481 6372636
-4493508 -1186316
645041 -1108693
-9545255 3585388
3040467 1169261
-8484119 -7611384
-6565514 6813158
-5257461 -5597137
-3875359 6855095
-6752771 -154104
-710625 2105637
9734440 3170539
-7907536 1854452
-3263742 1328064
-5854734 7171026
-3939986 -2506403
6307281 4131785
5539444 -5917142
7668246 9468674
637935 5994189
8382805 708713
-2478129 -5329832
-8410617 -8182708
1188739 -5219237
4626659 -2285976
9819662 -3047680
-9877141 -6083965
5770487 9554102
-6601482 -7784676
1902702 5023098
5033047 -2456216
4191921 7962716
-7954426 -6143320
-6674646 -268635
-4274445 2230172
-7061115 3963289
1149810 6624712
958356 -7022892
-2242129 2739193
-9546782 -7852905
-900584 -7615469
-3699434 -9727120
2343334 -777725
-6046049 4587405
-389497 -1741795
-1681659 5856653
-3664279 7159902
-8983418 -7489737
2241628 -9102353
3127819 -5658064
821578 483535
-2891752 6066704
9043813 -8028612
4710581 8066604
2730052 9318036
-8297433 -2319849
-9530617 -8170532
-6431905 -9480515
5106891 2812718
3587275 -9961601
5895052 7233746
-3089999 -8094384
6932231 4747126
5644773 -2073417
-5215128 -8309788
2173747 -8711055
-127999 5606450
94190 1798347
-7618696 -8567834
-9249797 7321123
-4998725 5111356
6940824 -7547230
-7027744 -4529342
799728 3025271
3063670 595499
-9654403 -5612997
8808972 -8524925
6222201 -2744402
-2301466 -1742445
-52233 -5616674
-4327729 2483406
-9393792 -7878485
-3563786 -1939375
-507209 700398
-1978479 -1182482
-6071126 242994
2695765 -4460852
1009807 3386050
8927674 -1815627
1296224 4325887
1229243 1991344
-4017229 -5841827
1413772 -7445433
812122 -7795028
9104651 1628658
-5887936 -9240110
5397757 7293274
-4646101 -5281728
-2064978 -8166029
-6832158 4846691
-4910315 5956543
-8504308 -2903284
2999119 301802
1002527 -4978149
1864090 1926793
-6081863 -7701249
-3543075 -6906667
-4352100 -99091
-5377767 387049
-7984293 -1023625
-263735 -6273116
3536511 -3872229
-6637605 7650374
2000697 8890410
-3746547 1297417
9770312 5168539
4781608 -6140509
4161293 3782356
8804207 -2219273
9707520 -4836179
9978924 668298
-3722017 -6374343
-3957082 -3564151
-660750 -5557764
3418611 -6818496
-3091612 1354957
-920 5671228
3321602 2961251
1851662 -4122173
7175244 7838651
3007191 621467
4480958 -538091
-6755735 -2211201
-1914122 -1357748
-3677575 4564825
7749475 -2206602
-6064593 -3698651
-4746449 -5972542
-1530306 -21674
3159830 4592801
8464111 4404657
75885 2584570
8062174 -1536809
-3142629 5913839
3752491 -86164
-9464697 -5967385
3494524 -3240318
-2935167 -2467386
6174866 -744858
-6180033 5150711
-7055891 5013643
-8685008 -8430558
-4403100 9395868
-625806 9084895
-3805951 -3417053
-9012396 5050376
-9848701 -5341840
-4362297 1063490
-3022671 8213473
-9356339 2495074
-955958 3246172
2522206 3695316
-8772070 5054918
-5689940 9587039
-2745898 -80852
-5067209 -1869973
-300531 -7285437
-7889568 8764136
7849031 -2187278
4395669 -5999022
1567707 -5956920
-8782408 -2100375
1479467 -5764642
4965183 -3144704
1866722 973149
-5780679 5608844
-8179488 -9089236
-1517965 6741528
-1155081 -6951557
-4516057 2792095
-9077877 6099022
1329937 416735
-819129 -6862056
950666 -4043279
-7525948 9546254
6105687 7862687
-4237687 4041759
793469 7323279
6694927 7241780
-1785071 -4241348
3883848 -8921998
-8011234 2434251
-8307869 5704360
1269155 470801
5779249 537050
