46 8901415 2570455
373
4650187 -2536448
-7082677 -1920625
1200421 6696276
3127881 2630419
-7790509 5040467
-412330 -6673049
6139112 4746691
-6018408 4867697
8039237 -9133404
8990020 5153107
8452961 -6748445
-9247796 8628246
-1140375 -7355419
7298908 4353432
3254847 817350
8280902 -7614285
465090 -9578614
7117663 -8801775
-3655004 4181863
-8261317 245544
3572495 -1445513
-6698821 1326353
8710403 -7772041
-6905445 -2717229
4952230 6749640
2517547 4600928
3229174 -4078457
-1433875 3269751
-2376817 4605151
-4577499 8381385
-9232899 3394383
3815769 -6296596
7417981 -6251457
446759 -6550216
-3788319 -6237022
-5166183 2185442
6028147 2300528
4528488 -1865004
-2065881 4738550
1488190 7623043
-5259677 5402701
-8675755 6522089
-7691808 485849
-4908999 -109630
-9211893 -7552272
5842111 513502
-3266742 4071560
7820104 -7825768
8140369 6667592
-9569430 -9216785
2968657 -5647950
6652578 7780739
8432088 -1003196
-6264645 -6302582
-8679538 -3633793
4285261 -2260103
6778339 8577137
-937013 5609506
8016228 9086531
-8465741 4153988
7183842 8804335
2875896 -107278
2066955 -6082899
-9415307 -6787648
-6004433 -7276324
-2924274 3531615
-6171294 -519424
8477380 6244656
9942075 -7739206
-8856646 4729087
4985337 3778889
-5127622 5428615
-6445527 1763676
850207 3935365
-9394295 -8429299
2891388 -5099181
4793541 7789548
4223001 8283636
4012340 9376848
-7899476 -2675954
-9144339 8007907
-2511517 -8307398
453611 -5315633
9461514 8482216
3211303 -7087962
6690927 -9395132
6033483 -9287008
2476668 -8436695
-1984977 9587956
3675009 5843228
-9255953 -1379272
-3589724 9082749
7366386 5537588
-2569211 3149629
-9526325 1378726
-8097014 -468687
-6259732 3845688
1046408 -8092179
-9609963 4193879
7105917 507922
1112790 -3882307
9347037 -3686804
-9607147 9662625
9250581 -5659942
-9816714 -1592124
7028605 -4558058
-5475309 3443685
-8502375 5955233
-895137 4407429
8302508 -1071586
976080 -421462
5940579 -9794506
4629667 4716348
-8573421 -3013013
7494909 -2463943
3653750 1048848
7362044 -8875949
-9213324 -4482861
-142803 7754897
8679126 2553609
7995551 -7443165
6000520 -1775917
-5820684 5036594
-555976 7498146
8942912 -4199469
-2104578 -2253468
-9531622 -81008
7151692 -6163999
-6660660 5098045
-7365898 8578271
-7856529 -9165751
4474652 -1195796
4321344 9505515
-223235 5261328
-2185063 6694893
9251729 -9027757
-803674 8326840
3363434 5252249
-4733253 -4108006
-5791122 5323810
-6929658 -5790340
-3354996 2104300
-1543347 6055072
1153118 -6203303
4891320 1795993
-4853406 -3696428
5107777 7034792
-943341 9621246
-2601074 -8054527
8640366 1349776
2322019 5213863
-3942945 7892095
3144345 4034697
9926692 1936841
-2739348 927444
5137104 -5864430
-1243778 -7152654
1418771 -8217891
8095158 -270773
4041572 -7428111
-1124539 2986478
-7462378 9188166
8809412 6499590
8445063 1594282
5460410 8724690
3938553 -398218
-2506123 -2217570
-8182873 2511960
-5551199 3154574
6598371 4260171
912093 -5774195
9589504 1735475
-3966064 9668315
-8086106 1008275
-3903484 6645446
-368075 5955466
5143632 -2511671
6504272 -5314101
-1203467 -3530604
-4805914 -2534313
7067469 -5743056
2039374 1648991
6677303 7077699
-7251375 -3627147
-9366975 3642457
7868262 9346996
-6401176 1545118
-6270214 -25882
3498745 -7850888
8794559 -4356320
-8400853 2111613
9599943 -9057164
-4371265 -740869
5728528 -1379433
6086254 4425269
8682213 3438966
-4912042 3153724
-7252225 -6762061
-389208 -8234739
-2075930 -4503600
-5156603 -7239831
4305288 8308685
-1717197 -9041427
-6892315 551426
6195106 4297901
-3590486 -8097756
-7154920 310605
9569737 8525809
-2853624 -1526184
5415437 5298265
-8746417 5748983
-1097293 -3385998
-148059 8857893
-9376845 -5833166
-336766 1979085
4739255 -8936423
9372262 -2977017
-2018444 -8439105
2112321 -2344934
4469319 -6394406
-4492162 -9176221
1134385 3395185
1920995 -9130729
-656913 704122
8518739 1583723
-2667294 7274876
-6111122 9772322
8630216 -1248235
2918599 -3742829
752608 1769723
2833300 5098186
-7878831 -4508137
9569110 2205563
2376981 -7380922
-3775328 -5802217
-4978437 -3153700
-9758515 -5751138
-4881867 6155948
9376422 -5321168
-1221092 -3022428
-5747552 7895161
7667483 -1372034
7379732 -9342322
-3085151 -1185949
-9416226 -7185317
7912869 183810
5675673 -4066573
8138990 2550391
-2314179 -2238864
1958919 -6967677
-7605025 -3573155
-6807941 -503166
8169134 -7363540
9831645 -1689807
-2195883 7545556
5440717 -8873095
-245129 2056566
-4769404 -4375447
4438604 9650955
4981991 -5338202
4845608 -2461269
3472158 -4588788
477955 -6962367
798769 -5872500
-2840177 8163776
7106973 5274041
7287227 -445202
-5292390 -9700967
-1390774 5456362
3001918 7055607
8182512 6413343
-9013739 -9041012
-3416459 -9546264
2621043 -3783142
-6604992 3538497
-8922772 -2396966
-4469401 8240616
-8721751 4549386
8676886 6008554
-3311317 -5406629
2383764 8353061
-2092141 -6204344
-5905311 -329009
-4872647 2615470
-328923 -4779733
4149963 645624
1604612 -9630058
-9176322 5136224
3869434 8188153
1726650 3444721
3564108 -219206
-1978590 -4679769
9869617 9094707
-2380387 -8183988
-3590617 1062856
-584083 4308296
8103953 8793147
-9019510 -159871
-7544401 4714994
9935262 -3892156
6753468 -5356972
-4987030 4085225
-8262199 -1641920
9062585 8353000
-5685926 -1876412
7904382 -6694413
-1374182 394534
-510759 8442145
-9741843 -8988212
2074644 7108854
-6066497 -3332460
7977039 4006913
-6152958 -7962544
6752450 8957529
7581725 8818993
-6537978 -795936
-6710711 4335193
5209625 -9008656
9344345 7543443
-4332969 -3211438
94150 -6341581
-3430695 6087765
4529910 8719968
2248108 6058546
-4316248 4788067
3971959 -5677248
846018 -382745
-5828937 -5534650
5939232 4693060
3512054 3439866
-7356070 3520957
-9627497 -509572
481772 8449572
5993015 -1901520
4887043 -173883
-3999112 4176398
264163 -5018807
6217513 2570193
-8854909 7310426
2098493 -1534378
-4695274 9345196
-8521197 8586805
-6947845 6150744
-6639843 -4350133
9089733 8991387
-4971303 -611437
8878991 -8266337
-9816765 -4598800
3499680 -639237
1703233 -1307398
-7131000 -9096925
8400620 220473
5307019 -4350484
-7040058 4618134
5600108 -1031538
-1686342 -2425213
-3838408 3421186
-428069 -207538
-2041319 -8269900
3237839 -4551560
4837003 9564766
-8701571 8266536
6184088 3715994
5593109 3998017
-7309381 -316231
-6896804 -2703658
33168 8075972
-6274512 -8496183
6121951 -4659813
-3174999 9201782
-3223431 -5761589
7659597 5138660
7447474 -4545486
