233 -2320790 -5035378
263
-6841763 -5214385
2029093 -488898
4707169 1196197
2000430 6852660
-6647809 7152983
-2081843 -4673402
-8000087 712751
-8279299 -4863598
-5423620 -149902
5458867 -5726174
-2914312 8123079
7913177 2634675
9577689 -7089655
7850491 659874
855437 9677304
-5537081 -7184887
-5157432 4013674
7726223 6492013
-4138975 9549737
6702720 -273346
-2430396 -8270432
-5041329 7137229
4789983 -7914131
1935968 9195724
-6530449 9366364
5795 9911187
2545862 -6928409
8498288 -9564676
1095198 -5360096
-5682792 6348779
1680245 -8049365
-1519338 -1219873
7788492 -960835
-1411098 8723237
-9033757 -6350482
7895438 7807974
-2538445 -1464152
621717 -7145890
-7950166 -7748462
4134254 5074037
4985224 8035737
-8892672 6656401
7091725 -2468913
2170991 9605616
-1529252 -9296724
5170263 6488199
7784678 2667345
-8293490 6167277
4890515 5573171
9222689 -7188236
3136090 5856758
6908958 -365521
2488589 -9402355
5365535 -2469324
-7395287 -2945224
-4909487 -500210
8672543 7589938
7637377 8714194
836162 -1719379
-1016103 -7675280
8812919 1823262
7006959 6670512
2837790 6597597
-5312880 1229821
4041585 -9755343
-1382233 -6090191
-3939359 -2822325
-2224680 -4473274
-4426246 8549230
-4395994 5657208
-4843002 -1821533
8284757 -6789128
-8074934 6345893
-5373486 -1561514
763206 -4722420
7100843 -3873237
-7202724 -7907523
1206427 -3375846
7853976 -1848582
-1603925 5893547
2319709 1895561
1589589 -469806
5056920 8380350
6929580 9364909
-2461531 -9369326
-8674506 5049939
777163 -4788181
-8442287 2126603
-9434910 -4781419
496161 -3815773
2310991 -6155352
-4062874 -9886644
-3262489 -2375381
5776037 7143553
3037100 -5408513
6487048 6688464
-3781342 -4643191
6253511 -9407011
2474251 3791931
-3061043 -4300556
-9250617 -9987280
-4775460 -9219197
2907407 1526546
6745127 -3217747
-4517168 -4011151
-166503 9757640
9870997 310175
7934794 5770623
-4569472 9124860
-6283653 -3772817
-7084353 8467629
6340790 2719747
3312737 -8349342
5442589 2594302
8293746 -4213012
-4200292 4897898
5678702 1559481
5602379 1024248
322853 -8897539
-2908690 2347506
-5378502 5805686
-3884139 -558841
-4788217 -5507505
-6382645 -5949344
277839 642311
-8373708 9850054
-4913846 -4290161
-2639503 483435
5594089 8398891
6702231 5319438
217336 -3595813
7963668 -7498061
-3957460 -4103962
-3001501 3566047
8429905 6365393
2171079 -3393839
6047321 -6948597
-9939749 8286941
4853949 3775456
6934119 6193958
6044013 7648140
-6642021 8560412
-8439801 -8869833
2045410 -6765172
1070618 7154288
-6441525 -1252359
-6234068 -8712045
9700345 4038495
-2395458 -191528
8690218 9215197
8337710 8550799
-8397798 -6622351
4180942 4385031
-9323161 4178805
372764 -965109
9199384 7610959
-1312277 8933129
2579648 5073715
824896 247922
9918562 -5374942
-4110949 -8104486
-6816531 5993389
31884 -7828665
-5503840 5400167
-2868284 7636426
6187225 -6813622
-3435973 -4530574
2370810 305779
-5515415 -9255030
-7703787 3047649
658608 -2626299
-3693170 4011949
-914335 1862683
4626957 8886478
6027888 9910561
-8193925 4545519
538908 4433291
6604626 7505897
-4577584 -9429208
723570 -8899214
6803516 2554132
8023558 9427147
-267073 -6632456
6628866 394368
5958370 -3266136
4107565 1441431
7969733 -3383022
996014 -9585605
1817225 -2944602
9482311 -4377029
-9831509 -9638535
-2688892 3804738
1310635 -6776249
-6205456 -6084266
7532873 -750597
-8196465 -2965534
-3538386 4336389
220285 2343446
-7262186 -1289107
5444757 9365503
-6676713 1212536
7829515 -447678
-7516931 -8706980
-9135230 -8658119
-3035148 -3183354
-2821889 -9652919
4151819 9649695
-7126553 -2994429
921305 7978807
-2771790 9184343
-3781191 -9029470
5306920 -8451902
3891544 -4803225
3907668 8043557
7409061 -854290
-9641753 -8131223
-6062549 3248700
4541720 704114
2045995 -3579480
-4246482 -2077158
-1730077 9010847
8660543 2931629
2453552 4938094
-4566747 4050342
-4248963 -6625142
6861740 -4822184
-3274086 1969846
-317026 2168660
-7271430 -9382542
-236832 6106994
7975772 2653983
-4097317 121415
-9174471 -8086777
-9149904 2960755
-9116403 -4612124
-5601276 -3396386
2051596 -846480
6607966 5575619
-7857687 -5494852
-9603642 -7958780
-2780964 -2106650
2379548 7258099
-8056889 3944950
-2921240 -7937478
8169517 -5328319
7325664 6841928
9479696 -1338359
574864 -6771653
6189102 2821577
8209454 -6058688
544927 7072699
8742571 -7391822
700149 -7403477
-2898329 -2133110
-91890 2842462
-9264188 -9985618
7272481 -356502
6104800 3115360
-2305765 9215592
-6112726 -6816440
2541840 8380104
-2958255 -8787062
6957638 2021536
