21 4602048 2943343
70
-8522096 -9680578
-7605890 8667517
-4094813 -6048619
-2246637 547662
9514093 7093870
2593419 482411
-1336152 -2805968
4768220 8363752
5727043 -3471727
1384030 8767720
-9214293 9794538
-2684364 -5782431
8241161 6766161
3889648 -5446231
1672169 463582
783004 9349344
8016861 3150073
-382194 3177114
-6275224 6438401
3532271 -112478
2886285 5755221
-7050746 8642043
-477853 -8449867
-9405242 233826
-998454 -4750809
7560081 1978788
-1287291 -7696395
1586118 -5124282
-8054161 -3046130
7417453 -4524233
-5174889 3618008
9284433 -9283191
3893924 5358324
1796725 -1097760
8789762 135052
8406626 -4671003
6487392 1676047
-4257468 3872232
-5893942 -3990461
-6224918 -3662710
832431 -4376044
-2072438 -8664836
-3789118 9545140
9015363 9513680
7505799 -9326927
4291081 -1050832
-334023 -7669090
7689235 3575514
4994106 -6440099
-3788694 -7997688
-2668691 3783868
7976267 -5382068
8490164 6335053
4860945 -6281201
56090 5112574
-9263470 8636027
2487543 3404873
2950013 -1335908
-9305875 8698425
9371498 1965376
-9085456 8199924
3047187 -3821069
2270798 580522
-3343225 -6747226
-4744914 -2735096
-8951227 2868081
2365 -4897252
-8562199 1541392
5260192 -8991119
6121455 6298746
