217 4298766 -5005169
335
2286220 -3434407
3531372 -3027420
6327147 4672986
5232485 1770081
-2575816 5129733
-5169203 9605843
-7290463 8635352
459518 -7824173
2571462 577577
-169783 -4495321
3437603 3711522
2539626 8762669
-2623029 2076427
4519490 8426384
2725150 8403305
7485251 9514321
9003253 -4988630
9684357 1016623
-7213296 -2153247
5492838 -2566806
-2960963 -7272759
3878945 2839987
5015814 -7735074
2842504 -5661536
-7640505 -9896372
3815150 -7327279
3951742 -1686550
-9610122 8871128
7297512 -8671287
2248370 -2574280
9456393 -7460986
-2449615 -7750027
3266596 8459647
-3693600 9751094
-2815712 -1430347
-6186754 -8200762
4639225 -3260323
-995396 7692191
-7969345 -7828609
-7724981 4363460
-447467 6906502
-4780047 -1393479
9994001 -6495725
7349340 8126183
-4448097 -192134
-5136768 -7885938
-5635964 -4991704
-6532057 -5070031
-5318937 146984
1232989 -7709305
6606285 -5618297
-6362267 5046235
2738427 -6238138
-4066747 2642337
9522149 -2714566
-5808063 -9275376
-8152503 -925318
-4904691 -588110
-2461927 4357851
6682069 -7555351
-5441289 3089976
614624 -8454699
-3524729 -8560901
1586084 4082568
-1110385 1156334
-1945610 5335425
381661 -4504099
-742237 1692123
6850812 -6879912
405522 -2292631
-9051655 6372961
7963995 -2886189
6525701 -7204157
-329954 -6940696
8020305 6580126
-329898 -3647885
-2102584 5095368
-949180 2801079
-3116353 4372687
8045374 -9363096
-1511319 -1710386
3785515 8616116
308239 8870342
4506782 5559631
-6733000 9675403
-1435284 7428657
-5457532 -5784655
9527540 -3471289
-7895633 -8931830
164648 -802414
5549701 2641024
-2263608 2351103
-4847818 5963470
-7147491 6787212
-59532 2035829
-9674557 -9102117
2030351 8429150
-184156 -3372689
-7813058 4854942
4530345 -5677373
-8248716 7970294
-7814361 -6904939
-7859876 -3706248
9878274 4229532
-6572882 -5755509
6885515 42923
-7605974 1493172
-2543358 7138260
-3558176 -2453792
2098389 309151
-6276613 -1101355
-2672205 -5059816
-5916153 5753738
608681 -340009
3982618 -3729211
6757435 7655378
-9249560 -1749746
4544007 1459427
-4311041 -7109436
9651408 -3061367
6981556 -8367571
3125601 6536923
-3808465 1891934
1954494 -9417757
-6592253 2633360
-8467995 -5947117
-8490580 -2868866
-7115128 -8623848
1036143 -4406733
-5619591 -3990095
-6334716 7535114
-4214632 -8862156
2597271 6932076
9822640 2845727
9784361 802582
2435012 9474048
-1472676 -717731
3690556 -4439387
8659209 4718859
9868571 -4354950
-7785714 -7933044
-801910 -8599424
5293080 -6276294
-8166675 -5400686
609220 8845576
6380690 -3786266
9867931 -3209144
-6277068 -7833942
-2471862 -5018446
5784137 6061924
5535973 -2687501
-888880 -1780851
3779762 6579649
1298508 -7198324
-1553273 2438971
-2977721 1167080
-4915992 -6822635
9417423 6220369
-9180316 -9622911
9222665 -8749252
9980835 -6054744
-6747536 -1880293
-7197883 9848766
-5169680 -3024604
-6962680 330255
7642754 -9385543
-8650042 1089645
-2330706 -3246125
-444449 -2353927
2601396 1484155
-7348765 518630
3695995 9623676
5844045 -9748405
3145036 3113418
-3119481 -819919
-4358311 -5115947
3003760 -3138646
9226472 -1105847
-1614099 5805878
-3863867 -5943208
7187602 1423222
5029219 6295240
5565467 1053912
8699985 -7301486
4182669 7637370
-1843999 1301382
-6558590 -649744
-398149 4368348
9998119 9285455
-9018111 5263240
-9852707 -3121362
-3743656 -3376422
-1965916 3151054
-1043068 -4517184
-7944040 6419985
-9640441 -2390583
-6095343 1759914
-7186173 5388779
603645 1986476
-376153 4030164
7847898 7302666
-3347078 7779848
-5335452 -8710692
3091116 -1228875
-5965635 -5337333
-5942343 4073005
3212935 -5818341
-150935 -7169647
-1686831 3763371
183357 1322349
8931766 -7114518
-2838252 -6940732
964399 5352776
-2660748 -7508073
6522092 -8431956
8870710 6963099
-2740701 -3113658
-1824349 8039984
9327462 -5559800
-8380781 3783119
-9627524 5878179
2576190 -4323123
-1492770 3585411
-2651217 -7574745
3747604 -663248
-5261414 48492
3107760 -4804277
-9451501 1900334
4392262 -5927840
8156556 -9595897
7367203 -6569294
317048 -456381
-9900045 7142854
-8416946 1009051
-5207830 1943769
-2178051 -6797726
-8604497 -4835354
1266410 2914491
5339747 -97267
1755837 1131545
-8819963 -8396297
-3200574 -989225
-9088890 -3195851
-6607339 9864277
-9731619 -2180276
1250430 4065570
-6390811 151936
-2705210 -8432522
2576530 -6290856
5652914 -1122155
-5403529 -114948
5049699 5991215
-1094294 -4008026
-1588941 8832461
-35994 6761805
8365509 -9833103
-822328 -6339605
-7019104 7681287
61917 -7394866
424858 -3626442
-9560872 330298
2998586 -8324712
5759119 6564669
2790165 -9706624
-8312427 -9147999
737053 -9040569
6950646 -3715956
-5207630 8303104
7135565 8372705
5134510 3203430
-4113321 -2900429
-6723682 -3983629
-6302341 -2419297
185838 -3742785
2630773 3759576
6606226 -9389304
4802337 -4413747
4667274 -395188
-7585460 561456
-6070191 -2542561
-1583129 6618466
5418862 4666862
-4513681 7883869
6256574 -9788767
3414663 -7378116
-7762192 1391085
7407456 1817694
9398397 -4485874
1771341 3621467
9897395 -415765
-7288716 6918466
5021071 6503621
8624785 7513621
-9408571 -311655
-337863 3555678
174144 -5478762
1704452 8079008
5962877 8109358
8320591 7190771
9812656 2219452
6126889 -5748394
6069300 4566816
-9919058 3534345
-2844187 5467698
7568285 -5631364
3803454 9569560
6073182 -9720431
309542 -8659122
1029223 -2785681
-9230003 900971
5422209 -9308640
1286720 -6539507
4086204 -2873338
6833785 -2750402
1985402 -5076853
-825246 6646441
1213257 -1887709
4162988 7760406
-4255544 -6189448
-9304460 3835153
3404714 5829094
6108663 4498994
5839872 -522104
-791433 -3581794
-164471 9385448
2593160 -7505083
-4044590 -4742261
-5099247 6396233
-6354169 -9958386
-5035238 -8265462
897332 -1852415
6259876 -3344132
6932626 4626941
953845 422864
-5741982 5193435
