108 -4439881 9517057
823
9767796 -5518508
-3668782 -5390745
-6220623 4756319
4588730 9808299
-1750531 -3613443
9846468 -7467365
7983072 1026423
9810216 3272979
-6596508 2286859
1826062 2281880
1471808 -1112855
-4592836 1460897
8778312 -9926806
7523301 1370006
6930126 -9276514
-4795021 -443290
4165965 -785726
6486945 -5947451
-6139152 7945342
-5668100 -6407973
-3875337 -5373331
5653093 -5821632
-32301 6624087
-1089054 -2020339
-9738459 3371191
-7741664 -9262992
-5285743 -5750299
-5677105 -2334500
9035507 6008921
6732408 4362548
-6080741 -1518015
7696259 4453739
8506288 8085224
-1453081 -3300443
291584 4883488
9510157 -4604829
-7910109 -1067401
8073038 5163250
5659263 2057591
-4571218 -3016016
-9762655 -1562843
2686858 -9796529
-2131029 7467954
3476876 7009754
1372302 -3095522
-2097185 209284
-5336977 -2192087
-4106862 -4400925
-5185016 5685663
569151 -3043591
2351580 5106568
6555520 79308
7758911 4441471
9015414 4628558
-8387457 3418174
-8144669 6960549
7164020 4366240
-5649454 4542190
-5931704 -4967009
-5546178 7827422
-9446942 -2043050
5764864 2356637
472064 7732433
3418096 4174354
-8869237 5287048
-7090031 -6012753
-3417092 -4001305
2956518 9465489
4094047 -5658181
276345 -5511715
-8551166 -1777058
5105534 -5351971
1706571 8612854
6162197 9456081
7283503 5774867
6248169 -9383981
-4510991 352914
-1914653 2013033
8703739 -1522575
6280826 4019796
523395 2350854
8349549 1707147
1172636 7106303
3964474 -6177580
-1689295 7783035
8522330 6757172
-8594799 -240461
-9111255 3627864
-4399703 3111772
-8597009 7050942
183314 5400153
-4246933 7651160
-7819454 -1811325
-817548 -3645234
-9625438 -9115715
3235140 -4536722
7170425 897958
-1995739 -5898959
-9560187 -9140587
8642449 4485088
1242260 -1249482
1026409 -318869
-6691005 2647461
8275585 -5568494
3998801 -8574355
6825798 2194928
-7637560 -5817885
-5112858 -7421135
-1066369 -5457014
7943624 4069594
2049225 -8175454
2722504 -6304884
-2203843 -780350
79064 3243117
-2271795 -9247677
-7980807 -8762135
918996 1486817
6650630 3045603
-6539 -3255657
-1830012 -2557433
9637495 -6007738
-1825623 -5004214
-9908997 -8000064
9059274 -4422129
9647466 -8459013
-6634467 7002898
-9301986 1696691
3432693 6088037
-8152494 -8989476
-8237153 6028109
-217674 -424288
3578881 -6217960
-656005 -9298678
9962018 229512
7672079 9337457
5846071 -9351642
8160497 7309575
1825863 6536801
-7885328 8251500
9792487 885137
-2111964 4278490
-4024819 5674372
1762409 -8897598
-7887074 1924227
-2047664 3609916
5701980 6392125
2690518 7734663
952337 -719139
2026725 4550865
3888322 -6569293
-5920934 -301195
9524732 -265606
-3728805 -7760437
3007415 1350595
-7764268 -9097781
5180710 2799903
-1525725 -7359880
-6257477 3672243
-4403530 2753037
8879305 8371801
4763927 -3934841
6316174 4581285
6378498 9970797
4521662 -2731489
-6784429 -1594776
620381 -9073663
660731 -2705363
-7949448 145113
-8504292 -551722
-7133151 5057967
-9625778 6247792
1404265 8047559
1719803 -8635150
-3365761 5146788
3518589 -167375
5897784 -4486456
2611181 -9201132
-9230335 2213958
1998822 -8493969
-88745 -2192320
-1265983 5214393
5025382 -9468364
-6806899 1911100
3875730 7075934
2133901 7205161
-4030694 6742579
4790139 -4975524
-3610674 7373571
2520359 9026294
-1141081 3023565
1053461 8555300
1870521 7273056
-7996634 -6335358
-4829327 -4843462
2964218 -3481460
-8267067 -2401719
-9353731 -8301765
3609335 -725333
-3649399 -6160629
3560884 -2514935
-5772355 1000855
6025331 9530190
6903761 1534136
560430 4931009
-2045426 -8059528
-9504227 1935701
-8274891 9008035
5189029 -5117354
39184 -6271524
247016 -9640298
-2042017 -6996597
7217990 -5503698
3770969 -8879395
-5040024 827326
828743 2637923
-6361222 1037212
567403 -2427260
9106876 9664109
4595118 9987516
-8072011 -7816342
-3364288 5066044
-3409569 4940114
9822760 -1639179
-5394351 -8220540
-7860838 -7621704
7898051 -2630982
-5618328 -7386502
-6265897 5116042
-4056632 8152641
790564 -8789569
-5236005 -711537
6861204 -3054306
9126155 5331398
-2164733 5968080
668091 -3762375
-8696331 -7720392
7219722 7303803
8180976 -2105900
-326440 -441166
-5546518 5302978
-7328004 -5670925
9458925 -7648466
7467576 -2946332
7722661 5709380
-563837 5927296
-4784241 -8970422
-2024728 4200158
-7952091 -7923037
561396 -2898572
3339053 -116824
2162784 3745839
-6434006 -2840925
5053175 -8101142
-6025956 -8253030
7049948 7243088
4088515 -1572474
779060 2238296
9291964 3547440
-743180 -1753364
6690284 7014626
560556 8692983
-4590507 -8093956
6499359 8535828
8153608 -2542598
-143070 9577107
-4160702 1492662
8651737 4536066
6434924 -594708
-6331385 -3778736
-6535648 -9591032
-1163505 -9281437
2956860 7552867
-6383341 2131907
2894896 -5234824
4296154 2873479
-5917186 -414820
1491224 -5143290
5908891 -7991340
-533938 -9493064
2600395 4062499
8071513 1839345
-3624589 8439694
-2155014 6723250
5460867 -7189664
5735656 1513601
-5251483 1441571
-8489209 -5427849
-779589 221729
-2496743 -4872550
517282 -7884693
1700487 -8200588
9172474 4600096
-874892 5708064
6215000 5081365
-8339783 8591171
430516 -8668253
9771441 9731730
-1028667 6805927
2132615 -2383572
1646381 -5567800
5873771 -2131728
-5043225 -1088750
9132979 7384562
-7487987 4177186
6292493 -3363763
-9047999 3029295
-9854257 -9490667
6217397 2640827
-2277807 -729148
-9621625 -5051251
-3719504 -8101238
-8369508 -6674757
2647522 -3948062
-3815282 601825
5034025 -5219862
-4835238 347451
9258702 -6575851
-9191289 121537
6815076 8391681
7544270 5837076
-8617277 -4376079
-3866746 8496271
-6346549 -8471533
-6684329 -7649349
-2700600 1375644
-4209242 6210398
9535641 -3903751
2148187 -2578750
8023076 -5300485
-520347 849257
-8803292 -4426547
-1002398 -2839233
-201343 2971762
-6120204 -7677334
8159742 -3386267
-5245994 -8575934
2436690 9542466
3587285 887261
-4245736 6090141
9982137 -580692
-4370294 -4429983
1666266 -4227105
3194145 7681699
-7618786 6330805
9696414 -6266427
-8176621 -5622780
1537987 3409474
-3618763 -6662667
-4340001 3852996
2983081 261033
1685099 6336094
-1605088 7737088
-8859299 6638141
2728282 4498549
-6082143 -3105035
-5018666 -4773229
999666 -7936085
9745614 6647600
-4505243 6710164
2960089 4643180
9020400 -4808829
8600646 4783468
8120802 -6925260
6927736 -5018117
5242916 6297153
2633247 -7572830
-9835742 9444367
-1401139 3544511
-1956940 -8695041
-9283724 -8672857
9070267 -5522731
-3458816 -4302389
4861563 69933
9296449 8803150
-4037317 -9643679
-4452508 2256539
-2959993 -5016917
-9425825 6664490
4162725 7677161
3974315 18264
2445434 -8078007
-8633639 9123914
2668426 2609692
-3568997 -7518426
-6191283 -9288514
-4811244 9663631
-4638758 -7121016
-4534730 -5753708
-6950557 -9777194
-9420873 -5238281
-465390 -8471522
-3488439 8642971
-2176186 6574618
-3231869 9602089
-379647 -8013461
-6091467 3258798
2382713 4582139
9708183 7791246
-9727180 -4948861
8278977 -3860814
-4197183 6597889
1993226 5984085
-9769622 -6319588
-6096782 -25152
4736567 5796173
7324651 6998697
-1841980 6787530
3362148 6352564
-1528995 5981834
484726 2646631
-4094570 8091358
-4810151 -3090389
7217209 8288143
5855634 -5101968
1037218 7490029
-3395730 -3349037
-7364951 -643612
3036800 8597496
-8911304 5381779
-6305696 -543630
8971419 5825264
2612794 3535307
-7595777 -2870561
5627626 8491294
-6345723 875229
-8517061 8628704
-4461685 -440293
-9635798 -3327211
1570821 -7244476
2761905 -1263812
5387152 5124392
-5519220 9366175
480024 538553
8436684 33932
9490302 1568720
9910336 -7869012
-1817353 8461721
8107512 -4960518
6047128 586870
-8537901 -3748510
-5119806 2217758
-8222535 -7054961
-7865820 -7065139
8206737 -7858332
-6605792 3705001
-1170607 968642
-7148830 8781360
-8163735 -4173475
-1623191 -4152454
-67382 -9727051
-7596063 -2132889
8845184 -7640693
9915141 -6897064
3689807 -530951
-1763109 -1521378
-9303620 -2331742
613297 -4366562
-1431701 -7526155
7131865 -4736171
8968831 -3224963
260031 -9473926
1823786 -9685424
8657454 -4372447
1475099 3660052
3933001 -2965737
-2582273 3924070
-1200271 -1146709
1956227 8779263
-1751688 -1285130
7193492 8162386
-4169355 -998444
4634994 406224
-4603578 -1039706
4224124 -6796707
-7505318 -7471713
5570713 -4290693
8540235 2754714
898619 9910852
-3912744 7197689
-5768047 4890071
-1185859 -9979743
-8610100 -5833968
-7054705 7613870
8845092 -4137520
-5975134 -6290040
2711516 -1445063
8961161 -144489
1332158 -2653490
-6933845 -5642417
9402223 -4443718
1265589 -4439162
831904 -2510712
-2599860 -194176
9519866 -8269477
-863054 3487396
-3975994 6268171
-9565797 7951087
-1918691 9930258
-4207262 -6620502
9605810 -3073598
5481339 -7666043
-5294180 2317326
2180188 -3041148
1316436 6037978
4110612 5246344
3323534 718659
724299 -4623799
-2301622 -5844562
8402313 8124440
-5871812 -2781756
-6513585 -2460740
8006699 -7331454
-7401195 6436970
2332820 -3911991
-4469237 -9092105
-6758148 1938631
-5744043 3528454
-9512694 -9535975
6502003 6436146
-5801158 -5679906
-2444895 612616
-1494831 7522376
-8322186 8279405
-1079803 -1280101
-1545505 2596479
2652091 3048385
5716932 -5542738
-9105768 658791
-736848 832089
1739984 3227053
-4834316 -2689733
-9161279 -2501811
-9521434 -8062007
8374139 3842379
678826 6980569
-9890463 -7427019
2611709 8233931
-970312 -8868941
-7632690 -3194125
9402355 7949885
-6485377 821806
5279068 2054446
5229589 1747907
-7420004 6173301
-8083294 7009093
-5680640 -3163668
-3149127 -2917610
-8463265 7674433
-5966835 -2670561
6826361 9910875
5000208 4711991
-4537726 -547750
-6900339 -2388082
4417793 4491963
-5041800 -4533028
6288778 -3663500
907299 -9010825
2737082 1567846
-9742501 8653240
5662334 -2166570
-2813885 4690557
4289299 2498046
172480 4036988
3882780 5826035
5736910 4205645
-8566012 -6774507
2677743 -6746530
-6618260 -3103738
3904577 5777405
-8755623 315886
-831262 1379130
2368305 49507
4133705 -9923963
8729278 7621740
-4544830 -3092443
-8401886 -3092036
9406010 -4842363
1710978 5887414
1713449 -7905158
-1183161 -4406242
-1180749 9966711
5736533 250827
-336558 4013346
-209249 1634626
-8049488 6084371
-2536499 -6448520
-3882661 1119250
-6288360 9831807
-30101 -9748955
-2841398 4957270
-8134766 5425069
-9417293 -8726932
7160482 3787596
5882439 2293685
403795 -8609717
3873346 7215630
9982810 9223046
3236392 -390120
-8755494 -353748
8246975 5543496
1611328 5711370
-3169380 -4289523
8058636 7728668
496065 -6941388
8015882 -1971465
5969956 7654667
1444087 2397468
-3814935 -930985
3879052 -1395430
-7488795 4583856
-5684162 -5717153
6022245 6384552
-4005568 -5701352
-3538748 -8225010
-165162 9755290
5466660 -5291772
-7064943 -8553834
1691186 4813632
7872245 -9006307
-8461420 -7812749
2358270 5888127
-9198052 24888
9093904 -6197642
-5076720 -3012987
4087221 2972956
-227844 -2565515
-6180963 8403059
5218060 -4205599
-2430609 -7670179
-7914889 -8320688
-3612460 7404229
1366748 7551771
2365404 -677403
-7167358 -6942066
-4754814 237649
8642128 6887574
-3087537 119808
3922166 9444076
8947441 8522719
1495675 8845446
-3720068 -4448986
6470426 3784183
9578585 98969
-5054857 1688486
-4115850 9664328
-415090 -2969746
7098378 2271691
4110640 -9048342
6525944 -536218
2217783 -540365
-3652791 4287482
-5592709 -6623737
5336692 -4223976
-5701257 8329457
7174904 -3199515
2351500 -1689229
-7905046 5971188
8586509 -1178074
3026764 4189891
3854220 -6468348
561907 8910914
-6301043 5955482
-576508 -9823363
-7843229 325950
9785585 -4050564
-9763081 -3109094
267169 8649146
6941523 7160562
5490019 8120213
-5079301 -8759734
-7932611 -4818725
-8847537 7272199
8610477 6678696
868587 2255325
5786977 -5846407
-6935493 7239159
3194641 8865236
9041873 9279817
-7877881 -7381867
-8916078 -8801356
-1910450 -8092296
3073202 3837193
997755 873072
-1006715 14725
-6228656 9004126
6701754 3913984
-6297465 -4161267
-7482571 7854217
109542 -7686988
-3533395 -4097631
5657880 8412872
7278108 -7952535
3843634 -1147478
-6012993 6319982
34978 5965753
389809 7587281
1424474 8124529
-1002399 -6536989
-4005911 -7577771
3942708 7990886
-5578777 -234567
-1879482 644462
-8984969 -1876242
436771 -6845700
-943331 -6359074
-7946202 -580272
-6016455 -5285451
-3916577 1848258
-9315408 7827179
-3690716 -7413217
-9825936 719571
-8639548 6699093
2678457 -5885109
9053472 358053
-9134709 8672546
-1562021 2996180
-6359358 7802866
-4073375 -925151
2229149 7172026
-9187048 -1120252
815828 3802170
1033072 -7133250
4715008 4799374
-4857095 -367153
2219630 5399601
8635524 -6031458
-9332365 -5089953
-975062 9995976
-7129619 -4137556
-5465010 -1921590
3590943 -6264328
4054891 -4510679
4564171 -252063
-3080037 9981516
-8622384 -3206680
-9404509 -2267085
-6883983 2193444
9509170 1628563
-8738590 347378
8263331 7168428
-8863030 -4002607
-6576208 6898855
6894831 4320957
-9816598 2448730
3043492 9765212
6017236 -5281608
-7275934 9150787
-1101275 -7411521
-7430005 7288237
6597909 5818688
6067956 -6052389
-1342592 7193400
-8661685 9183973
-468649 -1833422
7851358 5116078
-8886529 -2205318
7209889 8988328
3309286 -5462737
-497655 -3378928
8902636 -3990960
727432 5062189
4212977 -2563775
24704 -4032150
-6743913 -6888298
1446742 2594700
-941337 9853997
-436251 -2485302
9215024 232423
915354 902065
8534495 -1253625
-942590 -1233288
-2244959 2164318
-782067 8783651
-4595276 3580679
9589719 8720278
-3701181 -5692640
1743585 -7166497
-1198646 3028148
6139850 -8231710
-3120658 -5426207
-5572210 -9897055
-9866005 -1545643
8686781 -3492108
7409957 9349019
-9388253 -397865
885199 -1539196
-9374878 -330843
-9030840 8640240
-5262729 -156945
-8920315 -3626116
-6802403 6843342
2193198 -2621496
-9593347 4941182
-774176 -9005448
8084697 -937145
-8317848 -1378482
7075876 -7487512
-979620 -8183852
-8834833 -1720991
397496 8946689
-2592507 -8223086
-6037577 -8717305
2439288 -9451033
392022 -5068416
-6178180 -307089
-3463746 -6011941
-6117085 -2980583
4476952 8729452
2240356 6805920
-4131224 -6297224
-5159353 325053
-4646107 -9932720
-8116572 4432875
-7288116 -3109375
8353666 5564948
-141786 -4374268
9424779 8277511
8826478 3820638
1268574 -5619581
4073331 -8265148
-4277089 5090394
4626164 3125937
1855389 -394173
