80 -8819853 1058862
185
5257528 -6321244
-406926 -451835
486029 2313942
-1028789 3604050
-7216638 3750209
-7520501 8243150
-7795466 -7209626
-9293726 -3689192
4164999 -7087289
1883368 -1422991
2148184 -2397297
8080119 -5372328
-6643191 -9789779
-6038052 1609396
2789543 -5493655
-9298546 -2462837
7085328 -1952929
2877365 294528
6414930 -9912291
3837919 4364929
2608079 9198292
-8011334 -1166230
5144579 4812614
7725325 5211293
6304654 -8174070
-8055014 -7874955
-3247283 -1547162
-8820589 -9974895
-5849147 -7374121
-2867776 -4858640
2678523 -543251
20172 -9649970
-6839090 -7719797
-7632087 -7102462
7262467 9575840
8774132 -1277816
7555954 -7613102
7199512 3279151
-8993204 -4783115
9559168 -2558811
-433765 7311450
8280641 4020506
-3438037 -1164696
1461183 9460052
7117764 712816
2685917 1109760
-6023858 -203713
-5407157 -7293910
-4396372 -2862947
-3287107 -3039244
-1800708 5382447
7769345 8003378
1282529 8271598
-6511516 -2514790
-2557249 -5194323
4633479 5564004
-415490 -474662
8360643 -4569528
-5109475 -1337175
9375641 -7661822
-4035710 -7991711
-5679071 2061559
-2715999 -59567
7077486 -1086228
-1609120 -4596019
-9213572 -6209621
-8206243 -893476
-2621878 1072125
1073687 -4407362
-7085333 -6617042
8946962 8516439
-1958223 7548147
-7021381 -8952176
-289351 8918772
-8743049 -9614504
4910138 -8397357
-3819446 -2778759
7161674 1747419
3177543 3464555
8868536 -3244488
545892 4084775
-6808701 2171316
5759793 -5143999
-7035008 569421
3952380 9349833
7866272 -4120341
5944158 -4584306
8979871 8424401
-140474 1439130
1824626 -8793128
-7190485 1116477
854070 -3265236
8482183 -8493579
-2512672 -9467903
-2712391 -5823922
8260853 8872216
-6440116 349853
-2277793 -8547848
2021574 9319678
8669511 687199
-916790 8490306
-6094000 -947865
9992888 7543721
-1017149 5402223
6609096 -147586
3485243 -9192523
-9941406 1934963
-4042263 -5660686
7387763 1057129
5233208 3445065
-5166366 -5324628
-2458422 3494061
4946214 -1606482
-9770452 5263785
8467336 9484140
490798 1415411
2983898 -9933102
7610619 -3086850
-7684626 2976787
5345553 -3406530
9917300 8924470
-6624215 -1169203
-4313537 9975894
-6450625 -666478
-7221412 5590578
-9734050 8782583
2276645 -2387778
-1477908 -9676120
5587665 9739211
1739703 -1248359
-9832948 -3428647
-3361748 -7769499
-856349 3150951
8644090 -5751129
-6641306 1459025
-7100153 3989643
5336792 -6724006
-6748112 -3724367
5609155 3539607
-869815 -3198737
8100199 904095
8516317 -603864
-279984 -7106804
5148759 -2961590
5790051 7824034
-5604613 -3111538
-8364685 -1526545
-8375594 -6450009
-2201137 778966
4754344 -9731504
-3225508 1157557
4433551 7654191
6446176 -7888716
5650892 201791
-480594 2055332
-7040573 -5218923
-3306435 -9864043
-6970847 3992097
3546859 -1070066
9270320 8177912
7582726 -8146738
326717 6182059
9732051 9218041
-2992 -5532524
-5264028 -2469086
1204823 7267704
4921895 -5973184
-3861899 8154726
-9127131 1368072
5939756 4305345
1602774 392275
528233 8899183
-4592368 8296340
9742626 -3926262
-5748349 8954491
-9192247 9012946
5195005 -8165623
-8947581 -6349177
-1881701 4927056
4974322 -6434221
-9166517 -4629377
-602560 -3820855
6850223 -1728270
2156154 -1948107
-7642762 7723092
