22 3913776 4903794
725
8119319 1461503
4717942 890351
-9252317 7179857
4043244 -5607985
-3812352 -5315440
433102 -3073917
-5572508 -28468
1155386 -9010027
4172060 -8425064
4600465 -4721094
-5916183 4578714
-4318574 6191730
-7742846 6163648
4144700 -8753279
5160498 1679878
5657733 -8435154
2455197 3279817
-7023974 375676
-2715957 3202880
403792 7019271
6461706 3471692
-6556776 3353247
4343220 3405550
4980487 4598610
2393868 -8968367
-1873301 -419048
-4227318 -1005963
7674037 -3675523
-2428801 -1970164
2226066 1818737
3383583 5248049
-8955782 -2116200
775828 8355132
1558012 -5979755
3555868 8059871
1531563 4478157
-2168596 17574
-6576875 -2508860
4606102 4690976
5722609 919964
3017268 -3000029
-1489640 -6150691
-7309862 1306303
9336139 -3815602
519487 261337
8025738 -5921442
-5521290 6419423
4774555 9069957
5606554 5254538
-4169239 8848920
3327077 -837578
1696348 7362325
7369817 -8841519
-1634191 -2364175
1072141 1975919
1492242 -5911581
-9545920 -5910590
5395713 -9997397
8703353 -6855782
-4078092 -2751796
1326762 -777160
8158615 -6052354
-6982397 -1678176
-6423638 2933171
-5701557 1140509
2819283 -8076524
9285801 7625520
1300353 -5484368
-5332191 -828030
-8852111 9666162
6270933 5739951
9829361 2640132
-4840913 6725013
2385584 5225074
-7526722 -6137560
-4398368 8307492
-7744862 -3683607
-2845431 -6239752
-790229 7789094
-8554045 -6752716
-4829240 3508214
-6349914 4265239
1297223 -5543439
3628531 4950439
-2867047 5965032
1704983 -2707228
2449256 5920239
-4838396 -5949304
1792122 7608343
3987135 7547188
-1628968 -3218247
-4385502 2105120
5865368 -6857477
-9068383 2769067
6016351 -4924861
1099705 4893924
-840837 -8812889
8160024 4749791
-7783418 -9543614
-1062229 1788555
1597680 -650465
7786126 3159106
7209803 -5953064
4171632 -7052269
3011271 -998075
5783678 -1841233
2780239 -8617696
-5475173 3914528
-3316404 -1354393
-3762902 7972796
2866720 -7300053
-6112941 -146845
-5397054 4542236
4998622 -7952917
-3648009 -3180472
-1314584 6452745
-388148 7949671
4512959 -3528458
-8064375 -3178345
-1660068 -1315409
-640289 4946897
6329201 6639963
554491 -7860050
785558 3370380
1343176 7238087
2454387 -460992
9392164 6726248
1268484 6341446
8388529 6511462
-6669009 8783459
5236204 7256872
5206543 -5467241
1004301 7364408
6702415 -280497
920446 2939927
-9596824 -4957652
4198663 -9719843
-7579892 6732377
-7380891 7269506
4507594 -4277982
-2222622 -3521363
-6795115 -3038019
5819779 -2830458
6197357 -3010278
8289533 -3275340
-6018467 9528348
-5938893 -3957911
-6593502 1704428
3940283 -2418240
3038039 -9891087
7667613 -5139270
-4859113 3441215
-7310056 -5617372
-8347865 -2439005
-4200635 -4690947
-5695958 -1323919
-1845586 3576744
3262638 -9974720
-2984998 -6025807
-6784795 -540005
-8495305 7820887
-6137024 -2803262
8901167 8082154
-4336085 9785826
2411092 -4642198
218532 8701954
-5340478 78705
-3022314 5359420
5436767 -2650534
-4825128 -1370179
7305902 3752485
-2670771 -521086
-495806 -4539684
-8049139 -9408133
-7431785 -964452
-3143565 -4833934
-5120843 -5927090
-7844935 -6764236
-6978410 6296676
-8345522 -9664668
1553638 5432682
8027740 1873011
9748783 6213160
6078979 -4994574
3635247 -2298098
-8545613 3770203
5765469 -6542499
-8565831 -8700032
4408188 7786016
9337916 5901382
-8932552 6976403
3565665 -3805648
-569884 8462957
4759633 5720730
-1427586 -5031942
-9599259 -1069536
3319827 -9873947
-1144435 8428481
5950259 3068610
3286864 7450896
-6262549 -414494
3043007 4741252
-1442428 9502921
-194711 -3006472
-7105090 -7034240
9942163 -856795
-2146091 6478710
4941668 -3975819
-8255089 -199623
4768436 -7782347
1148117 -7166322
5476083 -2314471
8630362 -5532056
52906 -5668352
4298897 4580621
-5833873 -6660229
597375 8036348
55621 -274514
-764634 9154947
4637060 9860910
-8479532 2130276
-1391014 -2904425
3119756 -625623
9174755 6067006
8284660 -2618980
214698 -3540457
4145072 -8050871
-3582926 -4309219
-7461219 2775434
-2643945 -1013668
2326103 -645970
9906731 -5961466
-3719628 5439830
-2888870 -37648
-7660385 5515738
-9837634 -8251810
-1156235 -6139917
-4249188 -1228648
7354711 -8036478
-655458 -5074433
1385110 5639371
7588500 2075592
7766373 8046534
821968 6521926
-4491741 2821506
-7824463 694375
-2750739 7834362
-4209455 -7917732
-5439028 3529633
-8438277 2901675
4649865 -3099413
-6722978 -8275911
-6988206 6009982
489856 -972165
-3530246 -9633495
-1477772 9834398
-5573658 371217
-1582249 -3889272
5149007 -7807285
-2469426 1756072
4966799 -9342734
1007980 -7777537
-5695269 -7783939
-1737954 6798525
-7783448 -1134297
-1717357 -7659878
6580563 -617231
-4607248 -5923983
3103852 9592357
2475214 -1601040
-9250289 2089959
-7538824 3513794
2140875 -4823947
9885121 -6604721
-2332297 -2710118
-2052852 -2584305
-361842 -7365497
7366916 1471480
-1729994 -3540759
-2158704 -4371038
-2030916 -6997090
2385680 6123939
-9800043 -5450352
6658357 294784
8693744 -4179839
7910120 -8350076
5163718 9443455
-5380491 2887648
-1200720 -2695407
4594475 -5495370
-5563323 6466983
1617838 5057975
-3470544 4074835
-9465924 -1015246
-2869931 -2684186
318724 -1624628
7015664 5099153
2165153 -7295596
-4484460 -268027
5552134 -8660137
-7010213 -5790715
-6347260 -4021393
8866255 669857
7974451 -9211399
-4706769 -2334465
6648871 -4914722
2659606 -270092
6321095 -1733291
7251464 9189062
9021228 6855171
7746896 -5618467
1997038 -660048
-5439291 -2721088
7010885 6678544
8018407 -7407399
-3198114 2563019
8541626 3524546
-5805597 -7029021
-6240420 -75766
7589769 4685206
2286837 -947188
1299072 -3245008
5021702 -5053557
6651857 -2379832
6991691 2273166
-828949 5673085
7529389 -2745061
4533851 -8831911
7846633 4606450
7199052 1544736
-5892244 -1618608
-8094062 6517290
9488269 5165734
-4910032 8616694
-4181748 -6752150
-5182986 5196090
-8048918 8105089
5567884 -1367562
6252606 6972784
-8237698 -5263907
-9590822 -4239350
3015589 -6550295
-5382205 454920
7577722 -9934207
1610529 4980780
-6637827 4776774
-6189583 -1765363
5916724 7784463
6401157 -6701314
9062888 -8993308
-1280866 4735762
2840851 6396254
-4971307 -6813431
2675705 -9074912
-4338819 3797651
9558301 -3045640
404065 8586712
-8442016 -4909757
7672388 5021860
-7481007 9135706
-3571167 -717083
33907 8397518
6181981 239250
3537936 -4049369
9473675 -4900509
9835253 -4882823
-8486569 -1807190
-6104269 -4807544
-3882456 -3457876
2856128 6571436
-6474204 -5704922
-7118210 -5069219
-7462624 -3553786
-8531926 -5560226
6091832 -9790236
-507318 6503419
4900937 -7479335
2759915 9526589
7993572 1082919
6182410 8814204
-6068619 7467247
8176409 -1465985
3726471 7961164
-5496711 -7927860
1159929 2360368
-828202 -124231
4806550 4685725
-8868061 2053588
-990286 7343927
7553691 5116366
-5863863 -4898454
-9861436 9562725
9089314 9037075
-7363654 2898479
-5770965 -400762
-2933514 1335108
9869123 -1839584
-3878419 -4757105
-2684964 -3888054
988666 -6858778
3016991 991317
-4322958 -9839536
-5269596 -9660107
7683820 9325334
-3041948 3740118
1358017 5237512
4800237 1094189
-7352384 -5987067
6911412 -3594096
6005142 -4716038
6619070 -8859552
-8182784 5587980
3347228 -995455
5116492 -9544851
6112723 3178616
-5830067 -3894842
-3734377 -8353934
-8014040 -153025
-8311339 -6487621
-231150 2186132
-2576356 -8836935
-5226393 3643219
7656152 4740234
3662490 -2578777
2705186 4567564
-1775636 -7816016
7771965 -8159392
845154 -7442067
5529434 1119193
-5702191 8477998
-5416844 -5841490
-4195424 -1532258
831069 -6634869
9393863 -9693112
2493021 -4963917
-3800852 -837287
-7194068 2433017
-2826749 972755
910331 -9537916
-2454000 3352093
5536078 -6384483
7972477 -1713283
-6638998 -4175605
6943588 -1182369
9811981 8890436
-6951054 3757749
4741843 6911490
2792973 -1146477
-8323237 8089264
5641699 2186836
-8650451 4169784
-3397198 4357200
-4670045 -5844519
-5382435 -3707595
9644499 -1243362
-5111493 -5320082
2966635 -2303071
3521324 -7139015
-5805032 6327637
5218073 -7018736
-744635 -5993050
-9081560 783372
2153247 6513560
4602824 3711413
-4101750 3830010
-9483853 244524
-5398276 -2752201
-6080367 9635301
-4072294 -7551969
1204670 -8946450
-4266532 8088557
-4214514 -1390471
1470514 8700103
-2455908 1823162
4804426 5665483
9672433 5278518
-3938110 6576143
3089703 3107225
-3181362 8215137
-5438501 -9791120
453404 -4766760
2481040 -4922354
-5287053 -2428520
-7464137 -1082975
-29425 -6842994
3761915 -3743115
4866415 5704044
-3079501 2063754
-6113084 -3663071
4518764 4464592
-256890 1207695
-2216162 -3292451
9814774 5805000
-3463511 -9126458
-8917578 9149765
-5616995 -6385660
-1308013 -5947822
-5859990 -619603
8297422 -4078714
-8405356 9192225
-4550889 -1732002
-6027958 5356560
-2579686 2831878
1685159 892541
-4642867 -6176418
5031277 -3796076
-4572175 -2383405
5937947 5331468
-1278638 -4757400
-5607635 -7525564
8605129 -7679864
8888666 -8708278
672120 9813468
8251106 -6971324
4737253 -1030458
7237540 9845751
-2281337 -9813636
-4465406 -8790418
-5381524 -2344671
1478911 7219754
5940030 -7508039
108557 9026541
4358009 3884207
1643159 -3953496
-8962707 5595723
7915859 6035524
-156401 9642422
9455890 -679123
2349553 -9484281
-514739 223348
69099 9603158
2305875 -3277198
-9551264 7787762
-4556909 7840469
-2423425 -4932788
-9924474 -561645
-1535104 6032957
-82835 184083
6230587 5339257
-6548668 -8439676
112201 -215768
-8056994 3883543
-6795580 9955800
-9528481 3915248
-5861403 -1929675
-2326517 -7526868
-804066 4207696
-5488189 9979358
7819828 -7838977
9744587 -7528746
-5574039 7912755
3945713 9820113
4196 -4592791
-9253534 -6137122
7939554 8751136
-8948280 6714150
597693 -1948245
-1992445 -7005273
6909975 3802113
-8127562 -9004574
-6531441 -8951428
-2227379 -7937726
-7958368 -4819155
9858220 2284432
-2727962 2377812
290568 9602808
1939273 1698000
7105209 -5763719
-9384489 4459822
-4272690 368028
-2917822 8555065
-3393179 -3220970
-226243 196224
6514689 -2869272
-9357493 9200085
2765009 903480
2965754 6627418
4324615 -9462370
-4661586 5007386
9901551 4182836
-3698004 -4873195
6824805 192119
4428400 757621
-4782557 -3553634
6814394 -2439737
-3884672 944753
240136 6412925
9125501 -4761499
-5114418 -9986107
1730330 5640190
-3456330 -4471911
-7844493 -5504660
7549322 9509424
-2966837 -1003526
-6820690 5404089
-9469106 -3065286
7126833 -8002342
2755280 7355699
6318417 -5928415
1631848 7972723
-8566171 -4350836
-7937911 263528
5502030 1673965
-5795790 -8812410
-655868 -9612388
-4084299 5934541
2946233 5887803
5397227 -9412440
-7899614 -6988093
8415996 -7569610
-634896 7796049
9793707 8946890
-1181059 9008289
5596226 2548987
-6961937 -4862641
786523 -2771926
7491603 6988244
-1337791 -4635036
9068906 -4490015
-4102403 -4617229
3833664 -1586962
-5699159 -5670350
7433562 -3220103
-208195 9698069
4644811 9533948
7329997 -1792199
9671044 6526268
5534557 -359943
4705396 -1510015
3627344 1130784
875210 7743459
-2751945 6930219
-7704817 -9116835
-3606850 -1573384
3809388 -8635911
-222872 -5192901
-863251 -2356948
-3060698 4077969
-3707610 9086663
1136964 -752541
-28388 -9062798
-20178 -1533039
8107018 -357344
8132642 8030731
-838485 -4671233
5588578 -5723662
-8793442 2553078
3436243 -7163366
1263250 -6498259
7382183 2345746
7152845 -4927362
-4767957 -2840689
3753632 8805947
7892610 2171345
-8581196 -9953977
3499577 -970426
12888 1390416
3549425 -6520601
-8489870 -9363742
-4034975 1682067
-1525243 -6812002
-1742572 -8446396
-5609762 -318685
-4300591 4210023
-3444231 -1830160
3242479 -6918408
-7242745 6224967
-2452734 8474522
-6837781 6510887
-926738 -4560124
-3014197 -5418977
-1512209 5089191
1084942 -484957
151301 -7962784
-3764365 -4888575
-1700577 -1367321
186283 4710393
6908060 -926797
-6716774 -2907127
-2220935 5123821
8205413 -7644652
8580315 -8978456
2012418 3479020
-7493740 -3872419
-5916191 -2309011
-5211636 -5904126
9185066 -6414036
3101007 3276156
-2170276 270008
5381433 5768661
-5598660 -3418288
-8707895 6197208
-4729589 -2896025
-3286800 716517
-4159661 -8930010
-6574662 4492265
-1969838 6562104
41125 -7994347
-9350414 -9957420
-9750078 -4936263
-840389 -5266605
-1680640 -4961714
830794 -9138971
-6352610 3936719
-294620 8660519
-4757769 9028823
-2257616 -3376928
3727047 9050688
-7716443 -4470853
-3400863 -9559753
4932513 -1876104
-5313999 24475
2030128 5479027
-1962041 -2756522
-5176433 -4803934
-70538 -1712119
3326168 3983178
-2639440 765174
-5298107 -5843038
5333833 1007950
36773 -3076374
3546698 3092416
-5340544 295509
5824657 -2726254
-9769655 -3056986
