231 -9281332 -7262333
327
-1477327 7958647
2153564 -7698886
679419 -6312791
-7122305 1475254
-4117037 -9538712
-768989 6988807
3301879 3142572
8794369 1927515
1198593 -4083576
-995605 -8675014
9947601 2740200
-7010966 3839778
-5741146 -8550854
6317881 -9964932
-9246264 9658532
7617179 9055548
-8643338 -8207238
7996323 -229257
3762349 -5447566
7530074 -9125982
7862826 2161664
-4695763 9277437
1204952 -6318943
-402518 6614958
7939944 -7596454
-2339902 1118229
7474359 403898
1853044 649132
684200 -8266787
-8608255 -1829075
9742825 -6045711
8263403 9008924
-8703980 3615840
8168274 6259726
7133745 -2425279
9736386 -1785300
-2507862 -2487077
-6289668 7556975
4171933 8697090
3616988 3307814
6942396 2111877
-7484225 -8722913
-5557429 4416755
6149969 -3114829
-2427552 5126772
1597413 58066
-8416657 -2684726
-9068886 -139184
-3879458 -7120637
454084 1615740
9830440 5770639
-6716438 -7293178
-9736203 9838930
1052373 -3006105
2818061 -3047918
9063960 -5330639
8462800 -7723191
6693565 4096087
3497611 -7094628
548496 -4640114
5417952 -8929941
-1614667 -7854091
2006725 7001295
2397010 -8167201
3448539 643619
-3585741 -7148905
8074269 -4204668
8150614 -7785827
-8275580 854419
7806501 -797013
3872349 -2941166
-664357 6870461
-6517099 -5148499
-2243127 -3970792
-6094554 6980512
566923 8305369
-9548722 9323399
6324694 8952257
3301408 -5025645
5617975 -1278295
-5910848 9266300
-4938368 4548586
-720889 4679773
-4465808 5728598
-5068414 1003532
8062366 -6659306
2727507 1320287
6171788 9914361
8459922 6210408
-4292728 -6071338
4750383 -7634632
-8311233 6274196
-2257195 -2281986
2692369 529814
1767871 -8955787
-9689487 -9173304
5375282 -1626625
-6946852 7888497
3617096 7170746
-1825722 -1412659
1928035 1065034
-7614679 8752996
8667357 7171894
3382303 1073461
-2481525 7127279
9492648 1605927
-2119877 -7731141
-13127 3697767
-5772419 -1860720
-816506 5195594
6022291 -1488196
6885179 -7989641
2415209 -6086075
-8915329 2454680
-8957979 8548657
-386309 -8224699
3044649 -4513592
5174654 -5484636
-1894823 1712007
-8644362 -1443043
2679237 5623653
408864 3364638
-2937594 3075712
-8785007 2912089
-1892317 -6193661
-5165504 -7085161
-5074802 6646326
3076604 4236027
-3309293 7340407
-1594584 -3322373
-1547071 -9750920
8251840 8019107
5050823 4013930
-4274063 3426495
4499804 -6843999
1296006 9597928
2962566 -2820959
-9745246 -8295130
-2866689 2541324
-1135984 3986099
6900938 5240994
-5596327 3698512
-2065461 4342488
-5800752 7480277
6674256 -2858401
-2609321 2604664
623772 7643537
1657468 8158872
1585367 8190947
-8653052 -100243
-502315 8601523
8296917 2642954
-3135824 4976604
-2482072 1068023
-4945878 3997487
-8245166 -1101704
5113160 -8044940
6297548 -3841493
6155136 5564052
-7294349 -9503204
-4382187 2829392
-7010718 -7387318
-9228446 -1242063
-3051116 4646750
-5453493 -5126727
-6525203 -9187815
3455139 4044193
-979203 -8228286
-4643911 -9680684
-3166845 -944923
469726 410211
-5118377 -1412011
4746496 -4417114
-8853062 3695523
-3291328 -6582016
-1236271 6368941
8981624 2326485
-8915578 1753011
-3600239 2269530
7142804 -9450342
-8638157 -6537380
7506813 3133953
-2577981 4816983
-2347349 9043962
-9384608 2778108
5704671 4485806
5590148 1085118
-815644 -9413706
4281817 -7147004
-3729019 -7152353
9216588 -9009511
-4166674 -2448938
9304073 8198212
-7015905 -3082252
9983759 8220186
-8317194 -9873101
-4222796 -8654398
-1321063 1705972
749934 3199223
8493683 6331588
-6666253 -6118322
-2516852 4198354
4784648 8923895
-8223109 6667505
2031504 -8417183
5089659 -9435776
-1884714 1248092
-8037343 -9077015
-9642914 9935711
8155897 -5053248
-4926349 -9659155
-8313553 2355056
-5938972 -6632793
-917218 365385
9213325 -2672686
1208993 -2423535
4291171 5063424
-3496329 1208493
-9607650 -8407829
-6825012 -9203085
-8638861 2423854
-6328053 780999
1703985 -8007222
-8071511 -4365396
581356 2061071
-5081732 2600739
-5044205 -1828641
1538566 -3395285
-513548 -983177
6344137 -9378652
-9285835 -8783870
6279554 -9930518
1277976 5005336
6597507 5299578
6096493 1670326
-5905819 9772495
553495 -26016
1966762 -2233872
-4082916 4773832
9351255 -3588396
9012343 6498440
7186151 -5730477
-6609410 6484490
8017665 -1275283
-8137583 -4606605
-3390475 4361802
-3052363 -7423418
7581918 5405431
705009 8225613
-7587709 4179425
-3531728 9317854
-708161 9022824
9305304 -461881
-5688049 3774953
-9813443 -4777612
4237180 6179558
-9550919 1715252
-9283906 1423331
2664400 6356024
-8250581 8733759
3095562 4526817
7103399 -9124704
-1202921 2559551
-6698484 4685317
-1135258 9502089
1336295 -4286193
-5263368 -2150633
7387486 -9371866
4403088 6558288
-8219323 4215790
395348 -2894003
1337602 6017857
9957541 -6639218
9716806 2053696
787456 2621941
-2851241 3982577
4857873 6399370
-1041079 -5747842
1453828 -6345048
5673393 -5223211
490596 2834922
-9315711 -2990311
-9845825 -2256420
6818221 588128
-5196082 -2926385
4179613 8598898
-2866893 -2284382
1076400 8033567
87263 9607000
2228942 -6690442
7292135 -9125281
-209559 1894053
6146211 -5333640
-9162335 1265714
6042503 -9883609
2951314 -972590
-1446549 9049452
-3206968 3635603
6740083 -1292373
5781242 -6388747
4726503 -8455999
-8224028 -7522793
-9489226 4375963
3982963 2852372
6161931 598038
-6010891 -3788095
8105958 -4029582
636779 3779551
-4954735 -3231478
-3115087 -6009204
3018206 3604121
2653573 2352579
8504535 -8428342
-7204363 1962957
-1909437 5244618
-695028 8576879
-8945913 -7182934
-290619 1080944
6449668 4081213
-5320749 -6307655
-7579398 2611599
1098370 -8815287
-2519384 3042913
9811435 4251501
8242297 -4957767
8646354 9212700
-5918368 -6223145
