381 -3903805 -4348761
469
3848669 -6001570
5010141 -5764840
-871260 5226629
1314552 -6578613
887032 4490635
-6137096 6215481
5122386 -334294
1107000 2867808
-7744185 1706303
9872383 4231264
-6537784 6457055
-6384767 8549405
9215452 1762046
9641667 8276141
-5627663 8879272
-7122298 -4707094
-7955581 737358
-4036013 404196
3825583 1173159
-4336206 -205108
-3989627 7228967
-3105327 -7956950
4910859 -8867241
-4644586 518026
-5250710 7166674
-3859919 -4772203
-6222797 -1788493
2489905 -244685
-9452192 -7007345
4388280 2131572
-59170 7436497
-1826144 7265982
-9813470 1985249
-6841592 -3345805
6449087 4012113
-6242568 -8661445
-6618395 -7540540
6108571 652106
-8829868 808816
-9508157 -8536014
-3308217 8435774
-3352719 -3368076
-1096409 468986
-4022006 1653538
-6214890 -8032248
9404249 -9633726
148608 -3757707
8227542 -9905543
-3251347 335139
6863604 3902303
5240858 5714092
689905 -9378963
-6210505 1138815
4463984 -3201524
-1737538 7475979
5911753 -2527821
4104103 -2529402
7939584 5075387
-3271075 5524047
7491799 6433930
-683444 -6969612
-727319 6896048
-493142 9465165
-199696 -2499777
3918878 6255511
-5514045 9180260
9801297 -8323912
2814904 5175860
4490689 6107144
3583123 9795240
-2732581 -7246849
-7259899 -7988771
7086616 3887874
-8071727 3196038
-370032 6331893
9362281 9420072
-1167527 8946525
928042 -1365038
-1348462 8339331
-2888806 3244698
2424958 5086768
6762857 1597149
9289362 -5257392
-9150248 -7905887
-8110647 3780051
-950446 -3050772
-1039543 -8326876
-1922650 1789656
-5014306 -3952927
4895318 5624
-8057952 -2867986
8594891 4257600
5408914 -6709127
-8369796 -477067
-7232369 -5939548
9147221 -8742250
2854900 -2291058
2451550 -1573570
520543 2144262
8440665 3301302
-9749470 -5073752
-3400628 -2509781
9279875 -789013
-2225588 4676722
7198698 -5734431
-6086064 -7330269
-556317 9140747
-7568380 -7491173
2031761 -5147403
-8570598 6578177
7835927 -2684256
5024686 3092975
-8480595 -6792821
-2132207 -2523764
3293891 2039948
-517452 -3691542
3798678 3544421
5271761 6081920
-6725006 -4405095
-7623173 5562525
748608 2990045
2130792 -3709237
-1200410 -9807709
-4955111 -2921236
-6343059 -9168649
-1852904 8990643
2083618 4009221
7216400 5688134
-6835629 3603023
8159323 7600546
-6090996 6458262
-7480965 -2358129
6240143 224034
-1664708 7790796
-4130326 2031489
-4978466 712119
7002882 6618282
6810574 -331322
6747443 -4197528
9150176 4371815
3362458 -9595616
4413605 9813624
5501758 -4553924
1565451 -5853642
-8253096 8666129
5124391 -7758874
-7600651 8172260
-9087353 159779
-2049425 8639492
-6812667 -752061
9960058 3820249
-7045116 -9274780
393898 -520708
5281764 9765458
4137273 -2858659
-9937922 4431940
-3238084 -9983917
-4537841 -3007965
-6345255 -7736325
-9070196 7027610
9268736 -4598351
6090262 -1429452
8730327 -8331915
2823929 -480739
1283552 9197254
-4466144 -1472386
-747166 -6240038
3239254 -1511260
-9229450 2163085
1820778 -8962630
-2014337 -2575825
-2559742 1882856
1391244 4747579
7011254 2902417
-7553621 5045989
2963991 7941059
9027959 4231467
-1584096 -945747
1089866 274638
-528108 3756185
4800151 -7626582
-3866620 -2477900
-1472808 -5947014
-1267577 9372634
2926356 -702258
6721917 -9446799
-5047590 -9087981
5659599 6678527
-419056 6343654
1389643 2670853
-6871736 -5456325
1291494 6869986
8440591 4672575
-5052787 2223750
-4020065 -469543
1903875 -3064542
4457558 3296439
7349425 553607
-7557407 -7015249
-5201155 -3918152
9151401 5368950
6280969 -8479237
8199290 -5896189
-9552535 -5543080
-355874 -9703413
7356614 -5646539
-8776553 2772390
-2555034 -8835539
3388211 9664039
-8289152 -5091469
1843989 1884499
-4819062 -3868924
6684683 -3698452
-8197349 5046715
3644915 1643629
-2987421 -3398504
-9361389 2796316
-583520 5809900
-9733179 1354254
-5832807 -136055
-3266242 -89053
5199689 -8476193
-7311732 -9526442
2653949 5161007
-9930461 -1407168
-9522669 -3118851
3012225 1913528
731428 -4341731
3221336 -303091
3856890 2534079
1651928 -3133749
2178919 -9130531
6679369 2290539
-6355207 -8404601
-6024303 -537458
1889841 -2188014
-8147854 -6774193
-6300635 -2910469
-7749462 7056766
-4350402 -1130334
5750816 -7679923
4233606 -3873071
-5698450 -1236959
976302 -5034966
15466 39238
6905489 -5166808
8219013 -8332606
3957933 -8399239
-6803840 -2585265
6877277 119079
447417 9688209
-7085983 -8716529
-1626998 2299563
-643670 9129734
-2000599 623540
-4540030 -2477720
3649210 6266569
7545962 2209928
-308686 467112
-9493649 -8961383
-4128191 9706780
3890526 -71808
1528953 6607175
-5978090 -9635188
483891 -2758534
-3070325 3415539
4699010 3447660
8263576 -7639956
-8510221 5588364
-3788095 -9863742
-2341462 -7994468
8272101 -5811773
6398155 3824100
-5708787 5818063
6856680 -3910531
8312602 7313916
9758460 5244842
1852017 2203128
2567940 -6196234
1045232 -1609721
4322170 5568183
-984156 491259
2851304 -978819
-5390455 -2720580
-2584322 4341083
6346615 -6662198
-9957619 -2409432
-8585331 -2864932
-7046869 6440536
5046358 8222234
5536150 2326164
-9912642 -4124688
8078440 -2189038
1614728 -5544273
2846006 -6837267
1247268 -7340040
3151220 9684528
-8777939 -9736888
-9941116 8518876
2859959 8347959
-8314239 9990914
-2418517 -8277074
-1142006 4244495
685031 -8487496
9734738 -5672523
-830007 8247741
-5876947 -2212760
5598202 -742649
3713078 4717846
396931 -2787069
-127109 9075436
1276317 -8355801
4423664 5540463
4059339 2498378
846337 -3001100
-3010185 9435650
3674928 -4951549
9292946 -2912350
-1399846 -7467078
9376752 -7505671
-9257929 -1665108
-1361516 -1453255
320449 7381476
-5384326 -5763314
1449617 6549879
5625316 -2471043
-8310491 3838861
-8104324 -3098367
1916363 6113173
-6887927 -1528632
-2092982 -7237299
-2188848 -7381760
-294110 4098299
6631221 -2895902
-401573 8306044
9157288 -1475675
7071071 -7143150
2754679 -2204228
-5451189 9907872
6457751 -113295
7415663 5998428
-7646359 -5400581
-5982596 9105172
-2265303 6765670
-4762962 5933768
8696469 -6636878
-4018637 -4339592
9758707 -3492379
-3871929 5687253
-3490350 -1093719
7430606 5726498
1099701 8183290
8495415 -2981971
-3074099 -6145620
3741085 -6955774
1559006 5900005
-9500576 -6326900
5294624 -3571000
-6805330 -5483171
-9549403 -6970679
-3607556 -1568292
4092116 9147066
8171039 2373807
-9422588 -3632824
5273457 -5700890
2541960 9603414
303057 2704063
2238445 -6358339
-2503959 -1201528
-5640950 1680698
-2419297 3753479
7426579 5918056
-7652944 -1919872
2596957 2721204
5750525 -4458274
-3510214 -4436094
-5289028 4659321
9549480 -9418097
9465431 5398363
9697473 -9873107
9730307 4738888
9959303 2239433
5881095 -7450284
1348188 2197748
-6121553 5893488
-353033 5707238
1625295 1459150
2055630 9589899
-5172545 -3511297
-5453218 -5347413
216493 3094332
-2246346 1036568
-5865177 -2556183
5358532 -2696866
9946379 -6399746
855494 -2427643
2328143 2193039
4742755 814798
5528898 -9274410
6619078 -3909056
-8201818 1923697
5899200 8782398
888649 -4060171
-5055115 -2045170
-4876230 5716104
-1189564 -508333
-9471765 -2143385
-2183215 6564090
6383577 7179411
-9220335 -6824683
747675 6329956
-1477005 1635160
4966310 -6924182
6317760 -6734249
-8126953 -6988440
4935258 2936838
-5764412 6187581
4643763 -6649190
1305640 5124237
840341 9588648
-919685 -1054238
6802378 9650778
-1268780 -7875098
9304313 -5380837
-9689168 7631149
3961106 2600331
6751843 -6425141
9167029 5000453
8266204 1718153
4729713 5484789
-1578372 -9860749
-1156815 -7818677
-4467867 -4826432
-9702194 -6513052
-6924404 6837774
-4216464 -6345501
-6694723 -5327737
9313517 5102266
2237781 -5447150
-7816001 1134183
-6265486 2548614
6123473 -1338543
-6338089 -9513643
-5279138 -2193145
-6708356 -8071885
4583719 9450575
4148251 -5770376
-596807 -6573096
-3086148 9680384
-965490 -7782649
-4128150 -7494200
9694415 -2665601
-7563335 -822872
-3753670 9007932
142115 4674447
9739413 -9053319
-391861 -3607019
-3120662 -1620762
6186093 3270050
-2285483 -5883448
6083480 9477738
6223714 -7701764
8241492 231731
-87885 -4373093
-2155742 7671696
2693848 1462978
8797377 3716109
5409589 2388263
1396196 3750394
