578 -1638669 8208608
829
-8895687 -268272
-3182977 5850156
5340990 6454481
6849309 -8830124
-8353351 -1426011
1452591 -9664214
-8995217 422202
9498059 -543952
4349748 5451269
9176929 9125568
537182 4950043
-3028631 7947464
-5382336 8769092
-4449534 6112256
6989939 1471844
-8796427 6275426
2125582 610604
-2934914 -9463052
-8293176 9982925
-8926734 6430747
6766533 -6646527
-3707973 2525857
-8018094 287669
8255290 8306439
7432007 -1151994
-6201950 7432219
5379683 -9514459
9254633 -6714229
1914379 2513699
-6014456 7321452
3596878 -1095682
9514922 7705469
758769 8238813
8221738 -3419992
5527108 2465593
-1664582 9295004
1820862 2293641
5097662 4627445
2933884 -3680880
5167126 3352953
-6698476 -7117757
-6632216 1481528
4767299 1197560
-6288741 5138770
2460222 -3318322
-1897652 -9786845
434976 -3942900
-5704087 -2382729
-3286369 -8806255
-3824310 5034003
-3154640 -7759261
-2949267 -2972540
4171258 8666222
7501694 4664747
-1982300 9621494
-7496262 2668820
6666701 1319225
-7483215 8387874
3526644 1434000
632031 8744396
1473904 -4013134
2043967 8734379
8868002 4425232
-1864670 -1143768
6406588 8097986
-9661275 -3172628
3854833 -6748052
-8081830 9905810
4570558 -9457557
-9836063 1936216
7121388 5104610
8940187 5184027
3571902 3788089
7738442 3973324
-4765927 -2901454
3085413 -9113175
9621204 6707977
-6350439 7645732
9018316 1005559
-896455 1784891
1128616 5424904
8676852 -8041378
4380785 7499801
8042244 3111374
-4952410 -1048657
6572305 722533
-4093439 4685331
-1526580 5512493
-514183 1994815
9093361 -3788138
-2901313 -2763758
-6055781 -5304874
4857210 9236244
-7241845 -9889867
-5588624 3875527
-8183217 -5621948
-3663326 5539992
3039793 3009988
-3878638 -9282541
-7814846 -6401611
4320923 -6314695
8370636 8757460
-3213695 -9772516
2222299 9360408
8088623 -1211526
6024717 -6167988
-8956509 7703662
-543742 2485288
2595421 5900701
-7707420 2214413
6592465 -476850
-4936858 6625716
-364296 5445492
-1320697 619288
4217677 5757066
1958723 864458
-7861730 -1461400
-8717564 -7154289
-7793880 -8559073
229401 -3978913
-7630548 2811095
514757 8770470
1255759 -6587057
1829996 9971016
-5298219 6367532
-4109318 4122577
748293 -8705753
-743909 953825
-8426887 2900349
-1342585 7935394
-8683796 -1692858
-637905 3132491
-1505446 5970826
7411753 -6839117
-818029 700674
-6488231 -9842493
8927977 -5932225
-2519282 -3457121
-3486105 -7299912
9067621 1827066
8465995 1215676
-4973725 -5041697
-1571520 -785712
-7885363 4282366
-5265887 -7482055
825088 -6711595
-1062752 -3949683
-7978856 -9812817
5864418 7431802
-9351171 1949249
2106756 -4953611
-8369484 6676950
-6780171 -6448914
-3748826 -8372414
3454653 -7749924
-4017895 7835147
-7206549 1920648
3651289 -6475268
7807099 1221931
-3743771 -1717722
-5912965 5057564
-8892119 7081317
-215148 3024283
-7027562 5645377
-2405373 -4350730
-6787988 -6378733
2814569 2217735
-1714827 -5157472
8986467 6034399
800827 4536348
-5112153 2441120
-5638232 6782932
-9692335 -2318702
1419582 529409
8811688 631116
8205032 7675811
-2726520 5415075
-9044289 9312913
4958291 7058332
5223954 -6071851
-9934232 5069270
9803357 952318
5794847 2880337
-8568912 -1911469
5141231 -2702334
9738786 2231916
-8468800 -9970922
-2289623 6616906
-2853684 4355217
7502685 1646311
-677878 8474356
3889431 5707717
-2463017 6595602
-3829714 4845142
1289643 5011626
80896 3910592
-5137089 -6128237
6752101 -115747
489136 3174110
-9528224 699541
-7068543 -4369633
-4340554 2726914
-656180 6979010
1334227 -4113825
48838 -993512
-2519156 -8646735
7060982 9370960
-1517086 3886628
-8751878 -5402035
9609591 -2830448
3596496 -4945882
-1074119 -7793161
-5392555 8459407
-5850131 -4322018
6377524 5096581
-9273051 -5378355
7348559 1825333
-1195657 8902747
-5211078 9208732
-1784780 2654923
4008188 4837760
-3274928 -1787583
-7900955 -6414478
-9300160 -2275662
-2589758 5863519
-9082363 2825783
5032623 -8993262
9466146 -7640129
-1962147 9640068
4736649 6132367
3270365 6931729
-8726585 -2020050
-3117303 -6864724
-7655992 -7405890
5249033 -5812029
1542083 -6924419
1287998 -8226427
7875448 8267155
8507845 -4096605
4283266 8575288
1401071 -4081913
-3075174 5200904
7560775 8950046
8590114 8907324
5039691 8114980
-2436938 -4156884
3823066 -9173592
-6038315 -1163523
1430587 -9294236
-5106265 -3694307
-618726 9195973
3485898 6435819
-2780674 3185624
9089019 1361346
-7547014 8243524
-5838389 3372286
-8910458 3854058
2804104 -6397211
5026465 1166669
-718351 -6089429
-246313 -7417491
-6591083 -638937
713892 -6423247
6798869 -2629398
-3807352 4660832
3856805 -8307395
644776 -1909726
-8724101 9859055
-6263246 380454
-8859670 2881270
-3746444 -3810260
-9956202 7818294
-8578917 9859450
1026119 -4635745
-725174 -1036099
1546410 2824121
4701536 1544865
5121618 4955327
4842282 -4584571
-9923739 1920488
-3870555 -8965070
-874796 -3550582
-3691527 -709427
2187379 -7082545
5798726 45227
-1248680 3327710
1146004 4568634
4428085 -8688530
-3324275 -4916561
4047340 7970556
794677 -1533097
-9988232 -4406250
3065430 -4503786
-6572005 -2350261
2086579 -9575936
3975346 -6495744
-46326 8216024
-9977051 -6899450
8534358 -1221501
1340079 2210328
-4461962 4333084
-1098282 -9908601
-8597131 -799606
4283834 5846155
3816712 -9405053
-938150 -1668826
-3558723 7127741
5140307 -8410029
-760290 2023059
2447123 8568302
-7927442 -8673711
2058665 -3577531
-7960629 -5457416
3321084 2081614
6808294 -9426271
-2576835 7177515
7268914 -7653667
1546727 -1158764
-5312609 1188135
1783082 8346913
-3321912 1020455
-9335451 3361285
4951256 3119365
7658776 5804856
4373159 6707318
549959 105899
6528368 -1037931
3504654 -7391376
-2793410 1084091
1657821 9342090
6519605 -5985116
8877569 1597338
-9561426 -3695129
7493006 -7059351
-8712438 7642318
-1337227 -8207559
5153726 -2034350
3601367 -672678
7648531 -7378666
9328652 1260143
3882394 2021690
3500111 -121389
-4996413 -7072886
4011206 -2995235
8863207 2210177
6225061 -4330973
-217283 5382812
-8312317 5102631
8043280 221292
-9620038 1697042
-3994165 1847194
2329197 -8440913
-6597238 -8840439
-6219105 8446916
-292940 -8948707
-4410665 5625899
-4495490 6105806
9032921 9089446
8610564 508097
5234626 3044127
1229506 7473771
2856584 1459687
9078670 -8987777
-6250133 -2939381
1274013 -361698
-8514503 -5870171
-4311083 7279848
955761 -3668954
-5222038 -908321
142972 -2746992
-7121093 -2998626
-6892819 5732307
-2661895 -9100231
-6075782 -7859898
-2299419 -4051331
-6577559 9158844
-6865116 8930087
9942310 -1204623
-1627652 -7786446
-5631791 6208530
-9661641 9646362
-557438 -4146294
-5298896 -3972724
-2364693 -9601676
-2348668 -520934
6480441 7778279
-3973062 530240
-6053639 9587622
4244076 3365044
1830065 -2129420
-2970576 -8055343
-9125256 5252506
-5952117 164308
-5105785 3333406
-458064 2420232
-5417054 -737576
-2367518 -7603352
-9059724 4025508
-3059816 2333586
-8187348 -1424416
8870215 4591517
7638109 8293093
397067 -5102846
778550 -8415530
-8028598 -5358857
-3414200 -7391385
377474 -8482821
1681487 9976896
-4173345 -3058291
1878293 -907946
8354478 -2115057
281591 6461239
-6996900 8503312
836898 1221868
9797452 -56716
-5465199 -4834097
5975348 8667667
6081173 4689262
-1209915 -3627584
-6470089 9376075
4501043 761487
2278666 -7367936
-7391040 -5121483
-5663422 6476506
-4431440 -9048033
-1163089 6214872
-4807537 6439391
4942703 9118502
-7143278 -1804437
655200 -4220398
-6538143 -7345826
3838194 -2293647
-7604384 9437205
-4190379 -80633
-704557 1185701
-8052812 -660467
1971597 -6203514
-8808645 -3257793
-6781287 -2903091
-1951123 -4472067
4259157 -1212727
-4773336 -597860
-1479358 9451621
-9836464 2685720
8465322 1377365
-3452109 818736
8525090 -8072821
3880736 -9613915
-7178195 -9079294
-5377241 9690358
-8453757 -5366400
-9053562 9086299
-4171494 -3965808
-4352547 -7862207
-9817922 -8436429
-7132803 -3787318
5614822 4441236
3892857 -9389787
3295933 6651817
-9454466 4056393
7391482 -5722393
-3795214 -2906575
9995863 5916572
-646370 2601875
-5191415 -7182332
-2548732 3976389
-4420960 -3645172
-5094628 -1602294
-6948149 1407547
-4512530 552825
6765508 5750281
191517 -1645333
-1035119 -5103318
-8451501 6600726
-6826528 -7739186
-3461578 -7905967
-812541 -9435046
-1002122 -4740440
7861435 -8300326
-5482658 8351508
-5155751 -7329980
-8458800 -5515038
-4600980 423289
4347188 -3553428
-484250 -9032777
6717504 9834659
-1810674 8797610
-6305708 -3090978
6026100 -329441
1931374 -4757208
9853177 1715924
-5202770 986148
-1237940 -8443012
-6743338 3795108
-5337032 -3376504
-8190132 -2225996
-5224682 -492783
9930507 -6648931
-7686007 -7309310
-6342087 -3205953
-3371294 -5653905
-6856295 -9624582
9800792 -2665615
-478704 -3162002
-5402858 -1656756
-9940831 3969022
-5044830 -5549681
-3992692 -5143601
8651508 3717231
2857079 -8219678
-7929321 5830828
-4661954 4666947
534368 -3154003
-463312 7784905
-5421048 -4635286
-289191 -4289047
-3913629 -6275989
-6425252 2854515
2208865 8403515
-3253240 3096044
-2934933 -677641
3772678 -3194071
-5821320 2020237
8253820 2296338
-3406987 5346540
1177369 1110899
8294199 -1336308
5509689 6515415
-3183328 -8655081
-3290367 7562729
-6726317 1395624
-2364013 6420443
-8208690 -8123594
-9720078 1210735
-5693220 -3483473
5838886 -2973318
-3651037 1371847
5908436 -7872084
-3059393 527643
8390536 4162257
7789508 3533620
-7802688 -432095
8599672 6083707
-55021 223353
-2213917 -4583656
-671680 6654612
-4408593 -6423882
-4547476 6964308
-1824957 9899069
-3584404 -4267554
-4724520 2481823
6370022 -7745518
-5617601 1624443
4668439 2278459
8957068 -6160642
7372978 3058975
-7373120 6746576
-4653364 9570290
-206357 -8773448
-3357104 5291615
-5537421 96078
3672196 5971216
-4548124 53987
-7530592 9124721
-5142833 3626920
8625095 -1114995
-6344161 132648
4273443 4995118
9789929 -9445410
-5606052 -1058118
-7999143 8746997
5493573 -8233074
3853568 -5372263
8370641 3356561
-1351824 -6352788
3743290 7529889
-3982542 -4372892
5681095 9931839
9056560 1469334
-4903746 666855
9551860 6430079
9079079 6237702
1232820 5724052
6278642 3352523
4810757 -6460899
-7713902 -9327409
4955869 6811615
3955704 296023
-6347415 -1190562
-5026998 2326346
-7627413 -5182887
444221 8716292
1164483 -1609955
9859380 8641668
-691476 221043
9167475 7471986
3709688 -8623264
7100788 8246554
-5884571 7458860
-9002039 3379431
-3431626 8926187
-1745846 5800411
-3903565 -8475757
333681 -7790142
-2947444 -250980
-2917515 5306683
-3460672 -8058504
331541 7526707
6168375 220163
-9558793 -7292727
2695612 7993251
9369988 2125034
-7112060 8921652
6380513 6470776
-7633441 9519722
962261 -105174
-4304762 -1065067
-7024471 9216415
3942625 -5691975
-3426603 -4174438
3648598 3511534
5453030 3655882
1182589 -9812074
408089 8300923
-8991803 9867317
7860568 -6634352
-1992966 3703809
2625461 -253092
8734037 894975
414697 -8477674
-6066495 -8899404
-7448118 -8623042
3109725 -7854905
-3546880 -4472589
-6130675 -2947650
3080236 3026517
-3317601 7517923
7705849 -1466734
9350542 381341
-7234990 -9369709
6512291 -9641261
-3421100 3141930
-7111161 7035678
-2069347 1720713
-4240608 4139228
-2243824 861702
-5244988 -307103
-5645656 308058
-1648179 7864737
7433439 807464
6350333 2221147
-260930 -6969972
-5920354 -6967268
-4069575 9961272
3107915 -6569812
6305279 -1304565
-8162634 -7863442
9172236 -7115821
-2878755 7242557
1381785 9619241
-7002705 2880637
5089886 9137961
-8037628 -2247693
8133396 1960582
-7231954 -7169455
-2431956 -1916812
-6370432 9118379
4667463 7307115
-215261 -2290786
-6344245 -9402111
-8190324 5409006
61916 9961034
5361566 6163394
3405951 -765847
-8630254 -7517189
-2120200 7304088
-1041598 6883394
7152053 5486038
-2553380 920774
-3732329 -2198198
-1598658 -7268982
4365749 3835716
-6340817 2030910
2256476 -966788
-7852547 3443922
-8630720 5912231
5873266 -6042870
2636876 1431196
3181701 -6248816
-3766005 -3957172
5863268 -2932200
-6048806 -3369853
4632537 -5178330
-1741204 -8896753
-1094951 4595509
7326527 4526468
-9121464 7306391
-662699 1692276
3241840 -5462281
497993 -8406222
22361 5389294
1862776 1867273
5814821 -4104373
-7836837 -5500348
-6941168 -1003477
6064323 -9086490
-2456343 8922101
6260123 2531869
3635116 4692546
-711945 7035272
-5921908 5056518
2362909 9130934
-6660438 -5043372
-505653 4216563
-1673307 6581403
-5512951 9992340
-5624035 8349054
6761034 6349825
3365829 -9809214
-8296339 8924197
9837708 6424662
-2136885 284336
-7183795 9897717
-2893384 6639590
-3808786 -1032326
-5975808 6394671
-1958042 269306
-2257714 -1096547
5636368 1381520
-9520725 7236633
-254675 6479413
-2655180 -5033676
3832501 -3362358
9344781 6622206
5546403 -2801669
6139345 -8951558
-6150869 -2099537
-9685467 6518812
-4325246 -3334664
-1850638 -2578851
6332172 1865969
-7864725 -5310094
-3890288 -5625870
5755651 -7606086
9630547 4262432
741846 6234926
3717603 -8107775
-8953781 8086666
4708872 -2449896
-2735213 -9609000
3955795 -7228373
-6811557 -6595868
9922944 7804926
6986614 -6497024
-6559523 -4402301
-19980 -4864023
-7657765 9772649
-5853220 -5368353
-2974439 -1548053
-7285620 2418783
-8829939 9172461
-8935314 -4027422
6575596 4887664
4954121 4627257
5018258 1284468
-3427553 -7781092
-4376959 -8509595
9295331 -7722758
-4219782 8062337
6176388 6281945
3934274 -8262953
-8490303 -3843592
788056 -1207138
7244809 -4343523
591612 7813617
6986078 2475541
8448119 1761673
9165690 567116
7710726 -2459933
1340887 4119811
6338719 -4754664
-3264259 7913335
-9809423 4478112
2540450 -3968928
4829369 8487148
-9775805 -8766810
9905951 -8720004
72858 4250244
2423073 694007
-8976024 9834019
-5174087 -6985315
-2707289 526407
3609875 5790384
-6669548 -3541599
-9421788 1320601
6565937 4671339
2584674 -566717
-6088604 5818030
-8150898 -4708396
6295104 -1031802
201388 -805176
-7008828 6519299
769544 107339
3317698 3064030
-4585599 -6807383
8723655 -3141973
-99214 240314
-3969301 -3983634
2474767 6027013
-2652385 -638849
-5967510 -4430669
5002614 6429904
2247935 -866483
4425121 1430362
-9601440 -3386611
-1675435 720225
9755876 599949
3223640 1315737
6896119 -6958228
8750742 -3458661
-4084282 -7689479
2550835 7474397
6007115 5816504
1843517 8581534
-9540963 -9001766
-3432435 1707484
-9346259 -5508472
3625045 4086531
-4483106 -4581972
