267 -889458 -5449185
657
-9491662 6602518
5974931 6058168
-4091025 -7519361
7486571 -8119364
811545 7964275
7717741 8370787
1960996 3309430
-1640867 -4618132
-4396658 -991939
-3824269 -8457317
5606223 6373975
-7571245 6206909
-4680079 5550477
-6173139 -6423532
-4796637 -3344071
-6741553 -9105972
-531451 -4288299
-9291308 1749730
-3853282 5377524
-4141849 8195263
6566050 6958263
-7215954 -6424107
-1042239 -8956601
51460 1143179
-4797786 -2922545
5967782 -1256457
-5049547 3324789
-1124733 8396538
4489358 270374
-557345 -4781520
-3887491 9692721
7920775 -4782546
6967185 5581058
-6525066 8629467
6824731 -6886097
2588519 -666915
-4574670 -4092867
-3049468 5372565
9032096 -3100557
-3506750 -481656
8261888 6750662
75452 -7538967
3373923 -6787659
-4000933 1467071
-798097 -2136719
-9927645 5441722
-9340824 -2169236
5928174 7993130
6622597 142713
-4227031 9403108
-8747454 -4036320
-5612834 8361488
-3749595 9194228
8610024 1337698
3372395 7798853
4549515 -4896726
-9919341 -5849365
9879328 7141319
-8875258 -4029066
-3649432 8394747
3836469 326646
8157410 -3577077
6932405 -2988003
-328937 4085585
-3994955 -3928646
-5448613 5444032
-3678128 9773943
8968172 -1061447
2792603 2572277
371130 7578196
5197822 8681350
-7168015 7436997
4578317 -2205166
3765768 -7288687
-8893940 -1780589
8546057 -9883664
9055611 -2541119
-3012769 6703468
-6694595 -1495632
4575723 6658294
-5381322 -689550
-915606 1643462
-9417985 -6543098
6029179 -9431082
663466 3374618
-5427679 8916661
-1129990 8377640
-3827526 -2595694
115620 5964679
-5815909 2454595
-4912717 -6261968
-6286734 -7269852
1949968 -5857105
-4836385 700497
9875143 5255373
-5434176 2255690
-6100848 7010173
-9532925 -3833430
-3264512 -5518833
372138 -987394
-2070733 -84694
-1707054 4944459
-7651235 -684371
-4719691 4465421
9436368 -5019263
-8764878 -535600
-5289100 -5476349
-1333454 -5051612
5648885 6660869
1916242 3830162
-3914148 -1959620
-4949447 -1001582
5164988 -7498643
-3017476 -4482372
4530234 4416828
-5667866 -128986
7331825 4975853
-5708518 2625081
9606854 9680591
7177680 -7911857
-5931105 9043222
-6433127 929154
5877542 -1220204
-4559335 -5250228
1096286 -5957221
2083159 -126741
8871678 -301510
2199847 -349936
-2315956 -3446982
-9030153 1698724
-8430262 -7785722
-293517 7818333
-7040234 8901564
1098507 -3485682
-1397539 -7433380
4126194 -9207461
1721694 2671357
3967505 209420
-2524456 -9884412
-5841632 9408170
-8202219 8571830
-9213328 -1242121
924296 -9330541
9738830 2986520
-5314756 8608340
3338971 -9291323
8527010 8771334
189250 -6954546
-7923876 4003129
6569749 -8712243
4596649 678586
5866295 -6787704
-4061932 -3681657
8950283 -166200
-8241678 3413612
-5498206 -6891349
-5617117 -6443897
6741915 -4711534
791338 -2176469
-3568129 6480745
-294226 -2007066
-3235731 9770842
5332649 -1767216
-7764087 6953519
757629 7408773
-9396289 1322015
-2949337 -4645722
-5811027 -1013642
8820158 2988731
8918695 -6860744
8764260 -9421520
6650936 -6579511
-8774693 5663495
-6512974 3392851
-126404 2016646
-9990420 -7564751
4722444 9579370
-9671494 9290201
-1239927 55093
9980218 5080772
8919139 2034054
-95316 3100282
-7913360 -4030198
1474885 4093657
-250735 -9093201
4001631 -7090068
-3669579 -8970123
6693372 652567
6561770 -9927920
2088726 2696750
5132000 -3564634
8531088 -5385341
-6095140 -145556
2425889 8859595
-3543281 -4818715
7215339 -5077541
8022741 -4624142
-6137988 -2879977
3730032 -9890618
3532533 -2146751
763181 -6520702
7025527 -2465836
703084 -390046
-317966 -3764748
8932002 -2735146
-3783427 -8229239
8901772 -3419646
-1048850 -5252339
6123608 5322984
-9495730 -8622961
-3700501 -7419673
-9527463 235961
7355985 6838592
6947974 6850901
7220502 -6397631
9598019 480507
531024 -2016317
109989 6623547
-7141201 3750460
-8984686 9792024
4079137 -8209199
-9112492 9748239
-5504099 2980909
-1696107 -161342
-6267950 3135861
-1767459 -8675485
1560477 -7452099
9386493 -8778570
8072332 -8567186
-4964817 6334468
9331327 5292834
5792870 -5366797
3773102 -7621297
6129163 -4097141
8211235 6631901
939054 -339170
-590931 2290372
7787633 1826562
-8334779 -3578678
2073536 8607879
9932394 7913623
-9538476 -9693923
-8472493 -5990777
7958389 9848017
-1301163 2116191
9925378 5509925
2659480 -1969835
-7074780 5718248
4137459 -3567418
-6935517 9054384
-8768434 2348695
-5360933 4003537
-4169900 640635
-421690 4943053
3550932 -9988327
7925296 -8348154
4474275 -4000322
-7474746 8386820
751189 6001782
-1882026 -9516357
5993568 9450027
9996544 -1956648
6277952 -1346952
5085630 -7078236
4492500 415411
-7235894 666465
-5329997 5724066
8881054 9919526
4862579 -6983545
5544480 -1540636
-7372438 -9070137
-3070459 -4013872
6889300 7101837
-4380029 -545205
-7545209 -2359511
9606868 -3745703
-3185999 8448359
9617760 9603412
5041529 -6908047
3507365 -2780258
402560 -465971
7774448 -1212177
-8776299 5072563
605370 6655502
7631218 6086280
7016143 8666202
-5347670 2775132
-123031 6462037
-4083168 -8458370
-817881 5496940
-8248762 -1628377
9336335 -8694660
-9091248 -1434761
-5826455 1470447
1206541 5950281
8000663 197262
8985085 -8390899
-801984 -1708537
-5053035 2725139
-1188581 9803386
8469588 5094535
-2130333 8343915
4805952 5638270
7179900 262988
8276280 3239136
4127112 8878372
-9816288 2543870
3625462 -4020201
7450246 3608816
-7924550 7799007
-2003731 -1343213
-7217759 -9923887
-1632424 9497706
2222845 1980257
1783644 -4169107
3441780 3550617
1894532 -7230416
924207 3827799
-5909213 9216836
-5027676 -9379541
9498831 4883419
-2572710 9099436
-4920765 2198895
-4192288 -8947248
8851759 5045833
6218973 -9600486
-9524373 9364380
8862086 9001214
981471 -8640445
9706800 -6398716
7151901 5281467
567404 3148580
9492731 -8437215
3295973 4007963
4628422 6099870
983289 8268297
-115914 4127254
8842501 8410579
1979683 -2520327
5041859 7166565
7566079 -6652206
-7287826 -6222816
-7221602 558058
-5566035 4090613
208249 -3723779
4074041 -5859235
-194303 9876502
3955639 7157797
1165760 -701572
-4601702 -2748388
8036261 -4205818
2437788 -1102060
9824871 -9563301
-9567275 -6203358
3479559 1804555
-2331299 5474584
9251768 1045639
4120049 380876
6987841 4546518
-9177261 8554015
5211132 -2803910
-2927408 -2586868
7087281 7533182
9347962 -8971769
-9203805 -1746959
-3436424 7262613
-3839447 1348808
1785508 1517716
5314358 -4014576
306331 2218233
-9790831 -1206082
2355909 7975033
-9127739 9460937
4007455 -3524042
7546325 7860102
7572544 -2653454
-2723969 -4726190
5323344 7161488
706071 -5636688
2616354 4671306
1933919 -5981382
5367426 1696282
-6786002 610824
-887399 9669286
-5596129 8528357
9838627 9418932
-89683 -5386960
-5926023 2194536
1186846 782578
-8840968 597784
460683 -8750476
9039686 1247928
-1590584 7736714
-7899974 4363030
-965664 9115487
-6865895 4716380
8929014 3484608
-5904568 1017884
687170 -7856987
3187722 3208033
-4856682 5091042
9704082 3026349
7737237 -2430013
8352566 6294412
9408548 -8559565
-7310041 2027950
-6724121 -130769
-2394055 -8270355
-1390973 1685295
-6682865 -294028
6938704 7643364
-6355676 8967592
-14524 5867719
527084 -2260244
3464142 -9327353
-1719959 -6285194
-742493 1123812
8693799 -9499525
6794887 -3005256
-1564821 -437283
-8409332 -1280212
8589019 -6358509
7887488 7382899
-8415454 8711317
-9066359 -3503484
6656232 -5098319
-6130726 388697
-3743584 -9699444
-1959688 3854750
-2956251 -700148
3014658 4020806
-4855382 5323790
5824266 -7727835
-8216739 6354770
-4082513 -4864495
3855293 -7265207
-3623716 -9975493
7407406 -5039335
-6328018 6780124
-6723360 8991953
-6106366 7121975
-2489328 9932872
2749780 -9720740
4134011 -3716559
5583293 3306445
-2672749 -8822240
6501551 -1402048
-6613531 -5011778
-8657008 -5157831
-22326 -4830269
-2095476 -2739521
9801339 -6167032
-1206367 -3202840
6093636 7208745
6200698 -5018033
-7896058 9370277
1819501 2610685
2889945 -385386
5898055 -5430718
7875727 -2976044
-9281931 1481349
2595653 7719330
-7292448 -264028
4578141 -1501526
3668205 6566896
6343728 -5444185
-1611217 4089081
3402593 6145067
3353812 -301232
4680735 -503770
-8617141 -7929137
4681548 6784677
8915644 -4281288
-7195654 -2428507
-2888198 -2669949
8811400 3196425
915756 -9653777
82195 -6076595
2421880 -3860340
-7293443 7176688
-8267497 8606437
-4788129 1566637
-2288296 -7362361
-5147241 8614464
-9372954 3581868
5652731 9533495
-1165476 -7990095
-9755030 334279
422125 -2249832
5080220 -6950684
6245742 7533927
396502 -3592028
-7152270 -2838502
-4182490 -9521303
171737 -2214038
-3607601 -1475933
2607056 1904240
-2941769 1604270
-7264913 -9681240
-3583019 1910991
-6039162 -6637867
7888391 -7930288
-5079656 2795362
3061883 8133361
-8817323 5342469
-4607252 -9341545
9582779 7428419
7106269 5789250
-1215701 4946861
-7267177 -7076220
-6035801 8956036
-6623372 -8358425
-4237803 6571256
-593632 -7048788
-2621445 -1502716
-5624230 5823349
409414 1339393
6651107 -7735839
-9602478 5329758
-6811421 -7770658
-7112203 4096551
-5958677 -1418673
6886929 4986929
-66210 3663944
6587724 8187580
7143616 -4817034
-3175459 3068276
-7844116 3036596
-1495840 2586738
3600375 -5921396
9901954 5882715
-2777892 7976145
-9759694 311368
8157478 -6126784
8618910 3154180
9767083 -8653943
-72616 -8493292
-990011 -6191594
7472351 9330665
7518245 1460131
6643097 -3423573
2161055 -2821787
-9785191 5983990
-1429271 4316939
8395544 -1281030
-5398315 4687456
2663601 813850
-8874782 -5659854
-9270286 2903907
8574439 1799048
3145105 9348624
3371684 8341522
4666281 5588841
4919506 -7618327
-3641843 2138632
1231411 2437751
9615964 5517606
1501597 -6607533
7709406 2347125
-8933905 2588678
-2723866 -1378698
9435152 8184133
5040631 9939735
-4640006 3076722
-5124230 5770345
-2364679 6450785
4792307 8020875
3609716 -8992994
5905031 -541412
4113572 -8954426
3483325 4779540
297147 -4655016
-1262549 -4384359
7962767 -8201256
4387422 8963209
-2415488 1545214
-270653 4179908
-3364005 -2980336
-9903613 7286330
3056675 1995989
-1553226 7488509
5509385 3208349
4215355 5755433
7730374 -8364547
-7318972 -7363262
7416279 -5639702
-294718 -1319295
4296347 -2286574
-7971478 959085
-7561353 2259114
-6195672 -1067704
-6887796 -7460489
-440825 -3949972
-6663642 -251801
4260540 -7828086
9660424 -1090614
-7882265 5223666
979099 -2313839
-678386 -1150558
-5997468 -8774175
-4413876 -5481006
3199700 -8581189
-8351411 -2192242
1283196 -2503953
2271513 -6322889
2609407 -3761805
-1222294 6075841
-7874131 -1762037
502514 8336881
3025148 7978580
-3112034 -5236946
2503072 -4798076
2888085 -8477947
-7112153 5998524
7224349 -7790301
9245046 -3109621
-9174457 5326825
-6865416 2444746
2457145 -7525868
8667596 -3065868
3172327 -5271342
-9195501 -6206645
2031319 -8049967
2803266 5446721
-4058347 -7466167
9813240 8344766
-6453310 -4654029
-3131976 2316312
-1685164 6434775
1160827 -7727777
-837398 8055538
3382363 405873
5366971 -11855
-5021370 -966701
5967431 -2175884
2552774 -6353774
-2560419 -8343890
6122495 -4126375
-8679654 1987252
-2962562 -1074238
-2729472 -2738001
2607970 -3149322
1683342 817219
9768346 1992346
4264569 2514531
570069 929173
3851398 5943524
-4068331 -6047568
-4497916 -781631
7042485 910299
-2927123 -8530485
5641978 -7888389
-2014763 4512459
-3500289 1764473
3206587 -8178065
-916065 -3946499
2904179 -9522884
