244 7581845 6858223
809
-8287862 -4954242
3219053 4702939
2119602 3653506
-8709118 6479443
6565277 -4768758
6585254 2356213
-6047153 -2134963
-4372842 4906776
5570653 2127693
-9985177 -2342793
-4870296 -5845493
-3003227 6614249
-8487217 3222314
8877289 9860334
7442179 -602057
4443701 -1748136
5471156 9154317
-4675825 -9820893
6658550 -9892890
-4661647 -3384943
8971270 -4259821
3605216 4439959
-653265 5440469
-9915485 1748726
9405934 -5082612
-928104 -9900662
-770061 7051990
274305 -1414979
-1554645 742722
2657018 -8332054
-7563838 -4112466
-4958149 9617071
9796178 7907318
8014429 -7117621
-502564 -1028919
4711260 5869134
309093 -1531293
6425528 -9167171
2581555 9655829
7089569 6510043
-874267 -5496159
-8444168 -3838535
-2737162 8355672
-8385253 -5653511
8530787 5708193
-8404273 4271765
-3594812 -9033051
8874268 9153931
4552662 -3798633
5172448 -594951
-4725817 -5949902
-4964843 -7599940
5749241 -1900372
-9728191 -8539314
487081 -1669203
-4649010 7361379
6039196 9612815
7968487 9423174
6286015 -6697965
9010228 9583234
-3628649 4816802
5783752 3122308
-5207409 2776540
8977907 4658020
6579421 9345253
5911703 -3333293
-8416881 4369956
-7530416 -9053139
4923899 7332361
8179510 -7258606
2619125 -4589020
-4976205 6046852
5470027 -1341679
-5523292 -7007717
5091869 -5727606
9089197 6003289
-8358051 -8536779
4239761 4872949
-7952679 8950892
8296145 -4265980
-5082921 8626742
-4486950 -3275800
-2328939 -3499802
-6167441 -2017366
-6759620 -7405040
-9477707 4528421
575274 5859505
7034179 -4453912
-8945277 8561653
-7165953 4027239
30528 6146593
7609814 -8076756
-687455 1672477
623369 -5634073
-7383701 -6123782
5019312 -8564134
-1839933 -2466622
4033576 -9467638
-1485003 -1652520
-6541207 382488
7427261 -5728271
-9868765 -6018914
-7956474 -1997465
9080540 -318234
-6290995 -6901750
1761195 -8085412
6354184 3739534
7928363 -8112639
-3746712 8183082
-7940700 -8931915
-7496049 -1130413
-1080683 7078613
127327 -6819630
1527851 -7047107
-4148267 1158676
5430406 -2497004
-5999566 -6721005
-6202118 -1922007
7759759 -3956040
-8341438 -7121577
7309363 3985116
-9758998 3419757
5307118 3663547
-5637019 685718
1753803 4076758
5462697 -3577718
6017247 4257754
-45523 -5617986
9851260 -3855426
7303251 3998680
-8498324 8219345
-8501660 -4749991
3328002 -4497890
-5937578 7812575
-9309002 -6395887
105581 -4279015
9140742 8000361
-5819740 346584
3548654 -3035787
3557323 -1456758
-2518124 -4697543
2076563 -979979
-4081613 6015475
-7839951 -7968960
6029720 -4230353
-6011007 1979652
-253987 7531396
5549858 8003685
5816260 -6925985
9194480 2128633
7849618 -976390
9540323 -699938
2162998 -493288
-1012723 -6279416
-5219822 -4288348
-6469539 -7455399
1564622 -5221594
-9206119 5607024
7638065 -639
5769009 5470282
-2550065 3667785
-6284466 2274354
-7205609 -287700
2786316 1781744
-6089623 1127004
-9849386 -5502852
-3686438 4276347
-6216940 2207290
-1555774 992912
6704564 2770337
-2168710 3224404
8002810 -9764975
-1641598 1912264
-8088374 1313043
-3216675 -4003533
9664252 196987
-7528659 -3250388
6461913 5896138
-2322117 -4734268
-1090912 -8235419
-3738271 -5895388
8380960 -940297
-8733007 2575292
-6431796 4680372
9967061 -288781
5451975 2789121
-4459502 -2201648
9710616 -4028863
7284180 3898900
2411719 -8377758
1819229 -5932495
817118 -5407676
-9511538 -3193078
-5410993 9795383
-8440036 -9317303
-5212690 3498095
5074150 -2178307
2913337 5684622
364994 -1142505
8568714 -1002106
4303367 332055
646759 -3462959
-4975470 9843865
-3740882 357376
-5504030 -7691290
8892568 1187189
5779513 -1168448
-1845174 -7773962
-7978579 6267976
-532975 2743833
8758281 -6418615
-6080570 4254335
-7544691 3832431
-7310073 6832768
-4169338 2820303
5668711 3774993
2828387 -9865971
2494246 -3684530
-810802 7852917
-9838372 1269716
-7543094 -3798479
-2450575 1570548
-3687062 752771
-2979253 5704251
-9035563 -1665641
-5567904 6487773
-6741540 9722718
-3928499 -1648474
-4815706 -4286230
1050425 -1238572
5052774 -6468692
6181689 -3280864
-4449041 -2118839
-4265922 -8807712
-5021644 4740157
3458030 8412058
-7501042 9951614
704386 -8992545
-771941 -1188104
7146255 241485
9245610 192496
-7568434 4094703
-7553770 5020423
-9265807 -1496933
-219152 -9853124
6194537 -5699030
1020107 -5166378
-4768865 2376226
-3915134 -912582
-6172425 -6518435
-8106376 1063223
-6468811 -198042
809413 6908934
-4279169 4235575
6993413 -9962528
-7253680 5383438
-521858 6239023
1259446 -4822114
-3802694 1924372
-5412400 -5490009
-8672686 5978154
-9188224 -9217863
3158364 2347421
-8565161 -3957089
-7959172 1759582
5339157 7778766
-9902924 -6065548
3359739 8870347
-4377726 -6577158
5976666 9080570
4464008 -7384313
1371063 8722987
6417225 6458502
-9100774 5146861
2173205 -7385469
8592685 -4513173
-3731036 3500519
8364292 1920813
480076 1943680
-6296737 2315483
-7389399 2520905
-1028291 9042420
7912767 -7292322
-3869480 -7668552
-8587982 -6464958
8667081 -7892814
3346525 -1607621
-5149119 -7445504
217710 -236249
2378282 -4249892
1236935 -7609085
5891434 -6512680
5408133 22251
-8034068 -3227922
9087561 -4111790
8409115 -4330805
-5288385 -8301838
6922192 -2619176
-287727 5140735
1192129 -6947288
7676251 -6359357
2033022 -7624438
-5069941 1022776
-9213473 -599744
-2333284 5147769
7538684 -4318838
-831518 1420003
-8557746 -4053530
-4765100 -5423385
-7018823 -6591814
-8406267 -5677539
8536975 -8609708
-8712531 -3694651
3962436 5459168
1028232 -6483906
-2843263 -4845435
-2469873 -1295517
9727260 1706112
3622720 -5023462
-9875693 3030139
8711301 -8710564
2709439 179343
-1357835 -9603865
7489103 -3331955
-7407416 3877065
715878 -9529720
4376925 -5813683
-6991982 -747146
-5287978 5664394
9180488 -513194
4641371 5740254
6961090 8853577
559689 4687851
9664389 6688350
-7765159 -5817591
-4528155 9788697
-7515608 3462495
3858630 697636
-117966 1126558
7519975 1347733
-5665634 2474618
-822713 -1764146
7488708 8711291
-3107963 -5298342
4188464 4717082
-7026312 -3927475
-5073898 -1170164
6034039 9934778
-860520 -1997856
2184553 5698428
-1996523 1374322
-5163183 172751
3386739 487870
4130780 1211799
5075885 -6731227
-1740257 1650755
2402961 9410251
637894 -46617
4655041 -108331
7125103 7529931
6118808 -1156495
189693 2615144
2549922 3561262
-8436594 8740084
4438513 4205755
-4419923 -3735688
6437063 -7558010
-4553788 -7066754
-3338603 -7659846
-4391072 9576992
-6255900 -8262718
3663885 -3614977
6338406 6147061
8555083 6818131
-3135586 -6490201
-5130343 5680186
-1704670 -7016778
6544485 5059350
3799435 3361605
-2432640 624243
6888555 -9245700
5712642 -4336211
-1402965 -4158030
-1817875 -8841145
-9264153 -2225216
-487933 -3692595
2692428 6996299
3143361 5692304
2510436 -8452813
-4943014 1698444
9894982 9374850
4874425 -73357
7502346 -1809687
4068270 -6064738
-2924143 -6181867
-5427567 -8364370
9815771 -6035587
-7677265 -9714925
3960282 -9070842
-1296058 504860
-671383 -2787518
-5791219 732361
-3575334 4537398
6084585 7352142
-949414 1451454
-6657344 3657923
-6415433 -1054431
-347766 8217081
4668695 3603265
7421398 6236856
7872486 -8255447
8225318 4510183
-2688390 204609
1133767 -9451947
-6430734 -8728107
-1515625 9837709
570071 2897883
9951633 2693156
-7438349 -488911
-9037457 6036218
-7789506 -5871411
-4409490 -5694801
5038633 8311413
1914678 -2240904
-6004048 -7776320
-6031767 -8147572
-1121037 -8131562
-5410601 -7806449
5257957 6190573
7462466 5723166
5560876 8827223
-5758542 8463193
-6327298 8647299
-1841612 -5806908
2745662 -3765647
-7120706 -8362717
8458834 4956156
3267569 -1530195
6228901 -3986181
-1762500 7698599
9551027 -9775146
4609644 2205733
-3084363 -1570010
7136916 9199044
4922210 -7826406
-8999183 -2884266
-4421072 -7000562
4163089 7758627
-8048281 -8232018
-9481313 4837829
6475112 -2786266
-7830110 -6602019
1867786 -2549701
3464118 -2046188
8168763 -9386960
3354246 -8298382
-3576296 236143
8666133 -2036110
9679286 3339341
5512935 -1680599
5435136 -2882151
117287 -969896
-3211269 3530416
-2185250 6796729
1634558 -8743197
-1529463 -1666563
1731418 -1890329
5559970 -6843221
-6373057 6115557
-755051 -8459560
5758411 -8204293
2031850 -7400805
563085 -7817885
-1962192 -6785665
1533737 -7241276
-123427 -6449257
-4902801 9485225
-4468007 2510212
-693059 1885930
-4340915 3346743
-8319820 -9058500
-948829 4129622
-197246 -4072050
4559859 7127493
1184285 3429697
5225404 -6195192
-3595997 -3057304
-8358837 -2742746
471590 -516559
2242165 -321029
3229714 4521679
4006904 -7881262
4628950 843265
-7270804 2055249
-4598008 -6064108
7393744 -9095367
5034256 9598524
-4473526 8961267
6088760 -5162990
783059 2602686
6407494 9789397
-3267906 -3991536
-4217930 5327850
-5188709 -1626743
568581 6253660
-6708309 -430192
-5795102 -6201705
-2842087 -185053
-8129804 1350200
-2197556 -7596539
-6691906 -2727812
-3129288 -4803812
-5842545 8342350
5695712 -5086461
7516225 2762567
2551965 -3521228
-4996412 -3559929
4284273 1800411
2690020 785658
9555671 9095564
-8818276 -6741399
9573249 -7152638
2662310 -4613378
-746825 -3268838
-865377 4532506
4321047 7055619
-7748192 2442717
-6698580 3708111
8621650 8925615
1688183 1513484
7992256 -1345773
-2389349 6756500
-8926737 5512196
-3702145 -8105076
3506841 3763283
7021885 -4146474
-8782760 4688565
2591540 6595134
5842648 3879550
-9071591 4361067
1416686 -5022729
-63660 5249456
-1042433 -3815154
-4889538 -4245888
7267597 -9904430
-8733851 -685003
8587849 -2223795
-6711598 -1123200
771725 9661112
3424395 -413743
-2043865 6794918
-6000165 -7037368
2074118 -826625
5569278 6591375
952442 -2083234
-4589611 6497687
-5736505 4885481
-8929673 -2136918
3617194 3221062
-4167016 8697141
-9471510 884791
1177349 -2900866
5975934 9116339
8777451 4465751
6568360 9264011
6058929 -5281801
-2319169 -5475505
-3785778 -9941235
-833508 9754950
-9811932 -8216500
8281187 2635287
-2479232 -4401542
-4022108 -7455318
-1717903 -8892553
2320941 9595086
-7003770 -3368567
3730567 2849431
1965771 4173579
-1360670 -7777146
4003217 -6740426
-2022227 7724042
-7751463 62147
-7362736 5658605
-2070093 -1537241
-7237388 -5679892
6955395 -1882025
-3767215 3560151
-1378814 6992515
616315 2210677
-5677884 6903283
6051068 -7062744
5786687 -2681654
4008277 -218364
-5479158 -9731190
-6471615 5163959
2888001 8524059
-8897442 1506158
9681115 -2347110
-1367999 -6260178
-1940069 -2388978
-1754650 1394613
-5045235 7531678
-2959454 4478135
9205165 3575951
-7004414 7656861
3110469 6043633
5878331 9046654
-8655358 -8586492
-8317681 -113392
-4949433 -4134516
-5610456 -4789296
-766786 7938568
8107810 -4507898
-8251723 -1085670
6525352 -3260189
8134425 -7675440
9856238 -5229298
1765190 5605542
-818507 9413136
-413651 970355
9530340 -5306569
-6259915 -7303182
6626679 5408671
-4704721 7601080
-6533436 8308998
6036054 -7137802
3317118 -9627540
-4135437 -4730732
-3300050 1424928
8164739 -2387160
-62600 -6774697
-9487643 6299164
1904706 -7690010
4239479 2277547
5764254 3602551
8295982 -6174172
9038999 5294594
703265 4552420
2153500 -1817970
-3508972 5998544
1377094 5620064
5992525 5043434
2829054 -5305788
6119140 4373440
4502632 9529005
-7245692 4283880
-6900604 6956384
1782726 5783017
-1939435 -2479545
-8876994 -3977795
-7635614 6341171
1635766 1935341
-3512239 3919737
-7898233 -7660969
853928 1157613
9294029 -8890853
6152581 -7768978
-3074765 -2197094
-7823654 -1018365
-1489360 5560727
-155393 6678978
-3848286 -6218700
2080670 2944004
2980811 7934441
-6043354 -9858765
6482406 -3379831
8555510 8837384
2757121 -9365476
5489908 7559623
-8766412 4858888
5968035 -3656164
-8908790 -9472382
-1669476 -5363032
-3865044 -9467203
6093525 -6976777
9702201 -2838052
943249 8454484
-6085160 -4146084
6304709 -6976081
5681506 6895651
-6484179 2777707
1615092 -5319736
-4685211 4587683
2147307 -5627787
1747454 -9195303
9664885 3380895
-3575135 -9768159
7385162 3272447
-3678403 4755390
7778613 -6479882
682066 4931474
3385958 -2834
-1632566 4141667
-318062 -182849
-3287198 -5327857
7449851 -4636556
-7439939 -7255025
7332659 -8418705
8469860 -9608798
-8804101 -8003682
-2106435 -7266334
-7034492 3377136
9165935 4318431
-926179 -9649330
-6129212 8003884
2935358 9368786
-8117696 -2930794
-8789126 8837669
-1345180 249739
-2561766 892812
6256257 5367622
628950 7404437
8985732 1332670
1723872 -2038391
-42073 7455593
-9810741 -4563877
1329611 7851492
2169923 5671119
-1461859 495546
-8984217 3760096
-4354766 -5074719
1994488 3951141
-4694838 -2472461
293630 3205362
-5901826 3959982
-8156043 7731864
5136302 2870783
-5796547 2472907
-9565484 4122034
-5906021 -1556323
3879800 -7091205
-9239713 -5716761
2470710 -4790589
-1778690 -4553437
1723011 -8991148
-4065867 -762907
5704586 7368246
7412137 444973
-6349665 -8990251
-2513917 -2294233
-4562369 -9735138
-4348003 -669960
4319299 3090285
-2787680 -144549
815480 4753815
178962 -6177349
-9377758 -5304719
-7578956 939250
-1097835 3092953
-3381843 642354
2395799 -9374824
509774 -4931358
5513616 -1899614
-8373513 -2078089
-1855970 1680303
1945165 -887430
958963 3581662
-3328053 7597163
9968966 -4721738
2548430 -3599381
223271 784446
-2003921 -7272608
-3817006 845513
6454818 417124
3575830 5085159
-1773312 -6927025
-1858382 -4028370
-3411632 1252814
1691078 6171586
-2148111 -1785145
-156223 9835108
-4066878 2313407
-89430 -9197260
-3918997 -4878578
1522041 -7604112
-4303314 8629433
-8643175 4261664
7623530 3692766
-5890110 -9943828
5141331 4078348
-332324 7685720
6173702 5884371
-2862814 325646
-3502768 -7237930
-6506723 8828264
1179724 -3134527
9178880 -4146593
-3343853 7112847
-7765731 -8394198
-5998310 -4746498
6399287 -3727338
3050679 -301623
-6608857 272465
328637 674209
7268909 -9982615
219457 7986320
3870692 9452937
-221417 -3606840
-8328418 -8992122
2352494 -1207833
5657641 7681212
-6465381 6048570
3161417 4836521
6442324 -7292882
-9523027 -2087962
-3298947 -9555986
-7341257 6876260
-2851275 9751732
-7057707 8566238
