126 3006064 -7541849
241
-8338965 4861815
-5470670 -9408829
-3141194 -2738540
-8257893 3712096
-2045849 -7255006
4202957 955383
-6886692 7729569
9235342 -93957
-6118676 -3321642
8299353 1536163
-7255791 -325916
-4068048 7091259
6459188 -2139683
5418371 4045388
9567804 366780
-4771404 7876522
984045 3745191
-8993349 -242074
5986374 7842852
3104198 -7251242
-3779506 6456877
-3297202 -2692845
-270449 -666198
-1471488 -4061860
-9344 3610875
5801311 9344217
6435476 2734865
3111534 -8266736
-1704996 -4588984
5777797 -1470095
8922779 -2137191
-8392000 -8993607
-6719329 -7576823
-9733971 5131004
396114 9267046
-1759725 3370227
3193734 -867040
983114 4943074
-9118786 5439637
-949487 9511626
8855843 -6611778
-1360560 -5148176
9101440 -2192328
3218688 4267326
-7202768 9912797
-9708042 -1003515
-7480770 4236363
6659540 -8100042
-452686 -4200098
7583300 -558079
5328500 9943429
-923611 -4176425
-9233351 -1477765
-6038128 -9940496
2087482 4164216
68790 -4471263
-7103086 -6540322
1267350 8708230
2975557 4514706
4427503 7002390
8515228 -1710859
5041856 4719461
-864228 -8965542
9350712 1701397
-8856682 8683086
1142867 6934012
-7242412 -1011829
7510406 2735609
-4688535 6040589
204805 3988630
2033720 7398947
3374977 -9726404
1498178 4930634
-8038308 -5357673
-8355282 6990087
7795580 6389196
1108657 -9840054
3710756 2837437
7055186 -9755571
1443868 -4422179
-7488167 714856
9703027 -7413265
5322344 7785773
3826363 7213433
-6281584 3150161
549109 6547520
6821116 -1731512
-6800878 -6075914
-8917234 -9164353
7825734 -4839186
4066362 5243836
-2079866 5621315
-9024896 -4824980
7935801 -8369110
-2791289 8030290
-1254854 -620331
-5517243 -7763103
2539022 -1551826
8177959 2321453
-4528385 8881737
5429258 -8103625
164863 -1462924
2461162 -5233274
-4397627 -4119663
-6442496 -3939720
-8695884 5944460
1565775 7623866
5315238 -8259398
5887845 2540879
571169 3251040
5147061 5612908
7849805 1832667
-9719159 9629818
1951272 388828
-8213083 8458801
-9644824 -60761
8476315 7216175
-8017098 -6963608
-1083271 -6546171
-485890 -9898373
6046087 -5009415
5130804 -6665422
-4924819 -9871786
-4814555 446042
6213434 -9036974
6575934 -1727034
-9894366 1360496
-6493334 4425740
7330920 -9613525
1361628 -2025710
7913529 9117837
-1149635 1716805
-2730451 6389844
9843674 -6650381
5967598 -1297370
3693216 -8125864
-4791286 2013686
-5341748 -8659628
1786414 283895
-6236727 -7639950
633016 -9483799
1876697 -9660792
-2718700 -6744998
6157830 -2100285
5874006 7128572
-1237239 -2480542
1752615 -3696113
-7306268 7613126
3479097 9022164
-2275205 5053758
6927894 -553304
-8539618 3934363
5274735 4652960
7453208 8634986
-9004964 9577501
-9906298 -8783519
-8444311 -5855595
-2600593 -5513249
2386467 -1163011
8481913 -6442763
-6406952 -9223175
-2919288 -2755325
7374153 5345663
-3115820 -7709204
7344554 853251
-9700053 -2874673
-8940310 -3211200
-8558239 4276681
-4571981 -1149223
-9055370 8894969
-9888550 -3576944
-6916187 -8961667
8041436 4183492
5536833 483220
-3443190 -7055745
-6278920 4018747
3779774 -7333790
8011873 -6681855
-4391059 1153927
4523530 -5103947
2021380 5469848
-7741352 4823477
-8383490 -4402578
-3035449 6216761
5111730 -2955470
-4016062 -2090818
-8536133 -2260467
4439377 -932249
2067323 9505303
4965911 -23790
6511309 1140485
3806695 1203343
4521488 291083
3961363 1818569
-769026 -9869570
5600278 -1515107
5824723 3768707
1882481 375278
-3407960 7441233
7002115 8847033
9272567 -8296230
-8040345 -7013947
-5429844 -9263566
2758089 6399032
8891595 6637480
-2222035 -2276000
8927344 5402904
8210340 -8415339
-4080418 -4034816
-3904386 -5311945
3172948 -2333092
3951967 4212244
-5412477 -1002329
8955257 -4165551
-5318518 1179563
-4600315 5957372
1459778 -6045951
7206835 9875693
-1208923 6029934
2667414 -35076
205277 -2317328
5601929 -9554620
4546393 -8351027
-2385843 -3671379
1016676 2982327
-9350765 3709772
-9561632 -5810376
-4296352 4601203
2952004 7542243
-1278194 7175257
3132629 149838
4103887 -3362156
9029889 -5407593
-9377658 -6172926
-3691650 -2179034
5503639 -4193892
8767840 6513627
8162600 -6378080
-49459 3314233
8812912 8293110
2002882 3483569
