692 7559238 5281305
877
-989289 9778294
1333822 4785894
-6889976 6776659
6686784 -3875781
1767600 5203493
3688103 -4442988
8633704 -7246975
6111680 -5477911
2219026 5277077
430097 -4194257
-6964592 -1887535
4680165 5845984
7197083 -1581461
-5317629 1850421
-590341 -6878041
5416605 9963676
4749571 8420370
-2286619 9266779
-4609001 375947
8095792 -5599835
-42822 7158599
2427976 1783895
-1177663 -1409118
-6132041 -8943991
9378104 3557715
4186532 -3185592
5176744 -7586488
-6651597 -1133303
-9282882 -5109821
-9471510 -9452873
-9489197 126777
-8936501 5945095
5211875 -2223274
8152673 -1223119
3177046 3119226
-7205823 6248465
-9451287 -6865776
-5758542 5222154
-1205485 -628950
-7071235 -9374231
9956529 -1827381
-6897517 7115297
-4018006 5133273
-9976548 -3549114
-3001987 9215465
-657758 -9448058
-986610 -9974831
-2198105 405742
9182623 6741617
-139157 8470921
-2764262 -5123979
-1989754 2655020
-9606474 -2215549
7155501 -5231944
-4606174 -811959
-122988 2600618
-7767733 7866707
2999981 2979495
1946734 -9269386
9946079 -4460215
8608080 1461099
1486268 -711679
2210415 -9862178
6879439 1804516
-7208211 -6090610
-1214588 9256634
-5571994 27527
328331 -687990
-3403582 7337885
-3474074 -9999816
2600803 1990244
-143048 -1080709
4415138 -2650578
-1919964 5373285
3429422 -3638128
339324 -1973885
-169211 -5446146
-5308324 -8174408
-3853540 -7958796
8466947 4087467
3344101 -8545399
-6001519 9768711
-919279 7772108
-2373655 4326812
4326996 5677139
-9816264 4152271
5587914 9444151
-3206426 -7442960
446677 3053
-1118723 -2610038
5416078 -6123901
-1570046 9220601
3562546 -4753133
9804423 -4362018
9725450 9709006
-8836392 787722
556433 3069551
-6641989 7678441
2005253 2153506
-9653002 984356
7652980 8848601
809105 -9469266
5604126 -4242754
5760299 119031
7508993 -3949197
-73098 -5358423
6378530 2925071
688290 873208
6511191 -58924
-7833565 -6990934
3796788 6236641
-8177456 5846395
3524836 6869574
-976920 7696908
-8802384 -4469911
6895042 -629922
-7582836 1366948
7124195 -2295853
7823178 8021290
-5927907 -4599154
-7441225 5332172
-9226405 -3484652
-95092 8937306
-1121618 -6021762
9503656 8932451
-2314556 -6438831
9407564 -4183204
-7313630 -492011
9721249 2932400
8462489 -5774197
3595881 3435217
-5197834 5357532
5578031 -1470602
-3449312 4442713
2359911 3401210
-8750266 -6860866
-7829166 4918687
-3627655 4539681
1034271 2075742
1008194 -2232921
1328249 537927
6354724 8693638
-9282021 735813
-6331786 1557446
5783249 2955580
-3609202 4647055
-7479061 -8104517
-7058767 -6290684
668381 8098971
-5983467 -508079
-4852593 -6971708
7946979 -4733733
2322300 -2681759
1910336 -5680676
2086404 -6643428
-3589149 5434882
-3355128 -6585347
-3333182 5281927
9355726 9879204
2834784 335032
-5017912 5138975
-449190 1741934
-2032398 -2496973
-4398002 2492043
4500317 8635983
-8335724 -7865117
-2598850 2164076
1998670 2127607
-1036716 2239803
-1887273 -6090994
1860240 3566040
-502955 4523578
-7678142 8505112
8384316 6163863
-3501104 -8322416
-667089 -6264547
-2006261 -6002664
1500363 1400074
6408469 5961342
4597325 -381286
1753597 908786
5589215 -1222047
3421913 1671100
6427255 -2412115
-5986757 -7614803
5951237 -5460018
1579912 5873483
4378595 -4551718
4128497 -3581878
-1904294 -4720736
-8468931 -9372607
7141081 7428618
-1171308 -475192
-4513850 -1358555
776511 -4762839
-1337700 2599828
3894133 5046460
9233912 -5748485
-5644248 -2683954
-298757 5661167
2717501 -1631005
-5757522 8168832
6133466 -5702586
715536 1137425
-1066959 261964
-6594291 1327595
-8727435 464110
9988919 -9453209
-8295412 101257
-2145230 7991421
-6892399 2481099
-9956089 -966578
-4198711 7001735
-5682219 9277824
-2544657 157041
1042388 -3464623
-5295791 -9827155
6986611 -2198782
1454996 3354028
-6384008 -2297853
1546094 -9611963
-6631500 -2978299
-2431508 2818659
5436268 5873771
3865192 -726920
4270531 5807391
-5159187 -510854
-3509119 4314443
-3891381 642103
3315496 -6674986
-139609 3563962
3736807 -5642115
-5324545 -2919047
-9565019 723418
941918 6130451
-965159 6567325
-6410974 5004364
-2176976 2403341
-1722888 -6326129
-4536697 -6740708
9066683 4658656
-5852198 9733835
-3435370 6423849
-2934048 -6844965
-3519950 -4810399
8753563 2897800
-227963 -1143207
5937746 -4993277
-1753507 4447493
-6905704 -1110921
-4543596 9188411
4192776 2129137
-5467522 -954569
-4764346 4532152
7791444 -4674058
9984599 698957
432792 -625520
-4201671 6648753
9803789 -486226
4703375 -4619367
794785 -3716161
5140632 -4026709
980014 -9433177
-2469332 -6405269
2483810 9226507
931271 624964
5270454 7940215
9501998 7640399
2172551 9802932
-4871125 -5262348
-2047039 -7519653
1854827 7629826
4278579 902106
-9584120 169508
5550141 -3401280
2882559 -2364392
3608899 -3655073
9428102 -9460456
6650627 -5411087
6331772 9475122
-7383562 -865563
9591004 -2736957
-5096558 7886892
7689825 1609354
-1136642 -407655
2072693 5335052
-4518770 6816320
-2281574 6443872
-3386619 2276161
8874882 -9349342
-1713734 4679874
3541153 -5726207
7329689 -8104835
9000430 2969255
-5039271 3980316
5631106 5332203
-7404754 -2422832
-4535940 -2261538
9347817 -9984959
-392614 5670237
-6478359 -9272473
7543847 4196431
-6843344 -997129
3795385 7778625
8429284 -229963
6966263 2670267
-539588 9231902
3643420 507417
5993024 -3209898
3286770 2643850
-2023947 -9046246
-1469078 -1082124
-827309 -6912348
5619045 3994982
-7818428 -8963140
-8235613 7742783
1939215 -4296787
-2777563 1824587
-7880436 5095871
7382260 -8982178
-3795559 3065200
2297103 -3135125
7372292 5664853
4971307 -4059477
1100725 -4118331
9351775 -1741922
-307694 9076779
4680783 -2117303
4394031 8864997
9901857 299828
-1957389 -908045
4795169 4182597
-3992816 2498178
-9889599 -7982394
5551780 -1873252
-8808051 9013
6873889 -8243779
7421074 -3994596
1945927 -3237467
2644202 -5091266
3166812 -6953348
4639783 -5487671
2395026 5375470
-3243180 -679434
2136746 9305410
-1602635 -3341323
-9158726 2695710
-4806112 5708886
7726492 9364810
-2508441 7820642
-2170345 3278272
-2449155 -8800140
-2794736 7219896
6498782 7488272
-7602994 9151191
4714195 -8340664
-3828334 -1919830
-6544360 -8129669
1190897 1083044
388454 212460
-612510 5843996
-1460294 1302172
-2988942 -7254884
-7890073 -3750054
6586940 7253903
-6951473 -7882162
-6682302 6932948
4152844 599373
-1912355 522962
-7809495 651626
2310963 484651
1081173 -578948
1291383 998981
-7917975 -2946835
-218022 -7517719
842629 2470480
6289004 9169468
4430936 9382335
8148633 5816414
3070317 6540863
1175053 4735574
1668522 -1364803
9234570 4492751
7532065 8337718
-8494303 9838567
-7160430 9722570
-856377 -3666988
7331993 3920743
-9026092 -9564994
5433639 9414018
-5599150 755886
-7558294 -3723732
8174955 3206206
-977379 6872643
-4070142 -1160059
-6424485 -7907062
728135 7104912
1597663 -2239611
8614459 -7520943
-7682376 -870271
-8631349 -9879844
8969520 -4842806
1594289 -6971374
-6536367 -1182135
-1768116 2568198
5840436 1413624
206245 -4850914
8355293 798495
-2328862 -1618800
-262507 9894266
4503556 -3882652
-6777740 -4170640
3589749 7748044
-9772899 -2663724
-1017643 -5279439
7357069 5061078
2734624 351008
3379635 6326590
-4855545 -5671086
-586536 -640380
-9226756 -4107309
-6441870 7770252
-1431253 -6504159
1877042 4429775
4324041 6239885
-7642766 4130887
9960248 -1172403
-3424359 8095846
-4567878 -3933651
786910 9319095
-3103475 4414479
7281840 -1856020
6986922 9631149
6476415 -6822173
2537447 -7868623
-9459579 -4110121
-6339868 -4172957
-677115 -5901449
8528326 2228879
-9014883 3716279
-2152834 -4631281
4196316 5858703
3954549 -2192586
-3609884 3288310
-4876243 1903024
-3682497 7177026
7837358 2020282
1651431 6115695
9293522 4824280
6955658 -1872153
-3465922 -5652679
174365 12431
4110982 -7289438
-2544206 2013602
8246233 -4844340
524379 -1559089
6815966 -3906601
-3582834 7237047
-6958291 -6713133
5189891 2807282
-7499340 -1834534
-9814252 4023747
139442 -9661981
5162299 -5646468
-5002269 -8050683
-3703362 -5365691
4646740 -5951839
-3241276 -1012645
-8999043 -8725926
-3570266 4214518
5171781 9247190
7856942 6954113
4191161 -5495901
-2209034 6790460
-7885906 7232870
7914689 5497210
-479043 -5385246
7469125 616789
4970321 2176751
-3357580 2631425
-217914 2484404
6532566 2939059
4442766 -5571173
-4297099 -6708710
22160 -2039924
9723618 -5351012
-8396899 7710293
-7785608 7580560
-3112628 -1689386
8059837 5358
-4497432 -8482182
8648925 5974526
-3408685 -2460123
9716629 6118050
-8734173 4077989
9078745 8875401
1814460 1047914
5476741 -1872337
-6064695 -3742773
-3266345 3695994
8344982 3957465
1667758 -3542727
-5962166 2464436
3291402 3882150
6403861 -6558442
-5040623 1351239
9842117 -8093571
-553693 -6391698
9726352 8949785
3027774 -8320712
-9445311 -9007820
-5443554 -5377129
2750535 -5114498
-6340919 -9966813
-3754467 6685840
-6840342 392736
6850009 7106868
-7912344 4827416
-8774081 3404195
6845754 5379058
-3269702 7629780
2052561 4321483
7929785 9088767
8038552 4015220
-1789140 172489
-6318979 -6417322
-1794450 -8718098
-3832596 -1762533
-9212994 3472437
158277 -7657163
-4748075 9548892
6655760 -4165713
3178056 -7898066
-1977518 8743416
4122474 4403975
-5449893 7384588
1706071 3369124
2457892 -880980
-6865759 -7847792
-5158951 496444
-3404525 -6138547
-4856645 -1477929
-724110 4801025
-9210186 -6172889
8686300 62897
-388211 -6535557
-701269 -6061775
8556512 8783901
43669 -7523213
-602886 9095346
6479934 -5833857
51620 -3536427
5582593 -9297643
-7145435 5025864
8038660 1233186
-2389008 -9788034
-1265963 -5365865
1951512 2754347
-902189 526280
3105529 2741326
6205770 -2215889
-5761311 -7282682
4017571 -4495499
-9502360 5311553
4406899 -5938760
-9256265 -7588894
-1125321 886833
1589190 795355
8337571 6973624
-9276837 -3039893
-2827927 6376232
-8989633 -1665845
-8911498 -1577537
1465095 -4521768
8219558 -7297335
-6996871 -5429376
9804294 -3058320
-5037467 -2758182
5069723 3821865
7883105 -4539827
-2128721 -523378
-9636545 1143192
-8061452 -737690
-3764065 -5531003
-6054544 2792471
-831297 -3040902
5293253 1117529
2056344 -7304577
-1826345 -1101893
-5882875 -6478561
-1907937 8909565
-4148754 -2879746
-3121576 -9587291
4234574 813779
-1209695 -8051853
1424769 -5365969
5777224 6661584
-4076105 -5695424
-1226427 232124
-6975405 -5323818
1635280 2719029
6352910 -5290349
-2594926 9444885
-1657008 -9074393
6963398 5578729
-2995354 2460117
2096723 7571814
7984523 2855892
-6330328 8975147
3439646 -5264550
-630519 2459977
-8362087 -5135585
-8314657 7663057
-2104819 -9921840
-5245658 458916
5694297 -6563871
-1854220 -1094026
-9132789 -5436440
8005519 -1932794
-6354065 -8273444
-3296975 4968917
2540731 650581
6022826 8799749
291248 525255
5260705 2208850
7185179 -6269105
-8888338 7146538
4809596 8823092
1417605 -7202994
3255922 5221129
1173610 -1311701
110626 -8533428
8546484 1835742
9902948 977837
2704393 6552003
1520920 6065235
-3284183 9407419
8207168 6578004
-2896741 5254995
-2536155 -8985232
-5254337 4880316
-5456794 -5350976
5988468 -4142674
-8829316 1869154
-2909716 -2593927
6094373 -3057042
-1590470 780246
-7384011 8721351
-300812 -3043986
6024369 -7481063
8584173 -7596418
4327353 -2454710
-5876706 7816342
3071337 -4949127
-3934359 -6257095
1139573 3051534
7700558 811305
-815017 5682779
-2448066 3689026
3611452 355667
7298625 -2841430
7938816 -7777823
-9056472 8224508
7696874 -9445195
5590095 642716
-4437350 3721244
3782886 4174268
-5493038 9890003
-5059124 422532
4165437 94651
-6853815 1006518
4334175 7821362
3504141 -9153257
-2947879 6035510
-3608823 3572427
3247349 -9336427
-7114250 6206154
-3052986 1186166
-5742677 6345630
-3011653 -5356111
881485 2363770
9054390 -4932651
-5042647 -5335629
5086903 -6438648
3656003 -7585419
-4062549 -8231308
2106406 6802188
165283 -9728374
6307136 8126899
1699327 -266243
-7086318 5214665
-6062828 -5053324
-1350806 -4200567
4661415 884186
5528075 -4577130
7786640 4166114
9233464 8925912
-6409717 6841031
-9597617 6707169
9121750 1193538
-4521418 -3425261
5893279 -4940798
7847180 7584988
5711888 8574915
-1691328 -3329331
4401686 9927567
-5125757 1222354
-461861 8338858
-776955 -3960210
1462660 -5800445
882021 7267472
6193385 -750700
8606683 115485
-3177346 2300020
6009911 1525419
8100158 8460757
6036311 -8511507
1589834 -3490211
-4915296 -3600157
3070512 -2698278
-2770711 -4090272
-351565 -2527801
8327409 -5380116
-6823974 9186574
5902481 -2449546
7334279 4638686
6404339 -3215497
-583660 -3955984
8344036 5011022
-3463559 -1244653
9732456 -3129701
-1641207 -5363401
-6337259 5768767
4684962 9948627
9766701 -1252555
-2826474 -2244525
-2255974 9512342
6648578 6821961
6008535 -3928565
-3861758 9824605
4463291 -5572631
-6271776 -6527479
-483463 867630
8395005 -4339084
4416263 -9623075
-2752775 -5068554
-7915602 4148719
-7566162 -1877630
-9412651 -4252861
-2989064 7118801
7390628 2870402
2382744 4184462
1006423 -4865346
1206089 -968678
-1144073 9531311
6475032 7344331
3333204 5835571
-3296799 2719608
8380524 5366093
-1740629 7614558
-7453995 2796788
9461859 5506596
6145318 7146755
-7106106 4412050
-5952797 6732667
-396931 -7578818
6605645 -8562169
9088837 4502165
-6466513 -9871580
2176083 294926
-9844390 -5094233
-9258662 -1348885
3887075 3488814
-8628740 9960891
7575450 2267600
7580740 -369369
7653579 2637807
-215438 -441049
-6028999 3798897
-6952084 -4805192
-2384010 -1981796
-8027613 -4832663
2185854 6737987
-617240 -8938776
-6127497 5719341
3141460 -8441157
-7273689 6544465
-7450369 3882798
-3639958 6613386
-8602662 -6079109
3551522 -6064508
6573299 8978078
-1462970 1205101
7520350 8874213
-5930979 2508031
3042588 -9431734
8251955 -5798637
-9060649 -2468673
-8891096 437809
8673503 -7161537
-5602694 -5018593
-8474128 1814963
8214114 9639969
-1230292 -5924497
-9487253 -5425844
-8974000 167046
-854875 4064269
7785723 115651
-1010136 198507
5222890 5306073
-1609308 -4424763
-223400 -9218170
-1686842 9158999
-403191 -6767697
-3929234 -577938
-3080179 -9213336
-4882021 -7015575
5140746 -1554307
-4962452 -6667907
-9577399 -6089546
-3406147 -4449705
2130917 -8551399
1564252 -1744670
8453837 -83360
-4777287 3070468
8645705 3676727
-3025090 -3870243
-4711243 -9061342
-5829039 5288068
7226482 -2598082
-1811418 -7241920
-4257495 -5853697
-4891652 3306561
-844993 -9116749
7310058 145896
-1787456 -422392
1026210 6420263
-5324407 -9656539
-7223547 5106814
-9306365 5645782
-8161139 -2000834
-3354724 9339340
-9722002 -1186229
6618191 1934033
1852303 6965312
9723392 3844673
7990976 2557237
-4136202 7982249
1381852 -6900676
-4238427 -2464843
7112766 -8791738
7628525 -3509531
-3166070 -9344672
-1721506 -7695882
466252 -7873265
125901 -1027871
-9172178 2305114
-8881115 -712471
3737914 3622172
587484 253429
-5901898 -4409783
8147454 -7172772
-9190523 -7910921
7704755 6527605
6579114 -5292318
-4084056 5982680
-7526851 -3791768
-3136440 -6455530
8364940 -8176569
-6049834 -2341593
-853112 -1168807
3652659 -3407580
-1603699 -25290
-6403117 -2712104
7541325 -7865784
-9759215 -3299281
-7955700 -8360572
