515 8011414 1801256
654
8780371 9934067
9615755 -6818263
5370752 -4896516
-1182769 -8559340
345360 5625291
5544151 -5266983
6826158 -5526529
-1079116 8726164
9866974 6973827
8275433 6647666
9881149 8367695
2759761 3986442
1013869 -8088471
3247242 -3234816
7292950 -832125
-898058 7564850
3262939 6073321
-8823194 -8765951
-7325290 -1366309
-5741018 -7489611
-2756594 -4463578
-7473755 2319486
-6437998 6585916
3559743 -6036519
-9388852 -6571024
4313023 1835177
8337971 3008649
4920178 -2927215
-3645679 -8131807
1036068 -9316228
8248622 -6352729
9720592 2654362
3888411 1511561
2661604 3413750
5924139 6563121
4615895 -563062
4272776 5683897
2269813 7142140
-8894378 351131
3780107 8345909
-7302562 4233122
9758123 -1906869
-2317732 3551761
5419954 -2805347
-2121575 4036589
200212 8972374
1626736 8643399
154960 -7562844
-1632741 -4484852
4594621 5332916
-5230146 6807750
2491648 -8273131
8869009 1558983
-8089886 7277813
-1859926 2490983
-3275895 -1793427
-1183944 837512
6905626 -3517772
3676881 6498324
-6948735 2325580
-6185693 4071658
2715057 -4232171
-1795014 5441043
3472543 -7129983
719285 -911403
-4103653 -9416483
-7689614 -1994508
9564475 8387995
-1817839 3695747
-3813269 -8525411
-318838 -1161413
9676100 -4572812
1909417 8497219
-2488105 6581726
-8576342 8102650
2174309 -6920487
-1152658 7754317
3195361 -5110634
-9724264 -431320
8657277 9184256
2284125 995021
9000513 -5446375
5457972 -2889137
-9193389 1081340
2555929 6156485
-5004927 -3006658
2420530 4753444
3250663 7187525
-3714397 6846299
-2534698 3278910
6358423 -9774387
7979931 9639611
7045329 -4794234
-2709202 -6308356
-7124100 7321065
-9167561 -4051924
501701 -2323622
4787241 2349304
-6569355 8476025
4632511 5593852
5103546 -1497074
-6743630 9627584
6815109 -9959571
6886728 -976615
-7697704 -6899288
-6673675 -5647970
6507993 8660719
6382837 3822608
7514252 3553323
-6609260 -6326364
-378288 -9609847
-1933469 -5776821
6572484 2639765
1115790 -7146228
963977 2519481
-8977593 8264653
7892237 -3932477
-3892048 -5721222
3302163 -2776302
-7159238 5511033
2379415 5604459
-3218469 8683440
2506048 -8596239
4957084 -6835632
9354356 20301
-7073194 8347824
-7428996 -8507580
4132185 -6490311
-3636539 1659840
-5820679 7764328
6028981 -156210
5911314 -4798272
-519494 -3562429
-3822379 4535618
-7436997 5299022
-6580167 -981616
-2298176 4942419
6346180 201364
3365733 -9792128
-7255475 -6180384
-7832560 -4763559
-3271138 -4328669
-818980 7254796
-8569012 3377399
1141727 -1939166
7904624 -4389691
-6671610 9687061
8640984 -3667710
-9132091 -4674752
-9375730 -5181395
3836989 5947264
889683 -5955896
4245468 -8461187
4263038 9752215
6088183 -9872447
-4636005 7007563
5195247 771976
-1973228 -5390791
7986608 -5623733
2437101 -542239
-2415578 -871664
-8668251 341726
6674016 912812
6238061 9972733
-5208662 58277
-3994458 6862331
3422787 1144680
2683493 -588423
-8319855 -2331744
-9687839 9462883
-1013201 7768328
-1459696 8192508
-7198283 -5817954
-1441687 -916571
1057542 -9211674
-7566986 3511767
6369845 8641964
-445223 6281115
6253848 3043861
5618491 8309190
5171521 3561538
-5293782 4140385
6068314 -1405691
-1221083 -93936
-8114701 7748459
-1966860 -8392570
9799939 872098
5054144 6573444
-4343127 -7398344
-6610018 6128810
-359423 6714415
-2127268 8339348
4620463 -3989578
1570635 7427509
-1746949 -6609337
6952202 9705478
3845863 5940924
7051585 -8341580
-5919164 -7569470
-9821011 -4169498
-2562067 -4033864
6838234 -1787871
7301926 -2762128
-7644120 -5591269
-9462459 5475151
-5294081 8262215
6601563 -7305530
-8778756 2578651
-7477488 1222027
4612690 2791879
-4986290 775563
-3283513 -5918756
-4260335 1375925
3806455 -6231927
-7885073 -7663147
-1697011 -3498203
4713926 -447140
-692916 -4858776
-7933693 -5467796
-9992644 1662965
-7558468 -7396152
7814670 -5286725
7291926 9043095
-7218526 9035914
-5655855 9814438
-6893647 -89483
3991761 -8125793
3250133 -177160
-3892735 2247778
4584632 -2943412
3558385 -1777807
291405 5403973
-9454803 -9211336
-4679132 9598490
-6222193 -7388496
7731704 -4671776
-7442149 -3780661
7778786 -1937274
9614992 9849777
2180567 3076613
-7012870 6475490
8349697 5286920
7626113 -504757
4259374 1599830
1172771 -6266622
1955571 -8639642
6764331 7247508
552524 -7753023
4361819 -174119
-5046263 5873393
3717969 655978
-608331 -7314558
-6735480 6275821
-1358050 -2829545
-9752932 -7120487
9355003 -9177482
-1374210 5750550
-4754206 7704700
-8179117 -3748097
-7498366 2021520
3381878 -4489994
-7242486 -3026443
-779466 146209
9972090 3310039
-8300216 6098705
-3245317 7442180
-9872378 -2065895
-5790074 6146352
5833160 5908494
1304359 -4631771
8707099 -1403420
-5652869 659362
-9119585 -2667111
-3898855 -7890723
4130797 5217650
-9272344 -8880869
-1907312 -9970973
175236 -6514830
-688439 -170425
-4071720 -7336321
-9894141 1011345
8945451 -4800684
-8654332 2749833
-8825321 5671729
3556310 -304820
8291761 2479039
-6861599 2263409
2112651 -7361108
-5251831 6535168
1752818 730148
1849279 1395318
1424345 2480474
-1518003 9941967
-7712106 4115933
-704036 7793558
-8678744 -1783825
3415491 -8081825
-2815640 2783059
-1545212 -2722489
6972692 -1640960
3354431 -7988901
-3209140 5264453
419697 6492832
-4455647 8903511
-366341 -2315782
9079536 7297171
-7706002 3999290
3941258 -6979767
-347482 775995
-1430447 -1254496
6961679 1464835
3383010 -7592839
5190220 -7106478
171034 3083723
-8557237 -6354991
8172460 9660078
-2559117 4797194
-6193622 -5036680
6383184 7860580
-4455202 -8132917
9164255 -3983157
-9983866 7140686
2677271 3974605
-5249400 -3526256
5219248 -7670211
3794624 -4163495
-1756333 -5302720
-2409198 9693987
2777710 -6566113
9595248 278188
-61734 -3263175
4050371 284060
-2236267 -104499
-2243919 7856749
2240185 -5853083
-7319888 3300879
-7042083 -6079208
7895397 -7303754
-8313658 5635188
481330 5162349
-9001146 -578057
-3364425 -5724046
6486293 -8241127
7709113 4226377
7020918 -735997
6000828 -179287
-9895226 9475536
-628962 51199
-9575699 -9615141
-5468224 7127119
-7055649 2664486
6585278 -2788112
-7575513 8418620
4053809 -3002973
-7840624 -5889171
-3950876 -5464861
-8672555 5674582
-50192 2684699
9427429 7813739
-2922258 -2341079
-4014 6448347
-1559765 5594923
8162474 -7382888
-6998029 7811273
-2545255 8586775
-6232387 -2466253
4745636 -7084552
-8665932 2869243
9866270 -313525
-3686344 -2095771
-5044280 4541998
216581 2362781
7563832 -3716834
6613257 -9833611
-9658338 6991261
-4044040 6207351
1802274 -7146000
-4528887 4396196
-5276179 -35251
-8932124 -1526916
-1476816 -5305082
-9873282 7351842
221085 5785172
-4528353 3977139
-8118632 -7396292
7145706 1785303
6664436 -3162911
-4363393 9878639
2561380 4228269
-6264118 -7750136
8457215 2903042
-1726605 -308157
6604391 -7224158
2740591 3744508
4733944 3844564
1055835 -3675181
-6323339 5773480
1558652 1182553
-4840308 -3585901
-8465841 -453349
3848307 9557413
-3605498 1196217
1074857 512743
7257364 -5452539
-3202675 -6363763
-944368 -9006753
685090 7770892
-9453266 7329027
-6410113 9805833
3650397 -4196323
2128497 840183
-3386336 7222584
-1594862 -1678490
-2748039 8172316
-9764680 -3918818
-4361405 -8697528
2498690 4083627
-5403630 -5450551
-903090 -6426453
9726136 4370087
5363334 5894235
-3818520 -1218232
8627147 8564776
8370609 -3271786
2531892 4733386
-4426430 -5462642
-8240057 7176741
8014603 2187234
-7124098 -7318567
-1237385 7782917
9085389 -6888778
7194849 -3082437
1467012 1584079
-2326022 4307572
-1322341 -9436077
-1025490 -2599885
-1301765 6557345
5122121 5155990
4400557 9841735
4575121 -3990918
-6937208 9448801
6625542 2665043
-5147723 -5177265
-9979480 -2843503
-5060586 -9755468
5872106 -8700512
-1782949 6541156
-9358413 3066956
9890880 9684063
-9752014 -1684434
-1767967 -8915109
7642236 -8261151
6894839 6930268
6772003 -4719291
1289791 -6188252
-6739451 -6136523
6528520 4352583
1691671 9886091
9558941 3897150
-3341966 -5771457
-4471969 7014707
3555863 -7469860
-1886552 3745082
-4054502 -3286197
5029369 -1995672
-8394429 -3806516
-9551315 -6738598
2708022 1764159
7044868 -140123
3671625 -8003622
-4140145 -1665341
5203595 6932175
-665382 4904727
-8681771 9411618
-6359839 -1106441
8424619 -2023737
506404 -831807
5429627 -5503166
1210637 1136204
1656885 -8624875
-9915038 -3759994
-7982240 3262456
-4973384 -9466353
393524 4725783
6722161 -7928516
-7077504 6581502
3513677 5098368
3095 8126091
54061 -7151705
-5741793 -6162323
1813940 3694222
5378767 5199178
9696012 4836696
-4027099 808395
2183520 906650
-336992 7629786
-6591406 2268482
-4681518 1680769
8922904 -1564790
-6976953 -1771642
-5190140 5645065
-6740215 -4054457
6587986 8323537
3688185 3262880
-383091 -3357953
2852621 462744
-4338078 3947202
-1216102 -1768611
9039784 7874286
-8702712 -2726849
7419289 -6260344
-1475509 960297
5157418 3344236
-8220554 3842973
-7928669 -3403326
4758091 7318845
5780740 9397544
7721081 8017876
-6202892 -5114922
-5956523 -6074382
-3095286 3414018
-2638780 6896099
-4872512 2566636
-7042725 -1338530
-1549026 6683624
-9576720 -5745437
-2268788 -4129737
1730851 -1052229
5307096 5404982
-7998344 -3973350
-6654505 -105220
-707676 6759747
4777623 9126236
6527666 9529757
5971728 1091084
-5494898 -9428856
7467243 -7123558
-2040569 -5617326
3044144 5111083
1794707 916706
-2312379 -8504882
9881734 2217987
3682111 5418834
823816 1612585
155587 -8494441
1400339 -4658175
4617924 3501083
-4856329 3209015
-4744875 -8088100
3002984 -8328663
-7757519 -8773147
-5896705 24438
4407112 2226076
-2662841 2062726
5495784 -2548744
-8537273 9131866
-6133794 -6816594
1118592 3860813
7989750 7548317
1570228 -8057592
9800585 -1854662
-8353579 -7029432
-1304065 4418510
6330410 9306444
-9022219 3951060
5177913 -8150254
1874184 5736615
-2037309 1797561
-6139713 -3718704
-3751096 -2183797
-3051931 1872424
5055830 -2288369
-8427556 814275
-9121056 -3825578
-9366818 2078547
-9776115 2449173
-2063907 -9566232
-2631370 4386658
3693102 6632028
-6900559 6215392
8065138 -2812765
5440202 8277354
74915 -60678
6220618 -6597106
1219097 -3548445
8323979 -7530478
-7302494 683518
4014146 -4103839
2070583 6786302
-1135151 4893090
9858615 2703765
-4346115 -911266
-6524608 -9688940
6943089 -4461133
-8245741 -315154
6872082 2558882
836236 9819397
-241281 2312284
-1768470 3427504
2395411 8495689
3481564 1966979
5166850 719390
6615551 6179070
2965372 -819004
6590438 -8797514
-3577397 4346574
-6564692 6449054
6760114 -5407159
131708 9427053
-888101 -3780445
1294789 1885968
-5778283 8500333
-6671030 -7868974
-1925118 -3503211
-5007522 1560500
6043832 -9529707
-6293965 8474042
-2830536 1210682
-9608322 2837938
-3443224 2651189
-3002237 -501532
8463874 2979379
7572220 -7050577
-7623524 -2259659
3959896 -2296071
2106249 -5995272
5021413 -4745314
9902064 6327966
-7175245 8350383
-89116 -9506702
3479943 -9666414
1323980 8471068
-318250 -297670
-7459732 8493445
-6339014 -7410220
2088248 -8386604
4592775 658749
3608172 552123
8292464 -5318652
-5098371 -1498999
-4977919 -5231288
-7460250 7007878
-4147804 -9956506
8393878 4958166
5451464 -8806696
-8473110 -9178886
1808534 -8552241
1150089 2850870
-6139333 -8509716
6596416 -3793291
-2179895 -2478347
696754 -1315336
1753139 4929233
9610581 6821279
