18 1276409 1100721
826
7942588 8335006
4235718 7106294
963977 -1717574
4137703 -2363435
-5446997 928251
-7361655 9002669
-7056767 1956094
7953246 -3150528
7690475 7615724
-3204559 -6542495
-1101807 -1932054
-7728561 5222066
-2033041 -8216061
-5869375 -2602349
8674060 -5665216
-7330209 -2252302
-5146007 -867000
7415426 6905509
-5457926 -1665678
1778925 -5930519
5588503 -8388571
3567523 4417270
3783094 1048088
-1336188 -5962879
-2505373 1473570
2057868 -2024394
-6802328 6392820
693111 4329307
-8273042 -6319017
-1984232 4823736
-7428565 2917370
-7949629 -6798089
2623772 9941780
-9207546 1982149
6051631 -317801
1293628 2571379
9505001 -5843514
5204574 7377504
-8585375 3288096
7278018 -6131613
-5639655 -1090748
7818424 -664114
6181545 -2441983
-6244648 -8972112
5851624 7908504
-6657774 1771120
-2510617 939411
881191 7908949
-108901 -9886844
-204645 -5810003
6761376 8459082
-7384432 3605335
982839 -1217270
4587178 336494
4204881 -5086183
-3660579 1865196
-8798918 8565226
8639595 6674198
7702086 7382627
-2192517 -7605052
-3317580 3553710
7009474 -6333938
-8424989 -3311844
-3198688 -9592983
-5402985 1466110
-7558456 -886981
5234706 3874743
-7342527 7573464
-2090041 -3782454
1131363 -238997
-8373801 4631192
-4287229 -12864
-3338666 5343633
-4757387 -5647634
9263666 -5636580
433483 3050096
6716158 8462439
-4849405 -2557043
-2150026 807522
-7726368 -5531741
-3902370 2446989
8838085 7231529
4804993 -8667664
-9933766 4011910
-6227086 5231304
-137503 1197597
-8815266 -4600887
-9257253 5575268
2443986 -9637580
-5274159 -4014640
1551808 1707653
-7313556 5159324
-7397719 -9215681
1591841 -9646609
-5178350 -7031393
-2068051 -3618175
6129706 -6564368
-5232032 -3229966
-9218056 -6548948
8682356 -5165797
-1451848 -5445142
-7529676 -8938795
6636473 -7750762
-7388341 5729423
4231135 -919540
3304465 9853852
5013176 -4217057
9083614 -1492739
-1139348 131809
3100416 -6808193
-7910015 -3801346
-365714 3548717
-9681249 8219691
-8329257 4402254
1752809 3617048
688258 -9646900
-8585695 2817314
5066552 3158582
-1111995 567131
2163943 194563
48415 -6880860
-8581564 7984760
-3507979 -4938409
-2290248 3018402
6210210 -2130975
4067679 3326521
-3124762 8300195
6519886 -6298035
620571 9710342
-4156258 706982
-6423566 -7626619
5190695 6532000
-7793065 7507091
-1925778 -7226401
2968163 1094940
-3269567 2754517
-6744371 5532930
3110874 -9334779
3683623 -252350
133027 -9179374
4147147 -7589815
3226732 -5799294
-2097329 3538738
3249080 -7737029
2969953 1039595
-4070672 9092822
-1858826 6546387
4053478 3636375
6409974 348109
3959402 4644053
9914922 -8105511
7427420 3206187
3871408 -6829448
-4565446 538294
1358920 -9928617
-7518431 5567582
9768288 8022420
1561158 5708301
487624 -9812688
-6256741 7326590
6419412 -6542423
2520316 -327413
-6691038 7076938
-2574952 9090147
3734200 9718936
4129778 -8615550
-2893011 -3834526
-663974 1557198
-7904508 -9021603
3566132 -2713067
-7145485 -4029236
6509536 6047701
-5727645 5139155
-2157181 -1929306
-4602716 4759979
733909 1586078
-8741335 4333048
1409987 -6745775
-7655628 7083979
-680732 1351387
-4747811 -1405076
4760399 -6550954
-2477404 2359178
-4146073 6612777
-6100290 -7865560
-1894796 9420059
-2015887 9270577
-3073915 -5385259
-4798213 2256468
9532799 4768904
8871335 -6884576
7448472 -7216940
-3962714 2646352
-269668 -8625189
2726198 -1618342
-507065 9049600
5014998 494739
-7146083 6769686
3382463 -7462406
-5327966 -8775804
-9355744 -201474
-8414545 -4706410
-7575317 -1371631
3401189 -1488460
5796797 -2373529
741895 -4549660
-1766599 4668132
-2685516 -9293281
-7918469 4270687
5168697 -438832
-8872880 -2675919
335173 7177984
3947670 6142118
8679712 -4294558
-3070361 9846486
-7838636 5868098
-8838311 -2426105
-1281384 -6253181
-5225288 -6413628
-6270805 -7880195
-9913503 3087861
-2244007 4471090
-2305838 -1680102
5106937 -2413171
7147998 -7707955
-383874 -7208013
9969971 791470
-3066411 2467651
8173094 3917642
-3719520 8129653
3997752 -4897267
-4807020 -1558156
2188663 -2324207
-6221483 3911596
-1452247 -520273
-7432412 -2492287
4495155 -1365750
-529499 323581
426763 -7810683
-5518638 7093790
9885777 -9908887
882583 -3386159
9081492 2372101
8806095 332524
-1537822 7254586
4873671 -4913425
3528419 4976282
5168427 -9933349
-3505401 8233434
-2286838 8946944
-3545343 5042352
6192955 280750
3120684 -9050187
5655482 -4336544
5273598 -6452553
6154912 -9863155
-3249314 5159376
-9952171 -2962505
-113628 -4167822
5603117 8853924
-6059501 864902
8357536 476788
543440 7468918
-1781296 3525963
2472907 7038039
-5403256 5931866
-3787383 1443917
-5089918 -9210301
8969507 9333301
5397100 -9434436
-9297591 4243105
-8081167 1552012
1105859 9969447
-4198374 -8033338
3336938 -9007769
-5626515 3921095
-5602117 7277437
-2737293 -7268979
6256984 4941323
-5504285 5481412
1413278 -8753756
-4793487 -907541
-7601490 142247
-8008100 116595
-6801489 -8631983
-1872526 -94648
3973716 -6099079
6386720 -7437340
-5470678 -4920424
8588159 4704698
-1374207 7866261
-2339950 5477997
8209018 3023677
-9518648 4922758
-7079478 4466003
-1771401 7493419
-3414122 -3149848
-491248 3435112
-6448293 -8499260
-7131243 1500652
-8593995 9266570
-6832509 -6487416
-3924756 5379721
2975649 2070564
-3224738 -6879082
-9012821 -5919839
9558158 5401056
-9058915 -8836418
-1397308 7767176
-5250469 -8577563
8915857 1523214
889718 2978130
8929594 8018087
9518828 -9601530
1899123 4997653
4264224 4903937
932873 -4178520
3717553 -51933
-7981369 7008117
-9870964 9209555
-6710284 -1206106
6711302 3632567
4796149 5364226
-4352246 7652387
1591176 -6601159
-2561593 -7086362
-1591880 507033
-8958527 8328126
1242948 -2662285
-7664632 3076653
-2019410 -6857929
-8520097 6599592
-3452340 8913464
-1562067 5197457
-3076636 -1433709
-123463 -8916679
4715889 -7270568
8093658 -3412161
-5759774 -7971610
-4572768 6257764
9171402 5831403
8854788 -4618009
6226469 -2420477
-2566410 2412613
-4510734 -2530582
-6872159 -231042
-3631449 -4013791
7416025 -5392255
2321554 -4567437
-3484794 -4146042
-3062720 9244918
4490702 6391744
5495935 4169521
6197911 -4899288
-8641524 2252514
-1916083 4141495
9523487 3046231
-9374246 9455057
-5615977 -1733692
5735726 -9424304
344654 -126711
-1624150 8863568
5987665 -770443
-2821528 8308227
6678538 -9174429
2586841 3693679
-7398225 6132170
301691 -2922457
2178255 8097710
350224 9015954
3157450 3536731
-3417038 950493
-7078097 -4802711
3463597 9725068
2817116 -2694074
-304433 -800676
-9420756 -6838229
-5092320 8071418
6379645 6566909
-91168 2086153
-4220168 -4425465
-8293295 -7504327
-426784 -9102041
8995669 2008396
1024351 -8248529
-2195446 -654106
2812739 6698153
-8104558 -3096131
9145289 5734642
-6959432 -2124609
-408933 1962406
-2359471 2736136
-6676094 170311
9253572 2548209
-5365638 2219903
7794439 -837596
-5825571 -7069454
6344857 9501144
-5974107 3747645
-1984532 5340527
7202773 -2433404
-5735251 -1663625
5240244 15512
-4249845 8676543
-3448066 -3098115
8864291 -1209277
4043211 -1340646
1346017 9021172
1569382 7367117
-7896627 599590
2278346 -1279904
-5833005 9897812
1915308 -1030872
5233125 -9488148
-1631269 5941201
-6492203 -6751406
-5898679 -4428496
5587017 -9711102
8965441 1857917
8759802 3853524
5160599 8033728
-3306918 140446
-838382 -796189
9087280 8039099
-8844959 3247352
-8032551 -8809347
-8911535 -4050260
-2564780 8650796
1679000 3003774
-8538673 -7331655
-4083061 -9952268
-4380764 -5030875
-4741977 18260
4392529 3722605
-2423871 6739817
-2710103 3152332
5809130 -7263271
-5543108 3982979
-5461570 7487100
734453 -6455828
-5265174 8209824
6675916 -4781746
-6130950 8339643
-6140231 -5888864
-3220519 5548050
5595782 7837449
-7193426 -4787227
-2252615 3731371
-2546024 -9419051
-162882 -7860085
-2191401 -2453542
283187 7127015
-6373654 -6382271
-8895171 4740079
800603 -9318871
8890953 -5644366
-426112 -1948219
8907777 -1916779
-5289291 -4040710
4023693 5283898
3121347 1490190
-780685 -7864173
5867198 -1555727
-8458425 -516947
1622968 5837527
-6616015 1378693
-1494291 1947919
5565648 -3816476
3439955 -5351593
-4670464 -813171
3542464 -5759442
-5191308 6736841
-5179938 5632704
-8408005 -6283531
9000367 -7952877
-3946334 5615688
7751515 2121715
3082340 5272981
-5243966 -3864934
-8027407 4623915
-3997391 -1104646
-9156727 7872930
-5943546 -2975330
1673077 -1074727
8112103 7496409
4253319 7002614
3739455 -5829081
9803623 9062011
5294832 1075870
3122993 -8604382
-472342 -3188448
1449619 9176659
-3034007 9795526
-4069408 -5468041
9155875 1722027
3133734 -9580463
8292467 -4841516
2183154 3977007
-7097719 -7651079
2361682 6372583
3375197 3530736
7701655 9131353
709717 9631005
-6776773 7505278
1417249 8520901
-4667547 6346220
-1960768 3461259
3256785 6782072
-8685968 5005225
9243604 1703729
2123266 -9530093
8144743 2377338
8870698 415733
-4718994 -7155751
9216832 -8227021
-2179933 159040
-709606 -4891618
7255739 -4478278
5543352 2516463
1037364 -9521034
-658462 -3039399
2938213 6369818
3151890 7380770
-5097653 -3805002
415080 -3017726
-2547819 6662304
-8444006 -7461654
-4529568 8113276
-9042475 2943044
-2767625 751438
3426831 2690710
7799092 5052442
-9425836 -7282775
-2249960 5054831
5533797 6117517
5594470 8787404
5157222 7391687
-2711190 -1467317
-2755966 -9174535
-2192261 2191157
-8630187 7659114
2713812 -2223727
-4110451 5442160
-1614796 8184244
-8547965 -3152925
9537785 5617580
670022 4878866
7596091 -146771
-5091940 1244187
9878056 7862483
6649887 2958209
-7133752 -2011122
6521562 -5676538
-4851073 155058
4862568 6281948
3941062 -4526982
3249291 6232381
1674541 -3345126
-5160881 1655193
1018620 2576098
-1806322 -3708846
3686372 556405
2925986 8863700
-7375761 1282463
-855054 350398
5824959 -7497705
491174 8311185
-7365353 8691207
-1153734 9529088
5811036 -9700074
8289297 -6291166
2457567 -7731550
-8560324 1538588
5710133 -5867891
-775441 8795147
-4913699 -3271247
-198490 7418237
6281937 1289025
-7428512 -7272504
3077894 1422529
-3558824 -5767214
5060324 -1097147
-2405939 -551298
-1022210 211323
511250 -1043321
2665513 7305178
2089980 -1199453
2855487 -4876920
-8228459 3529657
2324804 -1434379
-2189274 996100
-9069311 -72542
-8783517 7612237
-9660267 7212627
-8848492 6304324
3053462 -4066020
-2646815 -2407316
7041387 -1886214
8325110 4947246
6420277 8535529
-1642940 -8647288
153259 -914210
-3274777 -9552960
3976697 5525098
6607071 -8986884
2009217 -3698498
-1254688 -5582202
-7969965 2939906
-7331115 -38205
-3733881 4886120
-9179900 -6179607
-6070570 9319582
9949720 -1826714
5636884 -9029183
9506346 8274830
9627542 2057162
3659304 -9620242
-9173201 -7702847
338604 -9615473
-8602356 4803496
3621350 9462027
-6120175 -4076787
8863119 -7633338
-5155190 8426212
3312333 4048357
385102 1110929
-7053137 -3351215
-2661577 4314532
5285349 -7103416
3687766 -7024692
-2451178 -2691952
-2312194 -4168339
-9354834 -8791874
4109006 -8969043
-1649194 983770
-7037850 5506650
-8570137 -8027844
6855171 -3158025
7784540 2809334
9374043 -8300019
-4672738 -6386775
262010 -240854
-5926322 -9209522
6203414 116786
3092094 1875380
1699780 -108820
-1760807 3157268
-3118254 1903938
2934896 -1115640
2384482 -9009248
6497402 -8714298
5774210 5346632
4704960 443617
5769304 -4854267
9362066 -4994148
-1380923 -2340301
-64803 7205681
7996159 1397439
-8485775 -3474772
8400608 4199573
6607105 -2877329
-9720061 -7383260
4520678 7362651
8763363 -2838314
-1847562 9971926
3773980 1147845
9010830 7166193
-9873838 -451809
-2789724 -3767858
1237994 -1588182
-1412130 -3427657
-6221976 9857071
-6229138 8523067
-4951705 4290535
-8993540 -4714912
2407759 5965255
8581995 129917
-2507432 2687699
2365737 -4380974
8107304 -3744069
-79871 3034527
200720 1881285
3945828 -8552689
-9804195 -7156765
-6228595 -8843896
-9755201 1433799
-6192778 2359275
882343 6539175
829710 -2421916
-4620476 5930638
-5587754 1836170
-8033912 7787284
-7008665 5510593
-8870381 -8024992
-9252708 5357072
-1608401 1753276
-6365439 667421
-5368916 1108672
-3531741 96741
1252845 -5173111
-1222960 239664
-7401060 -5986003
-9446828 2584262
2678698 -4002365
4444625 -6100765
5735405 8058223
5845507 8856871
4367465 217845
2192854 1353194
-3289734 -1986564
9766712 2940146
6123919 -2381783
1243241 5917625
-3985634 -9244997
8098244 7711500
-2048835 -216436
3797561 -3124716
1975898 -6933543
-8419556 -3132915
766320 -5345404
5229171 6025069
-2601707 9018078
-764077 -6408970
4944224 4282110
-7704454 3945129
9401627 4170842
-8210940 4578611
496236 5525546
-1203099 -4451347
-6739846 -973045
8810519 -3104855
-3713219 -6272329
9310480 -4875568
-5492131 8262679
-7082724 -9109076
6915993 5274190
4292268 662799
4253830 -5685714
8596396 -6471809
-10327 -801946
-6631103 3408295
-9496742 -608700
7433199 7674309
-6777038 -6484154
2542801 8746452
-4358402 8999468
-7272861 -6130328
-8489544 -5555269
-7292589 -7962381
5444895 -3981674
-8707484 8141039
-1196162 2360889
-808473 -1898864
-5854321 -6942332
-5227925 -9695724
-3771077 4135352
6043005 -9342676
8331633 -3267819
-7235621 3476204
2222656 4070947
3070416 5307181
1693205 380606
4825338 -1686093
-7132121 3203662
1738340 49101
-1809860 8312774
-6809985 3030856
-8868008 6993978
2567999 -5102105
-4797829 7794023
1929376 7340074
7997398 -6052554
-6804021 -2027619
3964937 -1154617
5432682 -4039642
-8732461 8703945
-8399096 -1496902
-666642 -4522903
1197111 -1057406
8991695 -5282411
-6969637 -7064549
5966307 -2818165
6692165 8736731
-6365374 -385349
-2591326 -739836
-3399762 -8646851
-4699405 1854402
2343135 -5402364
-4040629 -8987074
-3026716 -3691928
-4987982 -8607946
-7588496 -9242824
-3765727 -3387078
-1928132 1744862
6462451 7431384
-9633165 -2936437
-3238250 2009167
745898 -1150506
980497 -6546085
2714080 -3103124
-1749975 905523
-7240074 9314318
6428307 -3933028
-2920102 5103061
3927486 -7612322
6296084 -3430466
-2673290 8939504
8068778 8707589
452451 3560983
-6491281 -3859354
-4279439 9431255
-6043226 -6124446
-4758600 2482311
5936226 -2780976
4115900 6221897
-2872579 -1349694
-9519023 4882277
3465601 -7596301
23112 -574364
-5670334 3061851
9631385 -6049402
5406454 -9374249
9333340 -3041904
3035431 3475232
2132230 -7697857
4249750 6544151
