123 7367818 -3459219
342
3292409 3144800
4616765 1592522
-8847072 -6288687
-3604109 9773536
-2361125 9965467
-2872630 8830693
-8011212 9049216
-3112776 9484380
-425455 4135043
4368669 -7494892
2280904 1437497
4465648 2248162
8723691 9293980
513608 -1294843
-3927025 4850384
-2004816 7054389
-8836736 9365385
5593050 -7388050
4901838 4832544
4798011 4505293
3335987 -7459287
-8410071 -8074618
3926114 5324775
-8023829 -9006494
-6501386 -6499340
4938157 -1138808
-8890646 -1704130
-2410149 -8079842
625315 2349397
-2800218 619811
-2325800 6698291
-1419972 -2288682
-7160380 -8646184
6186360 6689430
1194723 7741458
-9717829 984372
-4573894 -5469290
2371838 4388453
5381959 9352220
5369232 -3135639
5725553 1396925
9692795 -7176258
-5256100 -648741
-8299343 9798998
418809 5369215
-5416142 -8583209
-871891 8093010
9446826 -4319762
-7630332 -5515918
-7774460 -1850461
1650263 -3919256
-6872194 -7492288
6896165 7076369
-1055059 5499644
-7635995 -5205524
6191401 6830526
9654268 605910
9957170 -1599452
-1800453 6914520
2283735 -8342173
5590970 8618356
-772282 -616054
5064184 7235431
-8280487 -1325455
-659564 -49795
6030949 -6054946
8969118 -9009301
8067068 9158755
4658400 -1618365
3176111 9528361
6358887 -461243
-9855332 -8116136
284412 -1470493
-4555973 2618190
-3207631 8483959
7102316 244115
9628061 -7616661
9618770 -3669966
-2479069 -2791403
7158802 3854636
7799690 6861367
368418 3189751
-5135141 6768808
-4849557 -9048162
-9519800 9523259
-8421632 842906
-4756878 6839087
-4631405 4239388
-3142422 5527534
-3472154 -6671026
3573089 3649947
6033286 -6369838
-7523452 3201150
2926100 -1831591
-7976955 -7486168
1891551 84902
5791006 2339087
-8375753 -7740030
-6788192 -9344135
2695476 9291042
133948 6208360
-4436200 4273844
-8970415 5377070
-6579044 -6551253
-3222279 -2112837
4053463 -51198
-3904684 -9649189
-3931687 -7396899
771510 -1428135
-6397951 8994413
-920684 -4689093
166346 -1990048
269922 7386674
8042539 1790593
1081635 -4001917
4722795 738015
7528211 -8784417
-890995 -9713405
-6264658 1074148
8961312 2529962
4995116 513064
863875 -4468873
-1865772 -8909567
-7821350 -551460
-1557046 1422091
-750650 -4219301
-3692997 38622
-2574704 9415697
1206290 6576926
5091361 7984187
-1277798 -7712074
6019861 -185844
100752 8766765
-159086 7645219
175181 -3647554
6865510 -8681422
-3150295 7686649
8777082 -9754263
-305722 -2499715
8922376 -9044268
9252783 8137232
-1824146 -1828273
-2412576 -4440213
4653065 -1882498
-3898311 1310066
3597992 -7739222
2074934 -2659757
-3892992 -382146
-2736927 4692038
3560837 -1535726
-7700796 -45394
-9842393 426347
-6811563 -851091
6649195 8934690
2406774 2882715
-6463701 -1912077
6259650 1659558
-264303 -5771495
2346007 6363426
-2326507 -5611238
9165892 964048
8304291 3787837
-6594309 -6242822
965569 6927651
7908278 -6814884
-4343926 -5473594
4952753 -9792518
-8127256 8330034
7264724 8141190
-6459743 1038291
9126214 -328502
3847408 9592908
-6178587 -2097783
-5734357 6099457
3004571 -1316228
9647820 -5544512
8243326 2170463
5927642 468463
-2603885 4165369
-133162 -3106789
1419617 7820745
8028227 -1960736
-3630702 8888722
-453735 9900971
939262 -6365978
-4178127 -4397126
-4804217 -7418171
484046 2185633
-1714909 -982804
217321 -2733959
1721530 -8710338
3460126 -7618507
2849957 -35144
6646577 -8095880
-1202669 2762424
583169 -3486585
4552680 2733300
-5861626 -8872252
-8971280 3438330
7072353 3684639
9287514 -5515666
-2933837 5410578
-2403789 6999649
8533197 66561
7332603 -1602346
-312683 -1249482
1132012 -945867
1535341 5663795
7567915 -6018031
-739255 -1818082
-2788314 -3634754
1614898 9843914
-9028338 4280718
-2280952 5753272
-8045736 4516734
1517421 7307753
2718331 3758130
757779 1099936
-8833502 2830895
-8771451 -709024
8041495 8499101
-9930414 915866
-3420339 -8310141
-4328172 1604927
2303197 6663928
5545526 -2551075
-2707161 2031235
-3688047 -2839576
5430049 -9219147
-2186060 4031002
1338755 7384313
1142443 1847713
-7052351 6573439
-595666 -8099778
-6292450 6630499
-2354048 -6850765
-3418546 -8250955
5955256 -2284462
1836817 -4322533
-7658604 -8372916
-923991 6656367
-1312398 7886922
-4952653 -1114800
-7817594 -2484092
-8453090 -9522604
378061 -7487302
4360411 -4597983
4491808 -8479496
5937078 -175588
8971264 6412494
9561730 9644628
3910026 9133568
-3150893 -3856816
1820651 -134718
-5991281 1202276
-9625005 4162047
-5434678 -4398920
-2997367 -8421050
-905142 -387331
-7393583 -8298609
-5785911 641768
-1439863 2984478
-2978666 1090852
3431616 -6948054
9464440 5474764
-2364256 -5080768
-5947199 9026170
7685706 4062122
6443757 -6581740
4620536 -7977290
-1298891 -9547524
8569908 -2488116
-909166 3266431
5395452 8088893
9790284 8185692
-1172540 8001869
-6497301 -5995627
-2388423 -96051
2955895 -6959615
8515149 -8956806
8478778 -5063312
-6037142 8667246
2729368 -7468421
-4050161 4164917
6187627 -826875
-7858047 -9429624
-9401388 -5111264
671520 -9288138
8800755 -310554
-2124862 -3933028
6585194 8591040
5111765 -781050
9122899 2604245
5644631 5239695
-1200759 -5404853
-468165 -3323868
-4656622 -2721981
-190401 -3988955
-9824038 589099
9762224 5759438
-1153834 -1120059
-3714970 -8095822
5132392 -555222
9134224 6956550
5539874 -3550501
7556891 9525714
-8738984 -5358580
7245666 2668657
-9575296 -9616084
7495415 -4593351
-5400867 -776055
6501964 -2972750
-4445353 -7541136
3047963 -3688437
4587354 8246962
-2873097 2810187
-2769283 -6566480
-4605349 -4071715
5401187 4879461
-8671039 7045227
6570942 941062
-1901166 8885852
-5929139 7831958
732226 -4655500
751149 -5504435
3719510 -1772359
-2228757 -2133365
325499 -7262173
-8434258 -4157757
-5910795 -6626538
-1299999 6153096
2102969 -6267540
-339254 -1552929
-6673468 7497620
-2940801 -4938067
-1480653 -5344507
6057698 -6369859
3978452 6618182
4479034 -9871441
7140477 7227030
7971024 7746536
-4386829 859987
