183 5304509 8295362
543
-6539224 -2584695
4252803 -1471833
-9373831 1092749
-8391277 5435827
6431696 4853670
9752118 -1986593
-6157522 9396768
-7448243 -1350609
2100588 -6465669
-6054722 8843226
9369509 -4329714
2321100 -1629057
6190617 928530
7633083 -6628464
8676045 5603511
5535168 -1555203
6972964 4653174
-4254077 -212029
7740150 7599134
-5030844 9870999
-9599242 4171847
3568615 -5278726
-4112983 -5756763
-9706080 -1363276
9996302 503957
-1309405 6755551
7642846 9365811
-7189307 -8988305
6899583 -3650185
-8046674 -9556224
-8595074 5575629
-7254845 4846
9792817 8377890
-1506624 -1508922
-9121571 49319
-5778834 3462532
700158 -8720812
8038777 7789781
8942857 -896473
9607484 8332697
5088248 8939159
8304970 -1701921
-690226 -4752554
1597261 -8884336
4075792 -3790642
4301339 -3933061
6071785 -2002930
-3625039 7046494
8053924 -1619046
8430274 -2615311
-9152778 8932354
-9788458 -7348560
2957574 -5936268
3167260 8250319
-900632 1900431
-6644057 2774744
-8927176 -5812383
-564937 -8339087
5292929 -7101050
-8375340 3548677
9615616 -8114926
-117856 5925999
2972493 5687402
6584708 -1226543
6158147 1026418
-7524876 -2468666
-7300873 -478279
-3898195 -7313334
3453337 -1826947
2589836 9269065
-5439838 -7447295
9256674 5945779
123045 8149338
-8951712 -8791910
4756767 -4584026
9817400 -7327051
1115300 4372383
-7423863 -7784103
-6494294 -5912206
-2369436 9160846
9208532 9663853
-8298074 -7377960
-4691294 -8092341
80712 -9679916
9589149 1278395
3831100 -7329451
1132680 6665663
4815001 3087775
4295865 -8744275
9188052 -1620358
-6431057 -947368
5941367 9005452
3737701 4684243
1288389 8517505
194703 7243408
-576387 8918953
4057345 -596765
-6172753 -6358108
-6038024 9366051
-6839202 -3575689
-905140 6067477
2733141 6991899
-7403974 -9772459
3999618 -2451858
-1555864 -591757
977227 3187670
-5290525 2013079
-3302677 -3081406
7952451 8447176
5690584 7985712
-578982 -1852846
66742 7630550
-8727558 -6521637
5360767 -3589659
2834652 7750770
3818247 8521565
-1970184 4445865
-2810242 -3448612
-3384117 625842
-9965915 -8810624
4377047 5060019
9589451 1011312
446259 9086522
50050 -3713226
6788838 -1601290
-937783 8256987
5887537 8726208
4720924 1645311
8055652 -323669
-2572899 81691
-8880392 890304
7852521 -8754652
-9686911 -850575
2291619 -4957721
-3768344 -3071028
4505343 -5157943
-1630279 3125055
-5272071 -3388854
-4585728 8815980
9731043 4777979
3034966 -7796889
3445671 -8690388
2954923 -8561145
-6368462 -1833405
764638 1010575
4417231 1058639
-5179660 -5599401
3550024 2269753
-171616 -4866571
-5421247 8357995
-6799948 -1423608
-8298553 1600448
8211595 1569774
-7097894 -3570624
3723708 -6374133
8345330 5149501
6459113 9275026
3230234 1791002
2473949 -585964
2940963 6861772
-2079588 -6761412
-2360813 9874547
-5339348 -4742896
-7093115 3705563
-5420090 4489036
-6934571 -9998010
1602438 -2220037
1866089 7283228
6228957 -7669615
8472605 -2715453
-7565951 -7530983
-8255957 6817935
-8874711 8893162
-9176449 4974277
1836050 -3884409
-645821 -3719134
-3844587 2272814
7529918 -490282
5731633 816065
7821454 2953155
2955145 -9688457
-9392142 3403235
-6797185 -5442417
9404321 -5009701
-5208801 9431772
-8099211 7876926
-2788787 -2774752
8634762 6161185
1135462 -9147145
-3031554 1974665
8255532 5487864
-2239322 -1161023
865047 -5589055
-2256637 7806948
760103 9113032
9424575 -4435183
1484404 -6284752
-9210816 2548786
55437 4687219
4118992 2709857
586783 4846636
4588236 -1463867
-5302682 314348
1167203 3222999
7714016 -1650867
-6163003 652001
2007330 5969548
2896846 -5885972
4437328 -7127623
-8014591 -9359791
8721378 7713784
3945384 3926337
8991475 -7277866
7409353 4734568
-2555575 -953088
-6106451 -5955303
-4902817 547560
3378261 8481785
-5778864 -205499
659986 7061816
-2286182 -8064847
421053 -2986664
1127364 9721148
5109878 -6682101
6474460 -4435308
5794828 -388361
6054328 -2287810
434324 -259787
-5525219 5045803
6609068 -9639970
-5595273 -5564441
-2500529 -9497383
1500754 -7981738
1812764 -9122268
7939549 -1761757
173396 4989102
-7997562 8169719
407219 3110801
6428701 3129802
1210847 -4482903
-2354911 -4580487
3131704 -2994325
-737760 6215769
1261573 6082380
6442410 3737022
688933 -9613007
-9110390 3363490
5381752 704756
1582489 -5093284
3144959 9710868
4699971 -7961610
-9791891 5834707
-1054491 6702409
-7651436 615328
-1351222 7890562
-6689925 -3924237
-4402210 -1189781
-4974012 -1041869
-4959488 4860031
-8886595 6287561
-809094 3999274
-2637236 1802338
5023446 -7403132
-2496415 -7255483
-7544615 -3394065
-1355675 3164896
-1000396 7155356
-3625882 -8631214
1984115 461465
-9131621 -1277318
-2685203 3149245
-8040536 6694806
-4347062 2912587
-2227382 -3014548
5789366 -6790198
7209076 -1113977
3204713 -5019728
-2422859 -5428159
-2683642 -1771840
-2649553 5080726
-9238026 -7711905
1959804 -1488875
-120089 -238422
2739395 8333922
9572956 4380378
-2470377 3607774
302581 -3112247
9800340 -7994561
-1009108 -1528129
1681673 -9910689
-1024666 -5219742
-239470 -1109251
3462590 4696400
-7075440 -145977
7451101 3295300
5583396 275007
1302484 8213076
-9508994 -9940448
8393474 -8817604
-1920874 3230402
9354528 482782
7370535 5608750
7614189 -7826539
645332 -312773
-223462 9121433
-6098309 -7672995
1217755 1268225
-4035375 -3821426
-1451051 7196697
-6991650 -1110815
1680544 -3999949
-5786873 1108098
1167650 -7016971
6681777 -5295867
450887 -7922524
2560258 -5239097
2886005 -194584
1978877 -7552855
2134372 -6983453
4654332 5140562
7467567 4427263
-4304512 1072376
7250950 -8798326
914724 1660113
3065650 8316251
-5683698 3923074
-4968828 7262546
-9754425 -8954219
-4250085 -1284826
792650 -556296
-3279040 -1282846
1038922 -6647092
-4199947 2123317
5139864 5534152
674714 450777
-5121960 -205803
-9133427 -1857719
-8139692 573528
4749993 633875
-1049874 2775032
-3301894 -2184357
7594542 -4217219
-3171438 -5754370
2960804 7840117
9800174 -4905171
3811984 -6246546
9622714 -3478866
8644451 -5149094
-9614942 7939119
-1610104 -3699332
-1388783 -6423876
-5765242 3267937
6357817 -522210
2628017 -3904934
8870098 -6375837
-6043842 4094495
9877276 8084556
-7669814 -8449300
1907170 -3294161
1800668 -2192658
1560796 1707344
744830 8129004
-7020089 -6300138
-8361019 -610719
-1793699 5881321
1973798 28877
5813166 6817518
8811660 6208556
-7696378 -5312664
-1688501 -6043971
8050525 -8826280
9258276 2267657
-3665290 444153
-333656 4104814
-8087844 8241880
-50776 3983365
2112369 -4010696
-310834 3210406
5116039 -2391368
-6510046 -6155501
-3610272 -6677659
2656211 5463752
-5811340 -7797105
9406583 1467872
5423901 -3507718
-2333998 -9765566
2502091 -4009222
6434932 9440630
3545444 1353153
-404967 8617628
2600993 -2026048
3963256 2060609
-4728985 -5286637
2321995 6168774
-9986727 -9612945
-6290604 -1671699
6308405 -3596999
-8877752 6365607
-9650169 -9502935
-3010653 -9471169
-9236735 -1709915
4280863 -2828299
9128683 -4218291
7134862 -6767853
-8150224 -4809521
3164431 -3270104
8790505 -3032879
1680484 9644039
5812813 6577873
6964928 -5997520
-5152867 5826086
-7770912 -9325676
-443717 -8844461
4168956 5867688
6396520 -93885
8196200 3674656
-9153643 -323863
5457846 -5006585
-9258085 2491393
7681872 -4890939
-5644691 -7408309
-441188 -6637344
-6993305 -6854186
2240039 3755649
274481 8819509
-2838053 -795033
-7604357 5121614
-1206495 -8092613
7775076 1951927
4374394 -7037538
-846530 4171596
6364085 2570594
80361 -173
5007572 1821932
-552655 822276
-4069681 2689445
-1431547 3802654
-535180 -1994516
-8238867 1575148
-7088991 -8295140
909827 2035614
9673580 72957
-5503304 3305471
7773750 -1532914
-6054100 -7728228
-1040280 2148144
7235090 -4384278
-1868099 -4676194
-337910 -2684549
654080 -6860526
-1654729 9109435
2912089 6584399
-5410117 6913724
-1511128 -7623091
-5918231 -3648984
902982 -6083766
-3494457 4991597
-9186580 576563
1560001 1002239
3274012 8587170
735314 -1977747
3637975 4750084
-9926110 -9513244
-2197793 -8230124
-5090650 -7747668
-8638233 8456287
5040687 3254621
168345 -3209792
-832882 2146922
8497939 1173570
-2393844 -4234761
3273188 -599079
9977484 4111699
-4886062 4086608
-4809870 -5946163
2076090 904302
-4345613 -1558204
-1071448 -4285935
-2516058 8244629
3013314 6730760
-2296601 2393292
8164266 4375081
3681642 5260438
-2592639 -9151037
-5461115 5365112
-8869649 8421652
-2177427 2145041
-3743260 -3080108
3522852 -9683590
-5629753 -6112969
4791333 8712983
-2845221 -1037310
4676755 2962072
1206702 6083332
-4669556 -7839303
-2929658 6736368
-6372199 3033843
-9189366 7750960
8599923 7309443
2674555 -1782005
-3360353 -6861191
5283850 -3678741
-4242497 -3021428
9811334 4056943
7943974 9280355
509690 6697934
-4339376 2735307
8213732 7664470
-3735846 -9662621
5014429 -8063214
8673154 1594598
7144793 4601123
2352083 -7699045
9610399 471779
8689774 952006
-3392833 -5198694
-6361083 7845773
7340698 -8108982
-1535687 -603580
-8806872 7152032
3849966 -3591713
1659946 1702818
-632712 9510590
2364322 -126322
-5673184 -1852206
9742392 -2621249
4496226 -7000030
-4699074 -596462
9875317 -3151691
316667 7427677
4745335 1081444
-8556431 6923835
1331205 8384253
-9702975 1300619
-1547348 9795518
8720157 -8509847
3192972 4818970
-3154087 380103
2770134 5076612
-6775593 9210235
9105338 7096950
2613273 5483151
-5113311 3601564
