157 -2859491 3617216
199
2797410 -9898828
7943055 -1281192
-7497520 -5493124
-473398 6031880
4513789 1247803
2309871 -8003839
3027304 -7805009
-4353886 -539294
1622370 -3953287
-2845551 -214481
1877105 -6508851
3723453 3658008
-4312304 -1065433
7744464 -1652947
-1996086 -2751754
-2650582 1361680
-9919512 -9198676
-4691800 7808826
-3642942 5099320
-3652876 -2648846
-652685 -9129153
-6934162 1173347
-9365947 4890971
-9062316 -8771696
-6469825 -5227225
-9219724 -1907866
-8249858 5407280
-5658153 -2979919
-2116514 9954190
-2797563 -7913689
3447991 5887400
-794924 -2931793
7393385 -3955168
-8855848 -2970372
4380782 6266795
7137643 -9992372
1180976 6244449
1135421 2719833
-3535510 -5668619
-8379491 2073105
2681591 -5335
-4598054 -7599215
-579133 4431733
-3097724 -256207
-5653543 -179295
-4291894 -3378935
3689272 310800
6355632 4913182
4459163 -6400990
9865805 16137
23765 -1160055
-4915605 -480200
4755986 3721093
8052475 6219816
-9190727 -8779524
1215141 9672984
4590121 3490865
-9561050 -866561
1393585 6527340
-3651954 -2658774
3962291 5740042
-3949158 -5427496
9485686 -9832084
6283278 4922827
-5061036 -3538799
5301147 6149083
8185236 -2520919
3716527 2901894
-878290 2941222
4161698 -5714646
6474690 -7552665
5938200 7893191
-2973369 1064811
-9891496 -1106497
6234729 8420216
4160258 -3543450
1029054 -7286627
-7118711 2727452
-9833369 -6968908
-507706 1680919
-2169998 -4894405
-4898971 7309793
211687 8531590
1472812 1333908
5619262 1849749
4297084 8150862
6044054 2093952
5675115 -7248363
1645140 -6929315
4007253 5783619
-7759831 -9603779
-6890406 -9316137
3411315 -4214425
-8666980 8507235
188154 3577947
1199894 825314
-9348541 534509
-933901 -1182725
2667535 863146
-7287105 -9461088
1206126 -1713203
-9619251 7009979
9761616 -2749820
-7162783 -1427783
-5644164 -6076892
-5680670 6844470
44685 9112358
-5102067 -2571076
8452512 -6543999
-449700 -3769047
-427381 -1359334
1691527 3266546
4600174 224078
3603576 -9242373
3812891 -2732291
5554507 6316471
-4157197 -4980983
-5214450 -1548392
7023825 8120771
4560232 -9860881
-500058 -8620338
3008372 8879562
8824838 9544627
5516980 7906305
6653611 7277350
8434369 -4932720
850179 8742582
-8516987 -7357752
-6600125 -4549647
2718062 5086589
-6080587 -270882
-2735512 -9211079
-8243118 -7721432
2915691 -5433610
-5294491 8780707
2676721 -2524077
-3644515 4205451
3750079 -4314907
6107751 7696676
-2509622 -8216589
-3149308 -4722286
-5979704 8441099
-8916652 217223
5667576 -4496691
3106251 6999575
-3271306 -9098010
-8309088 -457984
1820584 -3490466
1075924 5964146
4744853 -5263725
-5271449 5781433
-7496763 9937927
8139372 1084036
-8702936 -1230332
553079 -3236525
2041189 -1212557
-2771458 -79877
-9862654 6061486
4081147 -9171758
7827818 -1678726
-776735 -2812602
6729414 7072864
-6417602 -6569471
9394675 -8933650
-4197374 4658322
-7043893 -3344120
9110159 531177
4131565 7975696
9261716 7249532
-5986993 -2055018
6732425 -185204
2251271 -1429451
-5367965 6477319
7305562 2388618
3226244 8713182
8416933 -2350268
-5277404 4965861
8396390 -2337301
-1270950 -1695006
5479668 307417
-520350 -2951972
95557 952127
-1072176 -8893839
8355693 -5772878
-5311544 -1810460
520688 4885053
-6544398 -8579119
414553 -7228040
-2323070 -9396011
1833523 -2279885
5369847 -9096826
5869036 250456
7913156 -9907557
-9086211 -3218222
-394452 -3357794
-3793414 -1090191
9861936 1601550
2707711 6302143
3045617 -8693888
