20 1105976 6853982
44
-3762856 2503043
-3142499 5672426
-1415663 -4077144
2174722 3331143
-5203889 -3733834
5818793 7187142
-8461975 -2886315
1729213 6215463
-1904872 2846474
8555996 4546322
-4844183 -2256649
272824 -7356179
-869468 4352743
6737475 -3450567
7655409 1620928
-5876029 -3892190
-8219764 6408905
4848114 -6502176
6828967 -7119074
-852908 9539188
6726330 4141431
-8744884 -5034115
3697701 780707
-6372819 2984330
-2469348 -8207171
-463820 4699529
-140298 -4797178
2071917 9809004
8874790 8990234
611162 -1190607
-2566445 -953449
7971809 -2748514
-6734338 -786209
2094717 2819923
2359111 2610982
-3247587 3758161
8724047 -8398207
2382500 -1992471
-9008141 -5061900
9247281 -1473967
5741914 -8961136
-3758314 -8700186
3625170 -4398384
7108202 829955
