527 -4320501 -763329
765
-1953730 9780616
860282 -4184699
4643254 -2258167
3388105 4510310
6858394 771680
5602933 5016732
9471948 8354071
8468538 3402302
-6850318 2131589
-8561839 3129985
4424545 -3248788
7747833 -9781945
-4225605 -6976861
152500 3275197
8954697 666159
-7036873 1905523
7720824 9517319
-2740848 3823409
-9149929 -5119569
5652111 -9352743
-1819659 7708465
6062536 -6228604
-309950 -2347711
2300230 -2952573
2693764 2839732
9590945 -3745257
-3527202 -2881691
141449 -144870
-6869672 -5236454
-2053943 -9706051
-5284176 -7914975
-8397656 909185
7248946 -7563352
-2682921 -8622152
4541457 8099018
-1676165 5485542
9256939 -7278202
-7109561 6902724
6466503 -1053011
4303074 -2292978
3961765 -839733
-1205072 3894019
-6250851 2950916
230814 8936377
1746678 9395829
-8519146 8176871
-8397592 6462502
1415503 5599550
-506250 1367707
-533275 1248934
-3265523 -5964793
9273357 306912
-2790364 -4008584
-2545243 4680149
-7612829 -6323861
-4647242 -8242169
-1831798 -1134712
-8183796 4147687
-4399584 -5566296
-6170467 -5436630
-7259758 -136553
8842301 7826740
-4057358 6859002
-1773291 257804
4023091 5436393
1987952 209786
-9483301 -9242432
9265336 -6222338
8457811 -9757313
6435179 9236445
-9005723 -9155018
-7773378 4304289
-1548024 -8321169
-3887465 -5957173
-1393803 -3431255
6432192 -7541579
-9714839 -6137209
-9278206 -2209155
565002 -3772197
4180548 -8535145
1674642 -5411907
7862013 8684853
-7537485 -5292307
-5049620 7127349
6363794 -9079674
4281660 3901911
-1793799 -125577
1553255 6508282
3067461 -825471
5743274 182142
2640563 4190011
8052802 -5308182
2482664 -4557924
-5813768 1290948
-4727844 5564018
-9847889 8366780
7051633 6946798
-8345509 8014124
-2342175 2030500
2950826 9121223
3023135 6537971
8928747 9748838
6257121 -8770664
403865 -7001646
3180496 -8159066
6030945 8663492
-6644690 8337412
-6220512 -3399900
407400 -1645674
6434696 -2034280
8848853 5679556
2626354 6586807
-2882717 -1583162
-9552661 -3202803
-4081579 -2708540
-6170568 -4085483
-4336644 1457908
2687244 -7241821
-4243467 4436829
-1205885 5607461
4270953 1453381
-209207 -5174939
-6058487 142616
1013294 -3913366
-3431294 4348913
-7455178 -2552009
6551150 -4582441
3834398 -2312472
4484726 6184786
-6523754 -3201911
2712606 2919499
-5622593 -2694322
-7419791 892314
-4670857 -418997
7704816 -9146906
2306476 4123259
1464672 -5507878
4634738 4613621
-9299745 5406185
-7728550 8164384
-4387625 -2731038
2686521 -5183728
-4979847 4679878
864664 9037271
-4164640 9504879
2424378 4340910
4162941 1064319
-8043367 -681863
8899140 6743150
112597 9802129
-3558260 6603956
-8903922 -7580927
7032694 7906412
-4171051 -1752832
8927905 249302
7518264 -9383249
7949376 -5459720
1736510 -7278863
-8241591 -7030471
-7525592 -7398826
6942085 -9889879
1174440 -2584862
-750373 -6378622
-9635472 -4352574
-4550445 -9334881
7269075 477125
-4587450 1891295
-7685941 881506
1645026 4961597
-4789101 -1856992
-8723889 572931
-2370436 -7270837
7966652 9225487
-7804984 9366074
-8032751 9725061
2351535 7185776
7117266 1425686
5047064 6042327
-8310247 -3633107
9548364 -2072056
921422 9655660
1546955 -666208
-9784702 6333972
-6188079 3861014
4520374 -5623324
-2534040 -977180
1751983 5796486
-2461675 5095524
-3022050 -281364
-8039951 -7750306
1951822 -8538449
-4596411 -3172064
5386616 -8414559
-9531314 -9549347
-9105050 7076369
6732030 -9982949
-649157 1816372
-9333304 -9204663
-2827296 -7917507
-3540831 -5521382
-3982210 4209430
5916 -3558519
4053357 286126
2521114 60594
-5173360 -8968692
-7507141 -3002485
3825452 6778462
8363903 -2103551
-9136546 -787932
8804789 8832590
8849641 -8241596
-3908872 -1946829
-1151491 -1799516
-7200671 9274177
6269147 -1462435
-7253005 -8225150
-1783668 -7713063
2573063 -4730736
5329858 -7730311
-6699003 -4905823
2091693 -9843502
-548688 8310209
8723010 -4082855
-2354435 -2184784
9164158 2102816
-3622427 -3549646
-2980122 8013799
8730635 2468701
1742878 -1615261
6922304 4046316
5821166 -9471623
-7184685 9669299
-5061437 -5962502
-3692812 5388378
-9517444 2784773
-4542377 -7875463
-9565254 -4909399
-6475902 4908936
-7275848 1674108
-6223075 1169663
136369 4404662
2418461 154498
5139551 -327401
8057338 -6334552
7711764 9398782
9927159 4979642
-2834706 3532930
86781 -7257526
647205 -5379791
7404983 6393969
1034858 -6353887
-1263286 5378958
287894 1469605
5660065 2260812
5946827 -4471602
9933060 1953342
4624192 8599548
-1727852 -5132127
-8950327 -236256
-8321122 -3670514
3825481 1277789
7327072 4122389
6864864 -9009225
8127336 -2586147
6324174 -9971579
-6325466 -1951329
-6572370 -2640968
1344989 -5072400
-295236 3715524
1760275 -2994945
8958397 -4348409
6767491 -5790313
-922439 -3901058
5862686 -4960361
1369126 -7356414
3921376 57916
-5819695 7710959
8701734 1248448
8662301 3561521
3589942 6829070
-5122258 4986475
-7654493 -219172
4708428 -9178276
-2946400 3690497
3211904 6929544
-7418865 8813875
-6976437 -5313347
785595 9348627
6904618 -5382524
-2738938 9164633
-777451 -9209904
8501055 -8817562
2430886 3402855
-3035624 -280859
9064564 -6390461
8596014 3070671
5367851 -6057694
7280382 3457874
-2851629 76280
-2994176 -5666018
-6852142 2876627
7563280 -7896688
3968291 8687773
5821601 -1651124
-2486491 872909
1663006 -6917337
6781454 -747589
-7344734 -7319587
2399555 -8271308
-4661768 -7864006
-2276983 1464119
-2077223 6450598
-91528 -6909131
-4316499 -4796841
-462859 -426805
-7550178 -4794323
-2691011 -4798649
6405476 -9986897
-9121669 3793632
7182894 2227077
-2173907 -9091808
160603 -8637748
-5957335 7123899
8852591 -4667779
-2531784 -1041428
-9577309 6707175
3157774 -2292415
798454 -9138180
-3935021 -6933754
-4844206 6481955
4203985 -1881527
-4163824 -2394384
-9864929 4029326
-2177041 -7758347
-3014918 3529754
4437947 7522205
8884457 -2672473
-5548574 -5401450
-7552876 5443474
-5597953 5820370
2527545 -84660
139277 -5175262
-4313441 8201671
3784270 -9062268
-63961 -5732110
2386363 8940064
9062032 -5859976
685703 738892
-4503103 1713456
-4756790 8508662
6030867 -5001669
2325859 9681157
6796060 -2568324
-7124850 -706363
7630359 9243184
-8325124 -2722803
-5381712 157905
-1640424 -5669495
7784589 -7178801
-2910911 -7856154
3600262 -2279371
-5622995 1991805
-7269303 2662295
-5624249 5062708
-3912278 -9256054
-4257723 -7864687
-8183529 4634941
-7933383 584488
9878126 1128883
-7111581 -5058232
-5264683 7508485
-9817258 7079647
-8589848 -646395
2174804 -8941329
5718869 9194742
9431723 1780246
-6227949 -680868
4497779 6325080
-6095859 9019100
9763046 1389882
3525195 -7491785
7143157 8021675
-1393836 -2141982
8986901 1726126
6667894 -1515710
8509127 4391672
-6012329 3919564
5789521 1208222
2266893 7914176
-374730 -2035674
2260924 -9497886
-7662402 -943007
7898425 6032975
-2431573 6835377
-1774741 4318918
6827134 9847825
7869500 -8249545
-7875175 3970291
-4303583 -3524336
-2523694 -8888273
-1980249 4880664
-8683420 8501786
-289992 -5476225
-7562049 7106101
7586779 4493253
-2488281 2063221
3636566 -152297
8397030 -150682
-3315305 1534991
-4146090 -4034543
8329634 -2573693
-8306886 5197396
-832313 6199135
5191151 -6182061
7446018 -2619544
4777472 5183810
-3798052 7982122
-7494103 -1389596
-4283494 -1571692
-7078439 -5056152
7007069 -6696715
3150989 -7050368
2798950 643635
4694978 1548019
29829 1999998
9426305 3065240
-1737364 -1640537
-5441402 3635771
7453710 -53325
7327132 2266102
-2550088 -2583919
-4601797 -5379044
3231361 3651860
4596520 -2095900
-4635700 8947867
4767504 34433
2984065 -7628631
-4468644 -2081507
1982865 -4216984
7783014 2742686
-4192073 -7987306
372157 -274329
-6638558 4070563
-5982761 -2552892
9713210 3331504
-9252415 3860723
8481679 9679474
-4152314 8662140
-3433760 -5770608
5693611 -9555794
478639 1930540
-3181739 461116
895961 -6537296
-8237928 -5134031
7608656 -7121174
7407872 9545086
-8212891 -6583417
3498 -2219970
-2256510 7664903
996408 4020737
-2118540 -2543300
9652526 -5739655
-7077514 8879492
-6891116 8016564
8460770 -7994922
-3548029 1318848
-8220036 -8544239
7434817 3270232
652554 -4807723
-1928896 9196890
1258328 -1738790
-5805855 7995328
-4224642 3045438
710341 4197643
-9265267 3518848
3491900 4223101
8483447 -1383807
-2504315 -4339222
-6322658 3922285
5927363 -6879078
4439770 4654464
-1373423 -7620666
-1834081 -1263914
-3555285 8577747
7774637 8818473
9596035 -2967829
-4972500 -8450683
-2888893 6306532
504175 -6680790
6838059 337801
-5439098 -6244740
2371454 -7153689
-8976558 5560701
-517014 2383491
-1979235 7217136
1871601 -4589650
-9693964 4976887
6229325 3014530
1592277 -1528045
-2709572 -7325959
-293788 -8116734
-6567416 9402815
5709347 4733712
8052923 -6939957
3397844 8729875
-7514865 -2592666
-7230003 475099
8552152 -2627059
9756433 -6206561
3526928 -9448509
8478193 -2222802
5270438 7914881
929411 8784229
-2743815 1499763
4173804 -7478311
6921307 -2937035
-3534219 6396369
1130081 -9646109
5930287 4691480
3421355 -8300644
-893310 -671869
2319582 -1577157
5795784 -5606960
-9297169 871735
-6060422 5552217
5845768 4229759
2144640 -7582229
-8798000 1116206
-7384031 -6925948
8112093 -9025463
-1962497 -693874
-4297505 5033400
-2096356 -2980364
4227468 -651072
1048285 6350283
8194766 -2351176
6071667 2671327
7064367 514349
3902436 -5616197
9936021 283551
-5486690 7842014
-9740215 -1701859
1930699 -825697
2248355 3978137
4952675 -2936980
6369146 -7123200
426552 5506530
5042518 4587993
-6063078 846548
-2803169 -730014
6918810 4985207
-9827114 7907950
-9061349 -4493171
-109367 -246394
-9962843 4841087
-4800547 -7656994
-6842501 -5449533
3724770 7975590
1953727 5088198
-7848782 8489477
3882629 9422754
4929284 8520365
3108358 6825534
-9811566 -28198
9241789 -438368
7063191 9901618
7809568 -1323049
-3299867 7236078
9506036 8748219
3589306 -892882
-6033524 9543193
6610012 1305111
-719299 -2876025
-7787827 -7148865
3856964 3750780
-4310113 -5636609
5400108 -2260406
7081480 -9380829
-6892674 -8975181
586451 7269914
7171532 4865467
6058770 -9834005
-81575 4981100
3729319 -7241097
-5617627 -575539
-1032346 9834977
-6343560 -1651151
5472824 -4422334
-9054847 2937141
9204274 201349
-2918907 4802118
5058064 -5105839
8029684 -7518799
6022372 2139544
-590542 3653362
-1481171 -3391176
9291171 -3419009
4078443 -5422400
9852855 -790404
8634057 -2192237
-9840908 -5764771
-4899570 -2398289
-4304271 -6184467
-730974 -9426745
-6709044 9157235
3959353 -9010348
8400165 372049
-4630397 -8466231
3673313 6429850
-7400436 -8608025
-9482849 5599123
4696466 1118394
-1787654 9808322
-982082 -1225090
-900975 -1934799
-5183218 -2348025
-2229962 -741883
-4409998 -82787
-6993180 -4017880
7655707 4859029
5848681 -3702224
6669826 1615060
3148829 4248847
-6804951 4555781
5947756 9338494
4937617 -4205387
-570641 6464908
6273230 -365916
8408994 7641705
8223259 7807501
7975828 -2491981
-717512 -6959959
2957254 8262219
6760691 4872491
-7752128 5964074
4778203 4416398
-3968542 8096553
-5138248 -6035619
8520162 1696639
1035133 -1943199
-3632233 4467918
-6550822 8489102
-1876814 5797126
3438832 2238761
46262 9048532
9072903 -5821557
-2781516 -9461558
8800661 -9128256
5744235 2692091
-8827483 5561352
-22250 7992107
-1394988 5950720
9915101 -1474440
2738551 3466765
4039918 951615
7935886 6290036
4779139 -9592315
-1278836 -8614936
3623825 5418677
-3016438 4676348
8854791 6186439
6724882 -3943535
-3071791 -3926725
1281718 5525543
-6396752 5188796
-4302745 2454236
-1595044 3580998
4622911 4302268
-9714615 -9163590
1788025 -2638538
6167851 4325303
-2750659 -276089
1108976 946990
8882019 5970505
646853 7249153
3435593 -4134419
1922047 -498356
-1908729 -7323173
8202370 1366608
-3444595 9372990
1827226 -8194382
-2097031 2252660
9071280 2748534
3584944 5042232
-7596306 9356665
-3801679 7889322
-2386767 8571545
-7965113 -4035986
-8065481 1238561
-1512285 -9083093
-3217512 -4902276
-2884280 4439660
7116487 1220887
-7412504 -2276657
9612685 -2164791
-7842820 -8340747
-3571735 -6043737
6704798 60149
-4897619 8015898
7372563 -7193906
-9304584 -9977573
1110325 6087236
-7948750 -9174998
2063563 3145212
-3421529 6502121
4116197 3067630
-2492710 -4122688
7098199 3748269
-8528387 7140129
-5024661 2202047
-3622348 -8915702
7556914 -2867481
-290980 -4677730
-6661832 4261712
-415842 4811401
-2649820 -9289269
-685680 279575
1104577 8460505
-5877930 1365570
-9615956 -6831860
-1247877 700541
-905795 -2983407
-9235137 6259413
-4084105 8708757
910804 -7763524
5837126 891234
540105 -195191
5127079 3394040
-9827896 -9750875
-2423122 8465247
1692330 -243737
2552190 4927058
-4096084 -8993350
-5111427 -6343233
9341259 -7457662
3242879 7788969
-5194438 -1906618
6869148 4853437
3562194 -4429575
-9676747 -7214957
-3807371 -5527002
-3205841 6160380
-7929228 6732734
6981859 -8078762
-9613515 4759229
7031844 7075089
-5481501 2078816
-4398182 -415966
-4242847 -7061233
-4518895 490391
-1720640 -4901588
-4291853 1240337
-3906226 3084923
1171700 5093647
7878690 9655968
6645318 1494954
-9828314 -5928681
3320405 -6560522
-4639284 4758810
-481961 -7181384
9893705 8263554
342370 -3450117
-1349731 6928556
9867324 -1539460
8950932 4407422
