563 -9468010 1581558
685
3991632 6608314
-8294989 9783967
-1864623 7362942
5676252 3010784
-1886403 -9768422
1051750 8384563
7040285 -2093677
5701653 1347870
4003694 8789049
-9794081 -2506394
303961 -2393646
6310289 9052229
4763716 7730519
2061229 5591344
6123334 -8592600
8015714 6159139
5943106 -7368682
9994261 2237078
-4752138 -5921517
-5689939 -1813135
-3428572 3361460
3784135 -2121837
1742386 6128065
-2566533 -514212
6979394 8262432
-4131214 -9844262
9207968 9799708
7530227 4695428
286772 3971684
5379084 -7892192
783299 8926458
-8442223 -4088850
8148228 -3273594
-6678759 4068390
-7744745 5912443
-726097 -2368697
-1974182 -8656965
-12547 -6941962
-4939822 2284556
-6936659 -62728
93010 -7960428
4355632 -1067873
6143907 -8182670
5789014 -5597788
-3489980 8947031
7873490 -6315550
-7888047 -190328
6536078 1947619
-3983991 2776533
-1311024 9857319
-9995026 -9212384
-7869349 7962879
3537269 -9452855
2831701 -5365544
4571728 8597447
3153372 5895042
7343522 7181091
8998421 -2490996
1911216 3487429
-5049187 -2696212
-6495410 937589
-9252739 -7175697
-2711726 -4383457
8393077 -200309
-342990 3304283
-3391749 9598405
7561285 -7821663
-7274518 -8744746
-4110289 1098554
-7787646 -1926465
-6031422 2977791
158882 5365726
5391082 3828452
9832233 -8326344
-8506204 -2697701
756240 -5216954
-9876299 -5001614
-6868718 1503501
-8696808 -2588025
3232610 4040711
3639116 -6523446
-4345109 9840861
3612468 -6283247
-2668340 -9103275
-1029739 9502179
-5003678 -455986
7426092 -4544809
9283643 -2328443
-8138435 2817174
2635825 9115876
-6101077 -6644639
-9129901 -6607935
-2588082 -5977376
-6049048 6517733
-6925204 -1284890
-5291983 7183562
-459224 -769735
2947018 362908
-6224014 -6846756
5171775 2795030
4855396 2746247
8201438 -9831903
-9643994 2281488
7615015 1433
-882691 -7782429
-4427068 -7232808
-3840742 -4467416
-7928439 8959384
5477117 3571176
4802639 -3977487
-6793925 8551914
-2217821 9510656
-7610084 2746851
5900095 3245549
-3959420 -3834098
1428501 -6411778
-6243680 -9104024
-4306183 -7853709
2147724 -5887674
-3670102 5825184
8592376 -8734966
9313970 -5580818
-6621434 7267986
-6644485 -8614469
-2591956 1372036
-7559698 674506
185162 -6869528
5877323 222481
5984382 -4908570
1257333 -5706229
-2118007 4541314
-2046357 -7314166
-5167874 -5845335
-9216656 -3836188
-8011004 6979850
761236 9629594
-5951224 3097724
-7117937 75207
-6022910 9943695
1315731 8753930
-571564 1385135
4515607 -3727615
-988782 9613598
-5294972 -7090718
9719405 -5004400
9536915 -1521287
1164548 -9882249
-5727584 -9993090
-3829278 -1486974
8009228 -4944240
-5314646 -9323930
-3709854 -8713183
-6121624 -8749517
-8805822 -827791
-2073861 -2144534
1756953 -4973739
1298646 7354575
-515475 8788912
-8301805 -9690136
7821816 -3294094
-2299029 3933952
4051703 -124917
-118007 1381871
9894897 840472
5896232 -1430933
-754863 420478
1707295 3097939
4348422 -1948364
7223845 5585671
5957489 -1941048
-4398435 7666337
-2462736 -2285557
-3496645 -583437
-7757221 -461858
6244048 -9282098
4651855 -9935405
-60321 6461371
-2156757 -8780090
2060382 2338024
3423444 -2261860
674970 -2043385
3570906 5184933
-6763431 -7617735
484288 -9564320
-8989016 -9539585
643104 -3558222
4156221 -3387451
-1454536 8180368
-2281490 3175928
3893831 788243
-6630810 6478910
-4543366 -8937962
-7718052 -4174779
8163246 3299877
3554369 4342331
4815298 1586690
-3228377 -5770660
-3388395 -1613796
-8661764 -7475455
5501312 7095894
6054024 -7650780
-8521879 -3855584
6841136 210245
-6613827 -7460063
3328180 7075999
-3928739 -203644
858394 6697370
-7477408 1527895
-5172228 3140343
-2517326 3202190
7305232 8382142
5127834 4814324
-6799472 6593207
9117752 4255791
-6131963 7055116
1920688 4619064
3279832 9922061
132306 3398809
5938746 120969
-2803032 -3965168
5831188 -8216722
997000 3268229
7312477 -3310417
2346278 3519592
9238134 -7859751
3038743 2345304
-2840372 6543366
3136574 -1833423
4938721 -7123492
9931624 -5229322
9389743 8806758
8728820 1852312
7767473 -4814073
5306896 -8622522
-2587690 -3777429
-1994151 5020216
-1711554 5759851
4965786 9002849
-4961206 -4399077
-9742476 -2687936
2173720 -5723072
3336647 -4187380
3979197 9333348
-7790144 8989573
-6239749 -1082082
-9758971 4657832
-3489856 5666346
-9147726 8969849
2863679 -5722383
-6983460 -1324478
-6304261 -9724010
-1447807 1022389
-7458410 1984185
101460 6034331
5862747 -2419616
-5626335 -7124664
-1312044 -1963533
-2630185 7710312
6699885 5183506
6617776 -420329
-5762497 2976488
-1357165 6858805
-1654994 -6736001
-9942032 -7988539
686983 -8791314
4001028 -6925492
-3386751 4382722
8883259 -7446779
8587552 -845161
6735224 -8498929
-5623592 4450299
-7513234 -8891111
1335553 -4419284
-9235778 -7627067
-5531044 -1964562
-8988074 7381999
-3242844 -8777189
-5513190 -7828887
-5817426 5102163
6310849 7061130
2651990 -2614090
-8231368 311877
-4618550 9265239
-1579922 3168244
4669315 6485354
-6547995 -4844698
8780543 1562075
7142792 8455123
-9171944 116096
667886 7907014
-2194635 -4702988
9036175 -5803835
-3632722 4562522
-335315 -6477015
3100467 -6933795
452115 8491886
-8679885 -4247543
-4982304 -5262901
7905343 9217917
5703271 3437774
1109429 -4908989
6653086 9155276
7610399 -7593676
-4961227 3795878
-5780755 954807
-1231829 -1776989
2419176 2024610
-3412868 -2195654
1327331 1302807
-3114636 -1231831
9776407 6944150
-7303393 -146169
4590930 -8903478
-9685561 -9769345
3668429 -4987374
-7380011 -1465938
-9794310 7294210
2216887 9273075
-4414694 7816089
-8712752 7255660
-4521329 -195449
-8170839 55419
7859765 414200
-8282993 -9067354
-7782833 -8296552
8647598 -1397629
972554 -8006425
5606449 3860557
4091212 -4436516
-6907538 -1562759
-512345 -9724006
86556 -4287549
7501879 -306654
-9974213 -7696557
2075455 -6912815
-4591912 -8686964
1368455 7554127
-9515321 9753601
-9313753 -771779
931669 -7798314
-6679591 5419767
-70306 -420732
-6560175 4292963
2372799 8052495
9006088 47390
323384 -2018386
-3789583 -1506256
8187090 -9590060
-7286616 6228648
1832185 8212877
9525913 4788839
-5140682 7240273
6993875 -6589279
2638942 -4656003
-9937965 196474
-4383759 -6429389
-4333769 5898796
-7291889 5545935
3598431 -8377591
1669799 -2402737
5578877 2604519
3614615 4509535
4919475 4305646
534295 1801705
-7469065 149211
7454403 -7633520
9606754 4573200
7983921 4830073
2690423 -883019
9313455 622863
-3290173 2752458
-8832393 -5070303
2991984 -5107590
-3485181 -6124282
-6010667 9106767
-5772361 700970
-4789495 9568210
-3609791 7842254
-7839688 2646333
5311896 6924504
1807336 -5308753
1780799 2766299
-2403627 -6069558
3047423 -235279
2903936 -9713204
-4444394 2360879
-193072 2130115
7022526 9239565
-6884716 5315264
4422032 6053697
9271020 9620969
9189180 1166023
-991723 -5518475
-355790 8095741
-2463403 1168589
-1623812 -5043893
238758 9343933
-6725624 -9843012
-7561939 351483
-6845369 -1161849
3715382 -2141651
2504817 -1289762
-9533845 6038662
1353927 -7956305
8097392 6097791
5718761 8292311
-541666 -115236
4366290 -2575707
-4479966 982963
-7848447 6526852
3999311 3056631
-5083084 -6955907
5717433 -5761930
4589553 -9292356
-454204 8155494
8530196 7744185
8970775 5777530
1816193 1035013
3078708 9436930
5534722 5686472
3978783 -6307548
3577217 1253483
8677776 5953469
-3063568 -9540141
6986711 6714162
-229207 -8395663
-5351569 986023
5224093 4687709
-2088294 -9634136
1037711 -7670002
2590535 7457502
-4248616 -432093
-9397080 1561310
-6485407 7567577
3254049 3681628
7374080 9049315
-7180850 9749184
-1780995 -6532351
-6072492 -8503074
727440 5155438
6759775 -9085780
-5583405 -9501767
-2297706 3924558
-3193225 2157040
4487038 5614000
-4412146 7844486
-2587607 -2922426
8638884 -6144409
-8576832 -9468335
-3270355 4669829
3719144 -2806430
9459106 6620077
-9912273 -945354
-6932076 -2321888
5349902 -5984765
7445807 3795364
4293597 -5373971
8550588 -8137598
4019442 4512244
-7357404 -4642637
5718201 -1493519
-1899593 -9253197
-5397606 -6869406
6178611 9255643
3925473 8541914
-4264516 -7091744
2044685 -9839031
-784384 7710943
-4610945 2132412
-1336000 2283540
-3921095 3255309
7881338 -3890193
-2027790 2888854
9917450 6431926
4305641 -8008348
-6985515 -7439953
5823202 23842
-4329212 1114892
370536 -9574404
1483862 -8150601
7274007 -5703991
-5543022 7219347
-2553358 -8164955
-3516191 -3811054
8472487 -4647951
8607358 5147809
-8742383 -5448608
-43402 6488696
-4563025 -8253821
6254183 -125951
2434096 9742616
-7717189 1785021
-7100087 -9226350
-8800754 -2046401
-7680649 -4213199
-7400838 2683108
-7581193 2109710
3944755 9572493
-4238561 -134551
5217498 -9571435
5576374 6750278
-8698330 -3658792
-7170095 -649657
-6387126 -6225379
3648670 -1733120
-9474152 2383410
-5831569 8599118
9372768 -7191341
762259 9584696
-4628502 3088366
-4228526 -4402038
7707672 -9512988
-9940495 -9293366
-6911565 1652428
-5402655 8337297
5087575 822286
7163494 -9826281
-7959585 -1094402
2680219 2509751
-9223369 8169641
553051 -3671111
-5071993 -8697520
-5888861 4721482
4306179 -5699225
7389141 -2610250
2987712 2194029
2681041 5676967
-1100047 695385
4864165 -4743101
-6405804 -5495259
-2156621 9461510
2151581 1198123
-9896279 -4993127
32977 -3291652
-5122010 2783940
1629181 809608
-5371560 5431041
-7331124 -926460
-4109333 -8744068
-1354318 -508593
-8314564 -6720192
1473128 4149747
-5154868 -3117171
2139728 2889433
7394174 2225649
1687159 -1749724
1964752 7753905
5277131 -6161260
547089 2068473
7368766 -4689892
-1363932 -2058569
5888824 -8485701
587840 3264509
-2963207 8557700
-9434541 6478507
2274668 5682475
-7651426 4767247
-8349923 6264148
-846419 9710058
1935707 -3693843
-2927214 9064108
6818013 -6377134
9977959 9037538
-6377637 2095144
-78396 525048
8466479 -9008871
-7494571 8557673
-5661466 4355303
-4570644 -4390379
-7911872 1375327
-2942198 8511167
3278415 4362796
626944 -8077271
-8367213 -2555156
3751001 2296878
-6122662 3568495
-292287 3340139
-5105971 -9304649
-4693152 -314328
2727072 -1483607
-7976126 -2255196
-3697523 -6290097
8065207 -5470697
-7344724 641011
-7983662 6010915
4522082 -5256595
1622553 -8409507
-6486778 -9683151
-2238307 4765850
-2937272 -4853991
1230856 4029047
-2630814 -6543582
-5848231 -9061430
624242 2263216
-9220391 -8025031
-280226 -6648685
9577570 -7196517
9849139 -1461397
9179615 7642777
-3829956 5020767
2280524 3712305
-2180850 3208479
3525328 -6096922
1185280 -6151276
-8488914 -8712978
-2167579 764360
4220778 2741942
-3803136 5201607
9981175 8372547
2863869 6821107
2688774 3277136
-1403028 5099995
-6361402 2266344
-7574526 -9037537
5983230 5334565
-8436777 -8888130
4320349 -1736245
-5316815 -617627
3231098 -9637970
4165404 5868465
-3367175 4742184
-9999522 -8002175
-284216 -9146397
1742502 -3802657
5534802 -303040
5490448 7122723
2222718 -9260072
-4477376 6603772
7566235 -1622331
-6287766 -9535550
-8423679 -3934182
-3154075 -4724543
-2825817 -1586978
-8708596 1529110
9913927 2921633
-9819831 5456808
7454633 9063104
2433059 -9819353
8894342 9686770
-8099918 6691913
3814637 4429144
5169072 7390530
3994303 8553707
-3068624 -9308303
-8843853 -5923110
-7340940 -6840037
-9048228 5248820
6178195 -495015
3550447 -9357693
3563940 7469599
2926408 -4019274
-4956170 3744109
-3558891 -7102607
5100515 -6759
-3314845 -4664549
9764596 7000597
-3092520 3016144
-5913797 -2549980
-9341931 3418135
7495025 -6466068
-3306105 4330569
-7904259 -9845914
-7824577 -9837981
-9195673 8273936
5743536 -1757777
4222949 -3115381
-9371271 -8813704
6600041 1783132
-8223627 -2930162
-5078359 1700557
-8782494 -9022120
3994024 7202589
-5347390 -1875014
-8456879 8080228
-8385840 7827031
2157600 1554499
-5775063 -9175593
-9013574 -3230306
-4956370 -3599640
4642583 4307105
-8808275 3303518
-2993834 -8618115
3165017 4336806
3922996 6122560
-9660531 4941390
