122 1751917 -861808
129
-953540 -5779223
2036168 2619254
3214666 8545962
-8217088 4696775
-2562697 -5941663
-7995596 -2638132
2575183 8484839
-5953472 7124174
5584021 -2760965
-8098682 8244086
8399331 297768
6969839 1586389
-185168 8609553
-2729596 7084537
-1163546 -9165040
-4944263 6408596
-8455798 7882915
-1054771 7091906
-5694967 4758868
1333557 728142
8090010 1742337
-7256472 -4145686
-7021512 665193
420580 -3209944
7550494 1078861
-8623370 -5161750
6424639 5949825
-2924269 862821
-2052642 8755824
9590784 4346135
-6728916 -699835
9699432 7162874
-3228868 -5184714
2090507 -1355339
1889155 1076165
5334854 -6575936
-721622 -7504483
-4322938 8078383
7384791 -5226781
5852080 6097642
3452245 4935286
-6598537 -254938
3124236 -123116
-8850940 477194
7339682 -8928406
371759 -9260155
419071 -9389234
-4573948 -7412457
1232205 7190203
-9217280 32911
3456976 5637712
8133230 6117575
4195958 5251706
2541277 -6189708
2424287 -5902899
1548739 -9090290
-6828876 -4123468
-1730232 4950203
7943749 6295360
7366955 -581171
-7324974 5283431
-1589451 -9744934
-7157390 3094097
-7199348 -3647046
6385865 -3408833
-7771121 6099724
2217299 -7640807
127252 2878461
-794894 8929609
-6973289 -7331471
6094591 4145745
2538629 4575450
-7957995 9265716
5561076 -9191603
-7256422 2502107
-2214462 -4555617
8215802 -4581396
1029053 -1287560
5065394 3574764
2682283 -3653943
-7554218 1451259
-3673195 4911162
-9694024 4663081
-3890957 6454057
1638938 -488918
6173179 -864246
6227556 -2266470
-3000754 -1288192
-479795 785914
-6711979 5076674
3037410 -5219864
-7284908 -6410089
2302351 1253212
7344328 3744146
2606555 9884097
1335357 26611
7454125 5052337
-7768229 178514
-3367429 7760101
9787535 -1659186
-7080 8271509
-3994961 5960714
7188874 8736828
-477258 -4479363
3113664 9225432
-5994432 2810763
-1082973 -3848926
-79362 -3279340
2981158 -8780622
-8896524 -2735034
7291577 -4412286
-9359949 -5044815
5133699 4745702
2505804 5388174
6245340 4282622
2554131 -5190309
3286758 -3761740
7491441 1075523
-887488 475632
-298936 -2985817
2341299 -7773824
-9106398 3706632
2943645 -8741674
4994056 814240
8079206 -4075197
1512517 -1386116
3569069 5370783
116486 -5331079
-9942905 -8780880
