121 2640784 7835522
578
7225190 -6397504
7245888 -5294761
7588664 -2037047
-4562484 -5168268
8649508 320243
-6272996 -3789276
8098513 -8726528
-3558447 4283564
-3492849 -6155131
-4426496 242925
7977349 2834176
-9449812 8289918
-6559173 -6079158
-3807884 -3442269
9198515 -2721244
881253 -5972361
-8750770 6423705
-5613342 -9356507
-4524775 8837894
-8325511 -175826
6034898 6641086
7914558 7917845
2201409 -3350237
494632 6872464
-2884611 8708560
-5940912 6068136
-3125594 7609090
-8470068 7125628
-6316641 -7168415
110342 -9761600
6782391 -7118126
9305580 3507947
4151440 547973
-614133 6208590
8549117 2143017
-1215897 -6423292
-8505446 4584015
3750131 9215014
6087478 3695963
-5079124 -5755237
2829252 5719219
3328309 -8503684
8621945 2220010
5051596 4858241
-2387007 -7694696
7703531 7678290
1186237 -5604615
4943358 -474537
-4265947 7854029
-7486602 6845578
-9577714 -5716830
1383538 1297502
-6971132 -8083160
-1870844 -4866331
-8105216 9116346
4835565 -4433616
-2937300 -2759612
9460399 -1836126
5538467 -4315355
-9493698 4511995
2190285 -6848540
-2453155 8209833
-2264704 5892874
-3736745 -7509796
1852134 -4014299
-7214776 -1223347
2590507 2274420
-3292387 4168762
1818783 5619375
4735721 4836769
2919505 -3770081
3470308 -7912362
251512 9982205
8183203 2930707
9959054 -4210021
-8542208 8689505
-584310 2149339
-9441435 -995363
-5988807 -332662
5653039 -3178180
-1885175 5863327
-9345900 8438263
-4876623 -9294667
-1158940 -2638287
4714834 6942160
-6827920 -6423218
-4335580 -2365661
-9867104 6642388
-7910553 -1567715
-3261384 8316099
-478044 -7951499
-3285808 -1803592
-282602 8937646
-1395016 -2727243
-3389071 3728591
-7891729 6774376
5212639 4725754
-2052561 -7237629
-7359564 2852369
-205471 6788500
2881634 7355270
7505961 -4517039
-7874651 1062406
9494691 7638857
5954957 6731148
8779649 8749660
-3053932 7993265
6930912 -4506159
-4717050 -820182
5424762 8052248
-2657024 1893879
9135986 7533033
2811756 5071968
-2075663 9599777
6388277 5452192
-4676186 7718866
-6798172 -8213737
2848670 -7170225
-9531368 7843529
-2908970 -5140287
6125725 -1060059
-3066793 -4129321
1364521 5588146
-5232036 6380471
4432719 -836177
-8942297 -9807274
7725759 4292048
-635984 2710041
2309818 -6946133
1022411 7288353
-2476429 -8785552
-6999289 6346225
1692352 725399
-8914719 -1634267
-4258201 2160985
3617278 -1823689
-3436658 -8132476
-27978 -9449515
6930956 444215
9608039 4739987
4932713 -6119972
8172076 -9334258
3375783 -4825175
-1771308 -2463908
7340797 8201953
9416401 1767456
-1886319 -5135632
-1893880 -7582887
-6700802 2322386
-5516629 -8292247
-115936 -8442651
-6575126 617001
1167487 -1036242
9407974 3396896
-9346765 -9385205
7011175 9016013
2198107 5585949
3277126 -2300397
-2247953 8090242
6292195 4022170
-4210374 -4907156
-42787 5708597
642062 -3580340
8742046 579685
2287438 -3542388
-1985038 -6774583
-3641230 4687854
-6348388 -6043812
7353084 7526257
657405 -6940414
4591951 522672
-3891379 -2331420
-2115464 9306410
7396652 1902099
-4075731 5636583
3245780 -3794800
4430149 1713896
8133556 5719345
-3700970 -4927789
1529823 6875602
2617371 8586468
3274322 9544785
-6499027 8976141
-981249 -557714
-4981775 3370410
6409434 9676156
9861088 2126528
1432939 -7481945
-3063494 -2254376
5898560 -8654057
-2448857 2860775
-5425329 -855660
-5136315 -8018708
9569855 -7291773
9583829 1162715
-7734465 -6383969
-6839184 -5282448
-6306306 -1943791
7498495 9178142
-4935096 2712445
-5095047 -7483280
-2840399 -8525662
6508745 -5233959
-4971982 8592540
9938483 -6554749
6306026 -9073422
-7412730 -9994021
-8012729 3397050
6105277 -2549045
1130022 4073479
7689510 -1794541
2923011 3395557
-8548234 3366678
2544820 -866943
-8154498 8950261
3983334 126076
-5883234 -3249545
-5967151 3659287
2251827 3141863
6587114 -939133
-7496203 -5293338
-5287359 -4590507
1322895 -4908933
2542022 9216265
3289744 -2571828
-1850017 6188396
-416047 979254
-5654068 3589347
-7277596 1035719
-7497668 -592895
9533181 7084259
6351066 -997982
-7338695 6166300
-691837 2900267
-8038866 -2570516
2136147 8411630
6337475 6981283
-7927650 -634860
-1418595 -2339630
5088542 -2869276
-6680880 -8128851
2850403 5754878
-8139423 -4580575
6455144 7196336
-3396559 7099333
-3300056 1473829
2992199 8652974
-2664374 -6948989
-1532370 -1830143
5599341 6643790
5055420 -7054883
9926400 -9748160
-383019 1392895
9053265 4515103
-8354173 8198386
2585888 -3341841
4929389 7481300
-7099275 -4563709
5148979 6789966
-3594348 1872222
5862403 4268772
-4561901 3105596
6156607 -8629046
-459189 2773725
-582485 7140590
-9914293 7656505
7908345 6989287
-9101466 -9987893
4527210 -9958322
756417 2468151
1642663 -1310610
8687042 -6657695
-1221404 9088404
5878371 4104119
-4023659 6443928
712700 -7715977
5389619 4355096
5726051 6150799
-1075475 -5937421
3719521 -4733138
5439719 858392
-9635968 3805228
3817335 -4135583
-4093905 -8737434
-3752930 -9139102
-7933360 -821136
2521169 7889733
6978137 -9246318
4857801 3816118
260046 -4627140
-9826765 3350495
-2294409 3489098
-360102 -1920793
-5341862 5947994
3731209 1080775
4455519 8377659
2182887 -829072
5035345 4819551
6082118 8516574
9377472 3457793
-7363343 4845540
2735273 -8555888
4714146 5157827
-8509703 -7770238
-9881025 -7911700
5438795 1750343
-4760559 -9707790
-9112231 5660738
-5874915 -2604309
992818 -4454093
-6076434 7856294
-2972778 -4551662
-9732111 -1377195
-2860620 -7937432
-1963287 -1133641
-6288101 -3483148
-9522683 673370
-4168803 -1036476
-6290361 -2292185
-203885 9837846
1588189 -6171386
6637176 7751262
-4071647 -656017
-743974 7524946
-6929147 53438
-2090268 -9751155
-4302817 9510772
-1866423 -2546694
-7967774 -4034928
-2652216 5272957
4306162 68939
-9257690 1059683
2539560 -2700169
5007646 9089859
8927706 6249199
2594165 7320114
-2412272 -6967753
2376230 -768659
-3243713 3516081
-6430481 4148609
4397454 -172859
-662087 -6004397
1448910 -9905363
8576061 7471490
-4739200 -4002512
6066428 8440197
-7983767 9566962
9383145 6808738
-1585051 4555793
-6678656 4390791
-5772743 -2657345
374903 5915509
-4853150 1814986
-4668933 5267485
-583906 1903138
4246631 -8583061
7928894 -6186452
6424537 6100896
-3911262 -8105844
-2108355 -2483049
-4042852 1349538
-6567148 -6041927
3283163 -2026619
5045526 -7184003
-276859 -8301888
-8442880 8366870
4282379 3950398
-4234616 1932023
9715860 1945582
6365072 -6387196
7546095 -868045
-4538145 611703
9228951 5474989
-114502 4402745
4436048 -4682311
-816420 7777143
4251568 2909548
3399282 2616432
-2051218 -9948917
4265547 -1555192
9328031 7671923
1622321 5822667
-9728958 3610410
8072344 -95942
-3966786 9986903
-8364790 4437416
7565471 -6420691
1570650 9613417
4016162 6794422
4628464 -8543852
1749643 -9031438
3878111 6328396
-1055172 8517563
1084998 -2722607
5722201 -590038
-2918115 -4649454
3689565 -2433416
3693347 1220559
-8875383 3960608
-3536137 1765691
-3796892 -2842169
-6746508 -1900927
-2287510 6284931
-4404294 4824142
6280291 4245005
5213567 2740522
-931082 -9453714
1580202 -908322
6369071 530098
9940061 -7334800
-1984254 -5392375
-5309439 -2978054
8242505 -8294688
-1817728 8383908
149600 1883474
9041305 4646135
5261560 -1130940
-4846009 4811149
-364708 5490402
-264593 -6733951
6006571 8431935
8978221 -5051025
-3442995 -4924511
5605588 558423
3223624 5442429
2566406 5545649
5083947 3755722
-2022614 7256967
5640876 -4157195
7726279 -1323990
5838497 -4209524
-2824112 -716063
-5904914 1100057
-3409540 -5153769
-1887719 3730378
-5321335 -1157781
-3692454 6635204
-8289306 -6343113
-3268338 2864552
-9176667 -167366
7894635 2471638
8743713 3389739
-6836942 -4505066
1337739 9237451
-2086538 8803934
7110762 -8419629
864308 -6248041
4852017 6803002
-8350766 -2524254
3722477 3958829
5317400 -7722133
8913071 8401142
4574381 -8375053
-2994149 3140117
-7027249 3822396
-3705966 -2170816
3735275 3383738
8878673 7554099
6791551 6898333
-1781380 216412
-5686865 -5294987
-1543028 7845734
4648737 5177443
-7346810 5825341
-7699478 -1185677
1092190 -1107981
-2706839 7617923
9242870 5261
-6854621 4383895
-1793709 8765073
-3405743 8634482
2018221 -2983323
-5429223 2845884
-7739431 -6586754
-3853990 -8637672
-3932659 -7004459
-9158724 459146
-4363411 -2959335
5382359 -1993635
6820688 -9193869
-7785498 7682881
5300804 -2087122
434491 -492336
-6108441 -2939974
-4174901 3579870
2214353 -5385798
1630879 -5064292
7781592 6748926
-9837828 6201656
7563984 2558514
5554055 -3691818
6767328 6147677
5704695 -1088317
6918048 4920270
5726401 1087054
-8713713 -3744912
-3315682 7940904
9964920 6587092
6163470 7118810
-6784968 6372831
-9012967 4504922
1956982 -2054263
-5305337 2617912
-8664079 -7745073
4813441 -5143165
-6318630 1416257
-9919713 367496
1795532 -9551302
5368968 5784982
-3127964 -1286420
-2514979 -6388278
4068978 -1841677
7261767 4169339
-6195499 -3449750
5439433 -4058410
-9553488 9535886
-2518377 6426466
-8439270 2403494
4658421 2176287
-450526 5413003
-3170739 -8011786
2355711 -4252804
-3804105 -3090452
-7305470 -5848757
-4618825 4081215
209289 -7917082
-7242407 -4617452
2068240 6794619
-6655131 2535713
8477303 5872741
5408627 8784302
-2272880 1440167
6360013 5406603
-9900758 -8195797
7217206 -6465213
-4476999 -7834932
-2087735 -5953533
-6527633 395064
-2937341 -3375488
3222079 8683249
-9233833 -5039813
342735 -6568631
-9774012 6040113
-1424174 -7589025
800069 6087210
-2612136 9569481
1009648 8725048
4131651 -2368663
-564460 -2630339
904448 -3252755
-1087686 -3347254
-6784434 -1056198
9338866 6824579
-6550909 9204285
7887535 -3598474
1361713 -812478
2618891 1170054
-2789833 4220800
6631776 -4638768
3964794 -1697655
-2128174 9948197
8673245 -8647342
-1016005 1397826
8767488 -4678751
2068494 8419535
7588634 -7811712
-6351558 -9019192
321739 3320552
2524837 -7012691
-8094813 -3712818
5474705 412372
-8417573 3266900
-9995948 -9390052
-4028820 -8691054
-388708 6635828
-899623 9935974
3804985 7483118
-1119055 -2226377
