198 4553280 -4134543
357
-1516809 -2710644
-4946199 -405384
-2813830 9347667
6871637 8898214
-9136966 9748247
-9748111 -5531353
7192403 3020789
1211578 -9846845
-6000969 -4875791
-4932347 6065580
-4999764 -7221882
-1081450 2200711
4167098 2131927
7758999 5160337
-7770031 4904454
4710163 -6375544
-4264576 -6770488
-7422821 9763964
1178530 2921595
-4813806 9448817
-6082536 2041565
7578706 -4561916
8107591 -8890133
8750428 -8693364
-111432 -7893378
-5115259 6334433
-1464856 -2594844
9537084 -3680357
-8520019 -7297757
123049 7296083
3436891 -6290050
-3060537 -5166788
7113529 1688668
-5389737 -7967006
-8518189 -9191589
-4633672 -203543
-2249107 7915627
1541846 5461387
6768023 -4141515
-9518541 -7191374
9143060 9172944
-3421900 7882552
-5797804 -9805444
5413151 8631536
-1556029 -4317823
-8091521 8052553
-7114235 -8119137
-3914117 -1152058
-6602711 2515646
3324058 696146
3008955 -5120900
5311080 8690386
4151773 3276201
9134686 9369278
-7822095 -6563851
-7390907 2132497
15050 3837317
-3451775 -812807
-2181270 4217246
2415775 -8038623
-9986070 6262701
659916 4324254
5688549 5416047
-2068306 6745799
9958297 9085838
6481290 -8744248
2462490 -4516395
1276158 1792370
-6321999 -3385736
50413 -7072804
5059693 -4144094
2209575 -4824142
4363051 -4925257
1808341 8757800
3235529 4698133
960835 -5775884
8548371 -4234189
-8818141 4137103
-6600745 4236920
-4160890 -8370095
-7114343 5873904
-8642491 -7679600
4112771 5348147
4478763 2633667
5560863 307124
-1320618 7045528
-7778614 620557
-1788348 -9111043
2163109 -899210
-6201077 -9980006
-5755890 7914991
-6319198 -2723890
-8586786 5308833
-7937895 7379013
9008918 7328821
3202725 -2098785
221616 4410927
-240925 -2923413
9710254 6850739
-2842137 6754190
3799719 -2212530
924379 5837245
-757446 -1462543
7638247 1652383
1672377 -8594337
1837006 -8562829
-1286719 -1567160
6258025 5517809
2896822 -7357153
2488020 8320131
-3778654 1905741
-3683332 -4309254
2767333 -1040686
-4189947 -1407905
7862638 -5006061
-4702239 -4515732
3837865 -5821291
2716166 6222140
-2125476 -6919581
7002435 354414
-5692063 2063253
3012445 -1160559
-5642750 -4462430
-9303230 -729529
-9893046 -229575
4192518 3184790
1391888 8844652
-2196033 3025538
-8382366 -5840779
-8330487 -3869628
-5869007 1996624
6175333 -3032726
5705767 7968858
-8950722 -8592149
-5721383 6096643
-9323752 568065
9407506 -1413446
-3359523 -3794954
5475517 6281109
8567886 -2662753
-9477963 -1901177
-3056525 2760404
-4214058 -5569722
-8894149 -2736206
3394167 9919928
-5567096 -7224636
-7741009 7525160
5494018 -9391763
4532441 481110
-3422247 -940352
9627713 8811058
-2602387 9770353
-4024601 1551572
-9650967 4038090
3891689 3967268
-7933909 8916919
-5806325 -3069922
1360356 -990433
6273361 -7504031
-7584102 2466208
-2242076 -7816120
2225392 9365154
9973392 16915
3014377 -9764237
-704589 -2977815
-4166757 2108482
1878836 -8560523
-4492599 -4252792
9785298 370587
-5662144 -4143566
7289705 -3806661
3123418 -3596053
-2070134 -8516620
6495701 7000126
-533666 6719580
1419812 1427951
793106 -259389
9757526 -6354795
-6119032 -6717150
305035 -4711744
7396738 -4307269
9648560 6138278
-8114513 -724426
2162514 -4844039
-6471253 4187137
-9619523 6500370
5420669 3334804
-2665464 -3979753
-6979627 5866888
2586468 -6169762
5258189 -4996940
4743671 -5993720
-2348515 -3948705
-665855 -2982451
2305805 -5951195
-258463 2155532
-1706189 -297456
1494470 -609903
-2937589 179298
6882787 -6343016
2673706 591158
6442315 -220384
5799863 -1905624
-6038736 -6223149
-2392911 8820237
6339649 -935916
3070364 5381631
-8567074 1083320
8100869 3238202
7287007 -6716576
5438956 406675
2625571 -2971456
-1065006 6249119
8944769 6636393
-9706622 5997405
9104915 5827557
-4392827 -4516564
3577812 5547230
9324082 -8592963
2743626 55428
9119512 -3068829
4829154 -916725
2682947 2189877
7944431 6262081
2061857 783816
3706843 5231438
4776335 -2499187
6266285 8848766
5485160 6227681
2225086 5211054
1038611 -1705110
3778326 1330001
-3122768 6645785
569174 9872491
-72081 8717666
8165189 5829152
7428779 -952568
-8762691 2994344
-743575 111726
3411894 1698092
9445882 3834634
3851799 9635090
8483856 4222217
-7033750 118084
-4670861 -3514632
4780258 5191336
9037690 6367750
-4470113 -8925063
-9052572 8431274
7148940 -1384587
-5555435 875347
9922779 5314129
-1691527 -8126656
-5498578 3676440
-4625468 81250
-6084116 7913317
7548407 7336767
-5924664 284036
-9597880 -1451385
5033984 -2958413
-7767077 -4268741
4615362 -7669406
5921883 3786965
2218239 -9854751
-1239337 6869311
-9738989 -632821
7197661 -4278420
-2405075 2700142
-3623417 -4493866
-1896263 2096347
-7473984 -5732533
-8395766 -5464027
4820009 2590775
3655743 -4320429
-4762490 5222130
-9046611 -8793921
-6463327 9986785
3773751 -1914897
-9253295 9458557
-1155780 -4008010
-2124478 -492632
-2254700 -894769
-8194626 -4926817
579317 5340225
9952925 -9301691
7482128 1199406
5735380 4995293
-2413931 1602715
-201362 555389
-4222481 3758164
4964243 5036148
5022933 9247261
-2667636 8500916
475825 -1203316
-2694973 -1920931
102789 1836398
3457981 5180549
2770084 7848090
-4295333 -2220293
-1521984 5865753
-2934840 8173944
3169238 8476497
79212 -7199460
3355929 3271659
-2970177 9877850
-2569650 1649801
897062 4510418
3011334 -7546717
-6233680 745778
8824848 6003512
-9643738 -6412301
1284600 -8556011
9292079 3814243
-8406049 -5945316
9920437 7513099
5687043 -7411681
3581168 9501949
-7697511 -8627367
-2839356 -6339620
6054582 -1825229
9824572 -3293181
-8782763 -6515068
-4061784 -6762014
3983764 -3255076
5264788 -7779112
-4191413 -4675036
-3231046 5621050
-564707 7093187
3664223 8577385
-1393164 -6454404
8650268 -3898988
-4397038 6810232
8182865 2231436
-1591831 -9578197
-1403426 7859862
-5433319 -5537249
-2052316 -9062502
6691836 8300271
-4954805 -3597748
-8860508 -6808047
-1483083 -9690017
-1552615 9464431
6557618 -2197777
8895961 399030
3944627 -7261807
-1160795 -9980851
6829381 -4888753
-140965 4442167
4863971 5012247
-4611539 8267204
-7270044 5976897
-569252 -7528506
-9228235 -6806008
-7887404 -3877416
-8169111 8333312
1159647 5768440
5232871 -7135841
