17 -6802141 -2443677
39
5068551 5229609
-5577675 7165513
-3727314 5006079
983887 -7257318
9628638 4785379
1907849 -4321026
9039748 -922670
1324935 9473176
3589857 5359879
4388935 -2558680
3869745 5179303
942167 9944923
1462856 645616
2525562 -7449675
-4251816 9098246
-3155793 2598237
-236250 3333088
-9144481 1266532
-3474433 -1447211
-6661832 1839406
34732 8670557
-2252113 -2237631
-2764455 -8409168
6950712 9072822
9030494 3341755
-8962590 1339647
-6199078 -4583409
6062208 1979577
-2953746 5263778
-3121624 -1412230
3702359 2794438
8643878 3722583
7505468 -6533890
2018899 9499398
-6144844 -5968965
-7298408 -2126581
-1847860 -3593759
-2002927 -7034168
4555006 5387686
