130 -6410568 9869071
236
3814593 -2141908
4491725 -1973640
9528024 545019
2120362 -2379971
7825596 8131529
-2340359 -2258773
-5026220 4798251
5887982 9184819
-9568769 -8218439
-8332292 3628654
-9341166 4146120
-446544 9741430
-9856969 -9597592
-3769651 6854554
-9556013 5544619
-6597289 -3900580
-3357867 4258580
7319951 410789
8030818 -3829843
6818038 -8043334
-302107 -1627233
5687370 -5522321
6178850 -2811975
-1030414 1575352
7720358 6610081
756201 637295
378725 8379192
1297952 2826009
-319437 -6961892
1099079 44654
6144074 -7359098
6899483 -2981857
7428932 -7213793
-8527284 -3264214
-1307548 -2023898
-1134779 8290754
-7231567 906698
8094723 -5447408
6127944 8947283
-1926284 -2935690
217957 -3635345
7260199 8829917
1655926 3113034
6151142 -1441848
8602806 3852842
6493744 9766574
-3215283 -2736768
-7434208 -4090421
2645366 6730001
7222455 -5961492
-7670737 -8662182
-5239132 -3912323
-6843379 7614048
-922316 -7144408
-80098 9284565
8165572 7151400
-1502330 2654211
-4232755 5425772
6500276 2669948
-3477210 4434739
-3282335 -2380566
4882666 -6983465
-1073886 3502382
-7251265 7448458
4003319 4087832
5425651 9971191
-3941132 -1151066
-3537018 2702871
5558463 -8268159
-8983594 5540666
-4791581 7994717
648928 1698331
-2875897 3706089
-3623963 -1067475
-6632735 -6375621
1243813 -4584820
-1568285 84930
6103665 8642831
-1392358 -125819
-6037986 8852400
8823591 -7389039
1459895 1904017
-5393112 7398811
9130652 439229
-4020104 -9834648
8160069 2663411
-5638258 -6295333
7410756 -8674650
257875 1485845
-2373424 6303145
-8281675 -3858508
6226423 1386741
29572 -7333608
2540574 -5153560
-6301160 8637214
3764527 -981060
3439309 5038784
2437595 -4775578
5663652 8046197
727901 -5915400
6748011 4159900
380919 -8595677
-7270327 3626105
7628302 -9691973
6611172 -4496100
1645393 7771230
-842029 845850
-3971406 -9611832
-4765392 9187543
341110 1085520
-9895540 -8550200
6488584 -5894363
-8153588 3543769
-5893681 -1073820
-4472868 26416
6702668 4834220
6238543 4791495
-1582400 -2916413
-2608386 1484568
6988469 8562254
6333484 -5997214
-2635012 -8849786
-8461618 -4508545
7195350 3393583
-5520897 9289342
-9260858 -2463540
-5841550 7099916
643685 7227727
8670259 -3995138
6031278 4750004
-7899423 -5802609
8988886 -4749702
2333885 855472
4856393 9922838
8485092 9725499
6244637 -5638786
-4488572 4818576
2826383 -6390374
-480439 9566162
8855504 21733
7558194 -3484984
-6385068 2110998
-661275 4232996
-9762142 -3225030
-8475026 -9474664
-5277273 -1214512
4035786 6141903
-3002624 6227965
6150803 8886023
8611522 -8146231
-3785017 -2847753
4487175 4856159
982137 -5757237
-6191075 -2686442
7335292 -9498302
-2983285 5180781
-2708221 -2590162
-8357166 -6852001
-77031 -853143
-327807 4397044
5698884 -6035704
-9893801 -3088727
5655590 -7748978
-8862955 9619927
3990048 -5677254
1474993 9748567
-2878922 2721383
6964146 -4037831
-4207921 8103216
1121266 3289423
-1529796 -6872629
537209 654333
3802333 -1721664
-58455 -5303605
1609791 6241654
-9794050 2130090
1557715 -2691325
-440303 2828502
2448429 -2786694
-5947596 696742
-7038339 8954830
1676213 -1956251
-3477730 82740
-9297692 -8843288
4446135 2314350
5441721 1823574
4994260 5432692
6227380 8495283
5708030 -8687055
7554599 -3831075
8299015 -2682178
4626497 276902
-6894596 -143269
-413611 6702547
-2600711 5553833
4508663 3638793
-8317458 360951
-9556309 8701229
9857941 -1795187
3035515 -8854001
-4514075 -3179572
-7746880 -1522764
9488871 2996537
-3174166 8480500
7165777 5196902
5031076 -5619566
4657336 -2018855
7837876 -342427
-3639880 279092
-4167075 9940617
-3904238 -3724238
6636713 2857941
1559170 -9705344
-8984179 -403244
-6740893 -6066537
753891 4051336
5044925 -8738616
4257922 3007012
-5996136 4533796
-7752950 -8916244
7980542 3685994
-8332861 7278126
9452052 -4845770
5433322 2021367
1961984 -4187828
2087934 3782600
9156893 574098
868754 -8759001
-6645893 716063
4649526 1884576
8452264 -3386786
-9609049 -4596583
926781 3497189
-1969014 4648873
-1751019 -2553002
-8867008 -7205612
