274 -5069754 9384469
306
6744120 6791886
-4816324 -7463225
1906620 -2977292
-2682053 8669611
-4730716 4544302
3204984 -1748475
2771597 1598009
16587 4814092
-9819829 7479452
-6539844 -6281932
-3227390 58891
-984995 -9263927
-9898284 -8704836
1211063 -4491049
-7044451 -38979
-3247093 595532
3132307 9699669
9238730 -5547065
-6877454 7555279
-5384067 -3443323
4808203 -9091818
2506191 337270
-4848638 -9903848
7575604 5039131
8757199 -4668467
-2093223 -8964239
-8228166 -4470191
9341326 6921782
4947085 -8126450
-5649076 552389
3664273 7902634
118656 -6379817
-1926881 9312932
-615437 -642614
5914063 -6287983
7136552 4000497
-5662233 -6761382
-6665229 -7840905
7198226 -510871
-2662985 3426727
4462488 -1528222
-3482061 -2239856
7198278 -1249326
-6859423 -4140735
-1071994 -5338284
-7435650 -9992147
-6371964 5108631
4421563 2683006
4556744 -5782493
-2070475 -6193873
7806624 -7012840
8742130 -4933923
-2774828 -7855609
-5850128 -7923099
-1980019 6939751
-4588471 -5996761
-5720265 4998821
-6250504 1929468
305086 -8521986
8656082 9406425
9414278 1749444
-3141924 -8779568
-3580209 -6957686
-2740178 -8720361
7602118 -9023465
6480047 -2294301
-4711872 5408742
69485 5222178
-184569 -4970348
-8030597 -3264290
738949 7835412
2834234 -2619068
1826753 -2464963
-986949 -899918
-1493493 4648191
-3602365 -2330867
-8594083 -2079215
-6520549 -4227937
9568055 -9657940
3834948 -6744375
961324 7170173
-4904732 314995
-4462827 -1234196
3795457 5164753
-8099537 5352605
-4295631 5764860
5662145 -4844235
2690802 8538603
-2361315 -9994750
4653441 4220205
4405690 -1338456
-901319 3567428
1855844 -1672041
-1329980 -4905515
-1649890 1423899
-8889576 -7495032
2819963 1827787
-9406409 -3794308
3886798 873489
8742446 4389048
-7329739 -1696387
3459378 -5553185
-7014581 8332406
8337656 8666532
-4596911 -6859544
-5681647 -4492551
1591229 9808779
-1863261 3417034
8511519 -6552927
-2612676 -676889
1828079 -3138370
1205769 -1502251
-2780207 7164394
-1962117 1799360
-3811591 -8893409
-589795 -3219671
-6256503 -8624978
9707428 5385935
-3431180 -3271084
-7614276 561436
-1414763 1971909
-5702959 -3295923
-9878888 -9823534
6139892 2433780
-8243109 1148983
526965 -6472784
2024965 -3898678
5782068 -8267266
3532095 9244759
2867702 6336304
5632985 2236856
3611878 -7722093
7663843 9376482
8621750 -4164342
6397094 -5767337
-1279076 -8992525
-2288448 7498683
7675149 3017965
7968097 -9650984
-5985648 3815041
7342258 2241340
8342662 4541317
6274052 -8116425
3644686 4124731
-7022613 -7677501
4559355 -3487611
-8693352 8610372
7986855 -9312415
-3476757 1486843
-1764142 6608605
132432 5436689
2935372 6956783
-25252 360337
-6774295 -6873127
-541733 -2057154
-9815814 -2759943
-8218625 9316877
-8799548 1043201
7684284 571779
2894278 -2638509
-3609768 -9338329
1788395 9969985
3173922 -2303120
1700076 -7708398
1416560 9697165
-2349794 9935934
-590931 -8451008
1909329 3101930
-1254845 1900170
9843016 5135035
-7624908 8203422
7520299 2543554
6103107 6672819
-2755402 1237104
1114947 -3696257
-3034586 -9861124
2625213 7505179
7718411 1270162
3561764 -4200865
8012652 -581513
-8129226 -5021676
9043669 -4337142
1281140 1279843
-6819987 952998
8604385 2542648
746070 5539381
-9400712 3495830
168649 -9217278
2019826 6702395
-6993861 -70400
-7415172 -6865227
-9360048 -7512095
-3725581 5210042
-8990823 874715
2809555 9836184
7330860 9021830
7201040 4680329
8476524 6374529
9843880 -9001467
3541181 -8343462
-287729 8448265
-5539553 -5712749
-4930027 311559
9530307 -2854551
7075049 -393849
2740924 5052798
57055 9659877
4869919 -4102772
6771944 6331475
6167659 -1604551
-2582721 -418501
6778180 -3985129
-7610599 -5381681
8133204 5254704
-572406 -7766719
-9318454 1674385
-1522011 9139866
-8032223 7658346
-5196205 3547962
5670466 4014436
-932766 -8121156
-8461279 -1588610
-3175029 1640642
-2027883 -1075007
7320442 -6403085
-4305234 6656128
-7329001 -5262279
-8127608 4989298
244002 -4939600
9810033 2521949
-5803666 9671597
8811463 3007932
666278 2674323
8738638 3295592
-2689971 5470073
7348917 4409104
5336846 6377263
-1982095 1403990
-9671017 -7838183
8275084 -1493626
-4837498 165777
-2580150 6486202
1475500 -9650146
7926606 -8191405
4330544 -8280497
3907452 7736640
744572 8526878
-6282446 2718915
8530859 -8589150
6880923 -7543808
-618352 -4159112
4734504 -3253808
666534 -5281506
-3119688 5268761
-6224864 -6488130
3677647 -4844604
-8358401 -8546010
4320196 -8902502
5422445 -4366549
-2647046 2246803
-7500205 -247011
-9203781 -8739594
-3504327 3244367
-2828431 -5486227
9486317 -4973467
-6616227 6568844
5831388 -1132035
-3897188 8118277
-4096609 -3502078
9792 2983124
654872 -321473
-6351131 -6312560
7301290 -5187177
446275 485418
5248573 2723735
4993076 315581
1575988 7748368
-6490913 -1694353
-4664227 588013
-1869102 -6802992
9765852 -5177910
-3793592 1514672
-7850699 5597240
-7904838 2309220
7808696 -1947308
247571 -5378693
-1691253 -1536432
-4207256 -3587207
6898211 8126389
-6633524 6239019
-3445400 2146784
-7588496 8359552
9181551 646940
-8765046 -4079409
-882401 -5482676
-660585 -8117796
3396876 -8600197
-486605 -1937825
2887747 5546178
6115222 1608557
-1253784 696443
1676363 -3637206
2775587 7054963
-2302296 7469107
-3775522 -7809850
4336934 1064180
