221 -6672594 -8273923
752
9460646 7564779
1064794 -2694469
-2709627 -931116
-8430434 -2275899
383336 -7759093
-4887529 -9669279
-4335922 3235183
-2543445 -4337007
-7653350 4457111
-4537691 3824859
8092548 -553254
9039781 4512604
9540399 -9668339
-272899 6715793
2559551 8148150
-1770719 1453178
1275062 2020197
3605434 1810427
9534528 8565435
3322694 5175000
5505721 -82136
5669400 8435165
6614510 -8830200
-1856737 -6874045
6950814 1477513
-9075741 3605572
-1881824 -2440286
-9592273 2480392
-803815 -9825073
839429 134828
4104359 -8244264
3775934 9068710
879137 -4620579
6461208 9897720
-2410928 -7069982
-4635766 -7699746
3251771 -6905206
6780946 -8966366
-5840411 -133719
3860146 7440561
1046134 3626755
-8813531 4784405
-2735203 1680662
1855590 -8405803
-5754623 -1022666
733071 -7304981
-8236270 8349736
-6270843 7025357
6923077 -4840781
-1910763 2706717
-2476677 -5487851
-9876705 3453472
4487106 -9224906
-6842272 -579407
-3138845 1163048
-5210197 7017874
-5681368 7907289
-7895697 8492625
-9913178 -5900219
3077116 3959893
-828735 -5667801
-7318064 6326539
3351896 -6548653
-8873082 8927445
-5849485 -7208675
9819826 -783844
5185980 1673838
-5034715 2459474
-8119933 -7810562
3352486 -9360635
173591 -1258778
9164863 8142290
6634915 4492223
8592005 3785519
-9738236 -761911
-3913360 -5814527
-9487988 -566971
-4599272 -8715072
2728726 3863908
-828415 -3472353
-1739845 6879241
-8930569 -1008589
-8549115 -6553865
-4364427 8551068
9190433 5847305
7104879 1504412
-7836946 -635975
6372600 6269743
-7428386 8797969
-9447590 4964605
1666430 -7166622
-5217240 9155402
-9559669 2178442
-3957650 183488
-772513 3169057
-7435350 -2269713
6721699 7487642
3450129 6150433
-2782146 688936
-3463759 9085703
-6893533 -3591713
-1711336 -6358879
2427216 -4730479
6583842 -5338735
2142222 4998830
348560 7136252
-1191994 -6191347
-1496553 5131320
7831161 -751663
4933746 -2937850
4792437 9575000
7062643 14748
8681534 -5969512
4719425 -6970876
4631179 -4100612
-5175973 3772018
7413139 7737646
-6992833 -4370956
290309 -7643293
-128111 9591009
-756387 4948883
1273888 -9779550
-2131878 8051620
9816309 9777336
-3160514 8215635
7790636 4750056
7281156 -8368077
-4337588 -2630369
398755 5962690
4378430 2898189
-3329793 -4970065
5283933 9202458
-5168498 6599699
8956406 8291101
398462 -2361837
5103398 -1171704
-8434902 9642076
210048 -3622713
8670975 -566780
-9834792 26357
-5223587 -4489539
9658736 7955844
7841827 4573922
536612 7837500
735689 -9243066
-4213131 -5084957
6633853 7405897
4005596 -8929197
1878256 -8534645
-8380130 -4521646
-3176998 -7723282
4435146 6723268
-6899445 -1611900
337673 -5354806
4671552 -8228470
9798343 502881
-9024923 1964317
-3461761 9457080
7294580 1333256
2090190 -408796
-2977401 -9453378
468871 7877060
1464215 6172804
154511 6990819
-7530827 5858823
651893 1774381
-1502351 -707824
196628 -4912960
-267766 -5885443
8402439 -9465699
-6446466 6920138
-8599192 717135
-7309433 7044963
-1621781 -9544601
46603 9985147
3048121 -9531590
861822 -414446
-4241642 -6483008
-9492189 4842389
701212 5912869
-9796398 5493337
7301865 -8646895
8956497 -1298748
-4667839 -2501507
-9450853 -8794916
8125222 6250952
-3031913 -5897319
3663997 9526030
9981430 -341346
-7839846 -7957784
-7489374 -7455615
-5353708 -2275373
1241620 -4111200
-9268811 404650
8833872 -5734217
9759120 -6051247
-4698141 9037474
-9744922 7060985
7075831 -5741644
7979792 8103591
4354544 7624978
-8272341 6105015
-1852603 3838983
-6502362 5391656
-49775 -9354821
5705917 8174144
-4101229 -5022797
866004 -9647791
-6726789 -343257
3922527 1597193
-1937701 -7892917
3660910 -3802001
5775337 3364158
138866 3915988
2019580 2851168
476146 -1881341
6740026 8890476
2729459 -5279843
2628166 7403775
8048955 -1256551
9433945 -7421609
-2444406 3754872
-3376567 -4667283
-2494188 937950
5051496 -103356
-5479920 3944691
-9857309 -6886205
-1005695 8180990
-5386670 -1565620
-8714452 9133171
9768182 6632910
-1960262 -5721954
-1001797 -975440
-3571664 -9230802
-487353 -8373631
6721112 -5522709
748515 -1053407
-3204338 6793059
-2268991 7371948
9784944 -3182174
-9237482 5298857
8412652 6821376
5002366 3421561
-8144059 -2593043
9056481 9615697
-1235041 5657841
9935887 8824663
-2150776 6804698
90248 -8549558
-6923188 -3206088
1271203 9602895
-8934160 2314276
-892665 4536070
-5575630 -9622146
-2804319 -645303
-5346446 -5790686
-8969309 -9525449
-3587536 -6933793
-7010484 -1450591
-9318542 -9215243
6442598 -7954003
3387013 -8037230
8767468 -1105163
345279 3752589
-9453499 -1142284
-9023037 -4061557
769072 1817704
8870126 4559156
4937010 9876407
-8252544 -6705504
-9979838 4649043
5123594 8917363
-8016430 3567205
4632967 -8463942
-7679185 7489438
9535436 5314425
7277195 1279765
-9825398 2922449
9191390 -1438985
-64917 -6963766
-1025323 9737891
-5928053 -6571601
7987555 9743749
2136509 -7057927
8752921 -4559083
-9910039 -3599683
-4682320 8773083
-5143359 -2270093
-734034 9817602
7307041 9489608
-2679615 -5896867
-2100749 6842477
-7718722 7113933
8191300 -9409795
-6373561 3989020
3726911 -1873616
1554783 -4882531
7377570 7798858
3257283 -7941310
-2500393 -485921
-1569251 2010204
-6700361 -9894080
-2164172 3748429
3566032 -1843720
-9837760 -381854
-3762369 873073
-9768098 9998978
7112911 4136882
4727088 5029532
-981448 5304211
5946947 8353527
5987348 5261815
-4422975 -9981918
-7923228 3364919
5395350 8834308
844512 -7907268
-7801348 -6173901
7574529 -3339497
-2666864 34480
2168978 -6343087
-2953662 -2504624
-2505646 8406610
2543492 9794592
4824124 7123617
2427829 -2729420
8140460 6359028
-5862805 -9108872
-9090789 4127808
-9990921 -285780
-1451472 -7014017
7595067 5404430
9230529 1909392
8569895 9793720
-7655448 -678590
-4505325 -4096969
-4085240 4513531
-4563507 2541013
2335605 -4074534
-6950916 7979985
7766918 9676081
-1448539 -2006735
-1115607 -1576270
5067890 2688656
-7597124 -7690044
-4704060 5076970
481400 951404
5377148 5407359
5201079 -7771719
1549692 3947044
2366427 61984
7091867 7044367
-7898267 8281187
-5793346 -7471640
-9491655 4437338
4113420 9772090
-2234645 791615
9215345 -7335119
-2130110 -833900
1476057 4283236
-639794 272766
3740523 -711651
-5304292 2357958
4586239 -882329
5581067 2413140
-7524876 8652283
-1786997 -2052505
-3771318 2083343
4611703 314736
7268426 -7048312
-7276222 -2363600
8428016 -6101802
9079432 -6994515
2171586 159713
6959301 -3050678
7222088 6163995
-4547656 -3680493
1193817 -6521037
-4887013 -7335596
5077544 8296409
6948692 -9305946
-8842099 69020
-7847637 7678047
-9490865 -2613416
-7145376 -719582
6916819 293914
4192112 -4421597
-1416112 -2138813
8020900 3271544
-9779134 3271826
-564179 4980202
3816061 -40693
-4045378 -2595483
-7414726 -4990121
-6693712 1067609
-5721984 7662818
-9751809 2771332
-7034268 -4564083
2822501 4916906
-5802675 5991219
-3714867 -1806522
3771881 3630496
-8508317 -9522754
-3734858 4872121
-1856052 9512583
-2990863 9002361
-1038332 96121
16991 -9174801
8351430 -2567358
8500252 2602265
-7218565 4174070
9461754 5294620
-9269463 -6970374
462885 -7572514
935058 -3930609
4262869 -2823438
-9192942 7220191
7697437 -1965250
5423223 4815093
-3155972 -6037420
-7035059 -6432829
-3820355 3853166
-2805283 -5557039
-5608045 6196636
-8684747 -4453853
2236569 5408559
703179 -5903312
9642667 1698323
-3357838 1433717
7503108 105552
-201534 7577220
4797411 1765977
2317079 605524
-4579383 -4988799
-8509867 -2259698
-6176174 2264645
8634163 6971426
-8585613 -7480177
1232811 -4171120
-6108621 8322694
3731254 2548064
6644752 6127948
-2173728 -5565567
5868150 -1196229
1425675 -3015214
-5437994 -4112390
169939 -8775859
1829665 1875769
-596678 -7512982
-7256327 -233366
4547632 893455
-2135119 -3432501
-8396326 -4301853
1527028 -8204380
-9881685 2836485
-4615451 5418407
1546356 3849569
800354 4545653
5865777 1888980
8873766 -3331495
-4927533 -2708548
-1484406 5952124
-9655755 5242407
245777 2861611
-7371754 -252432
-9358977 2989450
2073301 -307770
5390377 -1494095
-7182123 3676975
-3486540 -3082595
4852165 -7063808
-697887 -5585639
1476367 -3601479
803853 -9897532
9287325 -2657856
4633596 -322381
8146095 6876144
2118551 5665542
-1472846 8490340
-1762092 -7635671
5353779 1155400
3363982 -8604716
-7582459 9943433
3620408 -1245641
-1811883 -4764582
-9312037 2650221
7064582 -6959718
-8044845 -7493572
5125248 -8942699
-1600555 -4724640
-2530669 -3071075
-6194930 5549394
1214936 -4384574
6622118 -1560027
804302 9742090
-6586158 7376379
8771663 8674434
8617867 -705824
8048536 3705556
1457326 2238275
7404848 8753005
4309639 2145289
-2831930 4469431
5526732 -1218854
4056506 -7706682
-777756 6442530
-5491724 4042189
9657615 -4456334
3983639 -1760436
-9501993 -1203915
-3827536 -5212058
5978728 6428201
-4277622 7460479
-6317613 -2887053
1867574 6287266
5040271 5139714
-2714997 -727577
-6258146 -8133738
-6836240 -3030575
-737256 1784938
-9256180 7220266
-6221193 1001340
6545006 7768448
-3991987 -6563578
-5251141 528645
-2167061 -3493980
5450573 921324
-9101845 6328019
-6559034 -8827049
7460217 -5419457
9720257 5308541
-5419036 -4983160
9399454 9521612
-3508962 -9160830
-4859540 -7436786
2299832 -1729866
9271474 -4115719
6169081 6078639
2031413 -1667168
8861477 -7822906
-8800534 6780273
-9782051 9210769
5538788 6650040
7822991 -8883896
8212999 8979755
-3195352 -2200439
-4667247 449608
-7512427 1385612
-5258866 -5267792
-2704578 -8505037
-234903 -118406
-1717773 2111607
-1809754 -8447077
-114245 -5548691
9144755 2738012
-481715 -8736416
2990705 -9655778
-489386 -263766
-6631310 -1470506
-9974399 9849957
-9834130 4098042
7064002 -3169751
732213 -4501376
-7252816 9551575
-8953462 -2010301
7871293 -7441042
4670565 -6672013
-5119090 8669873
5637534 5377164
-1884824 -2716983
-1453398 4782289
-2357137 7633461
9886047 -8462693
-7416847 -330171
-480213 5771089
-7614517 5125106
4471707 -7797991
-2299367 9449486
9001061 7720272
-4290029 447817
3006776 2563952
5891939 6097617
4767490 -9806307
5570857 -9227150
-9427781 -7078624
7703665 -6313967
3835846 -881179
-6827519 7862881
-2467290 -3761755
4525687 8271986
3397093 -431151
1770859 6911170
-1122992 -2131200
8105425 1987844
-7564338 -9605578
2958374 -6184604
9913013 -2041210
-1847517 -1149687
-7860485 -2803145
118231 6239693
2442078 -7288265
-5653092 -9661751
8201130 8794277
7548874 -2480611
8307728 -4266160
5302690 2074561
-8497916 -5778827
-5393675 9589901
1577745 379092
773514 -7288250
-3472853 -3470241
4488549 -6268112
-4901446 8956512
8669720 5157385
-6086570 -2761931
-50196 -1212049
-873800 6355508
5149785 4296713
4332454 9843682
-4422477 2698660
7289573 -4843466
-622293 3396565
2986466 8791657
-8312898 3984033
6695783 -5435789
-6389677 -5023032
-8774791 5739282
-2787853 8098872
-4227391 -3676237
-3921816 -4118133
4669818 -313961
8557900 6027989
-7158946 6312371
6156053 3707685
8922697 -310140
4846395 4249928
-2353507 -1271377
-9963368 -5775898
724487 3149311
229875 -8276266
9217055 9936623
5675905 3840198
-5544578 2958616
1798731 -7111948
-1230081 228032
2430423 7876915
-3578744 5956090
-5215187 988323
7212361 -8221338
1468523 -9059134
-2292853 -1348590
7380033 -3685082
-6944628 -2130008
-8980696 7416666
1656752 3779860
3716483 -6234469
122081 873807
6348775 -8091260
7313145 4577503
7321887 -1852494
8540774 8599416
4555506 -7731337
3256986 -5037970
-3259307 9340319
2797538 -7014301
1637110 725568
-443162 -9495315
-1625323 -982857
8950161 2612210
8908422 -8089667
8192216 606914
3997073 2624905
-2950002 -1685703
5408153 345849
1009707 -5636857
-7037441 2730040
4998703 -449519
4512512 34418
-625263 -9227958
-6242259 3769557
7011477 4688627
-2290336 5394851
6928347 -3431685
9180525 -1399306
-6972621 5878508
-3514578 8088948
-6769795 -8780404
-466107 2998848
-6655303 280203
-2840302 -5057954
188439 4354404
-6095114 122258
-9843324 7703494
8475536 933750
7219659 -7952235
-747255 -7766722
144481 -3252512
3315803 6962409
8079455 9589180
5467689 -4987320
5617980 -8893165
-7673569 4469463
-2531689 1364538
-8355259 -5623324
-8164925 -6670640
200117 -8679208
1443050 2023514
-272992 -3378645
71457 -5883922
-3836157 -9281103
5468527 9807468
-3445044 -2067060
7411702 -4386992
7718541 9870759
-5116561 5491157
6597992 -4297418
-9827955 3017772
-5617690 1440775
-1666196 -9843291
6002421 8543403
9864195 168879
4708745 -3797462
-4659755 -6176403
-2060325 6952105
7671002 5411702
5219170 -3380129
4552811 3139529
1268890 -8225874
4161237 -5519135
9972023 -8496217
-2793635 1561029
-5421199 -913633
3043495 -2621590
-9948529 -1038889
-2495486 -8622701
-5937470 -1429755
-2710865 9885062
-6291341 1287627
-1760268 2629381
-9442565 -5835313
-6699090 8427087
-5917032 5776606
67084 7853721
-7665413 -2131790
-628007 -5771678
5789351 4822962
-6090671 6578358
6473121 2884504
-8154385 6952824
846475 6524592
7611189 -8133519
4267895 4909005
-3803368 -5099675
