122 -5513165 8664247
346
1615988 -5377417
1601401 -1691435
-6476851 -5430995
6145132 4775789
-6410582 -2059985
484323 -1442603
-9355995 -3503072
6310888 4363942
9121118 2775082
-8263874 7011761
9472376 -8328619
-3763363 195910
-9226767 2390990
-1474967 97001
-2899812 -6904422
-9765487 9705632
-1985802 8716176
5801534 -5647733
9128056 1537347
1993714 1946666
3020415 -7282526
-8269245 4994390
-641668 3664420
8955855 8041643
-2430244 -1520550
-7332817 -9308019
-6595757 -2957868
1949475 -8579828
1517173 6693828
2305759 -9525492
2696493 1133714
-150110 2540272
6892539 -9289309
-5235610 8167776
-7369205 -1463052
1254422 -725543
-5731153 5651210
-8168017 2985177
-6456828 -3856469
-2860667 -9212162
3996171 1112928
671413 -193484
1226689 -83233
-3389405 -7379112
5611748 5260214
8910280 1432706
-6027021 -1691759
-8464716 -1239829
9444299 3381870
-8081182 8816027
-1909516 -7924906
242657 -4310407
8674770 -5124317
1019214 2074640
-4621170 4734295
8363575 8158547
-2034937 9375001
-8191880 -965012
-5827772 1708104
9484671 -9064932
2367774 2300329
-9391430 8394951
9671474 -1142895
-7761024 4660207
3476234 9115774
3707220 6674146
-7636261 4083070
8958753 -6050123
-1459131 3554862
-9194491 -22033
-1863486 3919699
-4188947 9169084
-9279575 -1382071
2842386 -9864475
-8929407 -5107347
-290666 -5156591
5754712 -4045280
4811825 317905
-5021888 5426187
-2941687 -432847
-3758700 970698
-4946232 3281885
7231763 -8878609
-2807395 -5987479
3990488 8288984
-5274964 -2001886
-2832801 4643354
5777635 -6947559
-6812034 -9596024
7812981 -8863627
-4020218 -5741440
213280 -2477684
356573 4250847
-322966 7541457
-2891389 5334685
-3694617 -748301
-7466416 -4133737
-3012346 -6124497
-2111976 2281699
-6912964 -3303388
4694726 4394864
-8445430 -2187928
864513 4378277
4782253 -151443
984931 4052479
827391 2595235
2633903 -518935
-6268088 -8959329
1098481 -7009524
841513 -4074702
-2306651 8207092
-5926645 -336752
3538751 -7256714
5024985 -6422639
273973 -8573225
-1662009 628373
8440445 7485052
1863329 -107439
9741118 -695042
5873790 9161935
-5726478 -6757599
2723467 -3298819
-9741795 6907425
9897901 -1028269
4897030 1356686
-7919870 739414
-9597338 -7409621
-4666335 -3846515
-7752802 3941413
-2115460 2875003
-6496624 2521172
6224 6222531
8631444 4460174
6281484 4385905
3547840 888914
4131316 2155274
1372808 7821362
-2754861 -3145217
5826514 1631013
5504051 -2856960
398806 -6760104
8346628 7584181
6254018 -6682180
-224415 -6319707
-928352 8501216
-6461260 176477
-3600992 -4908623
9551551 3544964
-9552778 7546804
-1564281 5833035
-9495338 3995062
-5667223 -7432965
-8061830 1877470
6024835 1577916
1237309 281036
3520933 -5954762
4145771 4152467
7470288 -5616087
-9419442 399789
-8582643 9762225
-61297 -347793
-2740064 -5043902
1017414 -1145937
-3599132 9327839
-2322774 1464636
-4540301 -2647061
-7563674 -1818112
2575710 -7691172
-3596904 6890848
-2828116 -8883103
-4837865 7640405
-5690775 3209169
7593082 9307906
-292305 4295865
4058090 8173641
-9657800 -6358595
-1402497 6513145
-4632791 -2397864
-3070025 9614917
-6404094 -5715571
-5846280 -2876447
5305442 -8428043
-6119215 -3409954
-6519106 -9602496
-8485598 283881
-9559361 -6830870
6378300 -3323463
-4015556 -5250136
1562081 -3512266
7177727 -1791509
1849896 8136523
4649669 7519927
7638415 2963751
-4904979 2533230
6817659 7084742
-5791704 -1309073
262884 3487731
-9922223 2030090
2427594 -3339979
6943902 6075023
9244153 3941996
-9381466 -99107
-2832891 -1861195
-2857108 9119330
9844173 8729190
6865714 -5679381
4356899 1694070
7174173 -5968265
6564965 -5488334
-8403591 -7730806
-6523527 -4101024
9386707 8321057
351147 3739357
-9600622 1980836
-1944141 5295093
-762910 -140367
9760526 9816364
-9528478 -7628024
4007658 9443988
8173178 -9869234
-5548615 3851831
8062253 -2444756
1586979 1324636
5836303 5236427
21973 -1848056
-3432728 -50936
-1729879 3498447
-2762196 -4046021
7934815 1137620
-3567287 -9846465
13168 8507026
8323391 -1813845
-6925517 -7709954
4250386 1311265
1442031 7082141
933973 2423565
2495161 -1590232
9734405 -1003774
6749005 6598493
7266789 -1912940
552476 -3229021
-9730574 -6165938
-211959 8822597
-7523431 -9976418
-9822883 -9760791
8746235 -8574366
-388210 -7293363
7513036 -414022
3413595 -4797375
-7715233 1763422
6703339 -5144374
3265395 -4264908
4731318 -8285147
8313346 -4483848
-3880436 -6003324
-6715993 5580135
1930549 6672040
-1989011 -6446567
6093367 4234943
4474152 487558
-5570456 -1213163
-5990174 -4263261
5322718 -3442314
1760312 -8477138
-4197363 -8747335
-3891708 4045079
9780171 5022328
-746467 1890039
-77457 -2972159
1024517 -2433121
5663367 6042107
2714147 4308524
378309 -9889732
4345211 3241488
-6270954 -3528323
5258514 -8664285
-2927545 -9325058
-2767371 1784692
-4176093 4911525
6164190 8992941
3038020 1626544
9165224 4788834
-3321127 2818191
2362384 -1581242
-1498011 -882232
-4840125 -6613098
211778 6681708
-691671 390374
-6368138 3106440
9578117 -6346460
-5010744 9877260
-9447797 -2647017
9137675 -5421937
9489588 -9698816
9294125 -5038418
-895522 5653778
-7041035 2332145
7666688 -9213945
-8278835 -362162
8755607 29072
-4067674 223154
9421215 6431834
9338561 -1339543
-8233103 -1270456
2383084 -7029577
5364036 3861366
-8785651 -111308
4466755 -1567409
-1266225 2868376
346311 -3527305
4642826 -1972100
2876397 9450789
-9763156 7601791
9755981 -6940563
3088509 -8041991
-5302484 1027940
-2540225 1537188
-9802355 6635083
-4635373 -3201664
-7714889 4480894
-1657740 264063
2669108 165499
8598090 -7927039
4941337 -2864137
-3875089 9848217
-9607531 -4712352
7254790 -9232263
8369528 3268866
6328303 7491634
1965996 8125509
-846550 -8066835
-4013295 -820136
-4185053 -870423
5927913 8700702
3181596 1179574
3959989 729376
-9105124 4040208
6113169 -3370903
-3718687 2009318
1857536 1054506
-1141493 2406224
3173961 2250005
8035224 -3886703
6121283 -5940159
-7814650 -3120121
-8670604 -9396369
