16 -7038505 -9663874
801
-7964992 -6440818
-3773093 6573714
3088661 -6204461
-7765389 -194624
33486 -5155911
-3094848 -8881482
-5662337 279622
3701346 -470662
6610931 -6772163
-2838132 8838512
1597589 -5458647
-9134248 6949634
-1813348 2236062
-9762060 7157415
-9881090 -5614196
-2055014 -9425933
7147781 4670270
982162 -3311755
6493622 236442
-2403117 3216773
-3148357 -3472892
-676917 -2981613
6547726 1189306
-3066504 5540781
4379293 3158657
216362 -3388284
6077702 -4023118
729296 1082114
-9244119 -5735646
-8833490 967237
-5942344 3391143
-1938587 -888504
-1683907 3721789
6474583 9043575
-5223300 -5190285
-6146824 -5928534
1089854 1628343
5334002 -4307389
-8766608 -2362420
3312589 4783850
-8604434 -1870963
-3377728 -6471049
-2872583 7473268
4253974 7351568
-9164843 -9600350
3790793 5420484
7048332 -5107187
8614602 4368558
3412134 -4635575
-7309507 5089185
9160652 705186
-7666470 9060021
-5247368 250506
404438 183884
-5032266 8502376
9147765 6233379
2278682 -3636700
6352920 -4229963
5637958 1922451
2322101 606894
-3972622 6473115
-8634071 -3887106
-9518548 5592062
-9043513 2496883
-2413931 -3590062
7115125 6163332
5223353 9263073
-7970069 1965007
-7851109 2492337
994713 -5049279
-8815900 9632977
-4003723 142479
-1571132 -4020866
7901585 4865549
-4527557 -5933174
-9460058 223686
-1147068 -5983827
2124587 4422223
-3080894 -8149264
-9222973 3081074
-755593 -2978473
-3715400 7892152
-7626489 6984112
-523550 -9169117
-4218396 -5477598
-5844621 2987515
-6870006 9482056
-4538810 -7331992
7533557 1558863
-1857959 5879127
-3897187 5522352
2054877 -1318017
-6895794 -2527903
-677166 -5820536
-223110 -7460335
-438808 -7383787
-9491635 1537649
-1478238 -1637855
-806972 -7118124
9920630 514564
-6497921 -2509015
-3026959 6592361
1776721 9148426
-6776359 -5049416
-9170289 -8173370
-134666 1365682
-9952334 9448877
-3079026 4436563
8616027 5668224
8207889 -1239840
1376373 -9090731
-5036729 -9714566
-1352421 -5598910
9799318 -3998615
6515949 356959
364296 2236300
-1171339 2534380
1682806 7337338
4804274 3121734
4948364 4906447
8788482 5633985
5082862 -5186302
9250261 1352500
-2979276 -7996163
-6719651 382640
-6191738 7744966
546752 4656723
1574165 -1228467
4772918 1710683
-7932358 1373484
-6390216 -6194781
6339599 -5051709
-7714371 -5045202
8076532 -9461242
5445205 7089903
-4759760 -4458751
354947 -3249961
8102539 -9676897
4843292 -7878439
-4979447 -4876736
5384582 8123641
-4703284 -8654833
116700 -4068666
7642017 6870882
-9239282 7405970
-8788811 2226011
7174302 -5629498
-674700 67141
605899 1976283
-8417462 9918185
-4540566 8567456
-4682504 -3177221
-2854118 -1669267
-7031354 -6579965
-8940349 4505526
-4854481 -9494448
-8149281 -1039415
-2591729 442236
9829470 1967420
-8110258 -4949712
-207348 -9409812
7477042 5617284
-4315575 -3033046
1459590 9318695
9236880 -1193324
-2625868 3042128
9864907 7212666
-4456601 -4792020
-8855632 9527141
-3450981 -8971602
-8466050 4720371
-6319043 1694539
-7863225 -6615331
-2131559 1089228
-1344131 4482597
-2410863 -7725464
7891820 8448521
7931827 -4933821
6901226 6092597
-5100727 -608583
4949898 -1345542
-4132876 -5210243
-7485910 -2668843
9374651 -6073124
-5044726 -6341542
8378829 -4076330
7618209 -3510776
-7609755 4576138
-4334633 2271336
-3246067 258687
2533223 -3162412
7802461 -3140578
1925602 -7058605
9033992 5734288
7642058 -8656820
-2361 6449617
-8760626 2591956
2439465 -1618885
2307991 6269816
9928274 1814116
7737787 -220383
-1214807 823456
-4600406 -2127652
-9856315 1175439
3950478 -6418687
418901 9413970
-3726607 9000053
4457800 -9262286
-1011645 715347
2058527 3491792
-7542239 -3369587
1738721 4572518
-7046366 -6302865
2483304 -5821814
5992303 -2222023
7557595 2411578
-6764966 -3753558
4118790 8859140
-7449069 -1365371
-5267706 4262475
-3807202 6501409
-1982186 -2332452
-1594738 2466191
-6818462 -7524386
-1516242 7393617
-5975970 5240065
-187416 941519
-2844993 -1720897
-5026358 -4717430
3060547 9638311
2049889 3482297
9728739 -6865506
-8006365 -2198724
-1047743 3847529
-9373643 -5455434
3562328 3684551
-8647901 -3180845
1801698 -8419858
6572109 -242638
9667331 4983236
-7260347 -4944133
5997387 6207714
-5513183 -4931411
351159 -6847606
5307057 -539541
-7057244 5928059
9062553 -2643054
5158222 5187847
-8448271 3572540
8117107 6626831
311383 -7821914
-8486407 -5804213
8292281 -5820166
-3546452 3315291
-9185121 4864390
2436610 -3879120
-7671406 -6445468
-8860526 -9049651
6619095 -3184589
-1207777 1490633
9935044 1926152
1799450 -5748669
1955531 8997598
-4913510 -3042327
6100856 3507260
-1798302 5719949
9915736 -3587761
592074 -284709
5546934 724370
-4411240 7045622
5682854 6361813
2432697 541722
1492071 8011448
7343212 -3911477
95509 -9372482
2553670 8651787
-7096882 30553
-8455497 -5646879
-6172854 4858649
-9117739 -3369006
-7649057 9928002
8856594 -916041
1315602 4783032
-4492598 -8034980
1526994 -3137464
5740701 -6387486
-3329411 -2790151
-4778703 -9310249
-3221726 8162660
8790179 -7435491
-8783704 6873783
9420689 -6139799
-1786678 6635767
-5989232 -9034808
-9887462 2040468
-5515177 -5106970
3976989 4979834
-237134 -6658583
-4693563 -4707408
-5328520 -2213380
1399134 6833431
-5956720 -9587818
3618285 8069723
-1251264 -8219070
6861791 2912911
-213305 -9944733
-6084532 8078088
-2769793 -792616
-7311072 -5354857
-798037 1240975
6134005 -7198533
7781301 3686786
-455445 -7372653
-2080061 -9939481
-2152861 4850992
-5799224 -4892229
8036305 1762625
-7651299 -9239592
5057690 1654590
-5432498 1097437
-6330944 1919482
-7486078 -3129451
-1405715 -2415476
2229667 -255871
3501456 1283213
-3398968 -8568369
-2365231 -7848186
-5220839 -5617667
6959204 7179325
-5453331 -4784548
323223 -5193657
-914679 -8736203
-7975794 -1640471
2530471 1434022
-7468541 -401752
-8482270 7097973
6484874 8716867
-3698609 -5968348
-3707867 -4920841
-1121275 1047411
-5004606 9793590
4461756 5479757
2378443 2630163
-190512 9240917
6972721 -662353
-3339657 -3127490
-1863693 -2704056
-1828175 5745664
-2820314 -7323135
2275114 3218649
-7167026 -7772503
-9055636 3792844
340849 9317849
6913360 9762107
809518 6632982
-1057076 -4207915
3788195 5804912
-9048572 5921032
5161949 -3833362
-1979363 -6722732
149778 -5348978
-5536681 4680980
426644 8286086
3479303 -4848504
8370145 122682
2350179 -4245583
2063614 -8796880
-9479031 -4189105
-4426997 -7595537
1553797 7434329
5742767 -1101127
7220138 3013074
-1065894 -469038
5697600 8171566
-8551166 6612408
-8736570 -6281763
915570 -5885035
-7598949 8243101
-6605402 3858566
-6018751 -1603294
4151124 -8235257
-7032137 6331428
-7857676 -3785262
-1380799 -6511168
3439514 -9768321
-869448 2689350
-4297576 -817719
8713243 -3649310
-5477744 -2847117
6281643 -3072805
-6838216 8487443
-7397592 7545073
5788175 4077354
-2064079 7519811
-4083483 9182773
3463868 1917170
-9235050 2583993
8798731 6431732
2436916 5423626
5655305 9934284
-4860013 -4123570
-2424937 7302210
-6347100 842411
511646 8804658
-4268147 -9308491
9178952 -3206711
6854715 -1106362
5487344 4297712
-5666125 -4840758
6858367 -6576735
-2143213 250392
-7165614 322235
-3246033 -1378262
6561716 4149469
4083754 1707236
100018 -5266626
-7964416 1740093
5098856 7675082
6479740 8204836
8896345 -4389497
2403792 4727946
-6378416 591649
-5110639 -8225141
-3065899 9108928
5048546 -776764
1989981 -6207532
4114704 -7094667
-5956577 -2659281
-8509812 3385023
7608611 -9394860
7854866 -1909706
9830387 -2291370
7900064 9890450
8095286 4929244
3056099 -3103844
-8375898 -492016
-9900367 7976243
9751103 -4754314
6870967 7505347
9244935 9201556
-7005975 -5564135
-2658802 -6248732
1091987 -374919
5526456 -6099026
7022466 -4901472
-4294826 3135068
3360050 4877332
-2715866 8051914
-4502490 1260114
8156270 -4620580
-2596244 8553609
-953796 2296725
58763 -2496610
7525089 -1202693
-2001136 -3070270
1365595 -713624
3037645 -6490759
-4349326 1223146
5124120 6645984
-8255488 -8822870
-3171450 2146586
-2976082 9966039
8017953 2704952
6481418 4308052
2203824 -6484537
4585424 -2845959
9450766 2123933
9627323 -6368372
-5054712 -490471
-1044388 -331236
8955140 -4539496
-1030255 2837559
6577057 1992785
-1361230 -2863229
-9169747 1701177
6364115 -7100366
-7134327 -9824844
2880108 5904385
-7271211 3399978
-568207 -638473
-968080 -2551034
9572899 -5982783
-9834802 -1517314
508567 1716574
-8614662 -4889514
570990 1980531
-5181909 -9659522
-5150384 2057087
1710210 -8604852
-4387322 -3995262
-1095628 2540463
2715619 4493145
397531 -5713602
7686376 8112080
9989959 3126320
3091638 -2881830
-6348261 -978121
20917 2664537
-5618889 -6183063
-8556225 -9470516
2510016 -4233551
8623280 -5468883
-895444 -155541
-6244041 5989248
4510338 -9185234
3355230 -8115011
6378135 -6585290
-9782540 -3929151
6699281 -3224334
2418338 7903837
7538359 6689240
-4288881 -4490023
8174514 -8809902
7523388 5732036
-1222127 5071978
3354779 8967163
6014633 3804241
-6351300 1978059
-9516341 -4880811
-4066044 9921011
-8193999 4993997
925060 1805538
7876387 8184136
7476154 1142520
-8437291 -2907979
-6218739 -105508
-2079179 1617420
-4676129 -507619
7740769 -3904664
3683666 -7152741
4330774 -3481358
2839235 -2961555
1532857 345407
-2019051 6487935
-1074701 2016516
9526866 3914905
-4279557 731300
-8568212 451926
4110798 6113182
-6794797 8907942
-8681214 -1810140
9807280 -3013535
-1004802 -8244040
-2148704 7647503
3011114 9252319
-4229038 4051314
-8910241 9858241
-7280000 1126549
-9869163 2622616
-5360867 700949
7132206 -943864
2303788 -5834001
-2865723 -7147351
1482184 -3748072
-4840130 3761427
4467639 -2796261
-3293444 8995008
-9249032 -3208728
-5561225 -1781894
-2529574 -8881384
5169930 7449890
7308131 -4242260
6884289 6259690
-8601342 -9971869
-6754567 7015126
-3928738 -3962209
-7279858 -9622361
5746641 891402
7143330 -7629229
-1351449 -2771175
-3051084 4819552
3814561 -6883810
-92538 3655473
-8126421 -2918119
-9283150 4346238
-5687520 -655995
-2381903 -1596868
7179174 4136963
4165094 -5497613
-8482487 8577833
7131976 -73121
304519 -9894872
996530 2368471
4739242 -3948840
-4203663 -9343787
5475765 5904145
9020336 2745253
-3599274 -8193322
-1111440 -1072202
5790388 -9209342
-7348985 -7878238
524894 -9897132
4239831 269113
-2712148 -2295931
-3718098 -9078722
848157 -8678283
-8573155 5930230
-1701299 3669028
9720188 -5060272
-4404059 5554296
1458441 -4483475
778131 3588058
5394737 478777
1922928 -304791
485867 6799649
8921411 -2286684
-9667463 3136883
5922348 -553695
-333274 -2911280
-1990002 -6789800
-5468083 -1535020
-5604789 1374508
-4956464 8475115
-6585157 2693912
-1751792 7280077
5312954 -8472864
5115194 2223002
5218131 -3908915
5786295 509931
-2690420 -2858941
-2629272 8788514
-5558251 8747343
-1806351 -9780383
-2691663 -9635903
6090649 7860375
-3674644 -2165312
9209196 3138919
1614034 -6763081
5930831 6769084
-3434487 -2454771
-8411283 6695392
-8565254 4394820
-9514095 6703911
9730195 6652877
6310289 -1211448
-9906581 9556127
819823 -6318983
-6099366 -5464832
7415618 9013472
-609801 -6274677
1560011 3506267
-3354814 -1768093
1468826 -6714441
2570996 775572
8320801 9916010
-872246 9136509
3531329 9909518
-870218 562500
-2784623 -3466413
-2161509 -8623671
3448808 -6474334
9723035 -2068090
2467079 -5731369
-6717897 6140021
9865345 -117303
5905316 -4811345
-4063086 1425356
-2772732 5066855
-4157573 -77907
-161897 9798264
1451125 -5836771
6589099 8965857
-471643 7498807
-5967606 -4281119
9611562 -739914
-4697895 1870885
9802796 3060371
7329002 -4974860
-8834838 -5213773
4668924 3127458
8316113 3546859
7488567 -6909408
8157447 6769379
-3308528 -5284165
-5485901 -6000125
-9320544 6529575
-1988216 -1518423
-4019616 7268555
5503789 56493
9316580 12778
4400015 5115351
-1824278 -5381315
-7839823 -3280837
1505390 -4495275
1148535 -6674661
-611450 8690666
-8218741 -8019000
8750379 -3122882
1592953 2455058
6454933 -4558148
4487779 -1376595
-378666 -349259
-3080703 -7500436
-4927591 5601718
8130848 -7576914
7538437 -5611011
-8475974 2530863
9250027 8230512
-6264763 -6315796
9525895 -6728231
4478788 -2599876
-618876 -8569202
-1692084 -1223601
-8768543 -1868497
-3910293 2417221
3556978 202743
9853484 -9422513
5593403 -6821688
8780030 -3227219
-8287781 3182164
87506 6910878
-8041906 1767009
-2479 1611532
-2187912 3724473
6996242 -3750890
3649234 9854336
-8714866 1475030
2767781 -6969642
1161861 -7890598
4526623 3999239
-5798018 -232079
-7138240 -1916398
-6221734 6571818
5860952 8455163
-5846321 -7441703
1985527 7573171
-659820 4241185
-4147282 3943621
-9815554 9337701
8103163 -3818842
8551846 7180689
-8827929 1752397
4782755 9836980
-8053618 3939853
-9544556 8460969
-1771110 -1010642
-410688 7173778
3745596 1090650
-7937835 3367578
-1557773 -393452
9696072 -3784156
-9542970 2944107
9404080 -963748
-9109694 8826100
7523610 9588527
-714432 8993469
745867 6075457
-1571211 457639
6913844 8044974
6505943 -7108476
-5602766 7369288
-2940582 7251185
-9141813 3986546
9870476 -9194985
-7072085 -7079648
-8347451 -1687296
-8743189 -7376013
-5823408 4625931
3452031 -9339109
-9750582 -4933102
6576719 -6508007
9567450 -465014
2508978 9838938
7883913 -9487408
-6595884 -8060826
1824815 -3093792
-5842606 -2198650
4304248 8884233
9689248 7531933
-9547714 4174724
-7512572 -7382836
7757503 4621187
-752882 6260591
-562165 -8065905
-2999007 5215501
8707494 -7796395
-5745056 6094065
5933003 791297
1303889 6763922
1219448 -3666732
3239477 -2775643
-2457941 -6955737
-8071503 -86777
-2554844 -8153693
-1462617 4134097
-732387 -9586206
5034981 -6458836
9801755 -2974883
-1040788 6798451
2013952 -760410
-6040452 -1523442
-5429377 -6762201
4029096 -1785508
-5021586 3019978
9353247 7849337
7590046 6197862
1758478 -4890924
-2461349 -4867895
9494764 3686975
-9662576 -2499841
-2086046 -1967853
