410 3768935 5850939
868
-5515262 -697562
6320326 -1040942
3460391 -1533866
-7021129 -6289551
7889751 -4327243
-9134070 2712250
7090031 -9647669
3582101 -5492097
5084259 6873036
3957797 -2380082
-2545609 -6529062
-3789601 -7817105
-4745637 2278863
1807034 -8740567
-2455280 6092583
-4604979 -2342027
-866616 2029458
-9504407 4231700
7942149 -7406225
-1733468 -6525536
-1296933 5831900
-1299416 -8351186
8673069 -4206902
5182486 -7717315
-7581045 3757328
-255381 -859716
-6160469 -126653
-7847790 5955018
-269197 -8389754
7702829 -3524404
4133570 7275523
-695019 5614203
-154097 -6733046
8377081 -7683074
-4208609 -2211948
6136305 9159966
-9191220 4494458
2803908 -5163111
9635926 1998202
-4244470 -2013605
7126679 -7945118
-5555419 5500149
-6028481 3482562
5092808 9113143
-4411260 3702322
-6505803 -4688010
-9073807 2238662
5505616 -4684469
-2367543 772096
1076500 -3600951
-4440985 3423848
-2081694 9729157
-5433954 8884148
882350 3238567
-8775038 6718325
1289559 6637880
-5345618 867993
6866907 5734140
-2636365 -1374099
4844576 -5523933
-211943 -4531273
7707389 8338773
-6345696 -6769398
-3480950 3213005
2128407 1286762
7226962 7595551
-158940 7687422
-912078 7661621
900188 4407107
-6358216 9970272
-875495 -5358498
5509495 4931343
-6818165 -3704761
4921140 2376402
6852469 -6938178
-1469450 -7717932
-9379158 9156879
-7612519 -3762061
1967297 6791498
-9405388 -8577116
1534787 -5904296
4299478 7821575
5483196 -8624153
-1700694 -6612599
5874025 8899736
-6458762 1941090
9388785 -5001470
-6189879 1567085
6459839 -7429380
8148795 8731262
3529682 3312308
-5014461 -3320655
-4566364 -3333124
-6541625 9889373
-8687743 7400933
4012989 6569339
4390914 -4636604
-3260757 -1687532
-5783779 -7609538
3806550 5038550
9495992 -9909754
7605129 7347788
-1085127 8884778
3971750 -8584750
2662864 -4625288
1203373 2120545
8799890 -3807453
2859423 -1294736
-1405363 -5766473
4150812 -1165850
-4596510 -7576754
-2213358 -1836198
-1007378 2310756
-2782429 4525886
-7919212 3208843
-4184559 -8975879
888262 -8423220
-9538442 5936922
-131475 2319487
7694200 4433309
9070206 -7468611
-8759712 -8586075
-7364459 386449
-2863672 -3383936
-2033434 1230179
-3830223 -8712860
-8032706 3370056
8197165 -3527228
3515010 959916
6685111 7931088
8955209 5595798
-311070 5016905
953827 -7640177
4679311 150489
7100150 -9177648
5870094 -5110137
-3696212 -1313292
9073157 7110382
6242798 -8544319
2685860 -3790515
-2503374 -5790635
7579421 1371990
7844762 -536080
2940189 -1707062
-3775974 1359772
-3044430 -7858348
7158557 7695588
-9944589 -839148
9311341 -1887615
-1065263 -2748926
2140937 -1072157
7614552 7321183
4431566 961077
2416759 -795939
5413547 674364
-2599919 7618971
-1009039 5426525
7406797 7495855
-4211207 -3164277
711847 346986
2488639 -5470828
-7775240 183769
9344622 -7836452
275933 4796523
-7952402 1172315
-9899841 1727023
-951794 4188535
7665965 231063
1951476 5996124
9186841 82724
-2298305 -2634977
5307900 -3413078
-5917223 6692657
6044732 2714698
5578036 -7612077
-3082905 9272932
-543299 -9416973
-7253424 -8341793
-1028918 -1198677
9973639 -4461139
7265884 1018680
7723568 2590150
5337565 8830443
-2657081 5389533
7988609 -2710959
-2829583 9046112
-4366965 -4309696
4899313 -7521683
-2290633 -7767836
7136439 -6539602
-7266670 -6712596
-6129569 6569886
744445 -5293617
3507707 -3382993
2155869 9715528
-6749440 -4002302
1104200 -8061895
3284900 -9025872
-1119987 8958117
8763510 -9372180
9673932 9384974
-4924721 -4066073
-9071403 7823319
2571836 2490944
-1532306 -1362036
-5558280 -7775373
8794514 -6282624
-1576240 -1687848
-2554489 -461041
-745513 -8068533
-9554483 2117732
-3427810 -4978600
-4004472 1549717
-6975814 9857090
3001262 -2608106
-3223132 -8212304
-9762024 -4808453
5531218 -5631501
-624204 3682925
4837241 -9380594
-7155966 7843490
-8439133 9278962
-9892534 -8361452
-6306141 -15373
-5567554 -9930671
-5296586 -4535301
486099 7394315
-8539616 1275604
-6350954 -1002021
6389873 -5515430
-3727734 -833339
-3125440 5683094
-9948407 9026594
2709519 -7594222
-6974815 -572611
9787232 -2453239
-3174277 -4130781
-9975881 3864451
6365430 -3066811
9518870 -6282022
-817323 3314228
708543 -5777716
5497888 2185128
-8816892 2168927
-830151 1663287
3346300 7572981
-4227573 -2041533
-3014938 -9779140
-7373362 -4175979
-2232238 9694581
-2758658 8168175
-5962606 -9928654
3935797 4067065
3516606 6577865
-9704156 301227
-6384545 3035477
7257761 -8005127
4180002 -3159650
1525629 -4727998
-548359 5363110
-4547557 -9304522
-1346054 -7202059
-6981199 1224871
-434756 5639008
-2150059 8161791
6329967 7333006
-79295 5091284
-8325299 2883713
-538421 -6143498
-3325918 5191308
-9256863 -7726225
-5731352 289537
-353760 517250
-1694396 965002
8844464 -8828131
4383700 7757245
3071538 -5703092
-1961869 -6962354
1193006 -1393309
-3231517 7603375
-2547267 1559299
-3349417 -6901550
5982163 7373438
3746293 -1674715
6032945 -4556258
-2282483 -9579625
-6773736 -707566
9809684 -5497482
-2016128 2872504
4044374 -9368359
905238 -3171663
-6358403 -1571926
-6017928 -6023223
-4900180 1679728
-716897 -2308570
9250729 1868303
-2516895 -747812
9141979 8417665
-3257050 -6534731
-8574637 2888272
3308647 5292247
-5415319 -8340767
8678103 6534911
-8076232 6910717
58710 -3338025
3490312 5968142
6912568 -9036051
7457078 -351739
-8672011 3410992
-8897578 -7443102
-3058446 -6872556
2379633 2869503
1287168 4424659
406280 -5962036
6926236 546470
-4161283 -5652004
8523581 234883
9286146 -7060250
2366820 7201684
6380011 -8790086
-305592 -7574470
-6610521 -7613324
2034937 9123328
2534320 3362909
5919808 3362927
-993277 -3846906
9022598 5377714
-197627 3902708
7940672 -7173882
3372589 -9791346
-5443350 4866908
7618143 1727658
4667409 -6919769
2798267 -579358
630556 9550581
-8023889 -821722
1564954 2841317
1964645 7881943
-6238796 6116244
-520829 -5501034
652060 2197364
-2424922 1002246
-5095045 -7808990
-4982871 7377452
102458 -7154373
7712536 8389718
-7366272 -2824540
255691 5330679
7267673 -182511
-631930 5570310
-5251412 -2101770
3255899 -6139466
-8257523 -1170105
7462491 -4779456
-280490 -4496319
7701046 -3058338
7943908 2887923
-2404715 7792476
5169928 5365215
8210843 2612414
-6481516 -4727614
2447846 5923379
-6229590 -3847787
5969702 5219889
-6693449 -8961916
-8547334 -4662227
-8285341 -9428508
-598613 4708565
9929109 -6542864
-8522831 -3136122
-3678108 -7835028
-2430753 1694567
-512956 6782152
2147368 5164532
-9706701 7173324
4962063 -7125437
8797942 -6188217
-36004 -2590091
5146151 5084704
-1360860 8450051
6304176 8452702
9024194 91806
7316723 8018835
3992323 -9058067
-9677837 7245833
1927157 -2014156
9680412 9160407
-1541088 2012756
-2822712 -8316192
8857132 3122632
5997195 -2529413
-6201277 3819195
3745457 -2688511
-7603807 -3720929
-5270878 -8592040
9860662 1035334
3643492 -8966702
1568485 1401209
-5140506 960216
-9277599 -4439192
3546653 -4818342
6858417 -4834090
7178666 -4256583
-2572775 -4682671
956313 6872306
6859246 8800709
-4863743 -3046492
-3218651 -9342031
-3062960 8881714
-9710326 -822457
2729229 -5817485
-4784187 2666688
6584249 8889073
-150711 -699349
4861459 -8556256
9141754 -6911958
-1746048 -9075536
-3332119 6000171
3833853 -4567382
4821277 4095106
-4587832 -5209834
-5739973 1680523
2338492 548425
-569861 1041376
2735271 1791884
5974399 -7763835
-2580795 7980852
6869926 3706565
-6992784 -5996545
7963551 -3280785
-192742 385027
1309492 7105305
-4378172 577562
6010181 7977373
-5411168 1972033
-721448 831458
5028333 1000
3065777 3538579
7096307 -2633175
1675061 -7504084
7248433 -7652069
-9671217 -2350539
3872378 7183990
-8812555 -284939
6434277 6879594
-2735379 1667348
-1227347 8757887
-8148199 8574113
-932161 -3089166
8882867 378334
-8790208 3656671
6174023 -1838581
4216350 -1245523
-1362346 -760200
-5747932 -6170990
8693293 -9687284
-9521471 4016853
1200843 9022076
-1262862 4350907
1230501 -5095359
6571989 7687767
-1037994 1011474
-7898060 7860995
7288181 813807
-8807858 1169779
7342802 6171048
6848820 4918286
6189116 -3966823
5272977 -6418478
-2589468 -5173230
-4860514 2041397
-3941750 -3896175
7642254 -4381985
9968922 7259093
4680086 8895744
-900137 -6284225
4727250 1252076
-8370577 8061869
-8607972 -654458
-9484679 8917604
-2394996 5100522
-7464839 374475
6407652 -5546176
-9448301 8724277
-6448953 -5803019
6238378 -9521417
9098761 -8793114
-3175099 -7703372
2072073 6741015
-1846889 -3206176
-6974049 -3247840
520588 7252974
-2168805 7753201
9615095 2150011
-6416033 -8260425
-643550 2646768
-6978757 -6294677
-1840852 1891611
-6867760 9428895
6142228 -8772801
-8294218 9199639
-9593475 2380606
4677234 -9195457
61910 -2768573
-3458397 -3250692
-3982180 8215021
-2015653 -432446
9837108 6538408
-8795229 5815542
7555118 9452203
2098972 7305090
-8989587 9427920
1319531 -2363433
9581815 -8314087
-7086888 -3031877
-3832238 5724043
-1895350 7135247
7939790 9090640
-3677933 5298236
4563896 -9481947
8733074 -4619978
-2536072 -9418284
-363524 -3282578
5049316 9817388
1785944 -6642401
3179041 -4879214
-5451294 6401268
-5962165 4189455
-1608280 5868237
5352712 -6380350
1860046 -6178815
-9043568 -8479525
-9388885 9964696
5262932 1412574
1930627 9449534
7345908 -173171
-7075103 663702
-102524 -5190164
7143577 -4922274
-9048323 -5053208
67579 -1070479
-4669211 4130719
-9163474 4616285
-6999125 -631376
-4495373 -771754
3049431 8353587
2390414 7364673
-154279 -3477785
7934790 -4482119
7483767 7625005
9968186 -134583
3045471 -2653973
2155864 -7106916
-9512838 -7057053
-2110260 -8184207
745314 -8561161
5569558 473671
7606308 -1407545
477431 6406084
8150683 -9392817
1477123 5982058
-4136917 -6283534
238682 6383889
4418123 -1774844
-4149838 -9310176
555241 1901890
9247918 -4181652
-8772216 -6399287
9060012 -6079866
-4264073 4231298
5670138 9466104
-60225 -1002407
7590048 -6243952
2678485 -2453916
-9330381 -1932521
6565890 829168
-2938014 -5336906
-8953016 4945325
-6829518 -182980
506844 5465107
9883349 -979356
-2644656 -8937914
7179151 1647619
-1915895 -8900519
5330779 6239163
5705268 -3663616
5333977 1000917
-2726682 -4354957
-4292521 -4559623
3507857 9951803
-6702677 8893451
-6443455 -7409901
7535424 359309
-9823670 7119881
-4898660 -9294094
-7757098 683174
-5738388 -5015310
-851339 -7885401
-6785920 -8559237
196279 7232767
-6430849 8544859
-7937871 -4098453
-5937058 1419481
6859858 -8148201
-8196398 -229578
-8819775 -7115933
-4525834 -4899075
-2023414 -5263230
4373004 5525943
6231849 -9330732
-6131205 9474344
6975386 991104
3105703 -1869593
-7912477 -3875952
-6643185 6319783
-2619006 2283802
701701 9442318
861799 -8040525
-6188726 4764643
7051417 -9761990
-6877923 -4385124
-6767847 8231642
5484765 -8887404
6638539 -6274908
6910712 -142231
-667887 -4613260
6377844 -9220493
-8573733 -3692500
-5052100 -8000101
8319682 -6486210
-1686056 -9178933
-9736615 8217029
-9823496 9015645
-3703360 -6358463
6395899 6504131
4635359 -6651942
4096052 9517976
3146924 383865
4108957 -419183
1954938 -7698185
-2311444 1019669
-5684471 3803404
2627256 6582752
8582652 -4258204
-8228062 7575156
8396223 -581314
-9847933 -7397766
-8382121 8659608
4817497 -9671428
-650945 -9569129
-6221071 1213396
-6752275 -6015586
4368279 391334
9972151 6394649
8696465 -1522764
2013258 -5556558
8246846 8901373
-1999523 6328787
4586935 874102
-1550742 -3416871
-1481832 6358873
8961107 9361833
537793 -1329765
-1001193 3095338
3526209 -4644709
-914961 8347862
4848629 -178509
-9787175 2332764
-8756234 -783092
210497 2701328
-338878 2456583
-6125692 -7776245
1068894 -2092032
1298422 1874785
8457915 8172181
4531054 2264032
1625865 -3023917
-1837330 -3991487
1620203 -7836341
-9964698 7161478
-1974308 7662764
-2515745 -879659
-8546894 5390673
-5392418 -9786568
-4568887 5213224
-2330193 4818079
-441814 5092235
-6999796 1544115
5935252 3143432
1315613 -3185022
9079011 4393167
3885602 -4153333
-5628468 704876
2868535 -7951727
1726103 -1491913
-3829149 2903837
4540531 2268147
-2341179 -3828541
8901243 -1490011
-6276787 2266403
9600834 -5667644
9424592 -6090628
-2030161 -8324628
4818804 4941148
4272478 -6094909
814611 -3865583
-5502564 3351489
-5943634 -5299787
9264838 -1131032
7377055 -558747
4861443 990941
5775441 6064258
-7764283 -8081674
428315 -6565738
-1782983 3653313
7985669 4151528
577252 -9665797
-7990425 -73387
7384113 8547091
4968534 6828379
-7037204 1656592
-4991919 -4216855
483359 -2539768
-1154448 -8419201
-6461595 -7735451
-4228157 8738959
-2680431 916200
2834526 -8452716
7497898 -444713
5724952 -6737159
-69279 8231267
8565470 3710621
6153587 -9492027
1571416 3091397
-80224 3537700
7710644 -3460050
-5160552 -4601076
-4624492 5235078
6815877 5322807
103708 -3262588
-4523629 2870634
6303186 5875551
7422835 -4687708
-2616069 -862288
-5083095 4920733
-4331648 -6891117
6819505 -2636022
-9611697 -5766178
7325219 2973092
9027144 1959719
1016022 9761347
7676623 6737789
1972867 5855470
-6305371 -6947869
-210457 -8694904
-3307917 3798337
-326111 -2217734
3094559 -7004731
-5350666 9613076
-2949838 2994842
6103726 -433761
-553430 2718514
-531311 2923231
8412675 -165127
4310945 -3206092
9071608 -43829
-3306040 -4673033
3698789 6748231
2316715 1183179
2488276 7393418
-6291893 4622610
-7595123 9180359
4691980 -4101652
-4488575 -1984212
3526982 9341314
-8576094 2561587
7796453 -369292
5070291 870476
-9294651 -2734858
4059051 3482966
-6560862 5016294
2859613 -4352989
-7604758 -7350550
3832630 -3441598
6468172 -2771691
-8149080 8837258
533969 -9823720
8590980 6772149
7304289 -4774051
7083616 -5897595
-819656 831271
-9538020 8507522
-8105650 -3023202
4241940 5532271
-8468410 5116051
132346 -9182657
-3535646 -5029272
-9863470 5508311
-7933286 -8624051
-1395742 3969160
-4677230 1051238
-6256130 -7028470
9743679 5856739
-8917311 -7665149
-3562744 7047968
-2120760 682657
-8293469 -1866047
5110751 -1658780
6389843 -6399119
8716932 -8130957
-7313613 7921433
5408513 -8634370
-609706 -8332907
5559394 5545044
-7969444 1457008
5024598 6680005
9651535 -2646673
-6789934 8768469
-8896680 9395215
-1040465 6809107
-9991884 -2459424
5674529 6838775
7696347 -8285353
7831880 -6698368
-4829324 4086191
2007624 -934835
430795 -9626585
-7959492 -2583862
5477534 2337441
-6205551 116255
-3203740 24442
7377769 1335400
103869 8964147
8359362 3104188
-7570353 1207189
1264117 9835250
6674025 -7562236
6668763 9454999
-7243369 -3113275
-9027084 4500644
6082161 -2072693
-9182926 -4503108
-4570618 9029308
1366750 -7142417
2973838 -9093084
-6552289 -2322449
9012951 2286450
1250597 -9174520
-3553980 -883180
-9675991 -7873688
-8038438 -8607980
6346136 -5895521
-6440522 1151939
8038664 3014899
-9968105 -3683891
-3240231 9011580
7024825 6114056
5143365 -2423157
-7049222 -7545793
5877476 9026467
-3295982 -1559032
-9272582 9325187
-9849333 -4283030
4833790 -5505632
-3379320 9113040
-9494940 -2325848
1778631 -8901406
2250533 -632452
