139 3621417 2892434
344
-8186199 -8782751
7997852 6778250
-5867665 -2846595
-6888159 7825920
-2384769 -9917837
8790314 36372
-9838854 603381
4640933 -3001727
-7671898 5394742
-5237274 -3172614
-7507768 1414797
7945370 4791136
-1409674 674997
-7179700 -667691
-7046273 7179022
912623 5712734
-4992663 7283880
-5562714 -1089525
-3263605 -8343976
4254539 -2450873
101851 -3132021
-12288 3044854
-9956873 262997
8174091 -5371354
-6027616 4887581
8818731 -7063183
244306 -3535383
-344034 6764101
-3903590 8834632
-1469994 2476266
-1810999 -8433511
8850370 9442629
-1646896 -4287310
-2631286 5804008
5869487 -2394148
-3009817 -8376747
4668107 -4028662
-1249313 6977895
4122893 -2772414
-7884832 -3075221
-7622052 8095278
-5440105 3450251
214352 2622254
-6026761 4215861
9208479 -1172886
393604 -4980403
-5537773 9913832
-4373478 -8239674
7564334 -4668317
2937535 -4488412
-2865158 -4049827
-5562137 9927718
-578034 4319301
4063240 3188550
2629681 -6455141
-8359863 -1305240
-7854989 -2476018
2662588 8716384
2932245 2359363
-8813523 -847821
4171777 -5342923
-5429091 -5903567
-4143241 8634004
-6034313 197432
5709020 5937445
-8112382 -580425
-8136355 5360214
-7804132 8841833
2030384 1285611
-2653177 6259108
-5046132 7176417
-5299601 -1013040
-2296655 -2901121
1974594 7362988
9031519 3151942
7809019 -4322577
-226143 3203296
-5646348 4896281
-4906287 -1853032
6600766 -1680660
255267 3319085
-8804348 1004736
-153430 -5364736
5920876 -6608480
2166980 4393306
1569723 5784051
7287363 -362800
-747569 -1213525
8665815 7507060
659003 -8772975
9420800 7697334
900631 -9015626
5880655 -8288991
-142022 5254283
6089975 3490720
9326158 -3541256
-20168 8861594
-6503141 -9478190
6429682 9826402
4219708 1934087
-2281862 -1403338
8233862 8305784
-2907741 -4994499
-7487438 -2513707
-8770330 -4241926
-6544592 -4312083
9188643 -9349530
4877832 -3127609
4643027 -2414349
3592723 -5264190
-6289094 733002
-7889051 2918881
-4042957 3690738
-3966507 -4392192
58247 -7613275
-6500261 2769553
1075337 292737
5298238 4249953
-8263754 8167596
6442022 327152
-1468579 5482268
-1350909 9897431
9286174 -9763583
-2177932 -6473077
-9220915 3929201
-5337796 -8585209
-3149975 -5510009
697081 9289505
-5102687 2807068
-2289854 -753074
-7983520 -2528088
7764649 1209885
7976191 3091817
-6224234 -4420761
5906392 2228789
-2288942 -9782212
2631571 6954165
7190582 -1123499
2403424 1917746
-4153053 7529002
1460146 -4301139
-7294796 -6974497
-7684992 8310171
-6366409 3402285
-7350788 9728673
-2799415 -6139911
-2413673 7182044
-7209787 7481586
-6939174 -4437482
7791307 -3434021
9300120 1483570
-1562265 8018717
-3104782 1931691
-6150563 8144670
5673672 1814994
7513855 -7787263
-4761760 -2866182
7960341 -9780941
-3862303 -9930399
2314626 4110285
7970374 -8696739
8485305 9515212
-486850 8073053
-6364429 -8724482
-9642150 2573976
-5942454 3943231
1961948 9657970
-5893987 -4988366
-6843696 8857167
-6811487 -9528197
-7315460 8829976
8480147 -9297631
3437780 -9560868
3025085 6440488
-6932875 9575477
3395090 -4660288
7371276 3553852
1626905 -5603253
-4327734 -3115574
9458403 -2221171
-8277940 8546468
8204438 6032301
-8956065 -3799640
7573879 4826803
5298606 -5799761
-6969784 -9237607
3981114 7983146
938631 4026715
467203 -2581106
9510724 -6036284
-696572 -3949319
9604533 2905814
7302562 -3325296
-3924517 1231438
9010267 5491180
4037648 -4466114
-8433813 3248679
9449040 -5241562
9585241 -7389877
9326714 7022919
7785312 -2599800
-4616654 -7643070
-1100003 1766426
1701673 -1161671
2802046 1883553
7934234 1212397
6634563 4621826
3812883 7538767
-8713443 -3546523
-8055343 9888366
-4577748 -9703175
-3938144 -1501343
-4226553 9504791
4631266 -4489104
-7466184 7875041
-4724759 3957981
-1168737 2835480
7118259 -6825061
2013269 7731261
-385186 -1180068
2548681 7331667
1953493 -2450952
7604167 -816756
-1846926 -4233624
-4345258 8890724
1703901 97731
1112741 -6406654
-6901862 7765758
-6723346 6886188
-2722419 245756
-5796263 8326822
1162303 2552822
-1755886 3035001
766262 -1719438
7100494 -9742617
105402 2897428
-9553524 -7834473
-6134877 4575247
-9658376 566995
-542281 2018197
4632281 8512718
4622417 -8838379
8927379 -4254978
5147562 236907
-9517337 -7795967
-9469144 -7574856
-2505682 -5313599
7721402 -5790489
2490073 5738432
-1487833 -8995984
3901444 -7893081
6788798 1133921
-4290831 -3135728
7431267 -9346079
2672119 8567145
7079863 9405338
-9433041 9820752
8082126 1702280
-8060813 9494338
4214724 3229688
-1828816 4938203
9624604 -2738068
1471443 -1818145
-6079713 -137642
-6617274 6477868
1101139 -5051193
6082728 -199478
-818854 -2110063
-8939790 4308249
2875394 9128765
8534103 3732329
-3930567 -7528390
4173890 9101063
1111753 -5848441
-102400 -1370570
-6432367 7842829
7621113 8068784
-3749361 5708589
-4429053 -8391092
8086776 -7312721
-9847562 -8529975
1270547 -8295733
-405796 6235166
543416 -9548307
9580458 654415
6903096 -6581190
-4109580 8114561
-268024 -7027470
9640441 2580663
3726445 -9156270
1202911 -461959
-2393174 -189570
8035371 -1175975
432933 -3626183
-938904 -6393682
7592695 -8963938
-7259671 -786466
7965053 -1136758
-685065 2334534
5505301 -8975179
6959983 -8588255
9526306 -5075251
-9586369 5366756
-9536229 -8225365
5134717 -9945927
-407886 4190216
6516998 -3662372
5161653 -284708
6089110 4552369
675039 8110939
9147001 7666558
9396445 -1732266
-352672 -8112670
-3261784 7361498
902671 8962263
2890360 4759869
9684619 -2137346
-6770590 -5066982
-3292347 -9901750
2668675 -6306819
399749 -8157630
-9303649 -7739210
1976082 9433099
3985468 5858004
3968943 -9418456
8248103 7176859
7960945 -4367704
-2480373 7644548
-2477602 -2391727
9086888 4257843
-982287 8425069
8804075 1977248
6910267 -8781316
3833286 -7966514
8243019 6134272
492995 -3498038
-1237248 -8840879
-9407780 1189346
9563702 3255186
3836731 -2905959
-5729100 -3951002
1681294 2084834
-7754266 -7768154
-7643529 9200921
