20 2336326 -2092638
82
-6192169 7451282
4528276 5932138
7853036 364516
-4133663 7464716
-37748 4831709
-3062326 3350457
29130 9970793
9972639 -3941144
2955284 -2591588
-4465702 -7570860
4674569 -9805894
3864127 256478
-9539296 5775878
8315508 -2547627
2305051 1187137
-1361581 -3777130
4671361 6112882
-3522601 5683048
3147764 -4959251
2388810 -5139912
726897 5626368
-1886486 9326484
7901692 -9243972
-1835560 -1913847
515293 856977
-6432565 -3784910
-1012080 7706214
3482092 7431562
-5116065 -8035024
3152113 1797600
536822 7188986
-4181779 -8209467
-10067 7724535
-7234715 -5188028
-7811588 -6862303
8764066 5154095
-3003068 2915309
3671337 9393932
-2519915 -5101376
5755601 4352129
3083572 511730
-1782056 1839389
-729049 -7928508
-5963531 4216388
8530340 -3328761
6376577 -295066
-5988181 -932838
9308050 -7805202
9523122 4001752
-344198 -7926665
-256218 -8288466
4626844 -9063780
-9669848 6740714
4155691 -9185467
-2316985 -9673411
-6645329 -88708
4267033 -9233413
5354431 1572615
8305355 -6462015
-7274424 1907252
-8387813 6835695
8419209 9102153
3813304 -4375994
2142111 7727259
2316946 3336426
-2435687 -8202087
-7265867 -7939271
8801443 -7808843
5522042 -6935715
5907226 2957134
5384779 -6794943
-6028356 9261897
-6649136 -348188
-4293851 9326076
-6250320 -8343781
1008266 -1568275
-2466121 -4638133
985874 -572525
9671087 3863535
9716313 5644337
7442250 1988033
4048762 -2719374
