8 7264786 4233427
762
2667906 -8749326
-7200600 -60325
-155854 -8086205
-9303528 -4573626
3606113 1782929
2706033 1303740
-2618123 -427207
5885831 9025457
6763095 -9346233
1839864 -9206011
-1286867 7508070
7198830 5865187
1813209 3260880
8169193 -5414104
-8149318 -8225029
5541997 2402620
-7657705 -2965060
-1051265 8341397
6284124 2186441
-6030630 -7838440
-4018348 -7593411
1979382 -808245
-1782787 3363529
-3466351 -9618434
-8824445 7496660
5004730 8373513
-3244948 -7594960
-1817728 -5280088
-694191 1084614
-4624063 -3648535
8754085 -6327157
707784 -9082066
1775684 3612732
-4200827 9656519
4334431 -9423840
-7017251 -7715105
-6006997 -9683916
-3804035 -2521516
-2139950 2210216
-7776772 2729614
-6380520 -8448043
-6043003 -255690
4464222 374532
-8540854 2139269
8490735 6286383
2475579 -3164917
-9730630 -238828
-6626095 -6816637
5356234 -5438594
-4862434 -8310570
-6025674 -7792982
-7476898 -9363333
-1884849 -2032671
2693897 -1280933
3965034 -1508447
43510 -2566523
7177787 7584514
-2040954 -3483141
8656129 1642009
-9555255 -8065455
-8714020 -336784
1940740 2920324
-1379961 -8444650
-3883244 5314645
7004076 -6023727
-3816709 -6229326
-5592658 3494754
3978435 -8777255
-58187 -4961155
3530399 9188684
-3377839 6423199
4007713 6090261
-7392879 6316300
-9525339 4483111
6417656 3779602
5959170 -9080594
-3643918 7703637
1775339 -2100090
5730908 4976121
1468747 7892096
-8337230 -4748664
8746090 7652038
1391136 8586464
-6374690 -4759123
-5570439 3849301
272500 7155709
-4237678 -6431926
9884374 -5719787
1279676 -1630557
4665397 -9640965
3794794 -9786315
7917322 624567
1040830 -9849124
5126998 -7790987
-9898891 -3228262
2023074 -3404255
6764135 4280232
-4616952 -6714484
-8957255 -9328377
4520924 -991642
8680419 -4527694
-8443268 -5206576
-8410011 -5557258
-4671463 3957458
4316493 2869666
-4400297 9993935
-6865146 -9372361
-9221484 -6482975
8242390 4175684
3463774 -1578134
-2466037 859852
-4859916 8003200
-8711284 6814450
7486074 523132
2047843 -7668539
-9679881 -5476650
-683225 728262
-2312644 4393203
-1649339 -6576884
-1190866 3015894
3009829 5183507
5811146 4408837
442214 6144683
-7163280 6589662
-4988472 -1315395
9544457 6300494
-3179953 2545491
-8123706 7200893
-9759623 -9374885
-7043423 9362368
-6114282 2288220
5532835 5793048
186252 -4281155
-8341686 -6779809
-1247563 1053265
-3763228 467448
7392638 4278618
423302 -7952081
8637581 -9648796
-964191 -4223626
4593220 6165462
-8772695 -8903382
813863 -8586733
-7961617 -6896401
4982319 1054241
5858813 7511312
-4179288 1384390
-380413 -6092000
9644544 -1476684
9576582 1277901
4261702 -1603019
-7324400 -4186646
-9622375 1654340
-5478104 -4384746
1391628 1531559
-2302979 3557706
-2829324 8501200
2430820 -8559322
7060630 7984540
-8444867 4469203
-5503133 2042949
5943691 -69702
3838299 317579
1357248 -4436721
6841180 -4000805
4396176 933830
-736464 1102882
5273574 7071776
5203382 -358838
-8827279 9795471
-4130471 9111362
7612563 -8613906
-7173228 -4443443
6057449 43383
7028938 2403754
-5553296 7612582
-9940767 4042157
-5640264 2906747
8470026 -3586116
2413079 -1766664
9167166 -2172441
1446793 -3190745
6397384 -1569297
588217 -3279632
9032191 1600766
712129 -5722710
-4336616 7418072
5490981 -9158956
-6599221 -8993492
3410263 1548431
-8322635 2946069
-3011774 373319
-6719934 4252950
-9333166 -6135686
2097651 -8249907
-422348 3079913
2405521 1264817
2211872 -8975555
-9738835 -1197095
2920023 5316441
9593731 1809708
-8255868 6148504
-494100 -4742885
-3736376 7235114
-8700103 2906679
-4147252 9673887
47206 5493614
-253435 2840974
6705289 -4156376
-9889931 413399
6009665 -1197060
2584109 -312279
-6771481 -1584814
-265557 7312334
2628775 6006036
-9667903 -7345534
1319323 2222507
-4026 -7923771
1827695 -9174777
3731903 6259598
-1550163 -4356056
-8862441 2101003
7458330 1013395
6857020 884124
-8702477 -3320029
-2000737 6967089
9171163 -176460
8238726 -9416628
412058 4916034
-6561578 -2026831
-6856012 -6959166
-2220307 -6229481
8363101 4463311
5288534 7775667
4035266 -7292852
-1648907 -8463211
-3845855 5001455
-3985149 -511348
-9627224 -6387525
-7191202 -7128129
2355312 4186651
-5989808 808061
-6092215 1526475
-3557491 4765270
-7261560 4319844
7360678 -119068
-3832197 8398780
2862091 -4859629
-7083962 -5469096
-2761947 -9333023
4720119 -532344
-5530888 -1894502
7594150 -9125736
7003091 483963
-4127814 483278
7186281 9811889
619950 8227498
-7729674 -8803527
-1521904 -2955913
-8636069 -8770813
-6373529 -6267112
-7868332 8724609
6381332 -205725
-3158469 4993759
5660736 1813723
-8718621 -3404064
4701434 -7102793
6287823 8266843
-8732842 2295584
-7221138 3290914
-4380845 -2860656
7883195 2481496
-3805679 -1244543
5799545 -9846479
-8617292 4672417
8405305 7163476
-1595562 -4990820
-2680193 -9463027
5530732 7302122
-884155 4161338
-9242725 -6292179
9121380 -7086423
-8819580 -2024939
-9729354 5409204
-8783530 -7552421
-7896725 5565860
-1952644 9351978
-1892565 2502822
2656343 4241678
-8569553 6423332
-3896839 -3444596
1564584 9835753
-9627274 4507599
-5673927 1400743
-4437919 -1580189
-5356016 3441919
-1128152 8835708
-3189230 -6234636
1690920 52268
-4983801 9597768
-2320020 2907391
2259369 9635827
2138649 -1756311
5001719 2883156
-693511 7311345
-6133251 6432166
6267919 -2073998
-7566399 -2052315
9348428 -843002
93161 9276026
2717945 7426861
6262570 -2746503
-6464787 -8410207
-5841586 5589692
5187460 5226134
-9350123 -8309035
3843144 -7132560
1111129 2909246
-4207598 -4018206
-6706861 -3887152
5061367 -2384757
5541245 -2840112
-2376075 -6154362
-4481012 491198
-232775 -3027647
-5600786 5612149
5381998 5001522
-892332 3178136
-1232172 8917212
-3340302 -4217566
-2526601 -6044712
9339081 -2690425
-9781179 -8683456
9814690 -7033438
-920589 8527575
8659171 5624181
5300421 -5859222
-9497232 4200416
7207967 -7075654
-103301 -3978243
-8366094 9491544
-2990582 -3187735
2506754 -467743
-1550531 6117086
4415872 -8725418
7746223 5109167
-7581258 4405624
-1761480 7085304
-9948134 5153915
-3802158 -1946790
-6322609 -8352371
8304759 -5142987
1573782 8977812
-8097842 8807528
-5170715 -8701899
-9210355 -5684791
-6356174 8979543
-1488200 -2200937
6432502 6150580
7425163 -522379
-5413212 848374
-4746002 -2312262
-5226958 9521882
-2807851 3492518
4062080 7341260
1505242 3389992
763357 7739471
-766365 -7673647
-8866119 4853491
6151592 -6347855
-2032646 8479518
7459062 -542411
-226995 -5872467
-9721887 8487214
-2035164 -3794493
-429767 219628
423718 -4932024
7106211 4824232
-9166898 -2286888
-4945627 -5701640
204704 4895183
-4848994 -924033
1402320 3484414
-1662095 4384642
8036787 -4947446
-6467928 7005850
8979791 8520494
-7351973 3507486
-5488947 -1247204
-2525345 5442492
8178473 2475889
60217 7044889
1869121 -1397809
6315304 -2833572
-6018859 -4781425
-9886242 3886029
5478348 -3297803
-9813389 -4735235
9649407 -3119332
1933222 -8959131
563071 202546
-1276960 -2018353
4005485 -457138
8295659 -6112581
1846264 8516538
-6491221 8286666
5331555 24737
1143280 3568997
3251777 9717028
-5064396 9974936
-3622683 7232918
-6064884 7565714
-7169521 -8144335
-1263666 6638079
195300 4996238
-4801215 3185908
3683907 -9241629
301234 -3561823
325597 -2310607
8722283 -8886755
9399911 -7828139
-5287050 4747415
-9167236 -2752181
-3035153 5856230
-1652481 4084541
-6166188 -5583197
-8017482 4724836
6580502 -9714720
6923359 -5187003
9809236 7833188
1019096 9635012
-9606617 7524373
-6037450 7219356
7425101 -6789031
6840566 4288147
-1023640 6147384
894799 6240478
6004649 3689310
-7938107 -5756085
8328457 -7030504
-2613700 409412
-4865752 4678621
4963901 -8114830
-3301833 4231102
2064290 -5596388
-5961376 9023755
-935520 5599739
2819095 6948360
-9840671 3027031
9831530 244196
8907932 6999896
-4243274 -1192109
5013553 -7680916
-3437001 -8238625
7247223 7075446
-9998790 7407808
2086429 7149875
9035045 -4864541
1882913 9566682
-6029705 8249565
-210328 6463556
2063295 -9474729
7473631 8854153
1881184 7398742
-2357062 7632961
-2850791 -5770934
3036957 9067222
-8613694 2905935
-2816338 -1949489
7642309 -9534342
7873466 -5569115
-8419239 7643520
5295331 -40104
-473422 3132158
1381723 -2821756
-6358200 -3986775
-3461503 -8828604
2541901 -1778553
-4379811 6528480
4161441 -5576915
-1347849 -4220521
-5153298 3827002
-3267063 4205461
4772324 8749360
9215018 3916599
863837 2414633
-7425495 -395163
9564733 -5039050
8093108 7869836
-4951919 -8392337
-2379111 -8008816
5678932 -8793767
-8055967 4159386
-6795782 -1779167
-4839730 -2435778
-4139946 7365660
-6290986 -3671227
-9465766 -6776892
-8027532 441952
6874903 -2177090
2753896 3703839
-6691324 -2261260
2699690 5328401
3198238 5389761
6997424 792799
-4699665 762671
-5514744 -5381687
1294051 -9020733
-799900 -3570711
3993512 4498270
-5619718 4360370
-9310857 2369918
5593026 -1910704
1047600 3739730
-8437360 81846
-6214315 -2077496
5661244 4316536
-7838710 9610713
5000474 -1639065
1670086 5359528
8638551 -5485749
-8351084 -513227
466040 -6876193
-446903 -4540680
9957590 2182492
9059214 6062961
-1567121 6854224
7459872 2264709
-3995561 -5974095
-3375897 -1492527
-1053671 -9916568
-3083680 -7073859
-7463146 7123925
8001212 -922390
6953490 53681
4567932 -328702
9158071 5592041
8715849 -1266800
4192520 -7859537
4322955 -1731054
6848259 -3333538
-6479314 -4101479
8163231 -4718862
-8176605 3496911
4520736 6684022
6767454 -1552502
1373639 -6532935
3107342 6200127
-4722263 -3573154
6480527 1108555
3296205 -7768772
7823269 -6435189
-5185637 -5029371
-2888908 -944530
-159232 9006884
-4326654 3950400
9848921 -3310973
1970165 -8289615
5207296 528504
-2787473 -3690088
4757411 -7755616
-4288551 6496333
2696460 8647402
-4925752 1335143
-7556302 490550
-4761870 4071127
152290 5739904
-9289467 5577751
-5366778 4966654
3973538 -9662023
4288377 4473990
-8836982 9646884
-8642731 -3346349
-301493 -4350465
1959448 -919083
1325301 6911034
-4076280 9233211
396965 -446898
-9111754 8620180
-8372918 5471214
-7941307 -6668056
1588200 -3134788
-7557036 2210984
-2822362 2298733
2636711 9592538
4066528 3667528
-4169236 9441440
8611443 -2254102
-4088214 9704386
-1214697 -1690049
7737337 387586
-379203 2626957
-7819941 -6338943
4797590 -9982238
-1994672 5584657
1432954 -1058976
5806237 64022
4791358 -6978846
-2163760 765553
-7125557 4485348
-1847124 -9527049
2430743 -542677
7203222 3983640
3688026 -6441461
1868490 5631360
-3981054 4989682
-9867009 -7877821
8299589 -1843905
-9309791 4829402
414060 -4386469
4554555 -1304462
1275912 -8152986
7384520 -7122856
3642697 8583622
3068970 -4779240
8210063 -966508
8490816 -8778154
-2278162 640807
-3284302 -1789610
-6158250 3926217
-8567749 1100540
3222719 -7622952
533143 -8434758
6394644 1522308
-347809 1223352
2435242 -3191296
-8827930 -5793253
-2916109 -6288846
-7705224 1072943
6293703 3242941
-7723567 -2119902
-898056 4503767
7660926 3283601
-8506009 -659865
5782704 -5623376
5477164 7852093
-9770859 7214955
8780197 -8783765
-4745104 762284
-8014363 -2308807
4499898 4907087
9113834 4420879
648386 -1811680
9261263 8714078
-5526629 -4540486
3339613 -1928681
5091438 -3250196
-9966594 4957909
-5701956 -4731284
-7838308 4043749
1895843 -9919252
-187945 155208
1371443 2124984
-7112731 -1407748
6283446 -857309
-5950221 7389258
1810137 -6700304
-5995632 5679965
-3089605 4974875
2950742 5781984
-6146697 1383766
8133571 -3709645
-8751736 1461093
6729809 683329
-5272922 8062661
659761 8891501
-953291 6622921
-8735742 -9528183
-8419579 2934504
-7922804 -5848473
-8459215 380219
-3803733 -3873025
4323292 -4132726
3358502 200636
8498972 -8766312
2617454 -3690756
2599599 4868627
-3670280 -6732623
3950706 -3635785
6943228 5575881
4467382 1194137
-9666590 -9880658
3107511 6030443
-1035053 -8402332
-4250805 4687932
7584504 1042143
-314530 9806332
-4326393 -6219229
-3502241 -5991237
-4757549 9032109
7857705 7513083
2381710 376257
3643635 457304
-662129 1227782
-3196337 -9889307
1304830 -3718900
-3599558 3787397
-182160 1638241
3235909 9507953
-3287763 8782788
-175069 1501457
1307789 6813093
-9406135 2026754
6035517 -502252
-8953791 9607976
7121060 3794320
-5829423 8903914
-8122430 -7980878
3246905 7814212
7924906 1215442
12894 2566920
-3645682 -8253912
3384329 -1070312
-1562359 6172158
-2528702 9136591
-6845600 -2333770
-5520676 -187418
-8160664 -3021459
6476290 7589541
-286131 7874853
-5814475 38851
-8540882 9351281
3886756 -1643898
8686667 -6663312
-2931518 9650013
2216933 6611573
874013 7081376
-3988936 8571251
-2740238 -5741657
5911286 -3034943
-2852360 -2752588
7059994 9065686
-3955773 -5856684
-8267143 8899330
-709465 5036869
7592073 -6036922
-6685640 3476060
4348515 9051191
4904231 7201116
-632519 3035182
-7836893 4489066
-5913206 -8415586
2672018 3037120
-188185 -7385789
-420732 2448132
9695544 8239453
7305139 -756740
3386576 6755539
-1828779 5865719
-6581060 -2364215
1598864 -21891
5970521 -8988987
2578556 -2570424
7147044 319036
-6645782 9999140
-2995442 -3485475
-1901061 8033677
-6412850 1091352
3705563 3287309
-4264559 3398965
1638419 5801184
-4955556 -4569014
