42 5423542 7801442
126
-4720360 6211597
1118762 9692876
6176279 -8522306
5707997 -3540627
158967 5815225
-9628612 -6548533
-6436539 -4442870
-9498782 3552041
76445 -7527590
5183540 9838425
-4022503 8188317
-9574671 365403
-9597280 9887569
-9472510 8462266
3885808 5050197
-6221854 8328932
538160 1681801
3159495 -2586740
3872633 -3285560
5046017 -8616156
-5164688 -5968400
-7894918 5417405
-1030553 -9084875
-6612464 -7393700
4961077 1562244
-249439 8571076
-8547169 -9061426
-9173856 175890
-8845492 4371903
-577899 3869986
2198918 -2443331
9238470 -4283401
3129860 -7262922
-8032130 2397965
3781810 9518845
-6449554 7013888
-5052355 8617122
2048599 8171880
-9221819 3917092
7995688 -2047513
9039916 -1744390
-805815 -2253751
438492 -9507253
-2618997 -7463319
6406667 -5890648
1666021 -680544
5036055 -8878063
-6140985 904491
-6697543 -1834085
-2315239 8343238
-2126522 7084267
-1782259 -6248441
-8076561 2821123
9254568 2782692
-9264820 5217972
5989935 7250256
7512858 9775096
2784195 -4815880
-2279199 -9532298
-5422946 -9834802
-515346 6643820
7765757 6243076
-2852433 7037062
-4797023 -8375228
2484362 -7033624
2566995 -4595910
-8327999 -9642160
-4304684 3301088
-3916219 6111793
1329765 -5050116
4716492 -3181039
-3405943 -2680300
-4979828 -5254298
-4786596 1894604
2059803 -4742675
-8098855 -209541
8549887 4060809
1097871 9666902
3808027 -4302546
-8819817 -1182799
-3262357 8808741
9166582 3747178
-2951733 -1590355
-5478562 7378250
-7671866 3132048
2467361 -1632445
-1796392 -439022
4306681 1577770
-6527626 3223780
8481106 2036437
-8173104 -1951471
-7890661 2898603
-4918142 2893135
8590590 -4276438
-2942885 8889885
7698626 2287125
-3965697 3794759
-7795596 -618440
-3240190 -4401078
8730970 -3274158
5093397 -8395704
-6318373 -6285317
5292453 -6702995
-962862 7988308
24745 8764828
9329709 -9965404
2933199 -5632006
7261129 -8560952
9678963 8015057
-578706 -1631929
-9344804 -3263922
3047189 9636273
-982167 9205852
-5195226 5251593
4493787 -1706004
-7585356 6052097
9766780 -7896463
7916894 -3903729
-5915421 5059234
-3659586 -3045968
-3011372 -3374323
-6489977 -4329877
9625524 2438180
-7030411 3287504
-8344424 9304487
8556917 2390884
