52 8383460 -3465244
153
-7325884 1936680
6573512 6038566
5637176 1768248
-3511981 -9903440
-6278485 8035236
-1786005 -220773
2387650 3818263
-7960934 2568283
-1446571 5763305
8463186 -5950057
9763509 1999044
-9233060 -1487192
1438279 -6364351
3311202 7555244
-1544944 5135431
9588463 9845958
5884524 1129172
5413773 -1321673
-8708760 -5961948
-7926712 -8098208
1681019 -4987245
8831019 287283
5371918 6585021
-5135322 3386437
7436380 6441699
-9042904 -6672136
1840672 7199889
3351890 -8275964
1795632 -6721049
930734 -3336908
9025403 2767041
-6103787 -6964450
1713877 -2573721
-6019316 9309986
3728130 3005117
534225 -3946028
-1142392 7925501
4510523 -634756
-7248319 6745878
-4296070 1891553
5219418 2704413
-7579346 -3338974
-9098586 9576442
5371746 5772545
-7564363 -4786602
7980439 8818832
-8145618 3977392
-8596328 4393005
-3780657 3568260
9089729 -4615644
-6045320 9947474
7872975 -376046
1505550 -4671360
-7925481 -5100150
6791404 -3226417
9477996 -9705199
-3044173 -5472826
-5896384 4415003
187548 -9626407
-4413009 1991714
810547 -4860463
9116930 6083783
476788 -4818719
1265893 3036954
937662 6696131
-840043 355623
2495929 4892342
2737335 -2967067
-5550865 -5998520
-6708585 -2671794
-2376993 3756891
8284065 5285764
-299233 -2904814
-2531221 4904034
9412100 9888315
-4972148 3055770
-8344095 222647
5403929 6661134
-301912 2132693
-1171175 9186174
-458203 -9364250
-1955555 505134
54419 -7962273
8555559 -9218220
-1890014 4503555
-1739554 -8153026
-350910 5732993
-7171821 9060864
-3518750 9349857
9238172 -7186690
-1614568 -4106650
-1367650 6782377
-4040137 41338
-7825969 6552631
5738805 5657952
-1189946 -6480792
4024343 7796955
9834682 6854499
7636279 -5921238
1098669 906593
-4730081 8262617
-3488038 1875468
936332 4919010
4268867 -659859
2153451 -66066
5827284 -3976608
5322121 3055236
-6903426 6975986
3528617 -8718016
6939936 -4729395
-1210186 -8216225
9580730 8266343
5120842 5330509
9409271 1931764
5354709 -4726526
6052443 507941
-7616591 -9375372
-1940010 -7435594
-5579101 -4163907
5770027 -7671142
-9131398 -909297
-7854061 -5886337
3606002 6190723
7472707 -4757487
513118 9650971
-8565254 -3071004
-4804661 1819284
-2850207 3531828
-4536408 2832533
8106007 -3440935
-416642 3334653
3959282 -3325197
-760791 1966767
319212 -7980728
6864482 3660108
-7249189 -3910761
-7280746 7733084
-3559841 -5103250
-7344385 6325256
5976228 6429219
-6641785 3168734
7504370 7410974
942803 -8930094
3902439 -5345836
-6270419 -1077253
-7742599 -5475201
1199602 3312939
7796058 -1266965
-6731341 2955163
-3384729 -1884730
-3279139 -9866858
382578 -8117565
9295537 -559885
