366 1448124 1769254
476
5826894 9259965
135528 9457836
7378828 -2893875
6444873 6821171
-1463893 -9496749
9777042 -9852981
8260894 -3008038
435789 -4851017
-2469246 1083742
4203715 5165911
-2106471 2012730
-5469963 -9944170
3150117 9033639
-7643250 3723552
7688028 -9021056
-9761091 -3357643
-3899807 3514923
3137400 -7109211
9711961 5995374
-985023 -417727
-270708 -9235580
-2243617 -1207980
3941003 -2009814
1590280 708524
-4125565 3988109
8517191 -4206005
8366178 3767964
-4682045 -6952771
6770781 1516295
2495239 -2325294
-3166585 4458809
-9509916 -4749499
-1858710 -4550040
3961686 3627484
5726109 -9630397
-8865976 -7023336
-5714964 -4544599
-4038061 -8593241
2115283 742391
7246852 68572
5862567 506070
6790387 5764044
1327625 4228745
8261392 -7891658
-7700600 -1901594
5073567 -6727016
-1476515 -8350833
-2900872 5563652
-8292512 -818873
-449269 -8939186
6553830 7433598
5405351 684755
-5392134 -9161134
-5902391 3883643
-6047785 6723149
9745571 -8655538
-375142 9814782
-3440120 6535958
1160653 -9047517
-8432759 7337624
-9389392 3460053
5109221 6640808
-5279188 -8349555
831573 4724701
-1698133 8944653
6378251 -9617696
-6416589 -5144302
8210916 -5700046
8183597 -1808723
-5085574 -7691474
6169340 -7864188
4466947 7176349
3712308 -4205802
9263033 -8973173
8364451 7389313
-6634282 -9169726
-12566 1491412
3141857 991291
-4284008 4708247
-3830748 -6026570
-5644266 4017860
1389910 -7452497
-3152543 -2060855
-1353226 -399174
-5574296 7547407
9683219 -3922448
-6746098 3111396
1421946 -3333482
-9790303 -517438
-3128125 684979
1515253 8574149
-7418087 -7246055
3745237 -8497312
-1272713 5723770
2213553 9461229
-4004559 4896539
-39606 -914361
7024785 -98297
9502530 -675797
-3128390 8187911
-5734536 6444586
-7927665 9071182
-4262300 -2480634
-481720 3494281
-5820739 -4052602
7037899 -1093493
1660452 -1789134
-286446 2136164
-2140066 -4594311
7383271 957193
8370084 -9926513
-840873 -6621288
3280416 -1669522
171034 8700264
-595473 -4700702
4260236 -441004
-8853470 3669991
3705709 6332571
-7656795 -3115769
-4652019 -6776011
-5353152 -3477534
4733332 4902232
-2961604 6307301
-8287010 6963239
-9563216 4898330
-2511830 1612613
-2492322 8806869
9653699 -836351
-9619735 -9211906
8603744 -175267
1900082 -215208
5971136 -4619668
4229256 3046612
2447195 -323155
-4582813 6572461
5611279 7795176
2697408 64035
-3628664 -7139037
2340554 2252156
9666839 -9399321
2213292 2777339
-5899440 -2844991
-1164990 9720970
3025416 -6245741
-3904655 -784725
1516419 -5854488
-7957803 7995427
-6441609 -2512445
7164401 -1212195
7876618 6005587
-3682885 5097940
-4838025 3487897
-1134788 1530876
-6216968 -5950336
7166695 -8794233
-3500542 -6550129
-6878768 -620013
-8382690 600018
4354277 -5527406
-3795779 -2840922
1304591 -9550378
961401 7720641
7724548 -4136860
4650945 4519793
-6958268 -2594699
-7496759 2527563
8531812 -641153
-9110277 -9818431
-5768767 -2602976
-1397209 7189108
-9361021 3914280
-6705733 -2381399
8218619 6276564
-9250842 7427929
-5412992 2572897
-4461129 -3046620
-5325979 -1592049
4271091 -983375
6052770 -7601431
-196129 -1077964
3965951 9094502
-9030299 -5176536
-4994967 2497763
9894787 -8140575
1564885 -8247382
5666898 -8986069
-1367468 2203864
-1519572 1477518
-1094553 -3148848
1940401 -770413
-1300681 -3991193
4416758 7479272
9012249 3373340
-1711739 -8795799
-7357411 5065019
-3324127 608484
5431949 6608540
-8377345 -2354425
-7978648 2953334
4705953 -8482557
5047726 3586237
8306453 372851
4366721 6196610
-6952238 -3213118
-1467179 -6727831
-8202672 -2495485
7500140 7232140
-6878168 -1269561
-65360 6512389
1577409 -6073555
-2948718 -4906418
4218474 769634
8415209 4999583
-2047083 5841130
-125075 2952913
-3460850 5175222
8064426 7439003
3635613 -5154396
-5851162 2431147
-1780332 6683376
-5812109 -4801989
-7569849 16997
8747436 4204383
716773 8068335
4511132 -8801572
8808362 4810534
-4419832 -8437586
6561997 3026837
-8615681 -6004622
6948291 7031267
2206489 -6224404
-8785401 6003794
-9150602 -7212733
5218415 4850212
-5950060 7514588
-7287401 -6561917
-4028568 -9245816
4958567 -4857250
5727437 7235220
950001 -4324660
-9514126 238569
-5682664 -241637
5301552 -3933957
-7422227 3395685
426952 6685871
2977819 2042416
-1953790 5149794
7937061 4192418
-8441017 -8588040
8926548 3155476
-890088 -4391077
8879459 -8360853
-3218103 5081344
-5167083 -3645621
2029719 5025686
7780608 5782918
-4458719 -4968054
-6385659 -7902056
5493629 3359186
45057 8708466
750882 8436934
3586728 5539229
-268353 1313445
2725405 1523789
7195618 -6193018
-8067742 1651954
3291101 -3694470
3903226 -9188283
-2833904 2589351
-2384963 8736143
-2964587 1712168
-739534 7911997
-9990059 2576695
-4064119 -4608841
-5900375 -1980077
-3543143 -1502710
6552871 -2633141
8680304 2559937
-5916274 8800871
-7392147 -6077938
5574016 -8720656
-9898774 -5459889
7868181 -1134883
3970820 -3479195
7773300 7550629
-8220851 4102210
2014207 -5191286
-98239 1039615
-1052874 -5459499
2560424 -1646006
-632364 -4436897
-4553685 1533633
-5906430 -4079492
-5278621 6642971
-9434967 -9306352
4489345 9845584
-5614304 6139049
7520519 -2893077
3627728 4770229
2320858 1491339
-4406451 1401029
-1273905 -3383640
172327 7607757
4664610 8627856
9498202 9119454
7198909 -2774966
1275019 -1134162
-2697302 -7354776
9288196 5368589
-1421411 -5459571
-5613986 9853229
-1491369 -6932066
174858 -8711938
6058291 -3970850
36841 6318938
-9763681 -9104499
-2488139 -1853257
8270852 -1037586
-9893378 7684189
-680005 2935462
-9839504 9604824
-9012985 -3481096
-8319519 -6048133
1836808 -9193935
-4653505 -9031323
3338258 -9584603
-6516668 -267491
1020571 4363241
2908743 -3825458
-7506520 9595214
-9509285 -7054415
1092328 -7270200
-5791434 -9481071
719470 -636820
-7701358 -5684811
6436365 2555817
1591073 4975490
8927357 7423380
8229446 3271554
-3243417 764165
-6304086 -6424059
-4175198 -9905158
-3025565 9695598
-4129860 -638275
-1043061 9883179
-7171236 -9120027
6126125 -8035994
4999287 -3562556
-1683024 -9665309
7166232 -4281243
790926 -6868030
8107460 3602598
-6457670 -7618000
5653554 -448831
2831686 4288128
380421 -7589862
5021332 6527600
6223199 6205223
-4433052 -8004233
-8121054 4609691
-1993984 -2959761
-995754 7224062
6177858 -5867859
6983185 -5996467
-7761357 -5505166
-2373196 4149417
-2247985 3029569
5411569 8250616
-9681863 1294346
-4417526 -6418524
-4008386 3149823
-7806224 5962896
-5315529 3529298
-1958583 933327
-4456982 -7232228
-191989 -79636
9660778 3549035
7681176 1328609
5332143 5838637
2849823 4664361
-8669869 87138
5633059 2992980
1243596 -917854
2892844 1044629
4626105 1561734
7227909 991671
9470919 3134071
9179721 9421685
355012 -5844610
-3076838 -2778862
-342146 -1585617
-8036582 -752474
-9423865 -681367
7673622 2160946
9341660 -1575370
8511768 -6960203
6032777 3188143
-7729711 4144828
7705809 -2723626
1354460 -2320514
8671157 -5151734
498689 -1417631
-9479593 658428
4813818 -321590
6899548 875419
1806154 4253333
-6499141 -3442597
-1607612 -3714076
963223 -5923006
-4982023 -3933990
-894193 304883
-6506974 -6470255
190925 -4861415
-5068689 8279667
8475505 -2103266
-4738648 6285771
7384492 7146662
-9678558 5760041
-4561549 7904899
-8703329 5135261
-8095054 4854352
-8588245 3102825
9388750 7922157
4515503 -7679505
-1613495 -7131675
-4310440 9533480
-6936774 8664
-2336399 -8301062
9978605 -4229497
3667238 -4888736
3913387 8454111
-1882875 1444942
-2795016 1297880
-8280869 -1561432
6090181 -4840213
2530491 5532154
-1365020 511479
-1566364 3942246
-1220907 -9459918
-6591593 -7050861
-7517380 -318050
9690615 -902033
796905 8062198
-6167299 9870568
7498185 -6708138
4262325 16291
-8538766 1411572
5225804 4895803
5850723 -8817430
8858709 6944936
2477090 -5542744
4968735 1389201
7847799 3628422
-3315144 -6597629
8867862 -3373107
6308843 -7390385
-5776066 3866834
-5554616 -1484190
-1613621 -2462809
-6654594 -1721914
810729 -4115436
-187512 7607731
-4980114 -5211685
-4029115 -4961707
4499581 -9129391
7844217 -5170405
6218796 9493023
-4362202 2812952
-1268325 4066595
-9306512 2322654
-2551378 -9884110
3982724 -481316
8034494 1672556
1726100 8428109
9222547 -3579127
-5178211 5071506
