289 9477813 -6973357
805
6542524 -1368399
290378 -9177504
-3468443 3277406
7015615 6176650
159642 -7098246
-3847189 -3810170
3235701 -8537675
2939264 -806819
-3924801 7388726
-551836 4976618
6812548 -4107938
-4996433 -2433843
1451528 2856086
-3347248 6917017
-1088817 5908685
-5459714 -7804253
5534595 -4546293
1247465 -2652983
-6476333 4582504
7484259 -1736919
4452911 3683309
-2338014 -6362930
-4653396 -9795035
110043 3117602
-1905780 1421803
-169782 9558207
9640716 -5093232
279206 -2649863
-5732845 1092245
-2999070 -551690
-5839590 3178338
1148397 -5942432
1404585 9695005
4277510 -7604137
-6824704 -2555396
3644265 -5721879
-9568457 7628207
349524 -8693749
-3059794 -4221853
-283697 -9540433
-9982226 5034426
2457547 9546521
-3103342 9658491
-6732912 -7263247
-5298584 -6319835
-625145 268018
4325586 -1138174
-8926817 -9476747
-7080884 8246524
-4308872 5350693
2145166 -3905588
6238971 9335394
3157997 2576710
8354857 -3411504
-2951937 -9901797
-2351018 -1928840
-9865967 9582190
1757033 -9893471
5359634 9547044
-6772791 5024121
7808491 -9938950
-8560772 2602065
3125318 2134077
-7103047 -7487588
379457 -1439214
-2828450 -1411918
-9560172 -7475376
5101334 -6589479
-7484631 -3885823
-3787619 3456191
4043704 -7920215
-8338025 3861363
-3515756 -3305911
-3758867 3419008
-9040519 -8156122
4421281 -531657
-7929592 8767972
-6581599 -1623139
889273 -2287922
6272864 -3684645
-2580211 -8731269
6309707 -6555586
9371287 -9624031
-3509854 1411041
7383584 4403009
6482794 -4781121
1596594 -6056360
637730 8144769
-5919871 597190
-5042579 6878863
8863558 7555962
6323934 9378702
-9728085 -9066034
-8837604 2258687
1090394 1161189
-5053728 -48388
-4087622 8510183
1402504 -8744021
2667020 -4716334
9686675 409003
5627882 -7433044
-3489403 6169469
-3169410 9740829
338019 7148327
-3456458 -6572929
-9016967 5295440
-2809506 -4592899
-3658933 -176681
-7917994 -2537590
8623599 -9980184
-28572 3172401
-5801064 6086223
7342202 5883807
-8832527 5601441
8526796 -7474426
-4907470 3370500
-7943679 4154678
-3588141 1603127
-8732194 -8596737
-5169666 6749879
-5438329 -2188651
3218450 8329719
-1846962 1752166
9214576 2075869
2095685 -7248604
-1559851 354527
8957102 -7932886
467273 -4844562
3273231 -1184344
1341230 -5848902
7521598 1800027
8471057 -1049888
3069592 2094271
3497534 -5117083
4149148 4337398
-7851253 8327868
-826061 8710819
462985 -2116451
9959419 -156671
2594725 -7806087
-4935208 -5428544
9154922 3551227
8706665 -5978106
2837550 -377805
3773293 1979896
-6220077 6695132
-4354755 -6188757
5905514 4767332
9650249 8714837
-4431413 -8080600
2763620 3799397
2510217 -2282665
-1882764 -8062441
1780888 5489554
199820 -1923345
-4835536 6891966
443193 -2219036
-5680789 -5680614
3941582 -8333790
3646106 7156761
-3631754 -9768773
6558823 -57619
-5290287 2013491
-6755320 -5019311
-3099910 6876315
-6807936 -1186733
-953046 2180062
4117622 -1781367
-6291812 7164191
7757198 8414862
-2176820 -3575640
4205324 -7078338
-2758951 8266373
2448935 8524535
-1802351 3698983
-3553438 8611393
-8929874 4565895
9095738 -6994615
-2013925 -4220160
5172507 4856770
-6329963 -2597483
9582579 8364571
-3416795 -4766656
-7602465 -3783447
-5368584 -7192255
-767895 2671085
5592748 2454596
-6762678 5953781
4478317 5350149
-8434516 -1797391
-3185997 -7324034
-241787 -1987954
-6466216 -2115871
-3819679 -8629697
6227073 1519859
1438728 -8647172
2233752 2413462
7646806 1021307
7237861 8816957
4141054 2560693
7748131 4385629
9356577 -6626841
9326940 3340879
-8792620 5110251
-6687139 -3678391
-8486073 -7227136
-6698738 126864
527345 1272140
-4841205 -3164954
871257 6707667
576847 -8614132
3799331 -7690015
-4152355 -7189401
4143908 -6037511
-960465 -6914494
-12513 -1715038
-5825527 -3212334
2644897 -8139584
6970668 -6498586
-7660625 -3631371
-8342155 2799881
5443097 -6146697
-2358205 -5040893
-5689494 -4029558
5194461 2800591
-3297189 5181763
8101 -4228691
-8901740 3018494
6980984 5855746
1457604 5242169
6043483 8536871
-4675463 -8554909
5821859 -9782043
6235723 485786
6854415 2792527
-4407592 8575098
-7571599 1028612
5987719 -8964495
-2994052 -7413451
5387140 2814577
-9487307 4716761
-9511930 4606303
-2375202 520794
8892892 -8413669
-655148 -5394218
5659005 350496
-5688061 7904687
8122644 3499894
-6014320 -9866202
-4557322 4358367
-4550182 3356447
-5614941 1035086
-5413056 -9605429
-7018880 2889130
-4296292 -5890756
8826005 884612
-4509084 8732753
-746453 1830428
-4066889 3115714
237848 -1853561
1013287 5277963
3182650 -4103147
9396747 5325226
-2024624 -6178353
696366 5898779
-8228422 3418054
6969493 6146184
6540756 -3843363
1562119 -8443563
8182033 2038228
-7077159 7265827
5998580 7008038
-1161534 -9069891
4045823 7768479
8431270 4771577
-7434108 6800023
5213228 -555443
7286135 -1735105
-5397106 -2873673
-6974894 7777864
1195918 5299260
-6038203 -5203316
-6530327 -9318237
4754552 -9497447
-4942867 5031792
-5186028 2936585
-7539024 -2020026
-1089917 3328904
-6386264 1299442
8587372 5472258
2272281 -7954994
-5994084 3669616
4450863 -2514491
-2871812 3808403
1586267 9053757
-3130630 153294
-2533670 5298538
5980301 831167
1333720 -6547645
8484148 -6748794
6187791 -1092795
6887180 5814472
-856624 8648767
-7535438 8313615
-3697774 -4726536
-2681529 3568286
-2762098 1090859
1092721 -6159261
7649142 4205118
3258875 8220909
-1625796 -8248238
7050300 -9871755
959412 -1643114
1809242 -4453047
-8685489 4809484
-6283310 -7190258
8624214 7502303
-1332578 3120222
-6049811 -9716058
-4442593 1131984
-5299730 252415
-8656725 2875878
-767031 -5545475
8659643 -5047652
-6826743 -3117889
-8849775 -5565130
7079468 -5936187
2420700 716877
6263831 -1961120
5364717 -5770058
-2960316 94694
-2403003 1597759
7234333 8180250
8464192 6264420
9912756 -8815478
-6046710 -5978401
-586171 7129379
4100256 7812917
-7234735 8646798
8045262 -4723749
-288879 -4061478
2336 9195487
-87635 -3209411
-2654178 -7576964
9169330 8692548
-1212758 5226891
9341002 8725366
6905616 -1099408
7681364 6575335
7759857 5369808
1907760 7594120
-2760149 4229499
2042416 -8678411
2484740 -8659893
-3383642 4807681
-9253796 530002
-7758159 -1156168
5634421 748540
-4312072 -5329442
-6636894 5496595
723486 7373610
6098976 -5333299
3567293 64488
-3360177 3004592
-9109248 -6234991
-8640871 6916033
-6338116 -4685136
-3363546 -1401019
-7544560 5704301
511982 1637546
-7832452 -928201
7915631 -6225462
-2960570 6925741
-8403700 -3933596
-8437000 2727358
100968 -5040594
-7857541 -5197162
-2616321 8716296
-5762760 -1773896
1991113 -3460146
-6544113 -4872007
442857 -4133405
4465576 9634124
5338425 -404337
-8766791 -562632
8509167 8366759
-7858702 5917109
2842851 -1058850
-2476093 -819272
4424439 4439151
1914909 -913093
-3593903 -5474593
5758056 -3426279
4799825 3789776
-9670369 9995296
-4876711 -3209061
2657534 -6214482
5935994 -1917501
194514 9639462
-8406818 1274419
-358821 -6055924
9861185 -9897650
-8440148 1782477
3479557 -4779612
9659539 -916241
687018 -2096004
-5054244 -5909199
664522 7093116
882892 -9296188
-9300892 7980699
7287990 1212523
-2485606 8338750
8937601 -7538124
-7898662 -6549612
4724808 -867885
3076191 -6305479
6313223 6882339
-8818832 -4546271
674117 389427
9473187 4660725
-7435278 -7149991
-3059190 -7323443
9769673 -9973170
-9269358 121684
-1897617 652566
-8134911 3946102
2284852 -4609626
-2147750 -8104165
-4653776 -6261195
2870921 -7530059
8680814 2587384
-530277 8463464
6433545 -2489611
7899816 650891
7827968 -2892337
-42328 -110645
2565913 -9607310
2935872 -585166
9536518 2335586
5504504 3666514
-2387383 -9844747
-4454373 -114054
1781781 2413821
6152627 -4085770
-1615829 -355643
-7768259 -8460100
2519716 9581337
-2908274 -5782184
4868707 -1046738
-1422723 7507894
-2602750 2696676
-4394282 1051301
-9533865 2479515
7331453 1057943
-5275543 2519005
2674258 2835958
-7278096 -5146574
-216400 736238
6650468 -2979963
6664395 8452579
9992479 7550991
7132328 8896136
-6886047 -4971453
3981809 6740406
4248300 499012
5712040 5075438
-3873261 4161902
-3358583 3834111
-5107946 9109226
1628231 -6027129
6808829 -7867137
9502642 -5697510
-2444920 2047085
9067122 -713758
-9744827 -5794452
4272891 -1752131
9660358 -9752348
7792551 -6078429
-9338023 -7225689
-4210325 -5709287
9366151 -2573371
-8411468 4018068
-2147821 -4507109
7118469 -1770051
-5280828 -4739415
9909800 -1253299
-4434457 4044353
-3908562 9412442
-8784964 3120623
-157477 7674913
8439134 -8529791
4234213 -5884586
-1963015 8099492
3390155 2026765
6317478 -8784686
-1358057 9179831
3197899 5683629
3692872 230475
976777 3566430
1343367 811342
2074395 5695949
-259697 1253167
665610 7639938
-6723087 -1651907
8539358 1880646
-4132792 3119436
-248798 6978493
5077985 -9898579
2128186 304539
1519853 -9015507
-9835676 -1554336
6645646 -9838204
392272 -4121425
1961357 338518
3666212 3885401
-418650 -6695276
4557891 -4259393
5896897 1838005
2702451 -4776499
-379500 9173810
2293246 1241809
-9263346 5487708
-1894519 4560800
-5134661 -1669008
-684515 -9766332
-8804316 6385192
6546989 -8003839
-2125264 7841330
-9303799 9455613
3341014 9836093
-6859183 4362413
2619373 5438716
-2723278 215060
5438562 -1483730
-2309919 2495525
6253686 7575414
3063122 2499679
-2939520 6990341
7837685 3684955
3918623 -5557829
-9172636 -2846830
-8334317 5114308
-4528010 -109295
-8137330 -7943229
-8107136 -3831809
3046957 5203684
-6841248 7550033
-9718555 8182682
-3301048 435474
5447351 5720007
-4188227 -3094615
9405065 1701038
-1308621 8874895
-4923797 8981897
-6575932 9045416
8714938 8994826
-3374514 6767784
-3341511 -9619379
-7562608 2097477
782020 -1478841
6241195 6846608
-3087007 6345329
4528011 9399948
-7648226 -2805562
5430798 -8773036
-1867651 7799126
-499836 -8757429
2633819 -9946234
9035663 707895
-246689 7710022
6704848 4976084
1743868 -1531751
-1151130 -6669665
-2055836 8402358
9439869 -6197386
-9350778 8726184
5071514 5681065
5081013 -9921433
-2726995 -400475
-6657159 7432787
-2251735 -7296197
-6053625 -6008457
-5954691 7248429
-2043676 6580194
4290216 -6919027
573409 225987
8694236 -6488584
9358103 -7682723
3235987 -9940542
-6137928 -2697733
8544804 2675857
-9126726 7027646
7106213 -3867330
-1751453 5954287
-4096574 -5620781
9599374 -5892259
-1900716 -3831956
-6583527 -6454251
2642295 2144593
-2258082 -6110850
4115137 9448863
-7039720 8315327
-9367395 2809374
-4614816 4834735
-7862997 3868592
9060801 -752743
-3725097 3198159
1847181 9934075
-1595286 5897469
-9723312 -9904272
-5796531 -3175507
2992537 2392414
-1545484 2302753
6963699 6409010
2814512 -8903189
-9454325 -5294383
5537297 -3070350
2255376 6022307
857042 6169902
-7445154 7640560
-3112183 -4489603
1224908 4132000
4066075 -4320927
-8423458 -6927911
5684170 -7529210
-704717 4369582
9278348 9887639
-5293255 4804172
-6270466 -2267136
-1170324 4186796
1408765 6544047
-6526303 -8108297
430362 -3053938
5632316 5729073
-4114015 -8712596
9314154 8187163
2319163 2773803
969228 539062
3611152 8901590
3888732 -4937878
1948056 -704678
-8300687 -6815985
504539 1226404
8959269 8922410
3109206 4234074
778121 -2211055
-7803000 -5482028
1464034 -3231830
5013595 2627362
-3568882 9612703
316218 -9100420
3673383 -4254728
6284335 -7364619
4053323 7158963
-7778915 -7588161
-5776487 -2057944
-6357577 -3314507
7911898 -4077174
7361589 4146963
-1618963 6871167
7176464 470795
-2494881 1675510
8443680 9373464
2000826 1485506
1098209 3457275
4356855 948296
6693569 -8585573
6566160 -9453409
221906 -4505744
-2093905 619483
8561539 2442992
9128485 2129608
568786 4720315
-1132722 -443265
-3572098 -2069625
917523 -235333
-8559823 6120718
5494182 8422642
-91852 2400209
8373836 -9988640
959657 3522709
4937136 2730691
-4206366 -9830422
-4336166 -5980352
4639132 6015541
-9025115 3569929
8215889 -4282977
2953690 2619722
-7823542 -1215325
-768597 -8179032
-5898013 -8879288
7241431 -9851074
8571568 8058516
458725 2735613
-4736674 -9003931
4518778 -8651087
4079605 -1260665
-1091087 -8027733
-4008085 2389591
-1594868 4572747
-9340972 3147399
1380775 -8103631
4516092 8874917
-9824056 -5665535
8671786 -791098
329614 -592653
-443727 -7226227
3348642 -2428955
2823011 -9355806
-8359737 6323719
7672633 602689
9342024 -1324607
647660 -5731410
6658181 -9232711
5340036 -844072
-7696673 7579666
1992387 -1484584
9906685 -3799546
534920 -3491521
-1766267 -9917371
-7993671 -8276942
7013183 8563348
8650745 1562602
-5276852 361825
9201897 1473756
4592797 -3636589
5038805 6874530
-8856880 3934821
-2781538 8202817
-2641255 317653
-2102681 -7441502
-6409734 -7821575
-1621121 9889707
8914538 -6503049
6095933 1430151
-4330439 -2851728
8227972 8102262
-7818784 -7317255
-4439078 6878717
-9131174 -3095635
-4215872 -5237181
-8362651 5461623
-8087203 3339285
1542103 5296821
-4385525 -868741
-5793890 1417200
-3888023 -3971854
8434205 -2203624
-6190320 4490857
8437360 7348744
7013368 9905613
8007875 6623274
9306019 5241340
2120057 2705443
9609808 7383293
-7853887 -4494765
-9033141 -4606063
8733222 6299814
1596636 5396008
7043619 -7208323
4208878 -272537
5755609 -8750271
-8437542 -9679145
-2671936 4189815
-5945089 -4627862
7794103 8281777
4905051 -8931721
6309619 -1681670
-8976227 -3272578
-5889285 -9053972
-3548736 -9366418
8543871 -3743172
5072995 9934475
-2153165 -206555
2585123 9185983
-1086554 -5109546
8656536 -3205999
9631208 7185407
-6108426 2735346
8107484 9475625
7757402 -2053515
-8468884 -1582061
6736269 -4821195
1906227 357087
1303116 7760042
909976 6016942
4790123 270732
-7278441 -546153
9247293 -136882
-8434547 568394
-2024800 1832416
1142769 478899
-9819342 -3368264
9367082 -6709671
-7234046 -5927767
-5464930 -9082
925209 -9476644
8218513 -3933813
6423274 -2338522
-4578479 124740
-3858317 -9757258
-6970174 6331497
8301697 3448158
5827628 -4248615
-1163869 7548990
