352 5570765 -2856871
454
4220630 1828261
-4198833 6372155
2791044 3964532
5841032 1409952
645493 -9410287
-8530695 -2427821
-264822 -1601080
-8161994 -3042117
-6194384 200519
7622195 7085549
7330072 676529
5286175 -5953534
-1013971 5373272
-9618169 -9798647
-1711530 -27518
4317095 -2475040
6413467 5025452
-1010016 -9881738
1528214 -8279136
4826929 -5168984
2403195 -7826292
-6911020 6296235
5770470 4654725
7371597 -5073014
4528888 9576086
252616 -2489856
1556610 1858960
9748584 8055143
772848 3058991
5547826 2646767
2688079 1577670
-3396878 -135079
-7500464 -898453
-6661237 5593106
2940474 -3455898
-8765838 8165692
-3021721 7860021
-4968902 -5676857
-8233519 -7251250
-7675164 -7597305
-87161 6295369
-9329319 -4906196
5665299 3985802
-2955207 2935617
-4417616 -3561853
8015817 -7407381
-5026107 8270464
9888363 -5381061
2728397 -2526571
-3466117 -6772874
3909170 8185223
6045244 -2231954
2091189 -9112550
-6363800 -8923657
5995390 -3625978
-7330608 8477388
6087545 -4091770
9894032 -6659927
-1207957 1752844
8190992 9455177
4564149 4374427
-4838757 -1276839
-4141547 2054394
2044175 -4950394
-9206916 8586850
6772074 8578058
-3653896 4702255
5589705 -4666330
-3589987 953645
7327668 1742257
-7264003 -7594596
-9170014 2513412
-1630163 8823542
-6907261 3240370
2695547 7161880
1536308 -8716269
-7476756 9776048
1830442 6697551
4263510 -1618303
-3031452 -6125383
-7547324 5056594
-241151 6256974
-8409356 -8684868
2268778 7864906
-7876485 -9482990
5438766 -7887202
4626210 -5140487
6199407 6268752
-490878 -7003953
-9842072 9292146
3092229 4721021
4497070 -5789412
3424491 5615474
-6002829 -3672488
202130 -2311999
-7255404 -6517929
9739045 -4828842
-3513710 -4980203
5401056 3846042
4363052 1271420
3384218 7524571
4900436 -7681830
1103274 -9473220
6039180 1099844
391990 3128748
-2150231 -1286540
2924048 -6515780
1616046 4863191
-8809296 -3651461
-3447107 -1870431
1611641 -6090814
-919656 -8186159
9349990 -6132962
7713080 -1917014
9354407 4751046
-5208030 -5407516
9427006 -4745023
-4218242 9692406
-6691398 530280
-6340972 4337290
-6949250 -3783055
-7782483 -5974850
8888341 5974798
4839689 3833563
-8036868 2595397
6504583 3908934
5722775 3574773
-41836 8101279
-3815734 5072766
-7659836 -9812404
-5219919 8055025
-6689998 -2867866
9340893 6723439
-2746280 -8391888
5945402 -7350505
-1133560 912748
4937898 8996152
-2512698 1083957
7433872 3826240
8937989 4843344
-1247722 9397005
-4511870 5442573
-3939796 -5524946
2064172 5446294
-1849757 2244470
299495 4404336
4052823 -4553324
-7829885 -3874150
-2266038 3393716
-1440437 -576165
2852936 -6320635
5191869 -57644
3542665 -9692814
-3350222 -7320828
7522516 976538
-7110105 -4412232
-8969659 -3725206
-6733800 -9105623
-1142976 -2909455
1851368 5330372
-7748939 7007267
-7546057 4667215
-9206935 6303884
-7786048 -5375942
-3435754 -1472972
-5277255 773515
3232223 9417182
9724368 9914614
5110138 -3225111
267779 -3625853
1961915 2632654
1423801 -4325974
9084755 -4491392
2599153 4690001
-7463274 -2058221
7465398 6966873
1634089 -5212213
-8908329 9919341
7059752 -5056494
3470534 -6694377
-3404510 -6376002
5557532 709631
-6859402 9827714
9118955 5281900
4172399 8250736
883391 -8096914
-9906536 -3865686
1642922 -7692808
-486455 9178219
-2880001 6758428
-3758347 2050271
6838058 7101749
7021091 7875742
-7180751 446081
3751704 -3402805
221193 -1193865
2032119 -9652805
2691261 -4221275
3576977 5172717
3423453 -5673432
-3770346 -2250623
-3599957 -5693156
9130388 -3676882
-4498663 559318
-2682254 -8839714
3210557 -4862312
-7760562 3559399
-6048506 -7435032
3011049 1776881
8374076 9287095
-9390418 9279106
2142653 -8888379
9406698 2641701
-2185582 -5166086
-839518 2983675
3249404 -8762128
8061068 -2093512
4229606 9649448
208766 -292191
868095 2247295
-98664 42864
6118615 6595004
1676324 -5342874
6434007 2586461
1873556 7203726
6482832 -2675565
-1563944 -5000509
7641192 -1374515
-4024249 -2157246
3342781 7971963
9209835 5136233
5559073 9108538
8757986 -212745
2011416 -7694969
4552326 -8516896
1525968 5395863
1990868 6970014
-8372860 -9839065
2747397 6183544
3387270 577499
7901934 7137305
-7863204 -129898
1011939 8854342
9213448 2294341
266304 6987690
2123923 2556230
-5818880 -523861
1779746 -9800652
-7495621 -7060894
6938562 -6208837
9187026 -426942
-3456928 -9019118
-8858183 -6305754
2394143 -9313435
1264064 -3594434
-6457128 -4218587
-1832132 -8317649
-9463307 8196020
490361 9179807
6167498 9750142
-5177276 -9243335
-7250844 -9192227
-8992878 -996156
-5540698 -2954745
836418 -6488499
3084559 -8602136
4895098 -7460204
8750395 2143984
-4653099 6036915
4958834 1144538
6925951 6610965
8293316 1018058
-785922 -4906181
-5726373 1346362
-6387144 9704440
2977457 2957477
3765250 -9048068
-44224 5726614
5288221 -2711276
800226 -3068570
-9154354 -3875361
-8819213 6401137
-8938527 5740744
-5705989 9931182
1075720 -3591626
5535692 9252845
270903 -9481976
-4388157 -3654640
7691722 2001334
1705774 -7598178
-2124349 -8695422
4772862 7199583
-4557451 -8359098
-1070374 -5271362
-5823580 -9269230
9371761 2246204
-8836306 7538418
3279162 -9447451
-9516269 -7774833
-1366458 89526
-657629 -5924196
-5406172 6685586
-6969054 2129627
-5869039 -7277977
7640198 -9277331
4543599 -1646913
-4447330 8032201
9673103 -683538
-3438548 -6488428
-5757658 -8880918
-4118362 -6745775
-9207357 -6385896
6683005 -2954668
-8213148 -3411842
6677684 7166736
3758892 420394
9622332 8536407
-6817614 869072
-3892552 -7346722
5892299 -2686653
5666434 6263998
4296199 435899
2268713 3735457
7247029 -3514345
-2395263 1346517
4600742 4005723
7619827 3486375
3048060 -2090262
4497896 4302832
-6014079 4834912
7771658 -6308068
4744691 261165
-8869762 7393990
-9952732 7927078
-4759575 9754038
6018036 5939568
8891819 3423212
9675021 314235
6799890 -6323116
5023401 -561598
-6555875 6920979
-7076293 -7859504
50234 3580305
-9600511 5971767
-6676969 7064482
3272766 6901762
-2837072 -8905311
1005031 -1982543
-4055465 -9190482
3079908 1052299
9508219 -6298687
7124525 -902056
1928531 916390
4593274 -684102
8754300 -1271578
8165753 -383324
1757172 4714777
-1704918 -8910540
-422421 4323758
-6095408 -8789076
8112686 -4583038
-3488349 7177358
-4805185 7791966
1117836 33034
3601686 1139351
-2642984 -5802256
3295688 3109905
-5973704 -5518459
-3686209 -4775780
-3531006 8619570
-9247402 7584443
2299220 7151099
756912 -4973878
9349880 3110655
4321579 -9665509
8267806 -6745528
2948182 -5049383
-7257416 7295809
-2671156 8142998
-8201299 3860420
8058165 -9069470
4040435 -844283
-3846390 -6129795
-8389223 583083
-8280994 2467401
51844 -1920229
7747223 -7528396
-2502273 4867416
-2021929 -1495865
-8645022 9363959
5134784 4816002
9766620 9622784
6918594 -1917034
-3774036 5025556
-1114024 -5752562
7694320 -9458983
-303266 9460493
-6669301 -5748893
4834191 5850344
-9165903 7457828
8053952 6553197
1541153 -6597707
8269710 5801175
-5694690 1555232
919192 8764133
3580136 -4339712
7799425 -3946024
-3346706 -4136892
-9111336 4718019
1481809 2879259
-4063372 -7709008
4267838 -8307519
-4056412 5633363
-5999941 114889
-2427283 -9222221
-152672 -5165843
-9247198 -4373331
-8572156 3904834
-4539934 9022512
302998 8249506
-6090205 -1104390
-2534062 6399486
-7737406 4225572
-8540057 4119233
9514844 5667610
474954 -4541896
-2849415 -4548528
3601187 -5257208
-2625967 3094173
-3611695 7601247
4951756 4946751
3089772 -1248015
-7343181 5704558
4727071 4517617
2767123 -9366762
-7954800 7546421
3945907 -806730
5935194 -488861
-6369628 -1275147
-5607537 7395137
-7146759 5661568
-8886960 -2616231
-5357086 3826
5614352 4714228
-5168173 2016947
9480050 -7997343
-6729006 9783583
5488141 2569823
9603792 8444166
9077404 -7268436
-9722015 2370915
4080538 -8877396
-6849905 4223892
-7051255 15732
