40 -7088670 9164615
867
-3272818 -728471
-8704154 -9231637
2529720 -3835972
5057248 -8117057
-5056095 262871
2068041 -82758
-2984866 4803139
-7227984 6551882
-4836021 -7047150
4079010 3749771
7618814 8323165
-4159422 1266120
-2836484 -3374543
5651571 -127712
2783618 -9400618
-7612736 4816186
5584549 9510800
-4325172 6199462
8082405 -9369378
-6590155 3248429
5682023 -6973690
345801 5477886
2029768 -7302843
8166360 3117817
9383940 7193748
-1966735 2245370
6027842 -480894
6144563 -3609805
6262483 5707710
6307092 1796135
9128673 -8437547
-8926746 8694356
4893818 -2770425
-9623451 9264434
-4970785 2976224
-1481114 -6213606
1780632 -9288762
5924748 8864688
-5501143 -6189600
3520500 4091108
8852830 -6117202
3401904 4070117
-9539688 -2602976
-6895266 -453532
3858955 6722795
8285249 1928178
622535 2987628
2733555 1874855
-6344359 8032705
-6474719 3110104
6896498 -1315143
-8087553 2044168
908856 -8806518
7520235 7837195
-5555345 5407713
1806863 1040735
7627205 5813837
-6789139 -4791232
4755236 8087517
-2673335 8831947
760126 -1385809
4118171 8128266
-7480527 3899013
-5551930 -3148273
9961831 -3824886
-2623677 -2026648
2533872 -625318
568164 -8194877
9642318 5959080
-6116855 -1911601
1645487 -5913026
2417163 5690009
-9101223 -8210956
9876561 -1855623
-3023676 -1829635
6784556 -2796774
-4668508 7736450
-5848185 902727
270806 -2149035
-3457568 -1400114
-910410 232638
2123672 -3564893
-1759770 -8376538
7582542 5208188
5812940 -2117451
-5514125 3982039
-327952 9974779
-8236177 -580610
7563767 -6912823
1257542 -8359616
-8640037 -5459908
4792894 -1957902
1461178 -3308545
-2941227 1461062
-9939052 -8268016
-5519026 -3882443
2552664 -849462
-6709648 6604646
1812835 3309247
3708148 -9127106
-2628715 -2374225
-2399446 710375
-9870235 7043334
-9869489 -635623
-6478887 209885
-2733671 1388054
1946504 -5118924
-5911116 -7940777
-3963363 -6592318
7656019 1147657
-218434 -3902415
5248123 -7863007
8741640 4850582
-1840171 1054827
1927721 -6929173
-6787046 -8132023
2578352 9299007
-1141307 -6670140
2694237 -4775530
5434355 -1010796
2893610 -1268298
3612779 -7299316
7276259 -5159885
-9235851 7701663
-8634328 -6687103
-8073166 8420168
3073514 1147238
8514172 -308690
-9253863 -5668494
-2597667 -3325998
-8941669 -4809789
7005570 -6868361
-3538501 -3846964
1377506 -4135737
-2630181 1672088
-9596210 9328213
4545249 2779782
7619897 4016569
-5765416 -5662140
-2349243 900398
-8163081 8116608
-8219802 -422408
1785254 4910433
9241939 -9705629
-3031627 2531391
7721602 9160624
-7707737 -1973296
-3303908 4727172
-9408565 -1246238
-9574150 8073598
-81837 -9522393
3257389 3345992
9878914 -5536588
-1198727 -6606362
4294036 -5886502
4746459 -1031618
1062326 -1352693
-6442260 6526657
6821028 -7152420
5378972 5316031
4476655 6305753
6848810 -4383074
-9655901 -714730
8039032 -6455098
4134853 3451886
3929493 981234
6843579 -5946984
-8967219 -2813118
580520 6722493
3352343 -165946
1318788 7390909
-3961784 -1901198
7141812 -7618885
7745047 -7887691
-55308 3962840
-7215054 -4359629
1257298 6937700
-3777030 9633756
5695010 1601397
-4946717 6778355
-9724059 -170137
3882880 1499129
8686011 7119520
-3641635 4915661
7266067 -8217116
1690145 9710709
-9674137 -8898793
5998674 244713
-5126626 7467675
-6053132 3743722
9384093 4818067
1755767 -3268186
8881922 641391
4759140 495089
9789796 4576932
-5593204 2328776
-6172095 -9934262
-298390 806028
8238041 5030268
6813152 6059976
5770685 -1979540
-878333 -8980351
1264363 6096548
-3919424 -4879658
8864064 6137737
955804 27444
6759258 764509
3922253 5227923
8239365 -1842468
-7265536 -1318607
3526521 8029161
611251 -2858740
7947288 7354426
2384695 -9687138
-1110810 -1298319
6722141 -8285801
-7266151 7176227
-4210873 -4156191
964151 3998212
135949 1869703
-8102853 -7655433
3109076 3608106
-8647619 1172757
1846641 9547681
-9254573 2108098
137260 4581106
4238718 4271948
1626375 3264863
-3905923 -5297641
3404040 6527422
8241621 4983267
-5324154 126182
5969991 -9024530
-2509966 464974
-7665323 9450494
4311413 142336
6266794 6748177
-9562714 9936841
9484523 135527
-7756374 2283928
9381386 -9770050
-2981750 -5102762
8162101 3620104
8322463 1160977
-2311601 6772531
1755798 -5757144
4369038 8446373
1938195 -1052003
9412971 -7144619
4822227 9428230
-7913082 4264000
-6471471 -866360
-929519 8353712
-1510761 -6034184
-1233904 -8928644
3817658 732865
-1853545 -1852518
-8232414 -9164091
1996886 -3691443
-6918912 2606402
6849258 9685286
648011 -2646762
6301235 -6265352
9106381 -7413794
-7985564 -1769442
-7505441 3928608
-6937752 -5898646
4971418 -3976912
-7494744 -5350919
8236790 -6539342
-3290125 1271352
1935186 2054448
2890357 4856331
3681240 -3780875
8825527 7403596
-394766 -721320
-851730 -1808863
1925785 -9746755
-7160549 7965858
-3803584 1032166
7477126 7370240
3987946 -1309025
-2769584 3055726
221159 -8524283
7452727 -264328
3523377 -1542051
-9487602 -5837398
1535285 -4541437
1677688 -4080893
-6677297 7732877
9527909 -6980433
1210704 2927937
-4302466 -1323820
-3357962 5652841
9201359 -1463014
8423578 -4645194
-3437866 6678485
-265789 -5072124
-3596407 3792550
6044574 9955371
-9070328 -6143680
-9464725 -432049
5026515 -8557930
9877530 -5413088
-7680210 -3295797
-276229 -6799767
-1355477 4364051
-6959769 3450827
-896331 4342057
5395395 -7801379
-2446572 -1694972
7499866 -3664675
1263202 -3368086
-9575536 9750429
2222152 7666795
4039468 6469038
8553342 3151825
4593895 4574743
1678007 3579857
2800412 -3012223
188011 3997797
-9121799 5040535
-1508637 1348886
-4309057 6434784
8633406 111384
932764 3602691
9938016 8703186
-4664900 -9051018
-9300588 1201218
-8615634 8275916
-2738694 2921564
-3926611 5423834
-7485071 -4185352
1910857 3183637
-9828586 4192936
-9292914 -5288730
2268157 -7124223
4224663 -8414713
8020071 3275872
-6612744 2431959
8551002 -830171
-9610633 -3163627
-2214645 8489018
-7793411 -4275533
6516735 -8998881
3922684 -6409045
1531141 -6221958
-407310 2512425
-4303938 -3437578
-9244642 -8496452
8731170 8383829
3775958 3978796
5564083 999327
-5724800 -9483026
2948933 -3899493
-2213312 -9821192
-2984819 1499935
-7494695 -1823944
-3583125 -2683111
-1681992 -5288106
-9180799 -7066389
9228005 4757044
-2730530 2350342
1429116 -8662953
5356947 -4518116
-6134287 2184475
8679623 4088117
7603797 7641672
674998 -3239941
2860566 4395349
4574157 -6376069
-2359782 3163606
-8660338 4105691
3938932 145523
-2626230 -9727110
5722853 -7743060
7013985 -1807029
3059666 4950858
-1195743 6799807
-7718309 -5511218
-810391 -5838795
765674 8663757
-1178219 -2130767
4629292 -1630529
-7235180 9496779
-6879290 -9993790
3169816 -144670
-6038979 -6722720
-4060845 -2974169
-2701279 7899953
2673245 3312925
4022249 -6978426
488784 -7796418
9003389 -2918085
-5912951 9293041
-6545754 3801433
2465190 3276659
3662244 4219921
-7410608 -8713029
-9216250 -9192112
-9185902 7870565
-2274105 6420812
9698092 -3499734
3526097 -5796732
4619573 8153599
1466525 -9175182
-6153608 9809170
4529105 8005126
7603393 4335176
3628218 3532494
-2666073 -8309558
-2516547 -401184
-6181263 9799117
-8913912 3662049
4469937 8924482
-688601 4386190
807002 5284035
-8215698 -446354
3756914 505094
-1341306 5310399
-1348430 -9107161
-9297991 2641571
646697 -4985686
9349491 5231114
-8720039 -1749910
-7543116 -4505939
-2390771 -8869760
3445710 -59662
-6397613 1427967
-7131199 -2951850
-8565659 8072325
-4127288 2180200
4250198 2241343
-7253562 -9826634
-1999882 -1992888
-8583697 -6078516
-920593 6651688
-8333998 4634664
-134221 9726104
-9507454 3531845
1542258 -6337908
-5207668 -7050570
-4593880 9151488
579455 754394
7802545 -8475140
2113537 -4035392
661160 9236886
1478229 7986249
8159616 -5088642
-4565178 -3258981
-6821145 -3840266
5327774 -3148875
-8514211 2258262
-5499282 6993776
525622 -6132080
-2469988 7509616
-9540953 -7932120
3735720 -5161303
-1890557 8381519
9906379 6831527
-7203865 -4088012
7665226 2019916
-7477482 3457295
885005 -8340192
-1599173 3198486
1874572 6319827
-6829048 -5903965
6354297 -2797654
-5803878 7173094
-8958986 3371368
880984 -2761904
-8177671 -8912621
8442428 -6143617
4754255 5558049
-5094071 -3448129
-5019788 4660634
9196903 -2297936
3675712 -7354562
-5694754 -8280579
4917907 -5439283
-9119455 -4777574
-681539 -3207521
-3488823 6567849
3740943 8189110
1560478 -6776349
461748 4781958
-1614311 4957815
1330550 -5199571
2874830 -3171883
3379988 -3915195
-9254560 7780759
7999176 8360200
3521991 2458695
-3305532 1674888
-1248043 7827237
-6950337 -8387625
-9078794 -367498
8716704 -5115524
-6926413 9948735
-6827614 2457647
9755957 -2849583
-7891768 -3849514
950915 -9342002
-2513885 3438783
9523588 6342098
-3360791 3382456
-5740992 2785380
7760427 -5361615
6313273 7780999
-1875411 -5545105
8583622 -4934769
-2785915 1174252
6058729 2021180
1969915 8447141
-6578859 1648668
8799085 5142302
-8707212 -6822902
-6164903 3423670
9378805 -5239944
-8897846 -6162436
7220020 1418745
6720478 -9742285
-5103899 3995381
-5707268 4480905
8935801 3725726
8790957 2417321
6107926 7519423
-7943044 8521395
-515112 -5316993
6331675 4026871
-8314475 2906029
6083128 -2352888
-8929218 -7021686
-9745278 2434577
-1211507 2965939
-5615315 3873228
4130943 -3991486
2520247 -8894837
5586068 9027044
2752771 6812979
-769699 -2961779
7073997 -5939920
5097827 -4661773
-7462414 9130953
3157824 -5417284
7488745 8869261
9032725 4843350
338016 -3911775
1039154 -9896492
-4414201 -6890910
6982318 9827648
8352514 -29516
1075647 -6370387
5173010 872761
-2314260 9178068
8732641 -2074219
-5497787 -567607
-2713028 5806638
4937591 9600041
6699109 -175442
-1306181 -9388232
-2028530 -3295794
-4691216 -2273455
-9653595 825838
3934928 6347938
6175586 -4067796
-1580959 -6566402
-2936789 -2955548
7917213 2011040
1189108 -7763779
-7321646 8119306
-2448301 -78250
-4271612 -2819432
9296961 4838672
-5336770 3182332
3794100 -1487578
5216628 -4126598
-3883701 4281922
-4892240 -9474588
-610297 8979056
7427612 9042688
-7523714 -4434711
2609742 -4153347
7857694 -7944151
-5707929 -6956693
-8837387 -8436846
-5998744 -3029575
-3332655 -1285687
6069337 -7754003
5428329 8480658
-3006920 3248919
9122321 -8261219
6020703 -7790291
5251473 7754972
6734028 -8871537
2687503 -5358824
-7277182 -3322007
2524646 -2319859
-264010 -2151088
-6591429 -7101308
-5538153 4028061
3514839 -5428815
-4198150 -9020545
-6774548 2698536
1179195 -8128813
-2363542 8653781
2908914 8172275
2898336 -3241220
7030104 -8554031
-7425568 -9333838
7823690 -3719515
2958478 -2221713
5458428 -9453492
-9088228 7999476
-9101831 -4805581
1738832 -5679656
-1108471 7876368
8855823 7770023
468560 -2790269
-8402730 -7918724
3251409 -8352245
2336382 -766272
-1491140 8676676
-9877355 7751071
8417233 -4461035
1819450 5213430
-7008283 6240923
-696216 -5222072
-7222596 966498
6160917 215556
4535900 6191925
-3415355 -9583899
702477 5943781
5669864 7956821
-9961903 -8828963
5335144 7267134
-3499137 -4194142
-5517466 -9812122
7938949 -2473925
3065040 -5394820
9818610 6356182
-4886542 7400842
-7821230 5326679
-3706823 4417242
-5367202 7472527
-3819196 4970446
-2097100 1685051
-9854816 2765450
722271 8605377
9776414 5815049
-4401465 -6723280
-8401070 -2372090
-2184212 -5384250
2141826 8597817
-6797003 8271090
4627272 7723218
5124061 5537959
-6619010 9740730
-3325676 -180817
9808062 -325832
7160966 1307123
5508526 -4011133
1270669 -4936134
-6330757 -1829938
6501463 4509292
7786012 5962009
6106271 -7900001
9232101 1901294
499111 -6077940
-7806850 -6109721
-8386502 -3781540
4272771 -663226
-8406143 6737559
9073094 7653762
9844282 -1731819
2091656 8881157
-5129976 7005248
-7930885 -2399818
5770245 -1342955
-6833663 8254710
4216720 2271708
-3111941 3468701
-4630005 322991
-3238597 -3879839
-7473208 -1614541
4603919 -8529095
-6675968 -5859710
3394201 -1123309
9046805 -5082111
-4297578 2467296
-6135195 8891087
5896335 7794079
7910613 -1265171
7391874 481802
-1263487 -3802790
8468919 3074563
-3456736 5469585
8308928 7873330
6509843 1913259
2815070 -4929668
9057589 9036636
-6823074 -2581010
-1187967 4897973
9815862 -912520
4071128 -2141162
-3250075 8034637
5828716 7935933
9187114 5162612
-4355585 -3744319
2452892 -904660
-7830097 4380928
-149487 -6561837
-8688507 -1286833
3142778 -9324207
8262477 7821337
-625675 -4042151
-4106809 7320067
2218040 -4932397
4155083 4705224
5080414 -5449745
-7415108 -1773789
-3837856 -8169661
-490697 929960
7185641 -4650742
-3039050 5153718
-7949002 -7845115
-4406952 -869147
7844020 -5582137
-4906343 -3095458
7242231 -6496849
-539000 -6643866
-9323799 -3383444
1684159 5354191
-7424233 -4589406
-7522799 8355595
-3418194 7656181
2002872 7578445
-1491595 -4739697
-6874087 -8487825
6665894 8210398
-9634716 86864
9217717 8716892
5651108 8474684
-4620774 -421910
3081241 -9255235
-5899101 5137809
-8245635 5058593
412784 7293453
-7295953 -4045123
-5689528 -4495097
-6838916 7697600
5276045 -6591370
-1331067 5163956
-807517 6300802
-2972448 -5688801
4398063 8374729
-392026 9909188
8383873 -3867868
5710222 -4740918
-3996153 6279451
1417261 -8692185
6366408 104746
-2601801 -4312022
-5840793 9295544
-5199553 -7381402
-9683802 -1530321
-5605338 -2038469
5641839 5592243
-5590603 3063595
-108854 7350675
5725404 1436950
1346138 6805561
-7062306 -4666622
-6891188 -269989
-3990537 1164268
-5011564 -887341
1733758 -56924
5631054 -8645156
-9349611 9131957
4266908 9790262
-9223707 -4549164
-4071280 4583106
-7308298 -4829045
750903 4086911
-6046062 -2898901
8538049 3158401
-36037 9679343
7529073 -7599460
2130551 2901657
6582277 -9362114
-7733103 656366
-9400558 -8429287
5441910 4000655
-4351035 -1253151
-8946537 6092299
4059487 9915873
-2984669 4346108
9517064 2504559
9107823 -7776615
-675515 -7215681
5942720 -6938239
-7258896 -9621114
-7220574 -4093317
1324692 2786530
3424416 -2573670
599048 -9576678
4510387 -1792335
-7791679 -6285157
2461692 -47703
-3955404 -2142714
-2226841 -3968493
-9622385 2620436
-4875005 -2695158
-471772 2411031
-2288298 6749170
9810932 1369065
1747951 -6345577
-7922542 5068388
-2145082 -2956270
-3013588 -4081497
8858177 3795686
-7996648 7585460
-8699697 3368564
-6679138 -5788327
-5414689 -3721653
2309854 -634542
4502246 2358470
2179664 2687470
7614853 9627242
-1107236 -8292108
3076957 -4673444
-1019021 -1296304
-6227915 7341261
6901343 -6425211
-7990356 -5856645
7939042 6404107
3989567 -9132179
4236386 9942394
6670419 -2193777
4084570 7557248
9439058 -8744270
-3869448 8910777
1598247 3941305
-3915101 826568
2534461 -786900
-2943992 4977663
-6318640 8127770
-2014617 -1446661
2128129 9969797
-5886848 7403078
3807185 4137773
-2478053 4568546
4510940 -2203247
-1880672 -8241667
1831933 -6302289
7469793 -7796102
-8885325 1270991
-4787704 6116697
-3056734 -4770726
-3041273 -6186453
8791211 9477727
121849 4014735
-7431925 4988923
-2524928 8107233
5510311 -2787444
3866681 1588224
-3843229 -8166151
