628 9362378 -1341232
684
-9569098 8296987
-7817807 4834338
-9474865 4708014
-4935167 9558401
-4667009 -181347
-7011508 4839073
381311 -3816097
-8385689 -1170874
-4780586 -868434
6796444 -7489529
5977752 8353128
-1415802 -8512284
9924218 -5308051
950817 9840367
1719097 6472254
4769241 9609585
-3039725 2149999
9374365 -532214
-8457461 -2514589
7304064 -5560802
9278272 -3124470
-4424214 2808909
-8361965 -340417
1307501 -2809903
-7783080 9373801
243281 -1896055
-7891986 8194672
-7113379 8827479
1184198 4548584
1020838 -3646210
8479728 5419647
-9914002 8306431
-2225783 -4559997
-4558234 9460363
-6100439 -683244
-1291361 -7254169
5554740 5694185
-4646231 -3199223
3990874 -290873
-917072 6661270
7281568 -1275854
-3081182 9326209
670040 1905934
-3545482 -7678208
-1324418 4370590
-209763 7475357
-1701860 9671662
7628018 -7607413
-8147050 6072358
7905466 -6930216
-4184385 8268863
3963049 9130457
-4068766 3886707
-6404166 1833170
-8989208 2438460
-8837394 2678762
-5478677 808712
-7285354 -9402223
-7080431 -2292285
-7921695 -830835
9160874 -5888497
-6216834 -5615106
-3222519 -2540986
6047724 3927536
6997320 -8853217
1931999 -3530457
-4400000 5329288
-784005 8411400
244570 -5952413
-997601 2811830
8006944 -6228286
4580427 -7318642
-6720865 5044620
5268687 7295073
8980590 -3801296
310207 7346993
4248239 8141464
8116831 -3390275
-9462739 3542073
-2794792 4164555
3150450 7534582
-4619778 9137207
7548607 1266803
5314390 4596217
9924399 -9690471
6597596 6833141
2030851 447696
8008668 1178023
-9010552 5309986
4025042 3277355
-6859300 9970039
627855 6851602
-6538673 7388940
-6552635 -8738962
5425594 -6001411
4049523 652573
-7693867 -1423956
2359199 1946097
-3457686 2371092
2680622 -2326411
7023083 8983066
-8052886 -8205430
2972593 -946066
6880273 9955782
3233137 -3521607
-3551568 905315
-9726731 6373838
-3720870 -407360
853678 -6265403
-9750462 -273505
2895420 8795624
9888021 -3184587
8761510 5201553
-2427354 2247220
2437162 7820176
-680406 2769620
4564190 -539755
1030531 1266708
1222490 -9946865
-3468472 -9572844
1332472 -5544372
3345818 -4503687
-2394695 1605741
-2143310 9624948
-8132205 8458983
-229040 -9377420
-2562007 4763215
-7518879 -341019
4422553 8715855
6536032 -7429881
-2143909 -3140285
-1163688 -4144374
-361313 4936633
4989768 2383196
2810352 -9138823
-4683195 4037648
2050313 6659176
-9218730 1178975
803923 9655618
630954 -1362040
-8223107 2671718
9951286 -9598086
-7422753 -785114
-2069258 4948759
7518878 6999800
6375868 6983126
5355104 -4625031
2827954 -4787820
7595376 -5006209
8371321 -9665926
4371722 -7077919
9581257 6204478
-2616546 -3577964
-3922346 -9637473
-8483160 8187377
-6624552 -775040
-373126 -6706267
-4975029 5843086
791845 2204121
-8279726 -4527935
4971543 -1689277
-3797956 8096142
-6691678 326648
-2163209 1546350
1880424 3420051
6342132 -3791888
-7587409 -3747854
-4809466 -1560259
-8681379 -7687603
-9500226 -6215459
3009501 -7164539
8645546 6391574
-5248988 -7363624
-2643151 -6329483
-857417 5542857
6369932 -922877
-2826735 -5885874
-3042874 5088328
-3365322 -7002060
-1065657 -2689730
3518382 8515102
7283601 7792827
-3767432 -1552675
759722 -7525865
-3741324 -2448811
-7096998 -6224151
2683775 9268178
4420906 -8451452
-4780934 7434788
-4506003 4294107
5887583 -3121999
-6491521 -8136070
-531390 5577200
1091492 465606
292228 6103289
-2865257 -9974165
7818662 6326962
7290640 -5581656
-3107520 6567583
-5881228 -1949638
-5657437 -4332492
7452038 9538127
-8913325 -457309
9493831 -5610704
8683404 8822093
-4299906 -5012172
9368110 -2912661
-7335461 -8275074
-5293116 -1163279
-5059990 -3727616
-3701781 4999112
1326074 2074753
6493098 6633234
3200817 -1383286
-816571 5901930
-8430562 -164059
-625932 -3957656
5585035 9021477
5927125 -7022904
-8200811 5078866
2583047 4610529
4214220 -9984364
-8259438 1951157
-9212122 -604888
5667496 -3552554
3962910 -4272112
318994 -8034285
1115301 -4711016
-3577949 9328444
5230374 6832470
9184764 -1878168
4164176 -683836
-9146007 -1441168
-5947720 -7734436
-139218 6781119
-6092000 -4148530
-4132894 -7556171
4394987 8122221
-2482667 -9875980
9087818 5182865
3427106 -6815171
7666896 3050728
856064 -6253900
5590896 -8701450
8131020 7278115
-4600053 -6662378
2653786 7315784
8390969 2080476
4346040 -3975868
-7194749 -7556751
-9188929 -5793178
-3349348 9229603
7351824 9194529
9318549 -8954361
-1255144 7385509
3086690 8406367
-6026553 -7828038
8434414 753587
-5431511 4829512
2107627 4025310
7362932 -7300491
2531646 23927
-7895597 -7466929
-1442797 -6561033
8398568 -1033205
3173617 1362454
592057 9209640
8404169 2340621
-4097388 -9539766
7845743 239071
-1354562 4647469
-664217 -6551214
4202373 -4864762
9964750 -2229802
-8204492 1287214
3986723 -5411271
-2870992 1674793
4207864 9034721
-7526312 -8250237
716558 -7234933
-3356127 -9127743
-9918103 6406528
-1252851 -247718
-7271132 1002418
-8758511 -2833886
-8186417 3090964
6539750 -7596720
-2461482 -6334282
1435916 -6741525
4545689 -9980380
-5391651 -4252223
7422570 -1467588
-9916514 1737358
3487121 -5853214
9428205 -7442826
5945783 6720032
3126560 8588430
-9142936 -1455968
9546451 4390061
4072527 -6414067
6676897 3304292
-1776076 5886110
9551829 3216647
-1008526 5762442
-1701586 -6495903
-748126 -6462837
-5414073 2906764
7160474 9190796
5853934 -5330587
9742940 -6836053
9883979 5282139
-3613079 5688723
-5767244 -4473109
9916953 -2756014
-6653729 6295559
-7883797 3989480
-7608057 -9976832
-4243833 340128
8618922 4460124
480573 4747641
8284804 -3082663
9824101 2248800
1439596 -7129269
-9943503 -499073
2664874 9809883
-2391626 9799437
-1995488 2548854
8075745 3995296
3755634 2237268
-8950821 509050
7014883 7101905
7125073 -6834617
3505511 1923178
8899654 5397592
145233 2124433
9041770 -619773
-8370973 -9053611
6333472 1382223
-9116850 -4415024
-4605141 6389969
-1294242 3548025
8613231 3003233
9514881 6710271
-8536109 -794672
9714379 3270515
372420 -7486929
8194806 -754386
-8831208 -9986155
-2072211 -5783331
-1142546 2584798
-8034975 8073022
1535763 -2100775
1797800 -6405947
-8304619 -2130764
6775557 -4802697
1261680 -2909760
2609825 -4518684
-7808413 -125089
9080239 -5358941
7911574 6171830
1201253 1310970
3072936 -9199653
3330544 -603941
3612728 4241728
-3173474 -8741666
1847708 -7529817
-7114240 -8692096
7418309 -6616528
-6230940 -2800088
2397215 9113690
8720282 3060969
8542285 -6341105
-3949842 1330107
5971166 3250224
-577945 7646750
-8525928 -3600907
9715792 -9376692
-7464280 4547009
-1211263 3046336
-3178978 6148448
1134983 -1868384
-8044128 8668731
4568555 -3462905
3737008 9374181
8487871 8337615
1398584 8650575
-7690529 -275495
-8945388 -7542778
-1776202 -9124019
8522731 -457869
-1542424 7645853
785514 9996804
-2939835 -1826632
3736056 -4162414
-8013966 5848902
6496870 -9442921
9225810 -4362630
2174465 969094
343275 3794365
-5351668 -4088527
7078401 -8652502
1072003 -1436732
1020490 9387872
2780205 -5357032
-3298549 9244289
-593506 -6180711
6332445 5159027
5848747 2708360
8545946 -6607390
1757864 -415197
141882 3048333
8685703 -9228913
1740181 -632308
5678409 -6623480
-8195654 -7916543
5947307 -9673259
-8593638 8882747
786971 9535663
-5821369 2426852
-5812507 -6432824
-2613535 -6603566
8555461 3593988
-3697652 6235262
9627872 -3079440
6505363 7364647
412980 1385737
-5326824 -3352754
-1468710 -901317
-5008445 6413357
1013166 6726052
-430855 -3204099
-4321352 -3039526
-3503863 975507
-6597640 6465619
-9967204 -6808880
-3412446 -9893795
3700193 9935613
-1312772 7659367
-5420073 2518894
-116459 -1684900
2217189 3601642
2765240 2812873
-8088444 6890365
3303723 -8703469
8022583 -3096889
-3784635 6833241
-6206285 -2408272
1083588 1894013
-1640367 -7193796
8513676 -2997700
-2891495 -9091219
3360746 7617582
-2206699 -9191301
-4156055 -7952026
-7120573 -5110420
8491223 -1756162
-8943289 5096616
-5496666 1256463
-4930654 5484619
4904082 323409
-2843350 5608281
-6799990 -8880553
3013461 -6533282
-3727078 -3200050
3802250 3889446
-2685421 7302951
4920533 -9089245
4235806 -9324675
5239652 5230187
-9880233 -9920249
-1676411 635431
8248399 8610990
-7616194 -8103348
7381271 -7248267
3075142 -2546848
-6938566 2285354
3404801 -9768207
-6301489 8777796
-4422254 8934614
2824060 -7512215
9790736 9379996
2807103 2654991
-4153331 -2772378
-7542191 -2957090
-2877339 -8913679
1721752 -7422424
3704919 -2037397
-7624393 -29849
-4761763 -1394923
6058229 9756879
-5441415 8313379
1061524 1636015
413811 479738
-585647 -2723613
-235827 -1492091
-9595743 4754765
-2590243 -7928739
-8184765 3211361
-9745729 3256426
-3140901 -5726956
9366973 9893284
-9627761 1097203
3583706 -4411756
4193321 -7252153
-7495274 8821943
-348325 -7232098
4403918 9579663
59401 3229551
-9494061 7334081
8358343 9473754
-3255128 -7213536
7374077 8762600
-5509687 -3329019
9927407 9189313
5978709 -5255416
7154221 9302858
-7083587 -2137966
3450278 7526460
2790659 6500119
-2161585 -9840049
5444206 -2188263
-2608600 6442
-6764007 -7635524
9698557 7450802
-559092 -6258068
9044748 573252
-664147 6185780
-7143239 6418826
5608139 3826166
1087103 5300520
-2880270 -5896800
1965235 -9242324
800488 36143
9052615 7931865
608169 -6408852
-6080763 -3108970
6897472 -3947625
-9066797 1310638
-8722208 -9866535
6391750 3148112
-6278635 718700
9420833 -2047150
-5628324 -4426430
9399736 4793946
94467 2496167
6599368 -6996809
-6239133 7214197
9766693 -8919045
1529172 4561356
668856 8819308
-4289662 -7862659
-9293932 4588093
8415083 5124162
-2226021 -8360729
4787384 9692875
-7072072 6682081
-5365068 1025101
6598671 -7651239
7142707 -993392
4019128 -1485241
1517951 9753526
-515924 -6865152
-5784197 -2204830
4872878 -8232879
-9413571 5744975
398669 -4458266
2646180 8813119
-3546367 -6378911
-4739639 1061263
-6729509 4227612
909694 2564097
-6410802 -3801581
-8936468 -1939022
-416062 2704221
-8781020 722591
-7007530 -6396934
-3262086 -4746717
-4435194 2476546
4243667 -6529931
1731397 -9562316
8495771 -2653552
-3840433 4646418
8267507 1141951
4719566 2613200
9357164 -6472132
-1391683 506409
6704828 -7216790
844188 -5286133
7418088 284712
-8992696 -9571873
6547545 1153421
-1076944 -6000226
-1007328 5801812
1788233 4487862
-2558101 5752691
5615491 6035982
682400 -4062330
-404027 -8224942
-3095390 -1050092
-5005872 6831891
-2661699 8778126
-8438663 3602446
832665 -5956871
-3155806 -5078123
7866356 -9232894
1920527 -9632150
6883976 4413902
-7267934 3359935
-2152202 -4123352
4145691 4520299
556282 5289697
3743719 -238818
-5947408 -8761318
-7295058 -6660308
-9828417 -6526446
-7748320 -2300929
3817869 -9973764
6585718 6329369
-8748753 7166886
7933992 -6570088
-6202238 9117603
-3952143 -7629129
5730807 -9318262
9074738 -1220077
-6699777 6094957
-6098994 3220429
5497963 -3627143
-9872109 7644725
3500769 2066907
5540461 -7167166
-6951743 3672352
-3785059 308493
-3362137 6866126
-3450636 -7199341
-3769429 -2110890
9523065 -5516643
9370580 28333
-6773577 -4429077
4350846 5101387
-6287304 -7698839
-1962058 167421
6540278 -2386298
-4741573 -6464095
5602812 6668170
2017356 8759196
-5052099 -6340375
3968118 5065613
-5551909 1162842
3963501 -9394019
-8988557 997455
-2002836 2710424
-7261243 -9465491
-3894568 -2632255
4985484 -4034820
-9217307 2972630
-6859948 8698181
-3688117 -1179365
2356540 2196682
-8618796 -5913337
5362211 -9524296
-5864671 3398560
-9019475 -9689888
-6010694 619799
-6257867 -4571384
6426072 469159
-6820417 -5246424
7804437 -5576764
-5692667 8434692
6916224 6426221
-601148 9292818
7990999 7698917
9035904 -4944744
-231710 6819234
3422249 -6091204
-5615500 1149495
7064407 -1215539
-8389075 -8963819
1655981 8044933
5989901 8116584
-1414257 -2085534
2668042 -5067675
-8128086 -5718321
5232723 472480
-3101299 -3820753
