354 2727554 -2019965
624
-5303156 -8680567
-2287407 -8149273
5374957 4475427
5783947 -8099473
9581739 -9756197
6292373 1441588
8794461 5632710
8339829 -8029857
-7601467 5236785
-1802848 8816802
-1790586 -900414
-8632330 -6627753
-8061514 -2125508
7868206 6826315
-7929778 3038461
-3125754 -4151759
-9784680 -3232934
3758845 4586839
-996281 5590277
5834080 -457208
3500732 -1414542
-5781831 -5357194
-3387051 2295194
-9951669 5074350
3891152 -988518
627421 -9238165
-5865917 4616918
-7508590 -5488557
-8662241 8588921
-5856266 -9640383
-3792142 5924333
-7308601 1017981
8121172 8939531
4529808 -1033404
1025741 -2875109
-1773298 -7119759
-9960601 -5473527
-661981 2444871
-9964427 -3347652
-1819818 -8097297
-7335462 -3556923
-8940005 1323955
5835399 9314973
7903894 -6448594
-6088977 -310490
8130195 4563981
-4418038 -7364767
-8425236 3337946
-7695458 -6296866
-6655622 -1379075
-5982482 3330283
373109 1571080
6532303 -5943083
-6774383 2227480
4130183 6567876
-6989047 -6077849
5246107 -688926
-1373953 6587300
-9861294 -6402142
-4196280 9046294
3610275 6566081
9201315 -6066085
7271861 1708589
-2071925 3292431
4429708 9576403
-4576961 1272453
-7156467 8447226
5020495 -1687500
-9460020 1892188
-9023584 8246112
4684616 -2813484
6497590 -6012631
3091022 -69277
-3955067 7639989
6686283 3229728
-204190 1848653
5782568 -7187090
4521499 -8486523
-2677740 -4429219
7663536 -7550425
-3761620 -8248031
2715547 -6913425
-6084573 -8401734
3490454 -9747605
1014859 6971760
-5841724 4466871
970592 -4300525
-1853450 3172218
812207 -5938386
-192305 4191483
-3959864 -9985157
5344105 9603505
3633334 4339056
9909837 -134395
-5168468 -9044406
5223915 7573374
3176301 -6413736
-4815470 -2060537
-1808142 7091729
-3420159 1191337
-4341792 1723069
7422545 738117
-6089665 -854848
3206767 -4430905
9760579 -2761106
-2746263 5530814
-2349329 8317067
-4827524 -7402157
-5020200 -8715995
4755951 7598665
-2311609 -7672316
-4086052 -20133
435682 -9135307
472774 -6385169
4806168 1143892
-7133039 7052615
-9692916 2980728
-7874120 -9710494
8374954 -5782581
-6027335 -2151001
-6620187 651885
-1031048 1226403
-3659402 1030484
-5169159 -3342220
-5743554 -6163250
-3835566 9586793
-433340 1944837
-4674118 -5405266
-9274083 2518694
-6337414 5798656
-4632377 5532085
-1487187 -3470453
9335406 -4325293
-7591522 -6844954
1004045 7710360
-9121403 -3618856
123899 -3099789
447047 -152451
-978318 -1019151
2817599 5277889
4864682 3278128
-4777035 8982033
6093119 6947694
-8017260 548848
8863856 6819037
-5132526 -4354674
-5308775 6747832
4938891 -4103360
-948314 6542983
-3230305 7347370
6244866 2572083
1988646 -2351708
12194 8885117
-2134034 -7564306
7713583 9033876
2312004 -9316435
2181950 -4905383
4558663 51321
-9399831 -9208579
7610458 6541403
4703081 1980378
-1271790 4994285
-9109075 1910658
-1546358 -6332899
3530823 -57389
-7485306 5223337
5387982 -7707959
-8822842 4503341
-544613 -4599824
6950404 -8440524
4759393 9685322
7296291 -737592
9313729 9457695
-9750883 -5628694
-9087291 2430251
6926981 375927
-4629788 -1867858
-9957200 8171543
-8161356 -3738863
-1279900 -8987206
-1247516 -2114180
-7305787 1234795
8254488 -5859534
-7943006 -6128628
7947200 -9773773
9911549 9007398
-1730194 2706594
2164289 7207840
-8420854 -9900113
-4953510 -5070242
5305686 5008207
5656701 4489823
2661366 3192250
1969740 5699501
-771352 -2983637
-2581465 -9310160
-5559013 7981132
-7878402 112748
-3499528 5211827
5438054 -5821408
5702342 -5552327
-329381 5349603
-4926205 -6027852
6588387 4351260
9281019 9169293
4177500 4151230
-1358947 -2896943
2811659 -165799
8050055 3818772
-9164865 -5218601
-4528760 -2721297
7776187 -1746330
8366418 -87773
-4875945 2414137
-890919 -5133109
-8169084 3078461
-1571935 -5188577
-8700077 1501535
-4147205 -3981788
-4812494 404662
-5444108 7650166
-5246777 1881358
4231912 -4286702
9532070 7564883
-7653718 -5201681
-5406626 2883557
3653579 -9666126
246102 -7630439
4783698 -5463651
-8080408 -2113491
-9035030 -6107221
-8779446 -6249492
-2231605 -8090613
-2072400 -7479523
2925139 3621191
1271357 -4368542
7512816 7481032
5710682 -1459067
8622168 1744728
-940601 -2240896
-9357339 -9031550
3818677 3652773
6022334 -3187408
1348941 -5935221
-5532360 -6677616
9731515 3268534
-464606 -4567390
-2658002 -9047931
-6527454 7303790
-6558667 -2214050
3417408 6397686
-3604930 -2770958
-1713673 930224
5191305 -7894248
-135144 -3091505
-9606702 -5749296
419830 -6976131
-163539 4211975
8276754 -3557836
-7719099 3701754
9486640 -7255606
-9306644 -7987584
-7035514 -977965
8842177 -1964646
-1662344 -3562968
5351070 4799862
-7971096 -8244936
-4798359 -8253860
6368244 315232
-259921 2909298
-323646 8749452
4289673 133377
-5654648 -9903816
9054701 6642486
344241 5138458
399204 -8664398
5864370 -7652767
1369268 1092561
1644267 8828856
7782241 -7272203
7527659 9981924
4253340 -4350337
9912156 2072916
4904500 9454981
2364279 -1203248
-2453795 -5355421
4777957 4556986
4653170 4352230
994717 1639661
-3221880 -3775777
-2440175 3855310
6202543 7177324
-1730115 5940548
4769404 -9911836
-7184039 2430505
2412429 -4932003
717661 2859973
7449241 -3334231
8637103 -6853831
1942921 -5129907
-485328 -6482266
8074720 9489126
-3642291 6808981
-9035005 -4755757
1468466 -131222
-6275912 -2256885
-5079561 1544644
-2514808 2442983
2531147 -4293323
653534 4770948
2355298 -2136539
3239786 -6934037
-7751916 5589311
8735480 689027
5559120 3401539
6919274 678401
-7316120 7590144
-3084522 -2489654
2754589 -958411
8910367 -2119527
5623588 6739408
-1715948 5150807
-2406210 3060379
1283408 -1714404
-6943456 2641290
-9495249 -8063058
7519257 5411842
-6482495 3744537
6949916 2283694
-4314767 -7747015
-4552261 -4974612
-7384468 -7395493
114854 -1868381
-310440 -468990
-72165 5385795
2125203 -8883721
6267086 -4448577
1128155 2925607
-8788797 6377228
-981482 4927915
-618790 6784100
-5287706 -7960379
5784158 -3099533
9184161 -1770200
482785 -4749574
275814 -5130605
9990254 5930524
6578495 -4592301
-2544939 -7378540
8007256 -3731945
9900686 7382897
5450672 -7351189
5574419 6167772
-4938647 9095179
4023095 6785622
-3913926 4079871
6119493 -6595695
-7178876 798369
9028169 -5579997
-7813218 -7994714
9391033 -489046
7957831 2462596
386647 1897639
4519100 4536326
3320734 7841709
5224606 -4957292
-2308481 3221420
-8094455 -6808370
-7713190 5782290
-4915735 -3033102
3563121 6309905
2230562 1170339
-8031292 -7801034
9135322 -2431962
-426676 -9003123
-6975816 -8677896
3784700 -8519291
3378349 -9017985
-1965307 6687700
4529409 -2102551
2940157 -8644573
-2906800 -7729633
-4538003 3148028
-1069681 -8484903
-9001653 -2251193
6575064 4014584
-4815077 4561468
-723213 -8678022
-1109983 -2846368
-1849491 -1587891
-265787 979693
2460403 1174693
-5326940 6035265
2722965 8355104
8768905 2707754
-3420467 9768726
-7960907 -5774586
7373442 -3810915
-2295818 -2498909
-2233750 8820113
2834697 -8781119
-1703298 6857667
8179645 535973
7689605 7573489
-4014402 9586014
565708 8356466
-7952488 5719811
-5728572 5542463
-3586081 -3279428
1944678 6994394
6763120 -4817176
-591762 1040564
7229649 1318566
1336009 -3218320
-4398206 7450184
1185417 9102259
-1523722 952843
-8511184 9482119
7055608 -3344076
8758290 1694773
51240 5557558
-6206279 -8159650
7382813 -5384896
-6147972 -1934850
7575896 -6203268
-8504092 5796707
9353623 -3144632
8173934 904146
202179 -900376
-3450192 -490057
-8871445 -1679675
9273168 7735226
-266303 -395167
-1222891 3278337
-5026890 -3210694
-7653136 -2464600
-624250 -2459298
2155806 -3859414
-3277912 9274916
5588000 6007835
-5679106 -5702016
1153352 7083909
-2011945 6190869
-4709507 -8156361
-6130066 8190234
9026911 -5643346
-7908120 -5001511
-2880325 816432
-5905231 -5658071
1131235 5896784
-6567816 -8415769
-875066 -4005548
-5348610 -4675713
-5400797 3797092
-7678721 1373478
-1812186 2703555
-212536 9158525
5349394 9341166
3701157 7775520
-1517894 -9360112
-5003458 7571092
5085933 -2490982
8325450 9604774
-6053297 -7794392
8102393 4936571
6520802 -2405709
3588743 4050929
1891568 8162088
-5524467 756485
-7870037 -992877
-8289321 -3203188
8471690 317777
-7824705 1498143
-726337 -3662564
-3022676 -1607195
-4036103 272122
7781140 -5509782
6611344 -8950170
5771791 -1377058
-6440487 -9441952
-9331309 3874184
-9558535 2596667
758756 -3226214
7530271 2333034
3856509 -2249359
-2936195 9660234
-7505637 5567188
-2934668 -4464505
1872932 7186010
-4421185 -1144653
9127469 1366608
5856827 1542712
-4891105 -575039
564255 2468171
-4457429 3397038
9787574 -3359880
9236788 -3788738
-4498600 -9770961
-4921575 -7488104
-7221111 -6968329
5208257 8934935
4502123 -157306
5378190 7702620
4888631 4083807
5455507 9767474
1134082 2983798
-5473489 -2900672
-959358 9507261
-5508215 -7848242
-1934852 9604897
8761370 34356
-1238029 -2147278
-1918239 514510
-4457242 4263371
-188605 -4323461
-5388526 -1678353
8164341 -4980348
-7277727 1629949
8230109 -3941117
-4173643 127256
-6888946 3685616
-9215056 -523208
-8499595 -9846083
4822027 -7658062
-8053164 -4007810
-1457101 -7112825
739897 3224558
-6260932 -178778
6600945 1338011
7014550 -718174
7603473 -3587660
1431993 4142376
-4227675 -1715834
4343050 -3329382
-685774 6518786
204402 2685759
4678903 2425280
-4904450 -6494301
-4152363 6179309
4687851 9917577
5321105 -9689175
-3948265 -6769250
-4431676 8577354
-84635 -209197
9072629 -7830730
-1418390 9446267
3588643 -807546
7476621 2529955
9200573 1877321
-1603893 -5663977
7021782 -1485201
3456432 8600510
4622561 1700686
-9603653 1068334
985911 2986550
-4186272 5084198
8314949 8823368
7400723 1865463
-8343733 6399625
8568895 -2683912
9278708 3245248
4954055 9666858
2196813 2867351
-5255328 -5052972
-716949 -6086261
-5055110 3140780
-5742358 -3695167
521871 917674
-8013992 1396555
-5616895 918218
-3997583 -4511728
-5688360 196833
4578649 6833718
3233343 -8287637
-8455196 -1248732
-8003484 -5681409
-6014551 3339864
-3792785 -533077
4413951 -1301386
-4871295 -6531760
6609020 -6302998
-7481812 -7410052
3507622 3383014
-5220431 3040059
6474630 -1990017
3498255 -8320974
-5607788 4993399
1827117 7809895
2038611 8970861
-2277871 7576812
4411755 -3900233
9439631 -7765003
1701921 913556
2128523 8163198
-8368562 -3884128
-7670773 7257228
2363528 756810
-5860176 -5152585
403826 -4128849
3881134 -8564255
-6885228 -3121544
-8128145 9895741
7705636 -2493016
8994197 -3784676
6308489 -7739401
-9123282 9232678
-8532325 -6763404
4150153 2832701
995900 -4314052
-5681827 -3721324
6052256 -4856310
5900501 9163752
-5988833 -1584215
-3196712 -9959675
3992423 4414993
3809802 3200774
3096515 7107195
7130531 -1801991
4413334 -6681497
8095455 -1358920
-2126242 -6761825
-3525229 1488525
-5678773 -8142215
-9939914 3141276
