17 -1660961 6098985
78
-7459756 8026944
-3527173 -9251249
-3662638 8641480
6141961 3645130
3379551 -7627800
1153408 -9089747
-423330 5554449
-4645842 7729788
-2632438 7529106
-733787 -5961598
9311913 3507838
3601534 -612085
8170422 6074190
9140364 -8332287
-7476896 -2131500
8411796 -2244299
-8979196 -4936652
6221181 7400976
1046106 -2641834
-269634 2363142
-4210253 6942009
2496459 3400127
-6353733 5366417
-4588125 7850617
4405371 1013830
-5478332 4678089
6582356 3717285
-208525 8123202
2307267 -2730870
5137630 -8551809
-8279756 -2653276
-5073576 -3934221
-6533245 -7258952
99215 -8852395
-3972901 4512861
-6028778 2345933
-4253940 1816846
9699615 6467681
4318299 -607672
2922510 7627843
-5177716 -1276330
4957307 7444178
-1916268 -8595360
-1326230 7265134
1229677 -9609000
-2262276 6327753
-7606468 2949921
-1792678 -4819500
-3671894 -4139713
2889500 8306537
-6831178 2355205
6688404 6860722
3328404 -8568765
823563 6388019
4015862 -9836945
-8596923 -6253927
3706603 8838146
2759138 -1123263
8658223 -8209665
4697687 -8567091
277014 -112099
5354174 4951763
-9867736 2670546
8530833 6077848
4384385 8976722
1331927 -6063315
-9202593 69560
1500795 -1979669
6924703 -3357837
9321570 4840710
1103135 -6543083
4811416 -9275352
-7882263 -5190262
9116425 -9913094
4036167 -9224040
-6819787 -3669535
-8717772 -5686819
6983727 1050740
