498 7258987 -3935891
978
7482698 3119437
1959741 -1255788
9952399 -1169641
-261997 -790334
-1902158 -3877802
-4746168 2337331
-6395647 -4913798
4788119 1682833
-1928280 -2314430
9616746 440146
-1668383 -3541695
-343948 -1826846
-2058448 -4297599
6912916 -2501292
7274047 7513881
633318 -7022975
-5762410 4756745
6103456 -7406941
-5680923 6706341
-7171461 -4158540
695143 2416919
19473 -9401276
2281557 4299496
-8014934 -5192408
5247738 2869629
1844287 4118165
-7708681 6095707
-8201892 -8499661
-8484601 -7250777
-9736896 8711025
4204402 1305798
8578895 -6587226
8522185 8441992
5148334 4682351
-9476189 -7158738
-2225467 493225
1091949 -6264693
551155 7794007
-7398401 5889859
-1240512 2536222
9170739 365690
-3538603 -9396225
4620466 3978410
-756015 -9224142
2003235 -1347783
9958015 -7976559
-4563785 -3792363
7165982 8536910
3219262 6474752
9316014 -5169332
5323893 -3740575
-5268 -2909453
7400906 -3584157
4822054 -9454112
-4401538 2518858
-7115452 6097894
-781978 7285553
-6219685 -8137703
-7361845 -6161512
-4992942 3024300
5047741 -2842258
3365380 -5034927
6018336 3000308
-524940 -6952286
-2121618 -8246050
-9470273 -8692574
-1602027 -6797725
-7865530 -6959188
-6413300 8315232
834090 6956524
-4429229 -8298486
1503419 -3765010
-1902713 4788793
1143633 5283734
-1691966 -6748205
409537 6150691
3632117 5872127
-1127565 6291269
9338983 -349547
-6079245 863847
2171273 -2782635
-7064007 -5549518
-2508706 3085598
1400830 -4929537
4543340 -6405654
7812212 4751272
-9013738 2630463
-2580744 -684369
-5400635 -916450
-5148303 8562889
4713581 -4576249
-8704122 -2222414
-5931144 -1654302
512503 -7315335
3548512 5924191
5657909 4433258
1400092 8236137
1321736 8593902
6180717 8891387
5002085 5238918
-9809 -6759591
5870872 2814298
-7870071 976453
2576355 -6709872
-8146982 9245647
-5330602 7428052
-4794361 -917049
-54999 -4034723
-8833706 -8209153
7715038 -9542496
-2592886 4714807
-4532704 3372947
-5516799 8807206
214945 6789032
2027951 -9336081
-6095672 -4782969
8031329 4534494
-4489053 2291553
-1901967 2677610
1923257 603655
-1968293 -7532597
1550354 -890992
-2409363 -4246302
-2455455 -8504645
4469211 -1243069
-6528262 7775936
-6334765 -8123675
3199884 -8544613
8244419 -1851563
-1187644 -6585171
-1368140 -7211278
7323216 -4766964
40941 9179541
1857152 5350516
-4045829 8138975
-9393622 6296761
-4594231 -3497770
2255929 2156733
-3831560 -4487242
4269690 2316826
92762 3154004
5030329 257780
1713167 3757998
-8093565 -1769787
-5838605 -42413
-4737339 -6764857
-9015469 2793255
-5510851 5102230
452746 1025473
-8319200 -1137347
-4840586 -1076731
5425499 -7712822
-3039737 -6918464
-1405706 -9802220
2514607 3128704
-3717292 -7136016
-4361883 5123721
-1118281 3829389
4575955 7351284
9825223 -6695494
9056001 8737350
-5953043 -4912115
-9809885 2556885
-6417642 -1463894
7398759 -6840787
-5401166 -4736842
-9933312 5074526
672414 -9975667
2738466 -2973048
2672008 9266708
4647045 -4746927
2893146 1471068
-4699543 -9714838
7636446 -8225134
7595724 2392764
1130114 -21978
5065907 -831922
-8275037 -2306576
-1254118 -2227626
931587 7823673
5603183 8660994
3735520 -1953227
-9412542 5669871
-7303177 -5592066
6190994 3325924
1095349 5368831
-3160101 -6645609
-6360447 -6011504
8279714 -5343291
7049473 3792352
6286726 5875438
-4956484 -9304060
-9094284 1352633
9125007 9284831
7108504 -348402
-1687408 -7427054
-6863929 2711687
-1618441 4564464
1488750 -6276471
7049454 -6405266
1479918 -9803903
-6449512 -1855197
2133299 836169
5492878 9706394
-3984902 413013
8804804 -4941296
8270996 -7698176
3654457 6364672
5649504 9176712
-8655338 -4704184
-9614886 2758008
7986048 -342745
6738071 -6478815
-2755286 8883959
-7521307 -9256826
-9060729 6810520
-5044676 -3525037
7311133 -5510241
-5803847 -395025
-9982011 -4679637
379067 -7272397
-4970573 1339145
-2296183 -1349937
-2173225 1200236
-987596 -6646679
-1372318 -828562
1345045 -602482
-4564945 -3386270
8014041 -9400532
-8657358 -4803878
4522994 -9507266
-3032302 -7718087
9288025 9478318
-8400354 6795183
-7884454 6000530
8728134 4133987
-4526868 2494614
3661029 -6242439
-2525850 3176949
-953377 -8512195
-6824405 6486554
8400425 7674305
6804387 -2963008
-2363540 6351832
-8452046 4818428
-2172486 -8504545
-6222632 6070949
-1934381 -2688436
-5893253 5581745
1582276 -7818383
6315604 -3777706
1233260 310410
-3415677 -8211264
4965686 -5105711
8898446 4058473
545028 -5987691
4202966 -7925959
-8372615 -8538195
7813637 1007353
-4174219 -736154
-6724347 1877944
-9534755 -3830353
3481212 -2946979
-7365233 -1469136
-6771166 7587959
6326605 -3266605
7043805 9544438
-8666825 -2440135
2454155 6144480
202954 -1184787
-4656126 -6131047
8459347 3264334
4726139 9546840
-6929455 -9913268
-8133070 2539776
6934072 -1103674
-2417675 -4857417
-5288043 7399317
8446534 -8936463
8651497 9863076
-3403529 -8324632
-8780194 4978102
5054320 6156628
2301108 5069333
-6115454 -9975173
-6106220 5020414
-1715252 -8255228
-8708388 -7646873
-7560140 5527239
-9416632 -5637843
-4225165 6823142
-8034274 7517440
4916758 3357161
-3062950 -3322317
9057111 3363292
-2444988 -4411453
3083002 -4346418
-8189790 -1225182
6360504 -9346326
-9321499 -3372330
-8351915 2761402
4506175 -5427719
9441761 -67167
7976425 -1685861
-4807351 4397973
1221115 8559793
-1406415 -6516164
6840997 -4296807
-5102772 -6489657
-610013 6294400
-8117053 -6045661
-7875727 6944999
8236170 -2517699
-1864025 -6065517
-6921494 4596674
-2641924 -1185524
-4096890 -5273409
-2824224 -8135749
-7305257 7861223
2259196 -4847799
6228346 -2112608
1371228 5996663
-8300143 -5178068
-9151373 -9271422
7022978 -3402915
-6932223 -7245033
2216318 1422277
8904579 -4807950
-8357114 452488
7565514 9556906
-9112265 -5278608
-552017 -5076409
9304194 -3209155
-5347932 -859889
4292313 -8001063
-113671 -572384
-4575721 -6962989
-9624705 3773910
4502488 -2875864
-3762426 -8776077
6495242 1525466
-7052257 -694649
-2986247 -1288440
1680401 4368674
3925581 -1343361
-4105617 -754085
4169506 -2670332
4120513 -2141282
6998830 -4009947
-9494658 1288933
3232901 -6192505
9360858 -7091976
6681934 8657180
8297669 9736154
-9039923 1184422
5226240 7051595
8873298 -28329
8683231 690335
-4940990 -4112949
-2939957 363632
9609548 1500943
8830611 -4529222
3329497 -3704594
-5198189 -4532524
-727239 -7155321
9168526 -4692846
-9268470 -7494338
3679194 8529384
8265538 7413464
-8885762 1976863
-8455190 1741967
-8286362 6340478
-2969187 -9581892
-3694840 2913222
-6723146 -5393825
-1376530 -4118445
1352333 5402754
4214513 -2545919
-4562091 -5318170
-9957139 1532676
6839830 4710670
-267316 9211387
257124 87712
-2498824 -6588121
-2094906 -1477338
2780982 -8868234
7472244 -550095
-131987 -2989028
9924194 7019410
4141937 -1310475
4571080 5717401
1120155 -7234592
-7264159 -4076586
-6878404 7851020
-616303 -1826249
5400773 5680810
-2591451 8739879
-1172408 -4866542
-8938311 7665673
8704688 -1154880
-23113 -8516865
933040 -5997978
1012994 9965483
-498755 3317406
4523283 937189
-3345410 -6356817
8924943 -905636
-2465870 291097
-1857882 -8339216
-7649113 -6827922
8852888 42167
-1217954 7751661
5401471 -3738562
6443463 125990
8971111 6463160
7946295 -2335497
1666525 -8535650
-8570167 -8604312
-2770554 -7320480
3616709 931079
-2909386 -8247271
847093 2787651
-6921252 8531909
-9807307 897575
4069654 -6262782
-3704263 5059933
2811594 2922542
1700332 5077784
7720126 -1786935
7192577 -1856204
5808299 -792411
671939 5138872
-949088 -2525175
154345 2101773
5549204 6280358
8033088 6287406
-924943 5156170
3688079 -1119819
9777757 -5329843
-1592624 -3602876
-8542943 3847411
9286305 4703113
-7702751 -3214997
-2485580 986638
1646786 2533728
-8258683 -5293003
2362222 9971437
9962614 2413257
7031382 -8586866
7693493 -7366689
8920717 -4903062
-9746892 5726581
7123114 -9487874
-4817716 -3542461
-4628985 -582777
5780986 3589660
-9190875 9344425
-3870572 5067292
8570282 -6893625
5640103 -3839799
867198 -7266580
-7295143 -102228
-7688971 5745772
7158907 -7332528
-4699217 1858763
6955701 4852400
-6904667 6737853
7249979 -274839
6182700 -9781553
-364329 -7567737
-1461725 -8446284
-9101859 -4583343
3000301 -652599
-5029872 9543921
-4295878 1570583
4304003 3126583
-6975645 -912327
-5166555 -474787
2192685 7851737
-289500 -8007648
-638896 9820
-3252327 -3333798
-1092285 2456437
-4808763 -6002347
8946268 -4909584
9160484 4826908
2759917 -2515456
6831945 2574977
-5364750 -4239781
-152846 4318425
-2554992 339373
1943398 -5848842
3676371 469363
-1678900 -706805
1285548 8385408
-1604772 547953
7214155 3163004
8135794 -2340746
-5826741 -3878130
-6271362 -6672969
670291 -6880473
-6879577 5405474
-2019549 -6569792
-8293221 9952368
-3212855 -4867946
-2012221 -5929714
-9262204 4232153
7217869 9931177
-775628 4414167
-4684073 8055321
-1396726 3026272
8705629 -3772493
3886761 8333781
6972004 6841423
2684806 576372
-3787748 3216994
-1377531 -6644903
9301657 -667325
-8198604 -880728
4251326 3524789
7595075 -1411459
-7179305 -7760895
4686634 8332871
-4736610 -9961436
610237 -6088993
-546369 579317
-676824 9213512
7547293 -1840740
-4999317 5726290
-3697338 -2964351
-9747356 7685489
3556938 2514914
4363942 -1124887
510737 2858596
8899737 6165338
-5246121 -5237936
9517521 6494812
-2655965 -2425426
-9870510 4204156
8115163 2607425
5703094 739728
-7530408 -2431206
5728055 -4973730
3268912 -9983115
9568887 3245090
-6553068 2087927
-5397159 9821531
-1303356 7003870
-7621182 8966783
5132121 9207381
6485797 -8721445
289719 2402353
9976927 6003319
207475 7633754
-7242469 2622770
5878850 -9161010
-9075864 8460625
6003248 8348442
881679 -831457
-7586366 -727840
-8639913 450566
272097 8376918
5380788 8479281
-37584 1485093
-6791173 275959
-5929134 7610890
13243 2210976
-1785705 4360586
-5489308 -7493478
5129292 938122
-5706536 -2731776
8245201 -6475506
-8127064 7733953
-3097504 4248449
-6479390 -4729032
-1762114 -8167518
-9790600 7397049
5876330 1026336
-7488571 5590189
8382500 -4161253
5965989 8236608
447585 -7546634
6813952 -4020768
-1514246 1178232
4632707 3840997
-8890779 6131399
2172245 1442523
-823524 9354422
-3880776 -3438466
1832502 6078973
7911455 -7843814
9553235 2586740
-6386924 8120856
-3772603 -2054082
-3698983 -3875494
6877466 -5390103
-2936737 -7732994
-1753762 -2674949
1019636 6393568
-7249083 -751656
7896095 -4347657
7094866 6376490
-1752736 -7415307
-853773 8787695
4866668 4366488
6522674 3495081
-3918179 -4705525
5931683 6075910
-5978172 -305102
-1664244 4675432
9285329 322845
-4893797 -4786778
-4945374 8864945
-2225135 -4131207
-2366511 6074262
4242957 525782
-3097728 -4470415
-9369370 -6145825
-7358130 5149536
-483975 -223143
5788290 7508538
5319366 8555051
4630961 -8129889
1565009 1251049
-4073518 1169141
4008338 2417117
7630340 7728163
6593108 9114541
-5016666 5201318
1275580 6884325
-2589893 2616824
662761 -4481463
-627288 -3171269
4494620 1293391
3586600 2014583
-7960527 -5989355
5082048 -625110
-6238647 7358839
-8873759 -286990
3398503 -2157285
-9740168 9569075
7297238 9923194
9037735 406524
-4392158 -3593301
-6708976 6537422
-8329402 -600226
4918311 -6782516
-7437433 -5150289
-1340546 6807376
-8661689 7057187
3584184 -7753946
-5862704 5894136
-4230672 -1333767
895595 -2101351
5741364 -3104431
-3535356 -5705902
6733644 6001197
8924073 6278234
-7315067 5771380
-5174846 -5468084
3931690 8492310
4226146 -3504248
1345463 -8633646
690082 6788713
3845901 -9995083
4767323 2028393
-9561119 -2569915
-1387330 8904619
9319620 -3791791
3103778 9508265
6318716 5060985
-6421466 2084774
-9120639 3052360
-8659908 -7497393
-2965477 -6435706
4572956 -3834754
-4822650 3482566
4848920 -1200898
8104168 -960835
-955918 8055354
83747 -5533579
-5587142 6327757
-2251272 522628
6730838 3025529
2533794 -2931651
-7870666 -7649032
-3047905 -8631138
4421223 -4292132
-1789525 -2168544
-6087898 5761315
4442914 -2238649
-8756083 8485059
9800513 9620264
-1340570 -1390811
-3335457 7904681
4887454 219864
-3452378 -735358
2303622 9300313
2325842 4296350
3881051 -8449188
-6098219 7375988
8744851 6010385
4234605 -6629772
1201684 3166074
-8556259 -7554919
-7277216 -2369862
-3884803 5886655
5506920 6483053
-4907758 8432063
-1146904 6682702
-3097434 -5726863
3537779 -6259449
-6959136 3450188
-9737109 -4158599
-2607786 5366706
-4740954 4143942
-7329320 -6189653
9696927 -5996103
-313677 6905285
1866718 -6585037
1045101 1130065
-2983280 4589502
1072555 -323349
-1891286 5039992
1722694 -1318851
2954286 -521838
3218713 8625261
-5408199 9008417
7366171 6259577
-5857365 7371044
-5968661 -5241615
-8914916 -8081966
-4078069 -3297981
-6392696 -9217989
-5803026 5608255
9254672 -2009625
-7420123 -2241573
7435078 -3728608
3827737 -3831215
-2633714 -4456208
-2461693 -4449569
6692044 2836925
1845342 -9242980
-467050 3800198
1171242 -788487
-3513750 -3808063
-1890029 5202581
4420952 -9912314
3386049 -3451745
-7843490 544609
8534984 99375
7857803 -8588818
-9801074 3631213
2316350 5292881
3353026 -3456985
-5390201 9682637
2519562 -9108667
-8351647 -8698157
-2381607 6881256
8609122 -6302345
-110407 1305988
-3491431 7611724
215763 515916
7064171 3445874
-6009517 -6398188
3701188 9220681
3148215 -7474533
6156680 1558991
-3148128 -4136506
2406509 -1526969
-9327980 2721250
3612583 -467340
-6649144 -4292066
-7410810 -2222711
1474944 969249
-7724763 3714664
1326389 3880889
-5603194 -8699841
4746033 -8457848
7660316 -8539023
3198011 8736516
3778335 1361504
5436847 8862578
7242424 -64985
924398 4805072
-2473678 -7834714
1697946 1596418
7304352 -8861094
-8567453 5048802
-3981948 2409895
-3875441 -4576157
9304733 -9190359
-7890200 -32700
1509452 6217891
195220 -627815
-1891299 -830231
3047625 5909583
-2711486 4403388
-5661596 -1515527
-6710455 -5469062
-3303776 -2220846
9375573 815867
-5528875 8394171
3442973 -803723
-8393828 8420024
-6156132 1977377
2787019 -9752916
214384 5664953
-5600804 4896819
-5730995 -8276163
-6590042 4594416
-6979648 -5105942
9297447 6457583
7458408 308866
-2643844 6152203
-6068643 -9252047
-5919827 4052381
2446552 5823282
-4980440 -1448702
-3028677 8405877
383255 9142084
9389168 -6668457
8996496 -6829726
583445 -396447
-6156258 -6604308
506460 -2631198
-5220787 -2746300
6227635 -3956836
6352030 -5923340
2745215 3686044
-3049651 -6291813
276920 6676572
-4983793 1030522
2098173 5239824
3645701 -7447881
-8305797 1585848
4917391 6545308
2231934 3599724
-6796723 -3569761
-7657717 5331732
-7299466 9563371
9333423 2848743
1408260 -2520253
-5927241 5561058
-8236546 -9723358
-6015171 6817974
-3989101 -1286196
2260678 -3221899
-7982075 1027106
3579225 -5641149
5944699 -1820021
-5274713 -2210220
-8610496 -6621558
-191319 -526426
-5194694 7109133
6672504 2150964
7516060 -2494160
-2498060 6005927
1566986 -1075680
-799038 -5908949
-9090974 -4153208
-2923052 -4297856
2480245 -3080075
463383 9337627
6212830 -2985477
5194502 6558960
-5651260 2157530
-1947676 9919789
-606637 -4261755
-7152622 7861006
-7471678 4198669
4220862 9519883
-1957838 2560734
4001406 4239154
8330205 2125500
7972293 5718721
-8579135 9239231
8675508 -4950759
6903220 -3582538
3431985 -8344757
8214203 3116051
7789933 -8857161
-8937371 -7437056
-9182459 -4157743
6219615 -7027656
-312634 6181271
-1782494 8747938
1308672 6424580
663734 6259669
-1614831 7826431
3545152 -1006061
-9250477 8873814
-6076944 -2517631
3899831 1941383
-3887021 3342628
-3541321 9848169
-9008992 -5672818
9406478 -5751388
-7392778 4569989
58686 2740371
-1078357 8826837
7574775 9746052
6170632 7139149
-4084830 -8600200
9226231 -3165634
-1655343 4300340
-4309494 -4712265
2770104 -905820
3551916 -7870086
5472543 9186287
9034456 9664895
6508429 4447574
1212539 2541817
9628158 5914908
-1344721 3819761
2646598 -313156
-567104 93274
9748776 -7262274
6653878 8119880
-5045754 -4336054
2480638 -1603539
3684196 -4184744
-2574212 8171145
2817411 -3545700
-4359413 -9022296
-9357401 -1710046
-7262471 7191396
-7750435 7151029
-4417711 3950068
-2230171 -8122277
-5919080 -3246080
-636453 2932779
-1813143 -3969832
-5849951 -887677
-2707379 -5159265
-4246452 -8379353
-2564097 2289612
-7022891 9437744
8408396 4861692
-1644252 5794520
-5915525 -5951016
3756732 -1001652
8665729 9338356
3288424 6006297
400372 6764370
-6481710 3574605
9023736 4481292
-9488539 2881837
4510512 -2789406
-5432319 7177862
8798509 -8196866
-3390902 321230
-7724674 8750765
3612457 -413793
-4619273 -9316277
7249059 -8031795
-6517095 -534798
-1196442 1005791
9528440 4664986
1429356 4608334
-9300709 -71188
6926457 -2536001
2862188 9723028
9449974 7437918
4615780 9889053
-8307813 -5982345
-3144763 -4069359
-5318594 -1698715
403844 -8353084
-7669361 810215
-4705227 5784571
-4750226 9579698
-6898159 -8705970
5959017 -3430316
3694371 -7369719
-4924555 9904725
9885076 4393662
4116690 -7998098
