483 6643000 -6329645
930
478234 5683839
-6654042 8666555
9233569 7972017
-5035567 3791356
1461992 -3928311
5804536 -474717
-2926805 4661898
8137917 -7021379
-9904891 -7837468
-5903755 3760790
-7628163 -4503924
-6238545 -6232822
339109 1633114
5800174 -5037939
4121413 -3508610
-7824771 9470529
653436 -5400353
-7428335 -4478813
1828895 -112995
-1524954 -9947550
-7905915 5807239
469138 -5720417
-2741796 -832720
1329812 -8876593
4884197 9869665
-4634259 -2057590
-5774060 -227614
3921853 -8356451
-3394390 -2918599
3572792 -277973
-8291091 3243376
7843023 5748021
3785561 2362345
-7750649 2931040
2983490 -4385544
-8578304 -6759251
-2479668 5077575
-5755144 -5592814
8046945 -2705112
-2835447 -1908980
-1450218 -4552505
-2263767 -4953353
-3309804 2775723
9857124 -8341914
1380114 -4187842
9055534 3429916
-8305710 -4394625
7967720 -585090
-7654050 -2003797
-3872989 2733423
5974173 -2154207
-7076632 -9934941
-5527755 6010857
5822098 9684576
-9708051 5035543
-9516962 -7013349
-9450350 -8641917
4133806 -9264377
-7606290 9756198
-4431643 -3492717
2453551 -3709824
1895551 7140243
-3444847 4147841
-7855956 -136729
5113047 -8582544
-736751 -1728944
-1663885 1087220
9614429 -5297031
6903898 -4675287
2876608 5436527
8423179 -287801
1070282 3359646
-3388379 1489181
1245380 -4795911
-5772276 -994669
5295507 -669911
-3529668 6681275
-6654531 -2808942
-429318 -4458162
-3040706 -4510487
-3723079 -5316271
-1712699 -1261105
-4041784 -2870611
2454102 -2098270
5854610 -7137886
2574313 -4669290
1206708 -3205859
8283322 -6355404
-8634963 7818329
9340013 -471298
8858791 8109113
4790388 4635520
4342931 7845476
-6612686 8135857
6141723 6429965
3630046 -7137040
-5881793 -7581356
-7935615 4433699
-7664571 76423
-4545110 4518487
2365549 706391
7500532 545555
-3293497 6088609
-3576709 5783855
7828909 -1928460
8697005 -4236696
2915176 -795947
-2950471 3487394
-5860397 9774459
6204424 -7046805
8332507 2797678
-2267325 -7649178
6784521 -7549286
-4956511 -202940
6831900 1636303
-7657306 -6985269
3560287 -8286199
7802411 9843227
-1856566 -9733210
-9145317 -5774298
-7494642 -4027657
5176396 9551688
-4444566 -2063114
-2288654 4742277
7695472 -7788610
5009068 6432122
1299297 6027979
995045 5258095
-4944844 -1916182
9720121 -1445113
1569618 -8112944
-6399143 -7937184
4422395 -4870095
7913048 3919620
661674 -7434171
-8945476 8767731
835771 -4316616
3620271 -1252727
-6510450 6391206
1118948 3847969
-7203557 -8814977
-270646 8644368
3902464 4095740
-7820441 3240752
-8204361 8957620
3361028 4416032
-1004800 -4118391
1011515 -521763
5914210 5933947
8499776 -8559085
2724998 -3424116
2259269 2070653
-9182074 -6439231
2468327 8395892
-5239787 -5692524
8008851 -6412725
4747996 -2443344
4168749 -2261794
-9021042 -1349540
-9875568 -1135340
-6719308 5290949
-8827442 3485460
5480049 -5207755
-9273808 -5299575
-3858660 1394259
486496 1742321
-6187026 8866338
4943460 5262117
3658009 -5369100
-8545272 -2588213
-6484585 934574
8491230 9463580
9718138 8263411
9430223 2659979
4040991 3213448
-1495603 9554655
-4443533 7321684
-7886071 -7806693
-3106267 -8963484
-5052872 5356473
-2901206 -4448575
6934116 -2050024
-6787907 911768
-1940980 -5606072
1805715 -613546
-9678972 -486251
-8506319 -2162518
8617245 8812258
-6011410 3728171
-3058381 8047468
118475 545933
-2132383 -2037632
155675 5674942
-772189 -7502102
370724 -434240
-2366462 4174939
-7875085 7469518
-1618713 7084006
-8522066 7853360
-2760186 -1043341
986760 -4199999
3637484 -2439158
8889452 2480441
-3791388 -5228919
5334902 5394394
-4059672 -4333417
3628951 -4546623
-8871680 -3675703
-8661452 6300979
8383091 356131
7047422 1709272
-821210 -3983371
-6899365 9172337
7025697 76429
1549441 -5421431
378571 6781863
6859057 -7463799
-2467005 6532407
3819840 5748509
-6340744 -3742041
1924543 -845258
4608120 -400416
-1559767 8069846
4370825 -1747208
8608923 -221219
4004405 2753917
8770546 -1827303
-2654966 5699548
-4224023 4387534
8966103 6887083
-3814702 7325418
2377972 -8138974
909785 -6955645
8792864 9910967
-3831074 -5270374
3884368 4968472
7084408 609821
-1320332 -8991160
-738368 -4475358
-2180225 -6949507
5804410 -9613093
-1440396 -8175819
40081 -2908691
3995195 -1579010
7824425 5816058
-4342171 -4522350
-2661323 -5990277
-2945922 8035801
463120 8248462
5494440 8363295
3331767 6632046
9758220 -621191
-7095999 -7067472
-1542830 -1562112
1488381 2165634
-4931107 -1206703
-6866170 9809144
9416805 -3855150
4565840 3173911
-1010030 3412000
8889650 -5093382
-1083659 -2835849
7716304 -3771673
6993142 -1513228
9366419 -1820576
7327822 2487582
4382743 -4785462
-1852934 7086042
-4476070 7286745
-8031269 -879412
7913886 -471336
-8145840 9553976
-4301174 -8952284
4221628 -8729035
4682965 2781019
7687637 5727950
5408453 -3911033
-5166353 9120330
-9876546 3124757
3820533 4343141
-3169277 9489873
-5295588 -6335293
3267102 3729819
-6467084 -4632170
4488419 1307384
-9163952 8017999
88327 -5081343
-4033627 -7309792
6477525 5787154
-8915475 2704353
-9051345 -6323158
-234190 8772162
408844 6357108
-8001783 4599457
-1057402 532299
22172 -1664898
1999810 -1710327
4535844 -2757064
-4872881 -4733088
6574296 585112
-1396889 9615538
-5465805 -73303
-4866743 8691439
-3005055 -6983080
-1762374 -8389217
-4712375 -9404178
9367984 -813719
-4456610 -2430213
-7830756 -7706820
2825479 -9942041
-1606938 -6371806
-5565780 5364004
5123292 -9607128
8176136 8970064
-444823 -9749589
2382301 4750432
7193481 674640
-8117569 -567152
2449769 -7673261
-6062478 -8606272
-8010450 -9312605
-7609972 -8258501
-688713 3873886
6167067 -9550230
-9492270 -6003117
-2374922 -8491102
6872902 -8582856
-8189984 -5424350
-6454286 1996195
-5237042 2502504
9769288 -4382757
-1191764 7145260
-3421892 6962770
9289509 690667
-5399252 1544229
-5252024 5743383
1234 -3409702
-9535815 -2861995
-9895873 9312521
5825757 -852396
656502 -9388143
-7970999 5967187
-9457163 -9954243
-5441696 6355369
-8625775 6604903
4738499 -678738
8982874 -8856486
8106284 -6453265
-3246246 8077335
-378436 -87855
8171880 1354502
461153 -3114107
-3459750 -1826886
-9998012 -6558310
-4894354 -3355623
9772587 5827745
1794932 5762148
-1675743 4317940
-6810338 2337769
-8540976 2882561
-7796176 -5436113
-4292599 6197523
2260610 3703050
1780385 6330037
8758534 9014365
-7114781 3918302
3320547 -553234
7619881 -4137276
-695586 9860797
9021526 138221
-4034034 4410060
-7311439 8794113
-4371594 277250
-7384981 1012818
6411732 -1181932
3381955 6590395
2787919 8615556
-5165042 1605709
-9547902 7564881
6579246 6615344
-6950002 1726985
-8826249 1980818
7843542 6370545
6231342 1309984
-8551795 9664309
-3409279 5252868
-3436666 9930523
207773 -8204366
-4675195 2191740
3526160 -4660856
-8070460 -8263463
2868445 -3091885
1030176 -2766189
-5201308 7703403
-3164901 -6001373
-1758036 3894291
-4124891 -114903
-3744358 -8067933
3242052 6235003
-1584336 5003336
-7227443 -2793391
9653485 -2477262
-681628 -664109
4043983 -138742
5200403 -2840471
-1103934 -2429857
-3005390 -353705
6880106 4280863
1984267 541139
4539766 4195150
-1910559 8819366
-8779184 5298082
7230149 -3519098
5232258 -2523542
-7520205 -7011447
195163 -6352078
-6312988 7768704
9620947 -151352
2226258 -4478263
2681266 3664930
3751425 9943013
-410692 4093685
-1625452 -9253965
-6196474 8985766
3180917 -9641185
1694534 8343292
3641374 3786710
-9732387 2915350
2908160 -6612124
-3623571 -1983777
-5819503 -2095693
-4326989 6571592
8936592 -2132490
3389247 -4706042
1475240 -6320797
-6377784 -3929487
-9835802 -4773335
8489053 -4272123
7229995 -1461253
-8586086 -7707421
3152224 -7072736
6713975 -4375200
1056502 9309950
-7302174 -502060
7514163 -6035337
-5614678 -925744
8162200 -8305340
-7921478 -7425314
-9615004 -384855
3294348 5467769
4054635 1860237
-396746 -567084
5160793 4218833
5273932 -1907693
-7098761 2390789
-2165595 -795801
4828999 6053463
5363413 -5451620
-3437328 -4114498
-7633483 577592
9651848 -5923165
8287848 -3248161
-8157123 330400
9945545 -9633630
-1649508 -7772126
4088111 -4243755
5189162 -7594873
-859688 6207717
-5699975 -7133693
-2226552 -5585755
3618444 9717616
5771079 5607854
-9843766 -9036205
-3150703 -6349156
4228436 9235259
5828446 -8267834
-8999642 -3603364
6727037 4116294
-3000983 -7156765
-4928891 -811066
4945180 5349509
7754636 1675572
-2116710 134342
3000649 -3105052
-6174455 -5300333
-5582717 -9225902
6381952 -39659
924137 2704714
-1128090 -945462
-1710203 289786
2021953 5616699
-7986665 -5881756
750890 -4461337
-1618102 1256724
-9554341 266259
-4384232 -4030640
7644932 5390839
8041533 5886756
5298057 8044574
5260593 1042182
-5667368 1639954
-8399704 2194228
-5101058 3230936
4801827 -4959215
-2153077 -3712795
-8096096 5607976
9726220 2385228
7923891 6433591
-2309684 -7006537
3259722 -3694210
2275150 -9347673
-1440482 1391843
-2721401 -7563566
2997361 -3398949
159585 5093008
-3267037 -1742046
-9547817 -2991430
-9760494 -9150389
-4109604 7867477
-5845318 5041333
649310 3737319
-3877452 -3941414
-7507822 -7108118
-4114655 -5953561
-7131419 -7301154
5867525 1661420
-6946737 -2339917
-7387130 -5572957
-6455554 -7151786
457575 5610231
-6131815 -3779617
3228953 -293110
556501 -5679632
-7812154 3468460
-8973855 -1036751
-7299432 -3657472
-5082533 -5808193
-2916310 -8660532
7902260 9925997
5141195 -4514613
-336841 -9229159
-9052723 1008720
-2047885 -4767226
-1919011 -6439853
9170378 -5987087
233296 1054916
-9238194 5554915
9875284 -6537750
-552938 1318307
-9718444 4579482
3438362 473207
4665015 5498476
6837945 872181
798178 4265057
2266796 -2743443
-9456250 -4060627
-535555 -8070044
-2837270 -8508973
-4948826 -67088
3945825 -2239929
8814987 6737904
2292820 -5820878
-9842276 2093145
5927804 -5315544
9263938 -395214
2594345 6209360
-5775811 -4781348
6090834 9775712
4040769 3578486
-9164957 9405364
-4655262 -3692434
-9246126 -8621207
5386173 -2674465
7258448 -2083396
-1806972 -9562653
-308396 1204273
-2100253 9524367
1617513 -8015576
-3331120 -1942529
178609 -2454683
6271030 8449170
6184174 -7227045
-7451333 3011571
-3409943 2275008
1680373 -894211
-2070293 9941452
3836597 -458537
-616650 -8800067
-8367111 -777230
-7823530 -3358202
7846072 -174083
-8133363 1868074
-3631150 -4254181
-3680357 3484150
3545819 -4445918
6519604 6498252
1787559 -7666799
-2138876 2703778
7495139 -3147421
5958368 -3032467
-3091015 -8308136
-6250321 6404427
7604360 -9254417
-7515295 3133029
9774828 9237249
-8420481 -5338825
-954399 137252
-1600577 -6553844
-553342 -2069197
3484885 4719066
-6266329 5508829
7842031 4489
5224620 5521230
4890161 8219507
-4812959 -4763889
-3072025 -6635119
9769308 2096026
-4642039 677654
6327035 -109980
-8356378 -9640981
7536546 6101863
8755467 5739493
9185649 -3417852
4512951 -2845109
4390309 -1367693
6657488 -9485811
-6964970 8123980
-3838437 4499519
-4764621 8259650
6012113 -8948276
-5583394 422420
5034798 -7059912
-3865906 6702266
9108639 2909112
3268131 -7538870
1079345 3268613
-991894 804677
-96823 -165187
6989704 -1806245
-657586 6932481
-36978 1380013
-7979654 -4000098
3015774 2998052
-6225945 -9301739
-8250015 8251153
-1326427 9786168
5242609 8682943
-2098438 6224723
-866165 -8623297
6354185 9526553
2795166 4918318
-4277004 -2566469
7268344 -8196728
-7486621 -1857475
7591358 -3225600
8154413 1855793
372047 -2445620
3068785 2691111
3389372 -6612179
4155326 6842840
-854640 -2344290
-3661347 5345251
1569975 -5612031
8281025 -3243433
-3716880 3220162
-1861519 4635210
-7931259 9078286
3397910 3861477
4520354 1853437
8627837 5911289
-2232918 2111713
2182445 -701397
-8010286 655482
-3440345 -4748770
-7905930 5379087
-6965203 -9285018
-1423415 -6244217
-1856248 -8110198
-1353630 -9853440
-4116925 -3575223
-8940012 -2554158
9040481 4021556
-2116967 5645081
-2501481 2438391
-1650319 4919739
9547804 -3873644
5424959 -1366885
9288597 1730250
6981480 -68974
-4689887 -4151747
9079587 9075551
-7168666 -9138738
-7248936 -9827476
-9680915 -6508562
-7567432 -6086214
1359629 -3797840
2740068 6008908
1653989 400110
5354853 3139453
-1940808 1668860
311569 -6295466
-5145998 -2393003
9337247 8252880
-1816094 -5857401
-7492796 -1164921
-2089370 -3989629
-3128367 4103143
4275668 -6741684
9266107 -377302
3536484 -2888895
-4170383 -8301325
223935 7412465
-9671073 8569685
1709138 -8122076
-3936863 5683781
1904667 9768330
9891679 -1108942
-2856062 6758669
3417621 1745278
-9419642 -2155803
3854568 -1558823
-7455679 -8992660
6782009 -9273798
-7134748 -663659
6447446 6048116
263143 6401736
-3669446 -7722937
3363100 -9512922
4881354 9175833
4859614 -4927762
7356920 3460843
-7648099 9280634
-1444345 -235048
-8489770 -504160
7340037 4489628
-7069194 4606940
5614281 -6289043
-5562841 7991479
-2672180 2396290
-9039242 -2697589
6220500 -6224734
8568681 -6259747
6743683 -7448946
4243239 1931781
-479629 -5858611
7602233 -8380794
-9100160 9393643
-841405 9954134
-8033674 -8028153
6461476 -6814822
7792118 1822715
5533673 9392282
7383761 -4077249
835393 9970832
9789596 7227933
3519551 1796151
-1947244 6010096
1077502 2088232
6536365 -5203561
-1062171 -4679259
-3060053 8573088
7966731 -3459938
9010548 -9643861
-7672013 9641679
-7173143 -9023125
-4684058 1305815
698097 3135327
9058079 -9150385
3336800 -9401790
342495 -106528
4205976 3126396
-8347156 -6137954
5950278 -7741268
9571524 -4753302
-6916209 -4997005
6092435 -1490647
-2434233 -7459909
5412582 -3424482
-3782803 9092667
2585894 7740569
-953616 -8439594
4695734 7901837
1267804 2260833
-4624605 -3729835
6163637 -5395396
247352 5717890
9579936 -7114035
-4855302 -5583452
-336754 -1953434
-4434087 7232574
8258279 -4736610
-2196519 -8341652
-9249781 -4175954
7433065 -6783937
3472985 -3032584
-8955825 18960
-9562851 5035721
9812907 -1743739
4526426 1704953
-1174090 7704654
-4061103 -6793585
-3907619 9073262
6006163 -4481167
-3918248 -6246569
-9013995 8185761
-6550849 -5835983
8338718 9244284
7584682 -6231016
9501400 9088937
8572705 -2465901
7553059 -4509263
3042810 9616880
-2126859 506560
-7788486 2855717
-6923276 -7600433
8122335 1037424
-7372962 -984379
4534454 6731068
-9515501 8633201
-664685 3132558
-187072 3986856
-4252508 2784466
-930197 -1848354
9756935 5848526
-6617375 -1428797
-3421708 8329640
7946521 3452037
-6041403 9621102
-5006828 -4180338
-9264418 8686463
-7759761 -1930104
7085517 1374269
-1894663 -5132722
6016831 -5863677
7268882 -8893812
5093044 -4647854
652965 9598162
-9733840 3356888
-794586 9722768
-9189677 -9976905
8352735 -4895609
1072780 -2611385
-2990283 -1184392
-2848377 5031378
-3765807 2002889
-9927215 -2112795
1777826 -1525567
-4141937 -325346
3810978 9883163
-9010649 4391246
9743393 1079860
-6805626 -1401253
-8044365 -7087290
-7364522 -6539466
-6516371 1161049
-1218208 5962153
5867120 -8163636
651973 9854573
-2597697 5393189
9912431 7803596
8207153 3636496
-7889071 9985216
-340129 -15021
-7615506 -9514656
4876591 -6529151
-2932939 -6626155
1972592 4619984
49046 261435
3721969 -3555421
7605628 -4799124
-8836971 -278050
1558314 8903772
8758345 7030149
2423338 4726639
-4953413 -3839352
9797145 2335769
-5162662 5770092
8271423 4424426
4909771 -2986439
-6999238 -9344083
6546114 -213638
6922698 -7415825
-4638038 -8964942
-2520363 -3028256
2172620 1600283
-8677767 7601617
6505390 -4147999
-7117850 -4603101
2639891 5263735
-8575616 -2178160
2673962 202830
-4027077 3737881
-1837693 27652
-442435 6760698
-67032 -6927922
2858440 2558327
-2341146 -3520918
-9969507 -7702510
-730766 3020816
7137451 -2489870
-4888252 -8558146
-2706145 976036
6372935 4133490
-602775 -7307643
-6969450 -8470822
1732009 -6662039
7075842 5704512
-4267836 221284
-3018018 -4761850
-9173420 5289729
-9635592 6914950
-6605967 -3798627
-1501137 -9460386
-3923218 5940878
-6548992 7768098
1726304 -6785767
4190269 -8920892
5212598 1536512
4228869 -6920444
-5391265 7126176
-9535863 -224229
-4519717 6340744
-3437972 7539980
5294482 -6271201
1534880 -3939638
-7024687 -1362586
-2644861 -5584360
-5044746 8885698
4826576 5854003
-3861547 -6451612
