367 8531874 3361914
581
8097374 9949064
-837520 1673728
291589 -5511400
1153917 -128168
-6251577 -3518213
2082226 8586954
-8023030 -1687403
3691937 9275976
8376317 -8325730
8390712 5328930
-9402328 -7026324
9845524 9517465
-3252410 -4179135
5183098 -4451792
-5919918 6466522
-1068061 -1454987
2735093 4693808
9182408 8094419
-2033749 -6973318
-7975179 336326
-1076720 -5768974
2543623 4107047
-4100624 900250
-4909127 8751912
4080842 -5724307
9765722 5997937
5515403 -2805133
3015732 9611246
7675806 4779345
1245867 -9284817
-739804 -8244112
-1033951 -9822194
788577 4511641
7538323 -1851543
8484783 1271180
-1981442 2079497
8702896 9924416
824666 3078533
1830446 -5397728
-8605682 -1568109
-5570171 8427640
8138859 -8839960
3287638 2461584
-2759071 -6329056
-5613873 963444
-4764316 1003148
-6302693 -3837325
-9325684 4201733
-7649809 -2997764
8273417 728991
-7191512 3351326
3275742 -3708025
9370509 4027737
8630009 6616761
7565004 -6282693
4661299 -9975673
3700719 4511185
-3027231 2800159
6471103 -3011643
468153 -3269950
7733199 3373582
9536257 5703838
-7578077 3946858
-9050906 2726925
-6544084 -5227886
639793 9222511
8030839 8780757
2808494 -6084465
3048648 -82300
3635007 -6045145
6495535 613653
-4875162 -1703694
3612817 196254
-299036 -5386040
1344010 -7399728
5973854 2685469
-1610693 -8406439
5540419 -1973537
-9246612 811231
-1900303 6489514
-1771623 -5790695
5506414 8739490
5171378 -3740784
-1306732 -1685092
-5213885 -1779974
1350031 -7671725
-6859066 -8718350
-6005743 -1008778
-3878466 -729897
1870376 -3788427
8897042 7465544
1575458 -9639418
-1612954 -2713650
613933 -2884123
6121743 -8343214
-4133909 1229982
-7514175 6866473
5642041 3888857
-7796235 7657203
8393581 -5664690
9179937 -3010119
-9212117 -7740035
1251187 -7679129
1590975 -5217860
993713 7372721
-2645383 5977703
6338285 -109244
-306542 1446427
1078657 7241683
8898470 -9692609
-5946275 -2799600
6583225 7280913
1169771 -3460450
-5803247 2225267
-923071 -4110112
-4603879 5106687
7366652 -1743134
-6905910 -3815995
966145 -8865809
1023264 4685065
-6820880 -8040141
-5633033 8377881
-175691 9517405
-724559 4060425
-3115832 3419318
3136070 -1826089
7971176 937893
7477444 -280704
4460915 -8342701
-2452812 4190549
-702764 -6462156
-5688938 2943309
9127314 -3336112
-2201921 -2594848
-7909783 -7390188
7086023 8821343
-284423 -4730663
7303095 -8547010
5513415 2056238
-4524444 -3421464
-2731201 4913935
-4148172 8611626
-9152726 7756327
9413627 -6670728
7519822 5308189
1362385 -3039185
2420476 9333410
-4002701 5673448
-6921400 -5935857
-3326045 -3688270
7649426 7685170
5470859 -6240022
-4787032 9881355
1937593 -4709694
-5614806 3242735
-9326978 -70499
-8942521 1653993
-8073327 -3475150
-7629525 -8095246
-270705 -8659700
-9182533 2406649
1740059 3608033
-8202167 3237943
7302086 253710
-918207 -5123567
5077955 -6023959
-9747629 -3268781
-3387426 -6934833
-1644527 7981691
-6259222 1066519
3512372 2740668
6911013 -5586200
938651 4569851
-1009043 8837686
2694338 -4174522
8232127 1236605
-5155362 3511805
-3250251 -7511462
-4741399 -3357529
-5964744 6568187
-9455771 4340394
3587965 1629564
4694731 3312952
1294644 2716891
6299762 -6949796
-1692776 5035422
9449223 -187866
6898337 -4781762
6572276 -7095774
-8753944 -4110705
7125900 -733385
-7221580 1994535
4483073 4486890
3645713 -7955479
8612709 2258026
9114772 197321
-8173115 1673290
-5013758 2702737
7935980 6521616
2088173 -1202762
-6167339 4235742
-5952124 -9604603
-4386365 5798236
1218814 3462566
9351861 -7814088
1452527 2464870
-5540595 -1005887
5997355 -3252701
-1208179 1458830
-6283143 -356932
9840389 -2595470
9077820 -7168371
-1949281 4183627
705243 6580414
-4622347 -4013301
-9777558 -7206584
-6811186 -8273334
7524902 6786670
249236 -8681199
6021065 -8739932
3724938 -7882551
-6372086 -2526408
-3262756 8184343
-7840475 9625269
-8215311 5529065
5449947 -4123618
-8775636 -8374921
5808706 -2955881
-6375467 -724917
5261782 9030301
4340070 -8481462
-6754796 -1999424
7303599 45236
1364037 3286458
4546526 -9930813
-7813363 -2614897
-2624953 -1728536
8972159 8330903
7956173 4112291
-7842292 -8868315
9524419 9740862
3882293 7607655
7168126 -9251217
23866 -7792649
3754005 -9207340
4827550 7802001
8318929 -1905925
8139311 8072755
1359213 5622528
5691716 -7980300
-8078845 -4094260
-3306444 394705
-1274392 -703797
5924846 -4334284
9313753 9198133
8938996 8082555
-1793438 1354524
2103308 -4662359
-2455007 -4625311
8683701 4643526
-5038121 3815350
-8090575 3511251
1584006 -6719191
8903337 2565088
4584788 5459572
-8634688 -2888595
22462 -977704
8318499 -9424780
-3759064 1264423
462556 -3240303
-5157748 8071041
-574434 -8082096
9771898 -4434833
939856 4045226
-1311248 9833243
3648593 -376443
5651160 3650632
-552207 -1925630
-9360542 -2764833
-7305261 -9132518
-9504760 -2259402
6762894 6576403
7151623 517702
4298477 -2402255
4357443 5908912
3979953 7277386
1711642 1716047
7281214 5921871
-32903 1483540
1316783 -9262578
-7122669 1172202
7339186 7481728
-4443902 8528492
-4236341 -3213021
-9829187 -3804444
-3547493 -9025250
7551153 -9333947
-6299892 -6784599
813147 4702776
-6871960 7998585
-2207677 -4829410
-597011 -375654
-4453783 9503966
-6496142 -3315796
9937978 -1970333
1718221 -2663006
-5181278 -7184690
-8656198 -942593
-1639262 374821
-913271 -2892539
-1917789 -1468449
-8286043 5539236
1270990 8149716
-4631156 -4585935
-6587350 -7915863
9771079 -1503115
637583 -6278674
-6774708 -8309580
-1625376 6183800
6729819 -3270850
4066144 -1687397
1127913 -1551960
21799 1401219
4292392 -5011933
2095528 898889
1946793 -6620879
1434710 2694091
-6639841 3660750
1591167 -7294300
7306189 -1270997
-257760 5003817
8725143 -406380
1284040 -9620177
-920024 4466787
-8804062 2175017
3003972 -4190205
-3225812 -2221566
9179653 6648237
-8363696 -687661
2727581 3472045
-632481 3731832
8942275 -5325626
851476 3318581
-1459367 -7697566
-6452211 -7557357
-37188 -4153178
-2043206 -4193618
-3813795 -8795692
5671095 9240834
1415851 -2217467
-3891319 -616615
-321828 6936175
3584412 -4600779
4711560 -8625823
-2637425 5220716
-8531100 9955493
7146219 6730094
-7434973 -9588825
5229961 -9485953
-7043310 1105660
6952482 1294103
7100485 -4564145
-3359837 -5090724
6666462 5803042
6101928 4827610
6727348 -9401334
7534841 -7789391
-2390170 8921872
-9703951 1119254
-3660030 4837742
-2690412 -2341376
6905070 -2191129
-9263602 -5544193
-5030145 9470097
575757 -1517288
2293167 -9557103
-4121248 -9955409
7470219 -8089996
229398 -4964733
2379230 4136682
4735348 -3668674
-8941713 -8377070
-9455198 2270189
5905795 -8815531
-1461436 3357203
-8984172 -7754234
-7429011 5848152
2820311 437250
-7576300 5823739
6822803 7790166
749416 -4484191
-4439599 -884030
-6457674 -855480
-3303860 5546972
-7799994 3771725
2619403 1591722
3214652 6935354
-8278104 3677691
4862160 -3724194
9633009 7627691
2389809 -6599276
1765228 3165189
6118792 4960798
-6699110 -5414460
-7624294 8542492
-5941699 -9876307
-8243984 -4358526
4785995 -7864946
198379 -4701658
1586419 -8517865
3073857 2398385
-666260 -5794177
399866 8804861
-4919333 -6428012
3716031 -4737974
-8820897 7230028
395218 -3894159
3582991 2944331
7529871 9030362
7572854 6883881
-476073 2421930
8063404 4147507
-1201086 -6203705
-905363 -4634249
9364238 8997293
1395678 3197409
-80416 2438095
-6240692 3245770
6817758 -9680550
-4418524 -8643673
8586356 533790
-844017 9276931
2221263 -8502074
-9471712 -7261026
2139208 -7732514
-2794232 617494
-5234999 4179487
7975782 -4730827
-6848724 3563915
2561208 9586771
2784180 -7484485
-2530038 -6043113
-280991 -7296236
-6976786 1229271
2585598 -3463232
-413090 -8878957
2914326 1171954
-4813768 8742893
3998219 -4864411
9919428 -4285480
-1151634 -3862573
-9683086 -2874804
-5089279 3613368
9693635 8292696
395820 -1938002
-6906135 2254844
-1271917 -6820000
8400117 563827
-8206902 8447092
7500212 -8576669
5060726 4378697
8067003 -2912878
8346367 -2024947
-4373006 -6746764
-8515892 2344587
998366 8062774
-4812029 -7151173
6462195 -6168367
4640681 -7384956
-6806606 6155830
-9072974 -4963499
-9267146 -3712741
6851087 -7828539
-9381446 9132971
3072654 8644185
-4460766 635118
238593 -1866619
-1375214 -6393762
9375826 -1415040
3445899 -3231868
-5169093 3376286
6225113 6960618
-9207749 -7464770
-4849726 -4796340
3875843 5432932
2985786 -9139979
-2852720 4802869
6974331 3718640
2851611 6514719
-2324743 109237
-9255645 8440617
9090350 3214491
-662919 982948
2084261 -2284864
4483269 -8770741
-2878102 -4469840
5007130 1830528
4365758 5863363
-8932976 5799381
-6251334 2032384
2892405 4942867
-7737912 6734452
453092 2556038
-8412891 1752771
-8137992 5821055
4261672 -737634
-7523142 5122716
8622016 3352023
3583511 -5669709
-4440449 706277
-1247210 -9416868
2413660 -4802199
-8938836 -6240080
2075654 9295770
1328155 -7871812
-412593 5824320
-4924876 6736912
-8190698 -5634152
6118619 5528216
-6134377 -6603588
2658778 496980
8136048 643647
-6004330 -2348012
-5501368 6758064
9980694 95534
678666 -7425465
-2227664 -8750164
7526108 5608679
4904449 -1166500
-6521959 -398238
7942434 8748956
5485869 -4418200
-52352 -6982442
1062126 -188477
3207935 8582620
-8404048 -2555899
8087749 8383066
8551406 9732000
-993584 4599771
-5304695 -6949962
-4375427 -8496538
5269650 -2109676
-6500997 -4086739
-2736886 2795759
4913873 919804
-331239 -6742493
-1160693 -4627340
-1609782 7670982
-2517495 1303308
-114072 1968697
9412798 -9309559
1589859 -6001768
-6269768 7500547
2100319 141265
-4292344 2736648
-3243537 -688024
-281348 -6151419
-7721805 -7973887
4821872 -4265993
6653812 -458691
2798816 -7747902
-2375242 -3677427
6509907 -8361877
-4542217 -1468672
3016377 -6007588
7199205 -2139937
1858295 2429176
-7553925 -1210936
1446682 5588527
-9158472 -2937254
-1108925 -329310
-3964377 -2402009
-7859544 8609727
-5656265 -1686182
7855127 -521319
1730779 -9002453
9836472 -6829705
7324771 1871889
2919569 -1137269
2855143 -7217446
-6841030 -4064053
