127 -7040915 -9364161
437
-7283173 1758658
2719560 9960671
-9494945 -9456505
9835200 6871413
4986937 -6963003
-2243117 3827701
-7455975 -6667795
-8789664 9339388
-3423970 8884948
4151529 6369893
6907487 1550749
-2254837 1712505
-9291460 -4755654
7744219 -7500833
7974604 8705976
464635 8380058
857081 -9308568
-8765073 -6815805
2571960 -6121511
-3084514 3586480
9930533 -9924751
-6592546 4672369
4011757 -7525442
3875858 -5382210
3504036 3104139
-5345112 -1972612
2256245 411523
5655870 -5083596
-2584429 2964785
1670762 -4083559
6812851 -4609825
-3918393 4651749
352296 -2330068
1548421 9832887
-4064281 5440608
5515858 980260
-4347371 -4133748
-1659190 8923312
6057455 2180739
-4715122 4733021
-7239591 -438509
2489366 -60233
4856171 -2466994
3014143 -9338412
-3421971 4788094
-9821731 7201257
1853006 -6609120
-6422835 8776229
1125468 4721654
162263 -2358062
8622198 -422461
5443791 8194473
-365863 6791180
-1028081 6300953
1033974 -4308408
-2230565 4256797
6712916 -3689265
-3639907 -9741198
3436742 -5914561
8873533 9374237
6575494 -9985228
5922004 1568155
344384 -9055147
5666507 9499169
9657460 3986204
-6436257 8345122
6539595 8279658
5070838 1523886
-2175161 -3826267
-5618323 6559109
815907 1375166
7685901 2151113
-5073733 -9954825
-5869385 -5954005
-6579768 8363009
894133 -6995852
-2911345 2512078
3456931 -3183862
8831659 -50609
-6064405 -876561
9984913 8489119
6768778 -9984310
1539576 6524509
5214594 -5644032
-9084922 9364416
-6744066 2112623
-5736264 -5752663
-5707488 -9058165
7504182 -8293645
2585717 -1576873
-6056372 3440766
-4047155 -6520150
-7187660 1032283
-9018325 9409776
-8950433 -8356000
-9866881 7433622
7449313 3550833
75342 -581751
-3709430 -8494759
3386009 7806288
-81089 -2794352
-6030663 6641943
7583779 -3301000
-9078293 -1738151
-798671 -2395687
-8954920 3507424
-496373 -4338691
-790056 9514277
1440405 2315967
-3523681 191619
-9858406 2489973
-3959194 -3390561
-1455960 107259
1612500 -1367500
8955140 4834610
4556610 7514862
4156805 -8609597
-9394245 8525947
9304149 -5743064
1861250 -8472537
-2448761 -1494522
4166787 -4577318
-5063041 -428782
4403538 -6623269
-3915297 6377364
-8616311 -9120143
-2510704 8742649
-1150092 9940847
-8910301 6033337
-6615701 2978760
493622 -9955161
3951595 7940910
6466857 7166780
3940068 4557350
-1398835 5771006
6792836 8317670
-6259648 -1331243
8239975 -6524025
-3147293 -8806337
7571028 2643513
-3960277 -4546238
-5803589 1471069
1411917 -3954629
-7921292 -4437329
8541431 -4982032
7579160 7979360
5920270 -8448594
1234538 1530755
8604457 -5096521
3190838 -4825394
-6507723 -2794377
-1609268 -16326
3459650 9748981
-9057355 -3369293
1790573 2828709
8282471 1030025
5017446 7830296
-6124333 -7521118
-9442095 -3570637
-6036316 8470728
-1033560 1615688
-4316554 -8457156
3073599 -5113290
-209811 6917984
4608943 1678056
1400031 5497379
-4518946 617572
366553 9790763
8937823 1457056
-5714235 -6174450
4855575 728396
-8924956 5084588
79822 -7610626
-8664911 7467063
-1545857 637727
-7746585 -4701227
-3158383 7420583
4823645 -2063138
7371198 9915216
-5890375 7130187
2627566 1980141
-7402287 -1973992
-2183228 624972
-7917972 -4519381
-693831 -3245405
-657 8884145
3968733 6678097
9067471 -6409261
3574154 6564907
-2797366 -9597440
-4298666 4544650
1965233 -8027598
-90736 -4940697
7490872 9305231
6435418 9796814
1776956 -8399503
-7857143 -937016
2204309 -3108979
2371640 -40371
-769424 -3197311
-4313165 4194162
-6611389 1746271
-2146638 2171920
-1263172 4972434
-2108654 -8572483
-1511481 -1544186
428216 -3890968
1168336 2970104
2275335 2853832
2650647 -1340792
-7223943 -1289247
290090 6943955
-6165024 -5081086
-2605104 -7505601
-702912 -1277031
5433483 -858176
-9111904 -2499725
2188548 8822094
-3689120 -1258542
-7314673 -9074624
-618810 4202226
-9688741 1173846
-5856049 2325759
-4820409 -6004053
-4828493 -1064362
7646392 7830238
4774193 -2052436
-4617170 -9547166
5463585 1125522
9848491 -4705922
4435903 7277025
-5222699 -2201674
9136772 -2159649
-901839 6965849
407577 -4552348
9649878 -5700159
-2009961 2305119
-5369122 2477489
6473436 2133990
3585981 -7673178
-9842940 -8355057
-7891141 1232373
-5798441 -2552394
1089480 -9991958
7818472 9665144
6942169 937971
1252649 -5229273
2611078 4235822
-6281977 389421
5837073 4225592
8525433 4125600
8947072 -1996697
2997145 -3484528
1165815 -6422050
-4095228 -529419
-6368123 -5248204
-1499479 8578185
8542143 8257088
781482 2702080
-5116424 -368377
3085946 -1400045
3370682 -8174255
6061568 -5661405
4728016 8498113
2723705 2295943
-3578456 -6918559
-6398904 -6234510
-7202686 -4631384
-8537082 6598241
-3931177 -3520519
-6252371 9884043
8462228 -7782948
2990492 2248150
7466582 -479277
9152346 6288327
7404634 -7649842
6692256 2238292
-906761 775316
-8210219 -4729824
7566119 6337607
9419048 -2970162
-6688320 6504015
-8127369 -6979856
9618386 -3891005
-4895172 5851902
5735945 8203561
2936965 -1147542
3616960 -3285475
6235248 8443809
4732136 1083543
-4049947 -2096054
-9857762 2136770
5428439 -7357691
-9571163 -8248171
8089436 -265428
6764411 7994957
4498972 24836
3044980 2592443
1217790 -1112044
-5260142 -4820282
5899631 6322619
7691429 2992155
2223032 -1163404
9796758 1308389
4908284 -1541720
6362226 4528894
9182017 -9141662
6016999 -979184
772645 -2873192
6861380 6445837
-3042854 -8621567
1403269 -3857857
8734587 -8543882
-7139574 6964601
-7855680 -47623
8791348 -9883364
3108791 8043951
9396900 6482777
-2208833 -4668177
-3693545 9193658
-3761096 5215803
6074141 5185033
-5794151 7937273
-4935919 -5392507
3569682 -2505154
-8610369 -8074538
-1932395 -9473172
4499298 2792900
-242498 9318544
-8212726 7359725
7476361 -5581826
-7537875 -9421378
7061400 -6898495
-9050320 4375377
-3914613 7368919
2584722 -2743864
-7558831 -5159356
-7222083 -8824784
8299061 9163371
9174569 -2158001
-7716187 1868743
-5088077 -9435799
-4126547 -7132230
-7813685 1927573
-8196350 5630955
-9950871 -6026411
7068563 1796364
4897869 5027607
-8080664 4129963
-5984766 5847549
5620037 -9478924
-4638280 6599957
291525 8061207
-259070 -1860363
-1502012 -1409414
2975681 -1084501
-8003948 781801
3649572 403956
-7668471 -2130494
-6499539 -1647761
-5157820 6651532
-1552104 6065943
-6390098 -8089257
-1442941 5862117
1709666 -4470762
-3949686 2572293
-8311398 9846056
7907263 -6071614
-5415624 1980127
3087065 -9835455
-919956 3082364
-6135834 -3937254
6466702 -6407551
1461955 30090
8382329 1314584
-2033884 -2521232
6061063 -6775491
7651604 6414012
-5207519 9670965
7716556 -3791337
8780957 6502147
-1135445 6283222
-9788391 2985911
7482391 9288170
9452715 -5204015
394701 569456
-851445 -8950888
-5358439 -3224781
6805309 8131609
-553807 6103516
6098636 -2296010
-6555149 -71339
8859025 2159700
1830665 -8903544
-2694881 -6348494
2670006 -7936427
8346796 8602428
1588340 -8465439
-9177268 1074757
5870742 -8412917
2156539 -9724553
-8675441 8781795
-4442985 -8694906
1953056 8482472
4585988 -7637676
-7417333 -8600751
-6155737 -6799023
5360677 -3972482
-2876026 -7296712
-3645205 -2808658
-745084 -3054554
-4452126 9024801
3075714 -9881936
1192821 -347434
1239649 3898446
-3309754 9579915
8361710 5912541
-266013 -9468843
9013630 -6081275
8797402 -8312957
-6913707 -3884030
-683053 -8619931
-2592413 9446908
-7849804 -5322376
-5614681 -2952086
-3490288 -1495009
-9953856 -3843413
-3725349 2057586
4226505 3121859
9536657 -16176
-436261 7982506
3895047 -3773097
9274413 -2074551
-5639473 -6370965
-4683922 8288043
6920365 -6842071
-5462002 -9081277
