472 2666170 -3216061
659
4361072 -3413551
892348 -2561028
5116921 -9684082
-8878531 -8110311
3901238 3937740
7856900 9123851
-714222 -3495194
1737540 411432
9554494 8729800
9131503 -9203769
-5135774 -8477696
1919537 2311358
650032 3568291
-6521081 227749
5410271 9451042
8553844 -7220790
218182 -7712305
-7396387 -553808
-6147767 -4664897
1789195 -6274917
5365286 269824
6774630 -353905
2573879 7167416
5897216 -8971478
-8175246 2128374
3650678 -2454928
2372782 9205332
-4710025 8086567
-9169331 5539166
-2493439 -1231106
1548104 6240940
8528636 -3939595
-1977051 4282638
9617741 -8867751
7373684 -5608466
4661358 -6076712
3569383 -4744677
-7577261 1435989
2464511 8659615
787989 836308
897732 -3194383
8527301 6955019
5041586 -6729486
1326032 -6182723
-4897477 5872255
2113196 8832593
7409350 -833020
-6550382 641832
-5709567 7948651
-7659814 -6932640
9507000 4180470
9435793 7001544
-9046115 3076384
1735999 4374884
-4788808 3418397
2740366 5040340
1995359 -1374724
1895790 1267668
5084945 -2963055
-7090799 5738175
4570768 -9812532
-8129200 -2461251
696933 1980119
-7554878 -4679581
-9095869 4987366
-8315812 -5214692
4303205 -9588869
-3996133 -8880019
5494866 5257090
-1324513 256218
-4703442 3222410
-8152313 -8584146
-4800126 7291917
6845215 -3740171
-8001996 -9715181
2988639 2270768
9809517 -914875
3581596 -2624208
2696211 506450
8010168 6026718
3328379 3600342
-3472175 9694357
3330690 -2368416
-7111326 2531693
-7212089 -1174444
4564319 -5919486
8012720 -9399178
7892739 -1071642
-2295461 -6787406
6013765 4737954
9525074 -7781104
1304021 -8481244
-1105452 9334591
-7642607 -5114383
3428687 -8409241
-2292547 -9632438
2578271 -3242934
4388650 -3248369
1799676 -4091039
-2749130 -206323
3874191 4587587
5188409 4331541
-6740101 1886911
-2384143 -4402499
2851807 964438
3183334 -6370378
7664730 2376882
1711473 7003707
-8110676 -3440721
-9333610 -3414781
-3047219 -2165636
4591430 -9109804
-9841821 2047404
7956365 -8503567
1290110 1957855
-3454558 7723587
2055128 7680653
-7916084 4250204
9847705 5315027
8795818 -300227
-4154253 -4784136
7592746 -5504496
4015564 -6489523
-7413892 -8179428
-1594209 5904888
6255604 5768851
-824601 -2125076
9922328 847035
2343468 -666422
-8708567 395045
-9365015 6149930
3830583 -9646773
4603431 2690113
-9478507 5914499
-4385728 -3032512
-5300295 1833663
6329167 -6023629
-9996800 -7707549
-5886977 344731
8765972 5105661
874512 -4964834
2910090 5021576
8384963 2566263
-8100159 -4651230
-1739832 -6755217
9394713 5707626
6060853 -1104847
4101618 3225296
-8343853 -6819363
-7335523 4623111
-3543226 9786771
-6236858 -2635818
-343366 5302294
-4352975 6282695
1388356 -3713991
-6162472 6929349
-5532722 4779220
-2654517 -736030
-2870907 5368593
8613377 -8238324
7469302 5389261
6800766 8008090
-6250261 -3953493
-772856 902384
-4474504 -4594114
-4807342 1891622
9255804 -5501378
9800916 -8527848
7754847 -8571210
-9768848 7964294
-2590005 -8340445
6438775 6585032
-4150998 1877273
9762219 6300610
8062286 2978095
-9116292 8375596
-1099962 -1952060
4094448 7684474
-1413141 2649777
572016 5837944
-2270434 -3371293
1127329 -1718974
-246822 9501723
3446865 -6555402
-8591108 -9975622
-8316067 -3805631
-7220599 -1181113
3212513 8122709
-3060329 -1371596
4122851 2974732
-6133320 -4998042
-4433750 5006560
2691034 2766718
7932848 2177050
-1985005 3794245
2939304 -1495136
6785890 5744561
-2237364 6582986
-9972416 9055420
9079798 3725854
9920223 3952828
5288067 -9236268
1402793 -7300375
-6155619 -1499420
3991664 8342464
5860774 7967232
2973792 7858344
625063 3943377
-3879573 8181179
-5508224 -1442089
-420873 4135422
-7603664 7431081
-3469581 -3634983
-4579563 -7324676
6401178 -3441997
3027183 7016588
296672 -1162246
-5946269 -1684750
-667817 -8300535
2558281 -2101888
8381696 -6676153
3698544 -9064592
4878785 1355489
-7946980 6839959
7914222 -9000788
-2349013 -3455204
6492229 -2506651
-3625282 47323
-4761001 -6977352
-7902997 -5688493
-8671905 -8359822
477932 -2359462
5955789 -5858881
-4159416 4531663
4946127 -4712028
-8871829 915218
1850626 3327823
7199664 -2656933
-5816974 -3270589
-9755025 9252684
8313833 4613600
4623301 -9587686
459637 -2677586
-7138585 -9001981
7825879 5698637
-144833 7474770
-4884691 1670326
5811446 2849451
9897466 3587450
8875422 -8347970
2567248 4843593
-1828584 2519945
2379365 6934226
6179989 7887433
-343531 -921257
-6307656 6424965
6837279 -2029698
-2190931 8315645
1830017 9813269
-1971742 670484
-9338394 -344104
-8673778 399777
-6750772 -4223085
9364365 7137668
1306051 -6853306
506639 756139
5792437 6389651
3323878 8678055
-918160 -1828198
7250545 -7979781
8445184 8738310
9224964 3459241
1774887 -2201184
-9871563 -2965967
220869 6121256
-4222848 -9326953
-6410824 882476
-824257 -2896626
6757395 -3161596
-7498550 -1459891
1812600 -9420202
6969449 3008089
-5797504 -2394963
-1706809 -7190321
-5170101 3284337
2022647 -4456263
1519330 5791435
6106603 -6236037
797997 5810569
1931825 -1248608
-575561 3535218
6934046 7708977
7328704 3013615
2368371 -3890210
4649899 -3397549
-2817751 4869821
-9605738 -3537501
-3416111 6668050
9477730 -5403241
397448 4877080
2937169 6823981
2615416 4936447
8700410 -5543500
-9732931 -8761628
-10236 -7985241
5549978 -5284753
-7575776 1930556
7460523 2484024
8593814 2269280
8871731 -171105
7215068 -4239935
-5261083 8570332
5238383 7609331
4722442 1322806
8716238 4716113
1540094 -4880110
-9943663 1653408
-1373740 6671862
7910234 1273099
3287859 -8590319
-3875072 -2100001
2346907 -1162163
3838213 -8934495
3334785 -192570
2152677 -5051620
-6775203 -5277131
-6706799 -632254
9493429 -2036286
1802872 8531584
-4235951 -3267777
1852113 519111
-7827481 -179505
-3507642 -5575198
5697901 -6684869
-5275188 6918944
7335295 -8497888
-7143699 849741
-5568402 -317798
2005985 6694515
4159247 7766383
-7510748 -5841338
3526408 7384044
-4652241 8298806
6830390 -4463811
2268412 -333017
-9813906 5110792
-5068713 6636877
3578031 4874965
8190096 -6060003
-9141058 -8207715
-6705603 5431261
-3718998 710589
-9607208 -3849301
5361566 -6771048
-9004665 -5084871
-926209 -479187
9421209 6000940
-3183902 -7399800
-9347259 7285320
-3047696 -6353512
1273632 2921154
-7925617 9654750
4529716 6204920
2661269 5652415
-38948 -4763836
-9332575 3520211
6747153 3255449
1922500 9464779
-7306269 -343703
4571426 9800418
-8162417 6205419
-5277289 -6354783
8761769 -8741207
8544113 1538809
-2298351 9414511
-5147983 8012769
7667520 8975282
-2303446 -3073600
5095167 -5286412
-7533896 -9642177
3878035 -4943781
8311669 5649882
-2368987 -6858460
2797837 -7249479
-7449060 324745
9046516 -2630737
1014480 -5611477
-4352684 -6230773
5308036 -223750
-8292887 6707782
-2763097 5526037
4501319 -3440870
3485530 7420775
4650715 -7802127
-7444303 -1419302
-3846731 7116820
-4716946 -1049916
2091624 6981290
9731812 2914067
5755164 7405813
-5224924 -7717248
9187627 4801680
1087259 -1694092
598510 7351296
-3424570 -3604705
4437685 2305623
8864753 3812333
-6250539 -1060996
-6346770 -5133364
-4036314 8400176
-1966652 -3791073
-2324637 2116955
-901754 3316402
-3769530 2283339
-310848 -8653590
6145514 -8014366
6787315 -3019420
5286488 5333141
-4799211 -9609074
-3213778 -4115001
8190622 1776219
8104905 3740259
-7320737 -428272
4438364 4370718
2770894 -3667507
-4942228 -9597950
-4964643 -9195757
-3363003 -4750513
7532826 -3350045
-2003635 2867467
-2630546 -2778022
4202558 -5858121
1991373 6673121
7064047 -7994601
-2109602 7192162
-8515266 -6149731
106880 8597372
-1830900 2105991
-3523291 2786144
1634989 5123816
-1957782 9247603
2568198 6692762
-8057751 3077576
9727531 1721548
-5410985 1991428
1729758 -9759751
6898480 1958469
-1368410 8448669
-9545932 -1110147
8598368 -4304362
-7937741 -9139182
9458190 2599454
-5294555 2169140
7471636 -9856357
5267459 -6301494
5462461 -893375
8315739 -6690322
-1096394 -9452988
2268560 2774341
-5234231 -1368863
-8612262 -626073
-8667603 -988121
-2539452 8286219
9692424 -7519661
-9307671 -2085384
-8708214 807144
5922950 5270941
9956433 -9250023
-9106380 3144747
6843253 7428069
9051046 -1322569
1987109 2305715
2852727 7366786
141127 -9109285
-7961795 7637639
-2988434 -2576752
6435127 -6574057
4228514 -9139685
-6659345 -6104324
-5673356 3920939
7244435 6549336
1820277 8134783
8884760 3167386
-3687867 1776710
-8278869 2294732
-9027837 5671739
-9506194 -9227822
655316 2959273
-3633660 -4137115
-6499476 3312795
-9263957 -1595455
-5653159 512090
1372406 -312478
-3900450 8575355
-4987354 -2770587
-6221251 -7057453
-8922670 -7742918
-2059180 -1884621
2408441 9962090
-5226826 -3230695
-7558956 4129573
-2581897 -4254663
1220962 -7065150
-1202265 8073419
1386214 103655
8508200 -5185389
5326702 -5361391
4326131 -7144959
3946749 9215460
8961225 2942034
5884581 8959395
3732829 5256326
-6628295 6961911
-559647 4190001
3475659 -1703501
4942424 4213527
2475216 5916703
1367906 -7639473
2950298 6212531
-3683814 2681993
12957 6852864
4007825 -5175614
-9804220 -4660341
7071471 -9149692
3792342 4142529
-4381724 6032696
-6194626 -323077
9155186 1867458
-3942541 9693432
-2010069 -1404461
5325418 9533118
-2033826 -7067645
7809234 -9683013
6529518 1850432
7048777 -6724116
2645100 -7154296
-9813558 -2938266
-5082255 -3347075
-2496767 2898574
9557455 -8010784
538264 3811928
-6511149 7692084
-440458 -3140009
-3446577 -7355962
-6244071 -1866647
-9817176 4543354
-7939 9081348
9398335 -9334650
2515782 -9682353
6109883 -1555795
1289909 -7919089
-857354 -1245017
-2075740 -6007297
-592370 -3423257
-8917688 5427493
-760579 -1034915
-3342831 1620576
996919 -4755375
-9594985 -1266937
-617231 7550342
-5389952 -5839056
5758644 -434407
-7252705 -2881539
9952460 5156979
-6398816 5263077
-139660 6062343
7333678 -2592555
-6083499 9002986
-4420270 -4742062
3201784 3324131
4805568 -3337958
798970 4957557
2718534 3979090
-7287847 4312242
1862584 3123549
-199154 2094922
4176867 -1011015
6107446 -4440510
3232822 6924162
-5296409 6059907
-5361398 -649642
6757804 4563932
-3916730 4488633
9746571 3190657
-3485212 -5820648
-6642254 -4535293
2938617 3836708
-2184202 -3326931
-9014689 -4342849
1297053 527952
5139226 2847895
-8163120 -8902101
9173741 -8167554
1272960 460679
9036938 2406563
-8243078 5976552
-6943164 6191892
680525 1031078
6738087 -8343542
-4164189 -7056551
-9075492 5769227
-394065 -8290091
-1617022 3863125
2036629 7421734
-9533962 -8115359
-2751111 -6666318
6947933 5605264
-45938 -8397879
2062800 6121674
-8955410 -8772977
-280073 -6383910
9807983 5317864
8865294 2776763
4433221 488508
3431957 5603381
-6111040 2785384
-2988354 4356466
-9264057 3494895
916629 5394624
-204382 2772572
-1377394 1382667
9504284 7044507
8646628 -4429461
4208566 -541654
-6798279 709429
4325519 -2230492
-6912628 2921648
-4301589 4133502
7138363 4469018
-7411249 2647985
7949721 570320
7443138 -3522289
9972606 -5038633
2872344 8179082
-6531994 -6594412
-2695393 -7332038
9712469 2090613
177504 9325243
-8700058 8359097
-8415122 6902422
-5328070 -5498337
7423312 -1573250
-7439748 -9724346
4744672 5638075
-9197588 2214967
5301640 -150225
6327486 8752134
6229853 2744778
-6559788 -1183555
2222033 -8381451
-5713489 9424571
1515184 2042992
1368236 6515332
-2609218 4209040
1111463 2668178
-313807 -1024340
7402410 5783393
6059048 9625857
5263933 2479015
