420 2361022 1154751
881
-9107078 -5426494
9203762 -3139759
760971 5275260
2497790 7843520
-7337824 9702359
-3487347 -9665065
-4276392 953537
-8631080 2375618
8347251 5201469
-563873 9435351
-4654834 -7581181
1877020 6634744
8379565 9566634
-4473770 8096499
-7026127 5946445
3036303 6680981
6057574 -6133205
1658408 -5243582
-7400062 -3181454
-3479095 -5843802
7007485 7778467
-8751644 3033558
-4590823 5247445
-7034734 -7382724
4568979 -6243572
8691599 2401393
-8447510 9914146
1997132 -6915029
3697822 9932055
-1605148 7523362
-3279305 6671696
-9461509 3947507
8703925 -7221731
-7886833 -5286749
-1130551 3820216
1598683 -1365927
4183983 -4123066
-8875621 -4636609
-9502980 9593160
5865941 -5910355
-992609 5065999
-2503503 -2926108
158864 559881
-6991712 2009981
-7950305 -6143314
-9471618 -6080508
7866999 -1229610
-5934988 3583226
8296477 6570925
-7092507 -3821821
4812252 -2834073
-4440787 -2977472
2385919 -1003764
-8894252 9199945
5805942 2882939
-9534709 6971689
-5954418 -5186667
-2110434 -2038212
2488122 -3279202
577484 897854
-2666302 4537817
-6691792 -6377781
7205445 -4799302
4287975 9889572
-3932249 -1981726
5184201 7195468
-5782004 3396356
4908944 3259767
2459712 -879733
4519559 6014692
-4497266 -1734346
-4404660 4984850
5462990 -7935332
-1214534 3484906
6899113 -2048888
-7511070 1879302
5501521 -5767189
-566491 8313490
8203062 -4776682
3241593 6237836
3433304 -5729187
183521 -9057854
4201913 167652
9287920 -4907535
-8892842 -3338375
-2556368 3807479
-8691319 9126244
-8809088 3038972
9040230 6771671
7239136 -7507270
-3111616 5939343
-9827845 2244418
557908 -7610094
-9870424 -7877984
8359853 -8722678
-4451865 3371169
-3170332 -5690491
4477162 -1751991
3340474 -8968419
-9790441 -3718566
2605265 -3036016
-3909772 -2346809
3208515 3913946
-6798031 9797492
4806574 2248745
-1811911 -9558895
2685523 -8305041
6601217 -9123404
5514964 5759783
7037105 6730793
-7381685 -3608831
700679 5101593
-6650398 -552017
-7004084 7694193
-6024373 6690076
-6345939 -6794525
-6624982 6580892
-6988810 -7739359
4574486 6583533
-8651369 -3786841
-3345735 -618940
1076019 -7946928
5446020 1856140
-2384076 -2322764
-5591970 960984
-131494 -5346971
9754622 -2973655
-1009320 -9430815
779730 5620576
2310653 1986596
5192072 4755357
-6147399 -1518934
-6741941 1083442
-9816672 -3136209
-4406698 7832545
-2786394 -8468041
-6414969 -5236081
6620060 8289625
-4033138 9031051
-7491613 6752336
3921717 -7108756
-7566059 2376893
-4537570 -3807308
-8186732 1424621
5927569 6242160
-6486131 -3359727
5121339 1119641
4719436 9882822
9262965 8379399
-1271704 4902764
6434723 -5143732
-379813 5941902
-3252120 2536106
-5916491 8756599
-1974713 -4768906
-1877662 -3408104
1485142 -8052995
-1860303 -6927369
4497252 6947572
-4293915 -7530683
-890409 424821
4060815 -780046
-897223 -5769070
5126681 -8703397
6199367 -9117906
-4261638 -6145022
2313232 -4849558
7686548 -2125098
9147853 9061112
-5707794 4286409
-9121695 -2826859
-8363502 -5069104
-1996473 2363447
-8172628 -223805
-5238136 5017131
7958305 -2466543
6753411 3871455
618738 2019120
-4167925 8372540
9254635 8261771
4633101 -7968558
-2818116 7509349
7900603 -3053666
8523798 7384784
1671193 7048457
6737950 5332357
-9736747 -4934150
-54350 8374448
-9333005 -1733219
5800264 1773022
9306479 -4571141
1816667 3758569
8294041 -1423758
9465135 -7564595
-9302824 -5873884
-3842442 1236122
-8738177 5330278
4792964 -4144206
5756930 1678779
-1272764 3316762
-1350881 -2571877
-4989674 7981538
-1127662 -8571275
-7788142 4955976
9245350 -460667
-2515456 8012122
1770692 1068181
9644423 9301211
4252968 64733
4190850 1625910
5378384 -2533503
5313127 2864760
8720555 -843440
-9164661 106091
5939205 -3006163
-3061687 -7921073
-9939535 -5411675
8533402 1948639
9420967 -1067197
988488 -9254740
8757382 8666317
-265502 8473032
290596 528074
3109160 -8104727
3521184 7059916
-5473587 -2699990
2681122 -8584080
572480 9839540
-7538017 -6081971
911867 1407819
3486746 8401189
5505866 7850180
-201181 -3936437
4996366 4039268
-2699120 -780214
-2113897 -4015146
6974239 -3941738
-897311 136953
2032226 9781187
6841103 -7788151
-7971789 8069762
9485683 3883869
3723409 4709333
1143715 -7425485
-3501313 -1298255
9619286 -7944418
9905762 9985433
-3951003 5125152
-8319228 -7779067
-6042929 3561715
2062922 -1018348
-2443734 -5640474
4496479 -8446487
-8665300 6658955
1387156 -3471295
7114820 692155
-5423976 -4068281
3157405 6600503
1691370 815786
9517531 -5698880
-3643298 8190057
691843 9136817
-3221679 8778816
-9000251 -742808
-7181093 -9024555
-42903 -5043180
-683654 -2601819
-1048306 29715
-3311329 -6187175
-7142118 286394
-9021450 592179
6523899 9972702
-910443 -4445426
-1113288 -318696
3982424 3297280
1487337 -1595757
-9942588 2855478
1634294 -7820820
-6047276 -3164267
-2188822 2634043
7590863 -3228368
-3313835 284627
-9685657 9423561
5752738 5637860
-4075746 9519366
111545 8610620
1099675 9419156
-5026269 -3364556
6316748 2705584
-3997136 3860443
4781039 -7184476
5671002 6554
-5297914 4838451
4190537 -2694704
9939339 -1345189
-2057205 4518067
-5197305 46554
-8013533 4628960
266820 7633390
7152756 7739205
-1133822 6191075
-1873417 9780653
-3583902 2482205
-4812211 -4383334
9477110 5249198
581075 -6292994
3713560 -3225499
4129304 -3747923
-3926274 8415646
-2929543 -1680159
5354261 8529417
-1424028 5013252
-357787 2673308
306698 -6921209
-9182003 2425385
-8867188 9975806
9756459 -7799473
4682732 -740604
4876062 8688909
3938108 9870521
-6422473 -3130476
3644025 -5480817
-6712388 -192561
-1776914 -9710318
-1390477 -638662
-2109244 5293543
-7176852 6480136
-846556 -1016920
2061871 -5018287
7407098 1976494
1952300 -4603780
-2403253 8539911
-2200693 -5774888
-7085979 4795831
-2817295 -7324631
-455106 -631519
-3595984 -6723416
3084024 5705271
5994953 -308371
1569319 -8692890
-882995 7120829
3600965 1976427
-9040493 -5543495
-561782 5270762
-2752744 -4462269
-6549697 9361669
7901580 1715909
5941021 -6436597
8359234 8217239
3408960 1371394
3256228 -4458061
-1181476 5470206
1175478 9660244
-8131775 4418900
5726010 9686783
6807612 3437545
-4586028 7359367
-8184127 -7075070
8195692 8889832
6943915 -6229557
-6867888 7959300
-324791 -9605782
-6042379 3550044
1767283 8132582
-7979671 4833208
2891499 -4823756
-9353550 5276557
4936801 -8289977
-1354725 -5661720
-5974936 -678621
-7241076 -5628715
4247005 -9167324
6273958 -9310752
9579080 6062878
2349673 4469650
2428951 6522995
-566434 5481786
-968170 4620512
2753095 3391187
-9259253 -9200886
8491710 -2710224
-7433667 3632247
-2141378 1654512
-1490855 19486
9340865 6503898
3391535 2534209
-4116763 4616141
5305390 -2361460
6217770 -7842804
-856802 4884470
-6076182 -1432556
-5950770 4088501
-1290986 3357384
9264923 -4402588
8912878 3978461
-8731763 -9994329
3637918 7404588
-8424547 6350922
8886760 -8503460
8000438 84598
5135159 8227626
-4639881 1391974
1546866 3534748
-1791704 -9334491
-1933668 -2235363
-1151567 -132153
-6043652 1990150
7863886 2897663
8495075 -4818286
1676527 7128809
7134480 7407954
-2671106 -4538884
-8187962 -6711250
7301643 -8579301
-5978351 -9301201
1442777 5302081
9210407 9156808
-4792091 6802896
-15242 -6726374
-6445385 3416205
-6715948 8051090
-7442408 2403048
-4699289 9756753
-5061533 -9578522
66639 6312138
-3763556 6614995
-7923889 -2798880
-6993778 3565339
-2497610 6404502
-380347 -9692135
-1873701 1524040
-6802800 -8937570
381678 9853058
-6873316 -1594891
4337667 -9633564
933878 -3318701
9084347 7621719
-105176 3491470
-3570700 6901410
3213549 4833292
-6035361 6495940
6213412 9449993
-4468316 8557102
4961604 9219634
9527500 -4449573
7074467 -5418743
-4356313 -9829849
-9976791 -9728333
-8806871 -1458282
-1091846 -6850106
-7652455 5530796
-4331133 2358385
-4150145 -8568107
8333303 5563692
-7086664 -5204492
3807800 -5936796
6029550 -3122025
-4564923 21212
-8242802 -8438766
-2888339 -9603318
7494291 3801050
3971201 6702480
6974148 5654331
-5803951 3994411
-339343 8167277
-3785575 -4379445
7978940 2008202
-4043553 1883292
-2553016 6345148
-8859344 6806103
-9130693 360320
-245353 -2535192
7486020 6898857
976444 5189725
-1897241 1759570
-4439379 604457
9823290 8113402
3767733 2048174
-3957415 6797438
-2518933 7963782
6100690 -1780406
2744149 -3788156
8095136 4079630
-7058870 8700596
5506699 -4457879
-1581207 6598138
-5937054 -1107641
-4208784 8173441
-4120482 -8451034
3308537 -715988
2404822 3982277
2095679 1385510
-6566316 2228112
-8458098 8379765
6343547 -8007378
212216 -8460679
-2248835 -5039411
9040220 -7043635
4173314 -4153699
-6095226 4497702
1095841 -319987
8572372 2323568
497009 5158787
6707754 6879941
8680305 6376527
-7124844 -7467357
3918153 1085127
-6686761 -2512813
-4133048 -131811
1860811 -5144859
-3605538 4726852
9687441 -7926972
7545745 4145627
2508281 1244013
-4258284 1719059
3915425 6413055
-1263377 6837557
1996344 2487797
-8115910 1749984
-1873489 -8779550
6269445 -9435604
-5834125 -6481981
1005207 -7296050
2572140 -2520885
-5149392 6872159
1599011 -5567049
9022331 1245071
7907050 -6197195
5046818 -915571
-9196512 415331
-3171613 -9211466
142443 4718913
9723063 -1918638
9831347 -7861212
5875590 4123505
4687901 -9525790
-6007770 2145036
-2634662 8853777
8849244 4997437
-5614052 9937478
6886782 -6300148
-2538725 -1498688
2304117 -1574535
7509894 7884678
-9183639 -2649065
-9344178 829735
8065000 -9838900
-1757537 798265
2937053 7788063
-5572079 -9409838
-8935628 -8671004
-4009616 1632174
485951 -4943398
2570391 3355722
-4190447 -8148453
8067752 -527308
7974004 5212687
6154504 -4470973
-6586295 278121
145408 3664399
7010486 -5769933
6907519 801230
-8400504 5075486
-4620098 -4850018
-4259856 -2947099
-1618103 -192177
-8560003 -3195483
-5622529 -3111367
-9755644 -5557699
-3706152 -535785
8936907 8570261
3782948 -5638400
-7593020 -572737
9705384 -7546196
6118203 8337037
5083456 -149208
3168375 -4354959
-9279472 1990976
-342690 4767871
-8179228 8616782
-1575395 5397455
4718324 -7280978
-392345 -135398
-3176745 1612147
-8923638 -147989
-9061376 -4366544
-7488592 2529621
-8043116 -2762076
-308271 -5081612
5771778 4178620
6545765 8326284
-6028674 855234
5362562 -285860
-5517989 7208206
5824988 -4980127
-9582672 8819135
-8461843 -5750407
-3369453 -2347996
9264151 -6337835
-3969472 -4029845
1603611 2856866
7902839 -3030847
4207077 4115019
1549760 2376076
9071048 -6101194
-7774909 -2678462
693124 5616813
7847305 8712769
5920975 -3944313
1075560 4845668
-3818844 -5737685
-1488092 -5990760
-5822404 -2280687
-6102170 -2341193
-3854686 5958099
-8668683 -71641
6897512 7748925
-5619703 9234157
-5873415 -6379059
-9963900 -1553591
5767947 -6802367
1330799 -7738809
3490312 8977423
-4966890 -8305544
6540125 -588713
3673602 -1374978
-4849386 -7278719
-7043054 4701862
4877021 -671790
7802662 -3145223
6783136 -8977664
1287613 9133979
884488 -3803000
-7665707 -1815738
6630671 5011073
725059 -7629607
-5368416 2398618
-6107606 4572210
6266666 8121896
-9950465 -1074496
66879 2806791
-1955576 -3760511
-9058649 -2266155
7062056 -6482277
-7111148 -1665275
-8126587 4864718
-3484951 2188340
8385340 3161026
-8654711 7399538
2410611 -9280367
-6909973 7975960
-7109069 5652022
224232 -9762037
876212 -3216675
-1774819 -3509101
1814042 -6557901
-318411 808412
8542258 2374819
5892542 -6860708
1474017 -1879334
5501736 8781394
-6513914 3347430
9024809 -7983215
1932675 -8128574
5107411 2886450
-6621238 -5656713
2511661 713790
-6531894 8786045
8085722 -7264106
-8256855 4344318
7786417 8827256
-364332 -3926461
8448358 9984358
-6876349 -9305722
-1185056 -3142748
8154998 -2885980
-9538549 6833032
8849818 -8358916
6028862 2002612
7405414 782493
-2357868 -6347374
4366416 -9215824
2086574 2670146
5406040 7834522
-5304808 172296
-1000448 -334463
5739076 4997962
4982320 8635221
9329499 -3296213
-3922609 8105971
-4780008 -9339204
7493828 6748742
8389826 8197795
-7283241 -1140002
2158844 -3064959
587667 -9877827
3422701 2317328
-5012526 -5045917
5304958 -4490725
5681572 2909866
5091755 -9999850
4998112 -5318876
5832697 830832
50971 -19567
-9397244 -2321451
-1660655 -1355286
-4606544 -4177252
6536895 8349525
9725876 -6216717
-6765324 9253654
9375827 1884720
6718400 3822343
8776426 2798529
8307804 4222227
-2867907 -3402264
-3402113 -3494272
1186853 4740201
8087385 4112351
-5907216 -2980450
-2785549 -1861644
6783070 7211893
5550993 5553796
-3580326 -7823473
8476162 2087889
-6142105 -3854450
546622 -8289162
5533181 -6766277
-1451396 -2734978
4003601 -3174041
3423696 9372760
8394841 3652047
-1607752 2537935
-3349714 -418306
-882404 -3520367
4617989 -6740577
2987668 6332048
-5597804 -6082589
8610290 -1461339
-9373450 821870
-516228 7086452
1313642 7000798
-9765479 -9969606
9811769 9363175
8705487 -8700523
3188589 3815370
-2532583 -5354465
7183470 1583430
3681476 5859665
-7660702 6350108
2125883 5315425
-5836175 -526361
3391051 -4886449
-3831435 -8917627
-5579404 -5482307
4120498 9311467
6312265 3904368
-3548885 -4565860
7313668 -936862
-7121033 -3737116
2594606 6019155
3181042 6067557
-9832661 -9937976
-1561959 -7119136
9230972 -3634832
-8319407 -6706308
2767331 -6126792
-8496889 8360770
9443143 8674734
-6807572 -2328324
9499496 -6136261
284460 -170722
-2220230 5811761
-5125100 6735575
-7001541 -4906562
3628945 -2246133
6337776 5593065
-1828559 -3190013
-309149 6505116
5386636 6609483
9903175 -8561824
7827736 7067229
-2055649 -4813142
-6138407 1847199
9518876 -2612506
-6232414 9570373
-600349 1534724
-2653515 -3431602
-6696027 7179421
4789212 2221385
2491605 8818784
-3071799 -1581843
-2255503 -1170619
7850849 5099643
-5774522 7435348
1389876 3237485
-7178934 -5871347
-8168137 -8266036
3581164 765417
669264 -4306544
7780181 -4383608
7151116 -3046798
3521600 9696184
6875606 -5502399
-764661 -658075
-1839291 -5818830
2599327 -8273056
-6927323 5088910
-7295095 2860176
-7188123 3439879
-3322636 -3069617
-6424612 4201753
5935718 -7985217
2780200 -4592748
-6382940 -483118
-2350374 5965816
5435370 -8602758
-8906574 -5199258
-701657 -8526678
815247 485384
4666554 1050034
-4706670 8975956
-3418781 9782234
2642410 -1633992
4322239 -713876
6216508 5454287
-7827607 -9000397
5530738 9791896
7715500 624463
2657697 -1689061
6793107 -8667439
-7270197 -9692677
-4891935 -5255170
-3781848 6339581
-3175034 -3077240
489147 7033400
-1474292 4007872
-3693542 5782477
6664837 5106927
6909404 8948869
-3080492 987076
-5496968 -4357736
-4565840 -908099
2232716 -9966230
-9138939 -6850339
6998574 -5109587
-4802264 7654169
-7601001 9728377
6067958 -7177847
-255086 -8866497
8166903 5409276
-8066499 -9765939
-1467110 -3307388
4315891 -1760041
-2811172 -4802272
6184804 -6258353
-616089 -3375311
-1767058 3204188
3237959 -2665576
-6999563 -9534341
-4643928 4099020
-5730459 9999011
9727388 -6929839
-4107686 9184892
-9681604 -1688302
6237327 -1846420
-9096007 1001651
7694263 8170828
-3589213 -563116
-2849036 -5473493
-1731846 3599616
2740657 5852120
-943691 168418
7502842 -9026401
-8560742 -7705732
-1090360 -9496721
-9497710 -3204669
-134508 3179182
2364074 2746030
-8942272 -1725842
6427739 -4801178
6200474 7295055
