704 9598520 -6287497
989
2353560 -7700628
-7642226 -5537610
3464322 663305
1254225 -1088892
-3460648 5239869
9132728 5800835
6381319 6394430
-2823082 5207615
-8547055 2366294
-9400048 -8590549
5867189 -8954863
1733428 4843052
8568699 1368848
8477166 4271548
3870068 -5663312
9152412 4706022
9168412 -3776371
-596714 4026539
-7062353 -4850914
-9611045 -9342488
-1025301 -8006649
8387781 2038036
-2754349 -4643981
238665 -4435301
9490502 -1301403
-256266 838617
8198021 5357692
9242892 3993514
-1734937 -716928
3619760 236411
-5057567 4651483
3391464 -4711475
9315064 6627197
-8223717 -7205249
5968615 4769063
6762414 4681590
-3280374 -5056686
-7184315 -2333453
-4252402 -3518370
5180227 -4429298
-1074329 -4761900
3112144 7440313
1433828 -2876308
6406765 2355037
5107800 2215243
9383078 -7457123
-9652246 -9949767
6677430 2774543
-1914354 9662818
-3051767 970065
8168007 -5945739
-8486073 -6289353
-6106454 -5112366
-6114384 6845965
-7583333 -358856
-2604403 9065843
-977492 -6141309
982383 3024093
7895482 2972688
-4812069 9905500
4964730 3003282
3053515 -5428990
-138095 5312484
-2508345 -7752703
-4266286 463903
-2965484 4439888
666888 -6098278
-8694292 -8935205
7910760 4560434
-5798421 -4808676
6773519 2843780
6702471 -5886472
7137621 8312379
1285068 -9798794
-9893293 5033104
-1963614 6472999
3560361 -2412211
-7099727 3606254
-1630097 5938618
-3597479 391928
-5168183 4103618
521692 3437037
4501833 5498705
-7424509 -5656248
-7948572 -5071055
289077 9293422
-6593050 1341299
-346322 9507900
9709107 3060924
-1905972 -9061254
-71902 2332166
9919955 -1353234
-7746980 6004811
-5540218 5336580
8244861 -6860724
7242894 862303
6815693 5593030
-6391913 -9719062
-5375310 -6166122
-8720825 -3816422
7993353 -3323882
533769 1568253
1076153 -8599697
-3022421 -9812553
3642546 -6698388
5633778 5071607
6234726 6086996
-5391841 -1929915
5923018 1004098
4143374 -932059
2446597 4167879
-239091 1386268
-5816442 -737710
-4387480 -4114652
2068926 -1191752
-1999282 -3108305
976300 62279
-6021065 8534487
1238287 4568806
7870418 956514
8544474 -5119167
3484181 -3979451
-3393014 4779200
8299650 8092340
-2839718 -7469996
-785765 2443025
6345645 9606879
-8614479 1491496
7376844 -9470796
-8146196 -3001959
-3593912 -8037877
-5459246 -145477
-9094638 -101259
-5532453 -1480311
1992556 2143649
-459166 4854317
3391218 -6946618
348934 -6974985
-8882644 2514557
-2439087 -1351416
-8908391 -1722362
-9599131 -708499
-9217003 -46393
482811 -8213610
-8699217 676194
2638317 2336615
4707490 -9776777
121964 -304577
731465 5612853
-9727146 -2894137
4476533 -7275979
-4222597 -186311
-4644944 -2132249
2898660 6126337
7291273 -3527588
-2733598 -9540426
-248925 8382883
-1663510 -9816377
4486365 -6949576
3726618 1335653
6188620 5787148
6010372 8881287
-1423289 896111
9025316 8648688
-4245448 9308176
4548549 9298170
-8371789 2747437
3131540 2842304
-8515007 -3016732
-4027968 -3969799
9006127 8776266
7159149 -4245213
-4061590 -1242798
1807626 8011991
-8136004 -9575224
-1271724 8050597
-551764 8052617
-1051272 -5261352
5903689 8024947
-150525 -2025956
9788566 4174593
-3077970 6914376
-243320 -8583222
-1599954 -9946430
-3916229 1241673
17940 -3111570
2643217 -4910102
-3636548 9693441
221785 8581628
1522756 687431
-8745620 2085781
138398 -9748968
7506033 702616
-8756084 1603478
2093874 -4073926
-9899333 1093391
-1992232 1882441
3299219 -2977303
-2923733 280800
-8477526 -8300735
-1412305 -4323609
-6717359 -5943234
6266559 3747265
-5154755 -7837554
-4633771 -3511656
1090478 6368001
-864615 -3379391
7323225 3745228
-4651293 9157770
-4916156 8567141
-7823115 7442581
-8158626 -4815489
-5276440 184653
-9534547 5140593
-643790 1799828
-7429 4504279
8561045 460258
-5792477 -4208436
-2045990 4827605
3832301 -947232
7937121 3320239
9940848 -5077221
1184360 9588858
1262981 -219574
-1652433 -950581
9008352 6346825
4047689 524452
3225457 -9150273
5990320 8771249
-6912571 -3792737
-9288458 -4653469
5806789 -4403648
1387917 1788940
9132897 2530664
4099784 9341927
-4821481 -4518450
-7079318 2036905
-5857885 7635719
-2583855 4105042
-6845539 5405096
-5731726 -1719935
1320869 -7837187
-6987460 8315963
-396436 7062679
-6730058 1519213
-617904 2690994
8287346 6497836
-9196872 7705237
235901 -324737
-8466457 9936025
7933928 -5664315
-1111058 9228414
6864133 -9145390
4959652 -4452591
-9047494 6796631
-4923304 630465
2793278 -4779220
6053095 -1086083
-4023404 -1677829
9841384 -4343341
864005 -8237110
777079 -8260168
9445069 -848648
1342967 1580207
-5967415 -319030
-3466993 -4607138
-5378724 -8033487
-7178877 5421949
-9030642 4001762
798393 297127
-9072408 4438216
2175348 -1608559
7305358 -3762778
4559393 -1771557
-3598545 5798307
77549 -3082871
-1343039 7265460
8933164 -9145372
2434836 -1897970
299352 276132
5668994 -1016227
950286 6832359
-5229340 2806623
-3191615 -3712239
6584888 8256371
2694587 123130
8514571 7512480
-6250298 7386288
8131083 -1663719
-5865412 825448
258929 -5467462
4314351 4212138
-2416882 8915891
9534273 3247515
6039999 -9982046
-998273 -166374
9182337 1708994
7031969 2468365
8756126 -6047002
-7790631 -6159646
3963484 5341014
-4630154 -2579692
-5193404 -5005593
3330688 -8364099
2461349 -7062320
9986570 -18371
6710119 -7279722
4152521 4300921
-9935211 -5706763
6827544 -3796853
6036773 6104788
-9669866 -4170729
813989 5219110
1688460 7362103
3718809 -429885
7427482 3897829
-8681862 -9801355
-4806948 -7202672
-5566771 8641086
-8421234 8523741
-8978278 -589070
-5352439 -8434663
-1617390 7731841
4541430 8800082
-4996771 -1552601
-5447812 1368974
-285402 3556354
-8708183 -5117678
4760778 -9471413
-7384946 2980277
9394459 -1520413
-1321767 -9957464
5356217 3228949
1870035 -3612363
7427730 2305798
4233081 3448802
-2469509 8449452
-1302355 8880642
7680724 5913101
6876853 -6760924
4608050 5200306
-8726988 3945393
8827715 -5677352
7367587 -7435171
-1938541 -3895155
4584433 9982642
2541530 -2544082
-9315133 5779018
-7833345 -9585901
-4763750 -4928746
8520056 9594386
8043838 9469331
8349973 8566899
-3003647 -3258516
-7503088 -1452951
6263707 -6126794
7818599 7104962
3943963 7536720
2617901 -837334
5267512 1311550
1294192 -9320640
-9348370 -7631703
8147315 6352075
6766174 3852849
8924104 2830322
2424708 -7997576
3988107 -39488
-1472588 -7015101
-7757265 -5145568
3401482 -1959883
1913323 -5260353
4360961 -7818459
9718261 -7751726
-6072708 -1695076
2132827 2336163
-4468125 1711156
-3404195 5943371
2295446 -3816494
-9963645 7259472
89795 -938379
-6419603 8960459
-8562676 5030855
8015754 7568505
-7577063 -35264
8004853 2774841
7514488 -1659229
522313 -7565472
7199154 -5608198
-4786922 -7243074
-2390559 3642798
-4646045 7345905
3289277 3141317
1841175 1949760
-790767 -4415277
-2837304 1877530
-6645658 1815380
-3153765 -6740554
3344303 7308018
-2727246 -5138010
7636831 5767240
6624364 7793959
2744839 -2332328
-5424174 9663029
4936307 -56007
6103143 -211096
-2865190 -7454251
-1796582 -8542902
-4076789 2940439
8525162 -9955407
-5561525 -2351204
9464176 8204211
-8536343 -9690831
7617187 -3689589
-6311247 4807960
-6908448 7406293
-2283396 3841937
4025961 2232268
-5588351 -9538557
-7078212 1118139
-9092957 9347957
4410058 9024932
2998382 -9441795
3498644 -7386524
5174421 1437945
9086741 -5459841
-7255630 2129248
2438418 1067269
-105967 6724379
-5951309 -7428043
9978251 -3900862
9941075 9656595
-5594784 -9788793
-9327349 -3516612
7601527 -1183135
-9318826 6110791
5135723 1024923
1583128 5091232
7704708 -9349542
2088403 7598125
-7861716 -4604519
7524730 -6308503
4758766 7399006
-3360263 -7520500
-4948543 7169151
-6731710 -6795220
5377727 7546060
7757268 5725717
4725458 9782943
-8883839 946271
-2942938 2326985
5868260 -8202665
6888568 4709138
5359596 -2548611
7565866 -2890372
2505110 -2552001
-6344152 9704150
-380492 29840
-4974308 930967
-1899882 6259245
1980377 77149
-9860438 -6115240
9610478 -2641896
-2858952 413182
-8640547 4335936
9179273 -1742791
54544 -1583485
5642005 5047534
5015275 9459464
-3430907 1001601
965953 2581141
-5198357 9074203
-8379605 4621801
8069120 4421151
-6803252 -3353913
-760412 -3830761
53999 5177125
-7464771 -620850
2308684 -7819171
6516765 -7807371
-7033810 3668137
4601005 -1787609
-6740075 -4462913
-5003449 243010
3760964 791552
-6627307 1565644
-6843801 -5273083
1865070 -1825664
5111839 -5223406
-6060967 -65809
-1380218 8308587
3485712 3178622
5074124 8673781
3370963 -1462707
729923 9899161
3567298 -7595920
616471 3696113
9233200 -9315345
-6555982 -3607252
7184300 6746104
-9171900 7204982
4448251 3073345
3764033 -6015700
-8722754 -3686679
-1236136 -1124128
-2815541 -4783720
911254 7383646
-1426220 3186523
-8276183 8501730
8400891 -8055257
-5651177 2453740
8666205 -5515458
7685549 -2518353
-3609253 415758
-2838138 -8870433
8334549 -6424952
-835255 -2010038
-5509386 2782800
1612474 -7071221
1804651 -4232139
-6499507 -9623662
7759985 8989111
2175634 -3071901
7946181 8850117
3311212 -3584197
1385895 -1136575
-4135681 176387
7658034 52101
2984211 -6450132
-5320564 -5951218
-9859818 2662425
3168739 -6986015
5796786 -8178721
-5249942 7659354
5943567 9925612
-9698050 6554710
-1939827 1960412
8888511 578287
-571596 2752159
9167963 -648956
8214469 5255968
-4567644 553858
3122311 -5921212
-2371343 5606742
2171876 8622874
1285299 -5175555
-2161570 2312058
4133338 6970391
4629745 6151568
6077180 1399748
-2045542 -6910336
5050076 -1104517
9473770 -1469017
-8716857 -3545061
5805983 -8581473
6674495 2967458
-6478684 -3463195
-6868055 -7893149
229946 -840020
-2217146 -6723046
-1898601 -7598178
-2769767 1584506
-1445103 -1543818
-5392250 3879923
-4720329 5700994
8790658 3201283
-7903234 -4249518
4281465 -3642914
2812025 -8429464
-7010937 -1919040
-8951582 -8865640
-9812483 2179911
-3196886 7086087
8762419 -6680537
-3403583 7033060
1951235 -3454727
646131 -2785831
5670351 9181468
3061391 9201028
4902022 -9721899
-4004264 8341062
6607896 -3790968
2566118 -1907498
-336961 -6594286
-5996974 -4621857
9028856 -4831546
-135283 -4948555
4653884 9216373
5052188 6667832
-3782756 -4067345
-5005720 4164958
-8620873 8168479
7349947 5640412
4841440 7049478
-156069 -7072310
3785105 -7740185
-1531153 5839668
-6067830 393001
3798715 -8965034
8929461 -3888439
-6203632 7801742
5369539 474669
-308957 3661085
-7154731 -7460225
-9011218 7259583
1424541 -937486
-2769007 -4016938
-8376526 2803668
-7630502 7097293
-9975017 -1018733
1241082 2213430
-9430550 -3673560
6719442 2226281
-4222401 7017972
5645886 -6965491
3352603 -5292939
-2301918 9442254
-4380309 -8761506
6294621 7389125
4648709 -1535039
7527475 7283403
-6733534 8589602
1393271 7274820
-3111535 7406292
-3612441 -3720879
1008903 9429801
-4243759 144993
-7628725 1578353
-8887322 -7524317
8026545 -1851126
-4627713 6758564
6200818 -6104500
7650347 3070370
-7024153 -8179491
-7198178 3944968
-6255276 140908
-1269489 -9670703
120470 -2988810
6933834 2640134
8919255 7008935
6438736 -6678606
3466387 -71841
4022864 -7805022
7187013 -1645986
6502889 5135542
1894106 -2270090
-5858237 -8124824
-2538102 -9388724
-7568214 -8207890
5737078 437746
-9421346 -4766392
8079258 1998154
9009344 -690835
4465651 -1800272
7725015 5943179
1780925 3384907
-6686934 -3319896
-8608566 7763664
-3882321 7335930
2471473 8578447
8824710 5136920
-471552 6881931
7493208 -7033527
-5241417 6990347
9944445 2441346
191306 3012013
-4989832 -9476901
-7651383 -1729436
-1013356 6535864
-5004605 6814268
-7284473 9228012
-4091884 -707328
-2943663 -3971407
5880876 -2700450
8394349 -4309632
-9172712 -9131299
266984 7219059
2701884 355736
9862435 -2239808
2717890 -23181
-7011167 9806880
2846332 -7090803
-6303887 -9484647
-432431 5194949
-5474431 -4800890
-5572878 -2920683
6371989 -2758903
-4213958 -7148410
151140 5944678
-8364954 4183270
-2431677 -8938159
797253 4978686
-4665577 7835308
8111852 -6500863
3475957 7713210
7520091 829743
3738940 -1018858
-7987153 366423
8077724 7435053
-7365837 -5903232
1176085 5119645
4877094 -2938715
-7570773 -9935573
6009105 -9336863
-2637241 2580367
3642209 160504
-4860810 4931083
-4717257 6955814
-9545049 -7010035
-9296824 -6605405
4224338 -3552740
-2055246 739619
-8893958 -2036722
-4601668 -42399
4054370 1700118
-3180237 -9451153
-9873515 7746807
7811234 -8303142
4876347 -7444288
-2347568 3820340
-6019156 4755458
-313459 3810993
766807 -8363614
-5373648 4969284
8363880 1221758
185371 -4670472
6069147 2588218
3067849 8130125
-1912273 -308459
3908011 8466181
1531380 4658449
2405256 -9272226
4940984 1657865
-3270070 216491
6553183 -7666317
7089142 4382362
-1806645 3050379
4686765 9292035
-3222328 8960162
181920 9313117
7158997 -4858448
246122 2883643
1013769 3228144
5436037 -6686029
4296504 1617848
-3723703 -655952
-7411825 8344237
2102 1197905
3930748 45511
2379195 6732032
1114394 -6999717
6050662 -8015311
-8723276 1824101
784263 -6746220
-7433103 -1945604
-4287700 3482536
-3633821 2242247
7986743 -1525225
-5694902 7379948
-8485852 3422781
5283181 8601603
-537808 -9693203
1504703 7871356
-2083132 9464294
-1287321 7951803
-9047913 2812415
-2686544 2343425
-5832473 -480899
2772881 -8893468
-8322719 -2531858
-9049322 -2143869
-9901622 -2610419
-1619292 -2683142
7213158 8085121
-5975746 2685807
-6196238 1243659
1550456 9307436
7178792 3265954
2730248 5571511
3523315 7612012
-7059221 3959279
8819057 -3008246
6510855 -7229413
-6122880 -7013416
-7028922 -8199911
-7827428 -4445599
-4539666 -6078243
-6245033 -7729050
2872423 3841043
-3473150 3484477
-5271864 6896678
-1279534 330612
-6403434 6278593
1850104 -4100742
6027623 -1156834
-7197554 7889771
-5118475 1484754
4255342 4137855
-359209 3908733
-1774826 648814
6203215 2611869
6533626 397746
2668696 4179901
-1979056 -9711407
-3710577 8057471
-2529499 4547794
7394758 1017559
9812504 6190967
4606578 3507676
-7649157 1662609
-7931268 -6849447
4635307 7669641
1807496 9466610
3375343 -8592999
2055815 -8551713
4060156 4116869
-5485385 -9224618
4955284 -6889865
5915080 -300337
-2242866 -7023772
40375 -7795497
3222063 -2256012
-6065045 9951485
3459162 3034567
7213528 8541533
-8307914 5810005
-4004002 1798613
1265223 -1156254
250747 7803494
1768133 7156918
1273787 4822915
5598297 8344641
3971128 5788402
8004417 553581
3529810 -113791
-5392936 -4238449
3505539 6086537
6038022 7829127
-6619953 -43153
-8985268 -502816
7823541 3109927
-5091460 5223171
-5933083 -6180461
4139385 -1309885
-4152967 -3165984
-8343069 8423870
6768512 -362828
-4574426 7255229
-2191190 -6744008
3142201 -6570009
-8292105 3854972
-58491 7749266
-1905255 -2270214
202985 8495884
-2006932 -6008856
7101072 1217718
-3559111 -4183390
-7847499 4525964
-6783920 -6975842
-7625474 6291887
-2767891 -8420535
1216638 -5968542
3803039 -5999379
9772966 -841436
2588556 -8388151
-2016826 2915167
-6819215 -3187197
-2941059 7924683
-1063081 1275531
-2216973 7261927
-9004003 6929988
5262950 -5115901
1926416 9953238
5493748 7415451
-3776310 5142496
6721961 7868274
-8100268 3455800
-27227 -9545049
-386484 5702771
-169027 -254261
5177259 4718424
-8468773 7814147
-1744818 8358044
-7850073 -8893480
8368447 7192102
-3361558 -67045
-2666594 1880796
1834034 4417744
-5650453 1776174
-3081330 -2672218
7712409 -6910410
6545390 6156984
6611935 9612141
-2168735 9034515
-8703393 8741803
3460227 178590
-9490911 -1009782
9864614 -2492194
-1385673 -1235729
8472725 4530894
6980201 9499126
1379923 7627519
2045263 -5686393
6089782 5730309
5574444 6394811
9484401 5524804
-5801860 3286853
-4584654 -1453857
-9902990 3326428
2068231 -4237037
5941553 3909969
-7099813 -4471541
3036265 6450642
7731266 5281154
-187952 4166944
3666071 -1279657
-3652137 -3207751
-6377792 -4954006
3292655 909478
-2695711 2228342
-2246853 -1132901
-7846048 9305042
-9632463 -5532361
310419 -2430701
3332262 2980900
9407221 -7621349
-9576538 -8209832
8240810 4823761
104915 -4023921
-9856976 5972076
-5307580 9916963
9225564 -3674553
-6112207 -6443365
4466113 -7152228
5076115 7180448
-3952452 4286755
-3891851 5345614
9813253 -1798500
-1712849 8992039
1972939 123673
-4981324 4135766
5925934 1380160
-3796079 7958490
-6065431 4166744
-7344827 -1174812
-1257849 6593945
-7080608 9863945
-6579420 -9515933
-6668160 -3192815
-6012366 403045
-5310200 8407955
3753569 -7448466
-6730614 797950
-210011 -3916826
6206847 1556538
-4307696 4279280
8175792 3741875
1700365 4134590
-1698666 6896066
-4278746 -1848713
-5254768 -6527141
5853156 -3020242
-2536175 -9819023
-3011838 1790088
-7806866 795665
-8280028 -6507852
8560034 -3117066
197236 -2010107
4073068 -8170579
3385959 2503577
-3217143 -7203733
6538143 1594615
8245557 7475002
4371068 -9245140
-1093853 9063243
-7463897 -9907678
9588432 3651380
-3651291 8389259
179348 -2947742
364275 3336871
-654628 -5111166
-5711880 2084248
-9925859 -2094594
-7748821 4485357
9505286 -3336439
-540171 -1846510
9748105 -3711856
6279498 8514324
9269184 510014
-426742 650566
