137 -4267792 3533174
288
6510620 -6157773
-3288142 -2218108
6117641 2759731
5292282 -9686401
-7761318 6699568
6645105 -1536770
-1534080 -4510880
558218 6130309
-1164872 1437843
5659409 1655555
535424 6726255
438738 -5445700
-8872260 88676
-4069596 3714135
9446344 4292028
650607 1979930
9761823 -1526684
-8766953 7362465
7676065 -1604184
-4904616 6525329
7504912 9914747
-4596133 4256841
387150 8487184
-74973 -1521563
2650345 1738631
-1535114 8100788
5171441 -6814231
-4209203 1419976
-4865888 6299181
591209 -5762447
6217483 7096808
-4429876 -8758183
8604282 5979306
6891474 9319524
-1638795 -1203301
-1288554 -8013142
6243699 8382469
6869653 -3368334
-2373545 9147202
885833 -3205319
-5104531 2793152
5978921 1867071
-6712952 -9933090
-1117556 4286070
8523623 -1578840
-4482032 9473653
3231822 4741107
-6763235 -6395556
-7076032 1836105
3149156 -9871760
4631450 1285174
-332357 4376955
-8991379 875150
-7461296 -3462703
-4151670 -8848572
3944581 3424537
-4708392 -6739849
5843414 -7560146
6725925 -1421344
-483832 -5274142
-5800489 -2234100
5023359 -2449512
1154933 -52314
4300143 8260125
904717 4078901
-4635925 -2550701
-8173746 -4463833
-1072331 -2451929
-3398280 5351227
-980992 1466373
7407262 2450050
5710201 -7036411
7919795 -7301129
-6206121 1553615
-1204175 -2837928
4927973 -4173600
3376888 -4488311
5459375 -48668
-9272191 -5468179
1127075 -240482
7208817 -5851122
-7798602 -992498
6555573 9035072
-3097349 1129067
5111793 -6842707
5607343 5921659
1401600 2519055
-2265722 -6166103
-2096136 -678604
-1000180 -5955490
-129090 6699690
-7788621 6444145
8911830 -6752202
-9704028 7670754
-2569728 9639639
6304870 1423047
-9569451 7155441
-1293135 8506268
-364665 6986123
2659768 5609517
-5952472 7263480
-217464 -9216536
-5382639 5449129
7286877 33166
4077676 2521225
-8262733 -3713303
5247195 -6051414
9712737 -6051354
-8380600 4159025
-3684984 2525061
-6051892 -8433976
8721466 -7380114
-8873846 6895009
-3602516 9944683
5554200 -6722158
-9458678 9057253
2357069 9601729
-2432790 -7159790
-4610271 6974430
-7987993 7370439
6173488 9467405
5932344 -6250725
-9785727 1420683
-4420292 -1838567
-9313506 4350026
5916050 1894725
4514611 7150954
4045963 -2846132
-2901448 -1842882
1434960 -9556552
2017053 5169104
-2712815 -5507366
9849197 -5625878
3864904 -2629253
-5258814 -4761074
7222683 -1606737
-5341110 -9085325
2335358 -4328621
3832812 -5126836
9223190 431419
4842496 -2964342
-5813388 -2344408
-2674187 -8126541
30577 748928
-6291272 4424365
-7890179 3981889
8474524 -1757867
-4867393 -602993
6767754 8323721
6078999 8997511
9907126 -8491059
4939968 3301682
8973062 -5433983
-8044467 9791678
-7260551 -4677774
2357885 3695075
-8649333 7581945
9455405 -939151
9809777 -1323520
5617197 -514018
-6532128 6034857
-5723010 7727019
9640378 4458748
-4701179 -590403
-9076540 6408132
433425 -8622180
4679502 -9169413
7912956 7889745
7681424 -3831084
1491143 9868489
-3920084 -9579127
519171 6365380
-4573771 -2569417
-1376584 -25424
1976910 7752359
-3696432 6756965
4483984 -2038866
-7580118 580559
9990156 -3359286
-6951153 -2281297
-8387125 3429969
4260556 -4001376
-6111630 -1191270
4977646 -5310136
7074705 4086146
-2976629 8985141
-2133127 -6845379
-6898444 7542542
-9966530 -4190545
-6438186 -5758676
-9001710 2010381
2487867 -134618
2962293 -2001374
4639341 4907750
5142805 -4531198
8898771 204540
6203164 6755681
8080763 -4324321
365543 2607886
-3305968 3058409
-5440097 -2559752
-6888779 -3766244
6292650 2426776
8236231 -3787223
-7029546 6326121
-9147146 4314397
6696132 -6031256
-5516278 -4142927
-9235177 -341575
-2356421 9123063
-8156045 -1576019
7696014 -3457650
2218029 8047120
-6828642 5776777
-8648462 5099924
5056524 -7618257
-1384501 -4088559
854570 8167745
6896875 -5091851
3750622 -8392847
5921551 9867329
6352425 -2880172
2976902 -4865965
-2691188 -9163853
2475563 -3741923
-2801590 4952392
4011094 4319518
-5117010 -5105576
3187553 8745476
3845400 -1945651
436092 4539092
2966885 -1098075
9586022 1567943
-1007556 6337807
7944961 -1000751
-8617070 -7256933
-7620753 -3617136
1516899 7735355
1087855 5356149
4130579 1342063
-3705545 -6436582
399288 -8671011
-3776586 -9694450
1567378 5282279
-6663372 1927319
-3533589 -4587222
-3168945 -3710928
7857015 1949649
-1712544 8933430
-2067321 -3150541
-7891122 -3767583
2615281 -684390
9567317 7004478
2360627 6648532
-2009404 655172
-3265058 -3508794
-2179804 -3198597
9623305 7134231
2416510 -3440038
8487281 1190683
-880186 -1730510
4558562 7470045
-580306 5950869
-2599349 -5068071
-5702260 7707150
6455920 5333331
7165293 8922971
5927449 -8412447
752438 -751038
9904135 -9195572
-2704365 8743034
8060789 -3360923
6289660 -2367817
-3291503 200447
-8608870 -1293830
-507988 7712130
5182175 -6972704
1494518 -5949426
-8501145 7118221
4825372 8895169
-3255148 -4203404
-5280433 -6202356
-4614803 6426497
-4324540 3163368
3967796 6137635
-2602979 -4420405
-5264976 -8736569
-8588034 7974163
