264 8142521 7246790
726
-8872859 8345335
-2174877 -8104569
-231811 -7766074
-1043426 -2601638
-8961031 1465533
-7425385 -9848763
6211511 -3304404
9247670 -1449342
9702255 -5688765
268363 -6683405
-2633651 -6841255
-6562051 1309250
-1433679 -1286981
-5188568 -7950851
2708023 3947046
-5191266 -7941778
6470005 -3648484
-8898206 2633857
2548571 -3761806
220079 58369
209606 3587540
2799488 2794695
3861705 8937469
-6751296 -5436490
-9603543 3563960
-760943 -3966580
7342670 -9720841
-8491470 2677007
-2757492 8425344
2372390 -3680038
-1621815 9950531
8818400 7181124
-7668667 7364542
-6397263 9920194
-21437 -2603744
3500148 3822816
9133863 2704521
-5841657 8815988
-6620502 2995569
9075881 -2592953
-4043181 -6224044
6571467 -1685061
-9008054 5815842
4241186 8079997
-5600041 -1765546
-9298662 -3386424
6311053 -4705504
-7340961 9519738
9439932 1158738
1071347 8778128
2600944 -581504
4639369 -5428505
5903836 -5748840
7246729 8797712
8721112 9283334
5575642 6322610
7153901 -5322069
-9506227 2147109
227106 8145847
-3619698 -2748689
-3618760 -2856582
2437914 9597992
9117730 -7307707
-3632617 -2386695
-3608567 1074014
3008862 -44918
-2957070 8992378
-6756462 -2351768
-3554056 -7053234
-7769900 3006619
-8154419 -4832944
-7638660 322095
-7530796 8999483
-338318 5371465
-7377223 -4787337
2356081 -1441664
-1843672 -995983
-5787338 7310347
-5076347 -2725942
864425 -6903603
3051480 1315086
-7176184 -6126713
1521519 -9905590
-6958824 8583706
1590325 483816
-1832776 7787628
-1890277 -4047741
-5048258 528564
8416382 -6904720
-1692057 -2870224
5688113 -8960841
43176 3180376
-6992925 -6155559
-6365148 -3227810
-131413 -2069272
1762167 4499277
8372564 -7079933
-6985523 4585983
3169690 -105916
2894252 8572005
6359634 7276367
5744978 -8938524
-5893607 6985709
-9919011 3213072
-9657151 -7477225
-6438066 -9094716
-3397988 6030962
9875403 -3878538
2893652 -390912
56168 6026607
525884 -7237761
8198659 -8181665
6404319 -8585199
-6174763 3729488
2301494 -7909639
1883080 6719489
7780965 -8822520
8163189 -2371941
-9158869 -8112642
-5589867 760531
1665815 -8816020
7214942 -9511581
-3390119 8267828
-9606732 -393302
-4366695 9503533
4782125 449436
2267772 -1324458
90343 -4502864
9226624 -8811557
5795156 3915580
635069 -5955530
-4778050 -2321764
-2177353 -9067614
-7180255 5901492
-3337977 -1336221
-7635889 9746230
-9765350 844190
-8371630 9579054
-8297896 9360883
1380769 -7978362
-5012573 9851761
-1472697 -3837106
1660030 7255199
959994 1133998
-4950422 -6596994
-2552523 -3244850
-3050262 -1799001
-866614 -4814221
-8912729 4772386
-6563835 -5530517
-5784287 -2250706
1109837 -4199724
7895682 6966715
6327599 2738207
-2723802 2114138
1965900 -2291632
-3612386 2263625
-7964824 3009555
-5856446 563996
3967002 2995170
2266672 -8290516
-89516 -8585521
-3399741 9216410
3988796 1560222
6029705 -9796118
-9530471 7424961
5741590 2761770
-271514 1579366
-5682427 -3846376
8267763 8572437
8797157 1593771
6373748 233663
-6756782 -4815229
5748767 8408924
1404094 9903124
-8387391 -7767879
6162953 6187118
5403529 1523093
-6916685 5279564
5483446 -607675
9333639 1629372
-5608858 5952975
-2467659 -2408419
3745205 -3364020
7724769 -5633733
-1523610 2012968
4762983 6521926
4223049 -5149861
-6740937 522554
-7057970 -28184
-5279710 -2820490
-6633372 -5445361
-1405916 -9116757
6162807 1286509
-9321165 -5806249
5823123 1646253
-9884419 2528826
-9879593 2730618
1882950 -9835726
-5469459 -3618036
911285 -392280
-3870354 -4476716
-7110225 8190620
-8770474 -9647304
-7159136 8665190
-4155300 -5828443
-1273804 -2438846
-9039251 -8272319
-4469458 7320281
4030384 7123556
-1230190 8725729
1254555 -146492
5100478 -8598257
-8433983 -6108686
-7210369 -3016572
6591148 8612911
-5863805 3700916
1891536 5237147
5589843 -2974030
8207512 3121063
7292620 947059
1024566 -5947787
8296246 8535168
-1628199 1985315
-891128 6343140
5068870 -7597814
-5227954 395034
1796777 8839777
-7268908 9872524
-3144048 -4120854
-5507943 -4479277
1737991 5963453
1200600 -8855396
-9313074 6145879
-8216706 9306795
253854 8894439
5463004 1592266
127435 -8721580
-4219912 -3724398
-7381258 1015588
3417774 4888960
7800346 7687612
6527390 706172
578696 -7886525
-2007379 1774834
-188091 -48999
-4085546 2484679
-3854365 -8450100
212131 7115054
6421849 -3167438
-4272999 1995426
-6412308 9192055
2986828 3706357
9981959 -3768521
7247068 8766916
3655876 -7399299
-9711686 -6818806
-3596281 -6027426
-3913951 -667944
-8893110 6982415
9449768 4078670
9079701 -6564849
-5014949 -4635778
-7520724 -4774663
2057899 -2286466
9708960 1417477
609533 301252
-5992391 5813005
4560836 6112713
4879629 6505920
9106621 1807904
-2494549 -8948143
-4975569 1911287
3759695 3909170
-6592063 1110480
-4810850 4866585
8301736 -7142294
-9261720 -5731148
-7989459 5803139
-6483326 5733909
-2848614 -3415208
-597604 5741986
-5928657 277271
-3610016 -4073643
-7567723 8632180
-7043564 -8730387
4837822 -8461102
-4033462 -7021761
6887409 9862253
972733 9726233
-2890829 2811699
-1814243 -1321764
-4536560 7927259
3730399 -1075963
-5342054 -2526019
-3424875 -236575
8021763 -5674315
-2880692 5977521
-8096122 -7906893
3241639 -3974355
9811610 -5663845
8391405 6198075
9176315 4649433
4511686 6874295
-883119 -1419924
3908127 8000772
-3320992 6226052
4153311 -7906116
-6465726 -5341200
-5350867 -9599938
-7320161 -1807780
-4965743 1224258
9718131 -9298397
5311062 -5330082
695563 -8377991
8474516 -1447299
-5249224 507173
-4843394 -617727
8772921 6443443
-4976480 2184645
185417 -2110198
-5884146 8931647
3541884 -619223
-3444071 785517
1185580 7076158
7784730 1205062
4945672 3865419
-2916626 -7181012
-2511094 4663803
-1197836 -7605564
-6536511 700821
-8792006 9793032
-8308343 -1785734
7174061 8880953
1065598 -9535422
-1645620 -7802419
3645581 3767367
5664496 -5013414
5772104 -2812535
-5736377 -7779575
-4058161 -3042316
3339455 -7951647
7383693 3403863
-1932334 -9577170
5333618 7388951
-1910228 -613818
-820786 8797108
9527726 -8185881
-9304928 870871
-6148198 6701787
1415721 -5722978
560741 -5277466
-290879 -4938698
-5234881 -3774763
-9037986 -4518775
-5044739 -971258
-6406553 9420205
2824068 8294716
1233898 3493493
882444 3408086
-7205732 -3432483
-4635375 1488569
3302688 -5510166
-2122943 7408703
4110490 3997760
791134 1728859
6451394 8042563
-6896135 -8648125
-9906536 8676867
6674444 -9614664
-585922 3571830
2992035 -8370295
2440773 -4476122
9017371 8332455
1740541 -6325328
-7241459 -100185
-8611616 4534809
1540995 -9360482
8048221 -2792576
-8794816 9418052
-6336736 -5324937
-7282373 -5487330
8380897 2631010
1307877 8337844
8723181 8474361
2046191 -2017679
-7871622 -9346389
-3822511 7554578
5887033 4569151
760175 -4805140
-2388972 -9856074
-2804913 3518716
-3325414 -1000588
6206837 8736082
670487 -5277193
-8085777 -71627
-3042604 4333751
-3035239 -5368150
5486046 -4661707
6329007 788990
8771311 -3274421
-2620809 -9108450
8446129 3416041
-9498456 3556680
1267893 -3150486
9509793 1261720
7296788 8878921
-9605315 -3295120
7957315 -6028625
-8789466 -882126
1562600 -1372198
-7038447 -6875243
-9727041 8519996
6374641 -7557334
3231656 -1724642
5000937 2703648
3595199 2002967
7935360 -7619872
-1546839 -5442320
1407194 8436904
-7785024 9721054
1116327 916987
138220 2028117
-1484156 1511012
3145239 -1904465
-760311 -273622
-4632512 -5292161
5744187 2201242
4643908 8156799
-3567843 2118828
7338829 -9608084
-5088765 -8566905
-6186777 934028
5491708 -7153405
-8716501 2266384
-5496210 9415254
-7151406 -6501524
5526593 5620117
9647482 2986814
3598701 6558789
-3714833 2792721
16912 -7161610
-2444016 -5830993
-7674193 -4238901
396279 4716244
5108160 -1242036
191059 -2264892
1185488 -9980605
5382342 -3479365
1303371 -3322804
8608803 6665841
2680669 5807162
1427279 -8542603
-3039437 -9276386
7282403 1074761
6383834 3075616
5914006 6083923
-9747070 -3599254
-5321803 5986342
-6781062 5095089
-6146946 -2409171
-2157711 8327098
862845 -3439535
-4402548 9027778
8221326 -3754813
5427380 6900824
2707986 6830129
803878 -9375598
3864368 6651617
-9757269 7764441
840057 -6336876
9747047 -857083
5543664 9270415
-2226891 2516329
-2388581 2738213
-9670958 992047
-680855 1464473
541290 -1828668
9715462 2698342
1459881 6138743
3039567 7936788
-2716730 -3112738
-2488336 8263905
-2568126 8087148
-1632058 3892384
7555508 -9809043
-666125 1724351
-6488881 7302555
-181115 7393891
132104 1284228
-7723724 -53344
3927481 461147
1148831 -5888227
6810116 -5531229
3123866 864293
-8682567 -1730003
-2326389 8679785
-539958 -8882945
1720556 -2298373
-8405988 -591731
-400774 -9911502
-5670799 9149520
-1031572 1449453
-8640304 -2159680
1640901 1303665
-8749679 1491801
4469300 3917177
545302 5177802
2162925 8134483
-1001224 -2644582
-1858232 7803144
6482929 -7167439
-6050383 -1668269
6033359 -4057028
5351241 5670173
-1724977 143723
-706757 7466819
-8567375 2604224
2960897 778023
-7918312 -7207679
4284122 -5398202
1035327 5848361
-6457485 -8730226
9404257 -8419371
-8547600 -1778207
-3975063 -9080615
-6248053 -405832
7925899 -7492134
-9032810 -9782084
-1595559 -3524390
6619333 -1165217
8817955 6679464
-8199960 8428929
-793048 -9749420
-6957099 -2722711
1879087 -6195007
9653354 -156624
-6370498 5430766
7011396 -6804130
1417663 -6966240
6469497 8463796
-9425684 7442600
2466818 2737796
2955712 1016567
7492178 -4049639
-2698504 3876505
555969 -3372137
-4943208 -3880549
8886383 -5127638
2149651 4263745
8068738 4445637
-5710987 6545091
1975857 238444
3434314 -2081485
-6531373 -1012747
9967401 7368329
-2672719 2454477
-4807727 -9458283
-5925363 2310452
8260813 664338
-5459157 -8433185
-9288970 8078661
-5801887 -2386835
2485527 -4232177
2547920 5600848
46485 7151530
3696621 -6866990
3371454 -3148150
-2713282 8188831
9692436 9322121
-793198 755345
-6790178 9659838
2717907 6534084
-1155464 -9081552
1582786 6792544
875711 9621701
7700362 6123629
6253146 1586742
-129083 4414827
15676 -1261327
8406556 -7581163
8068199 -9937839
9430364 2103177
-7191640 1439653
-6721874 -3282918
-11221 -7499203
4676987 2484929
-8464635 3198602
-3366598 -2605106
-5812561 379901
-7482046 8216188
-3143831 -2420498
9166244 -9781684
-2850504 -6890684
-5635659 -962839
-6027650 -318476
-7739963 -7229103
-2609573 -7959451
-4003445 -8309599
-1592517 198787
-4784064 -8208967
4275962 8396263
-5888783 9892923
-2712182 5811327
8707580 744619
-8522841 -6008391
1571111 -8774466
3960203 -1666672
-6041004 737356
2290869 3626051
-6692425 -1676662
1094235 -1220428
820121 -4432388
-2741986 1001014
-8800198 -666972
1124062 -1818151
-3421888 8932090
8825014 7916376
-3755944 -6794319
3950300 -3887168
-7379207 -5048364
8693523 5427459
6277140 4191904
7445612 -4829922
8796129 -9763864
-8924174 -7747166
1032406 -7896296
-9812332 2170062
5687428 4368879
-6298092 -2554318
5627532 6887230
-1664327 -2657678
-4741302 4721996
7927678 -2839313
-4210129 -5980894
-8512905 -5605670
2338142 -1589336
5118920 -9819382
7867048 -1384718
-8632230 -4919115
-2666281 -820471
1283233 -7556403
-2869989 8366125
2735004 -6012747
1432936 -7182561
2221022 -1046736
-1188062 9576820
4298816 -9443305
-2282618 -3413011
606095 -5257154
-862823 -3976395
-3049379 2093190
-5209840 -8524681
-7393047 -7930459
-2849574 -7342792
1836737 -6025277
-3581680 -2999503
-4633378 5636322
9623576 -3935317
-1117877 617979
2087595 -6427136
5666036 -8896855
-8340160 -9100466
-2513477 -7518796
-2775949 -8106426
-9566469 608970
-7297839 -1122420
-7130749 -2615848
-546307 -2507679
-7334118 -4523796
-549073 -879528
6120969 -2981029
5171646 -1614400
4450283 4003944
7138275 -2688426
-6599210 5848758
6951903 -8257778
-7358244 9066826
-8451970 1128095
-4461979 -7355369
3253602 -8711567
-7317635 -4028448
3355704 -1527885
-1519212 -4448384
1027820 5325750
6962574 1146670
681994 2995100
3897052 -4400105
9603839 -4146360
-4318434 -9136313
6712446 -741534
-6482959 -917644
-1850818 3664349
7308797 -3841203
-8680219 -7786436
6018350 -7153182
-1181629 -2910265
5561850 8700715
-5747668 4690427
16177 -5957362
-2294339 -2203496
-9208396 -3021249
2578647 904007
-726001 4688656
5552344 -5301162
-3526343 4955565
-5962079 2264790
8445491 -9302
-1334153 -5296545
9433371 -1729360
1117459 -14372
-408285 5451721
-3331211 2452182
-2857391 -4846435
-8287444 921121
8717625 7158787
6653890 -581783
-9677776 2025582
-3285762 -8251111
-3552272 -7887425
7068140 4782934
9564076 -4562263
5428435 3622413
8325868 525920
8796560 -5905718
-3403737 275591
