104 1089618 2531879
353
-6608431 2733393
-3719436 3752970
-7293844 6445689
-9722134 -385023
5675430 5411910
7380835 9909246
-3963930 5809671
1146987 -3941082
548008 -4166720
-6622215 -4073159
-1416127 -2398503
5698676 6645120
8107538 -296345
5117472 -530285
3075685 -8151109
-2901364 -9834297
-3564975 6467254
2912943 -4104448
5510529 -8342466
7069444 -4292839
8132760 1185959
9511982 -3033369
3025550 -5831170
-7481538 -6824679
-897837 6089910
6207759 8412600
5057720 202388
2422395 1906435
3892502 -4318389
-2469498 -9943780
2738275 -3031813
-6564558 4629138
3041043 9173301
-9169165 -1135263
-2911749 -1448428
2253884 416631
-100386 -4778989
-8093807 1765866
4941188 5441516
1531426 6941007
-2130041 6559703
-3237909 -9744463
2161973 5444032
-8874357 1700838
-5726590 -3945525
3022663 -1343855
5801635 7011686
6184987 -1025543
355546 -1157322
-89397 -467826
2465157 7443797
5181160 -7835513
3930353 -7635229
7806288 -396295
-3455287 -1128459
-4568756 -8145934
-7890396 -3068976
-7624944 -5290313
-1073122 4271577
2842404 -6499301
-5326804 3200288
211974 8381419
-2644124 -9525168
-8166138 8913313
-1554513 227775
-2328428 1744465
-3574696 3426996
5791768 5369085
-5027210 -9644342
-8256449 -3885592
-2031526 -5966145
964880 9691148
6917187 78078
6866007 -4143712
-643012 -4155935
1560706 -291588
-1910169 4030184
-2978632 -8227320
3202346 -2037940
706187 -8628417
-4367600 4164185
-2408818 894111
-3736804 2057705
2413363 -6617050
-502642 -6247661
-2213806 4156914
3848062 7465832
-9939737 1267426
7123715 -6718398
-874333 6926270
-3365318 -3519297
3027239 -9313627
4975406 -2759134
-2280722 2564960
3936543 -1822248
-7658063 941817
-8164072 9568943
1626648 -66881
-4167579 -1900875
1851464 6556363
-6770370 -2153869
-4688036 2154010
-6578563 -405956
2875646 7888579
4814849 3061504
2058559 -7998686
5204039 3965884
3723102 7602150
167110 -7304203
-6610099 3958732
-5099451 -5896347
6188949 8248191
-9302338 -3263523
4835602 -2184403
6888313 -3469916
4376215 9203418
1357429 -9882057
-288013 2204531
93110 -2704782
2873074 -7412366
7105300 -5092040
1390196 -5068367
-7466217 2309339
-2478511 -4886702
9072030 2700894
-679101 911390
-840419 -6027421
709056 -4490152
-4158202 -142756
-1096320 8061011
7264429 -7269889
-7151946 -6720105
-1999221 -8861790
-9050220 -4923607
-2335973 610241
-1965447 3822854
1270839 7285679
-404981 9424749
-5461953 -3679025
1538221 -367140
-9455750 6126429
-9900992 -9140880
8885321 -7779816
2077428 -6675583
-8614572 7243471
9973582 3497460
-706293 1166209
-5179228 5337988
-9585619 7294486
-9578920 -4229448
2109759 -9405239
7880440 -1544367
-2119617 5896950
-7782075 9991811
-375329 -5065218
3577564 3756146
-2868381 -7314726
-5094542 -3807076
-482659 8533292
5776763 -500762
-7003302 -6580879
-2898317 -1733303
-6395315 2290405
-7898756 1922455
209359 6535418
-353469 -7477676
977957 4835470
732421 -2473028
-9964865 1374692
-1174173 -4533302
1739197 -340193
-5138567 -7596609
-1403685 1387168
-79540 -233109
1782481 8113657
4049130 8213575
-3519728 4779179
9585936 -8849187
-4410380 -7398691
9136727 4203532
-757792 -1684668
5667154 -1216741
-1173417 2736518
-5888790 -3600425
-5617374 -1138282
1037877 -4546611
-2143220 6121823
-9974657 5899310
8182553 6453096
-2916895 -54197
-1840622 -34966
7260565 3648587
-2684247 -2843998
-242689 -637146
-6433614 2905373
3737057 -8589610
-7289999 2808595
8061465 -595788
-1679861 -5947064
2914655 4689027
-9857583 2702765
-8659060 6468884
2368195 -2000803
6968645 -8633717
-6171562 550748
3032135 6568102
216690 -5495832
1660170 292700
9655554 7532443
-7045832 3933833
5344224 5738293
-8936760 -792422
8611790 570577
4623514 9124705
3813732 9448281
2151047 -9945479
6523405 3956149
4471699 -3991661
9890975 -1108400
1958701 1440344
-9475201 -6280587
-1776418 -5009164
-2200112 -6742159
-9209716 2400104
-3666062 9971795
5710088 6260804
7984734 4194514
-5234909 6773328
-1585615 6596524
-1438842 1904957
1959478 -7771883
-1299381 3228557
9236896 -1517116
-109164 -6827682
-2870986 9127871
5363637 4365889
1873077 -9829835
-6571994 -6412781
-1496325 9672966
9644761 6734642
-4488201 4837613
-8451521 -2128799
7160881 -6503467
2609410 8829923
734880 -4424734
-9680265 -8829432
4399125 -7305641
1177243 -8463294
-5290976 -3847627
-4719755 3584431
-2049679 -5645609
7040908 -9356118
6747453 9823398
2012716 -9531085
7203557 7767480
-4878554 1657477
2045030 5231708
8728242 -3330075
-4500152 -794089
-2702471 1337652
-4975428 6234729
1445440 -2382735
-846029 9423697
8092422 5139035
-1276534 -3620652
-6749909 -6627333
6532901 6673787
-986462 -9709001
3276266 -4203294
-6435813 -8973746
-4799916 -7003824
8227884 -1314367
-2128090 7245114
8967378 6956126
-9189870 3371759
-7877160 8781259
-3601476 -4165298
7774751 3568280
-1292685 -1931152
-3035452 5867174
1756193 -52867
9137273 -7269009
-6978010 -9194553
9118505 -1849189
-8306583 -1185391
1810785 5199044
6401029 -3106499
6654968 38669
9511148 -5727060
161051 -1861302
-3080043 2837630
8672333 2283891
8368523 -4165166
-3579966 -1036564
7346962 -2924162
7022971 3384582
6115573 -8380492
-7575045 6160244
6827407 1653915
2984876 4059812
-741143 8520825
-4585674 -5204339
-2649317 -4340114
-7550822 4585646
-7275656 9378183
2215813 2610229
7410472 -7839346
-2004512 -6595502
2367935 5778995
-7145167 4415522
-9683544 -7768751
-6149243 2394157
-8929247 -1051619
-9397704 8792064
2851877 7898161
6418986 3587173
899186 4627086
2803324 4349664
-8548337 8249869
7628052 5252503
-9620916 -5823993
8853013 -7639782
-4235284 7789557
3568552 9364853
3780375 8132651
-9636099 -1060262
-8666105 -3386817
5561564 6731010
5523075 -7595352
2819161 6163861
-7732614 -9108696
5518390 -761853
6104164 -4317076
6449146 -1678286
-6425783 7555827
4248186 -3406450
-1046232 -6046698
4259211 3101200
2466053 4718485
-4632512 -2172237
6767501 8762781
-4624036 -4268611
4978752 617748
-4461251 -9062471
-382258 501827
-6090517 8357910
-9887590 -5598520
84404 9427873
-2250413 6216574
3772401 -3466450
3127101 -6159843
-9690189 -1979413
3638139 -7919131
