158 8641236 -5239341
264
527092 1471584
-4861132 3972442
-9721536 -6025485
1083882 3790344
-7005079 4759343
-6468660 -521477
4490343 -8150383
-669131 3029773
-3983730 -2526949
5598665 -3975362
7113244 -193372
-7125122 -8496776
-2110899 5925591
1344529 -432277
-1791040 5492364
-3036052 -1378460
5110335 1252404
-2256729 -5380832
8409513 -2094849
-7335506 1343505
-9177971 3920786
5770403 8712186
1741959 -2171276
5301775 -4898728
-6357737 7758229
-9918791 -6583208
-5079983 -9244493
6681098 -7043913
-4959838 -4674530
-9182166 -9458021
-836480 3249122
7017878 -9701866
-5082698 6790207
-5304642 -5238851
6104655 5843167
-7719694 9876204
8588390 -556964
7271760 8050709
5668334 330349
-9395070 2573536
5990328 9310597
2582456 -9313861
6158578 3426697
1268519 -736445
-7678114 -8801260
-3035785 2086353
-5099161 -5998242
-9208035 -6017907
-8740405 -181858
8177661 -4512677
-4636473 -119398
9323638 -9542033
1025029 6468269
9314970 -888250
-8314714 -3306637
8520312 9919900
3122391 191967
6135016 -6380880
2882675 -8202679
5512414 -2596464
2006241 -2279086
-5760976 -7523371
8975074 6907081
9241575 -4969010
-6965335 2751021
-7368377 7419236
7877204 -9085455
7382814 4471613
-6416636 -1097767
-1888052 -785863
-8349611 -4731350
-2023031 9148612
-7232268 4772781
-913546 6628338
-5968126 -1833240
5887674 -5401132
9591849 -1445533
-4538452 2643050
7674040 1083276
-6165703 7219475
4638712 3225058
-3344045 -3534079
-9062466 -4967732
-3549147 6555121
-4230742 -5479102
-7694099 4562801
-3772235 -2580352
4708781 -7200778
9427560 -1004503
7162257 -6204765
-9089544 5975786
-5469746 -4433717
8209334 3018657
-5898067 -7491846
9727630 -1600274
4141136 -9547417
9434856 -3117306
1914962 -9202909
7352213 2888742
-74007 882167
-4555032 5637823
-6942529 -5251754
-2452532 1672733
3184582 7766252
4077840 -3024971
5467167 -7136808
-9054173 4988296
-9476695 9997421
5021928 9155161
-9928760 7141591
7594174 -2734090
4148604 4212376
-2474180 7029030
-7565876 8579918
-537915 7394385
3032208 2360117
7108363 -2576595
1612490 -1393968
-3627716 7172184
6663565 -5202928
-9823384 2966476
-2045228 2130732
2128154 -8877556
2793957 -9005570
8136021 9666434
-3067656 2865197
9593926 5730195
-4724423 -8919052
2177218 9636098
7030483 -9773947
2586171 4155655
-8420940 -7420957
1185075 -7789114
9383070 -4292098
-6978674 73712
-6959812 6046635
-9306280 -6802057
-5679613 -6488687
-5494257 -4661774
-4995340 7114344
-7504106 -7358236
888311 1937004
-4465696 4606172
4242270 -1319760
-8577355 7711522
1867177 -6210895
8884500 4008816
-1263945 -4037411
1670491 69576
-9856712 -9364523
-801535 4691817
7889760 5699828
9211141 -107815
5230411 4726499
-5642804 -6283116
8875000 -9764929
-5311573 9369442
-3508034 -7720337
-6523745 222731
-9549395 3250588
7039693 -5101099
1424069 2317782
796723 -1559455
8510121 -9839876
3311954 -7532786
-324617 1169761
9385942 -7489581
-5081044 -9918504
4807995 8597083
4830320 -9850633
2900790 1681543
1050985 -3778328
-8982312 7589217
-9671700 7542951
-6690109 -5506057
-607156 -9221095
-4386961 -9650416
-8693518 3333266
3493390 6409762
8876976 9816603
-6497283 9321696
-8167885 -8931289
-8849793 -7111341
4002094 -3248929
9416790 -1525445
-9843902 -1167586
-2429561 -5166068
4939501 -6276564
3782739 -1411873
3082070 5267801
6046706 7092631
-41433 4991267
-1675467 -8340255
585859 1265049
-6401995 4334275
3655972 -537165
531547 -2899278
-7494267 -1995561
-2728137 -5801894
2672661 6507827
7856594 -3311347
-5961062 2828760
-931452 7943385
-3468488 8978439
-3237407 -7148713
2460270 2129934
-2878799 5325651
6985397 -7581162
-3799761 -2037914
-7703638 -2428744
-449556 -201756
-584682 -1531314
6473125 2598343
6796449 1921051
-9054769 -6255012
-7050006 -530889
4814223 1318177
-738438 -3011068
8483723 -6117229
9250410 5793074
-9560640 -4753684
-9428032 1710681
-3354129 -2439438
-1961000 73717
161325 2846110
-7355645 335362
8804048 2228121
7342816 -5423975
-986571 5277174
1538514 4139266
6124729 -41340
3793189 4488508
3993792 -6544696
9854427 -6945249
1364177 -5006132
240184 9104837
-6668130 1803537
1880451 -6671496
-4081427 -22259
5340204 9919452
-7228834 -1403749
3340724 500911
5076936 4091567
-8114907 683541
7339159 -5909635
-3434623 3423607
-9571532 -4019760
-564456 -9641434
5929669 4422260
9416128 -710029
-9088840 -2706154
1613736 -7827335
8017521 6759383
-3262876 6010539
-1553657 6452447
-4951302 4593680
-4905409 1217510
7825429 8389422
-8410685 2687880
-705403 9710522
-4349519 8928474
-5091286 5859975
-1265107 -3921051
3017562 -3139390
