766 5837863 3111868
822
1460559 8503727
-6075633 9990911
7570326 -9067915
8618296 -6648293
-9008537 3112827
4248686 -9565287
-4851113 -278714
246206 1217767
-7621230 -9908585
-49232 6198017
3859072 -515740
5491125 -9877647
877715 -7558871
5280330 -9542071
-1187855 -5155464
5864615 -1607802
-1616891 2789056
3721142 9788982
5657041 8469787
1582614 -5144210
-4709497 -835144
8886143 8347652
-7918229 -7044258
5563510 -867651
7846718 6976893
-3538847 -4485722
-4363368 -5777857
9179624 -8047722
4926560 6514347
3875235 4459954
5368504 -6261295
6527761 -260150
-471168 6267965
-2745896 -7234745
-2378954 7702225
-3132918 1353070
-299278 -4572099
-9100004 -4246775
-2598074 1782494
-1240613 6463506
4494136 7764996
-8012861 -2263107
-310829 -9869232
-838533 -8833236
-1856930 -5384269
-9129212 5553054
-4707096 6027927
2295892 -85098
2680157 -2661912
-4959686 2066349
-6580581 -9698797
8245457 1907396
176973 3120142
7418988 9145453
5608959 7578899
5343895 8694727
-3568380 103095
-7249784 -152613
-6469497 -1362856
-4230773 -5571965
9981090 -5810075
-9782148 -3359984
6554918 7790346
-4871565 -4969903
-387202 -764925
-7947369 -7314899
-2891151 3032217
8668711 2814440
1959893 7285822
-2618927 6087699
-2701221 -9914796
188299 5241320
7605059 -3753249
4883895 -4545133
-117097 -8864438
7841840 -9346877
-2706861 -136007
-9829309 576044
-1877507 6364409
8115836 -4700874
-2015773 7735291
767509 2684819
-4500741 -2390572
-5104750 -563780
8040272 -24496
60708 -5207325
-9966004 -4660949
1585802 -9750992
8220227 155407
-6192678 8986050
9639173 -1896870
483475 -8350838
2225206 9448664
-1670575 654167
5953293 2864052
599343 -3554739
1646433 6453873
-5936699 -8633148
-6680575 -337956
9637549 -8525096
-3732421 -8640303
-3301252 -301743
-7536383 8817927
-8510313 800902
-213048 -9316155
-1213025 -4702991
-3053829 -8057523
-8608859 1786803
-7559030 1687729
-5448219 -279434
-1317820 910615
9880840 5151125
-965671 2844965
-7492991 6460494
7935398 2353754
-3770197 -7855442
1842816 6719329
-1946391 2928551
6245806 -3177215
-9977018 -456704
4840305 -3967242
-2024764 -1190042
3113113 4302828
8506909 -8117271
-5880352 5554083
8981050 5575043
-6757480 -4681820
8163145 8861891
5322385 2276849
7146956 -9329846
-7185287 -4225865
-7506536 -6623241
-1178337 -2826119
3996666 -6936575
2606721 -4932531
-6383421 4019649
5345959 9963378
-3217442 -5891833
-4009103 -9024576
6529507 -4710532
3380863 -7373103
-2054923 -1973091
-3111200 6623383
-8583416 -3891778
-3221624 4727537
-9498328 8563540
4456652 -7890559
-716678 5511489
1091266 -6721685
-9137864 5796341
-7667658 6214340
6177718 -5521285
-1413117 194653
1170077 5476629
3282449 -2905868
-278971 -9784064
-1757155 -3336688
5803047 7666106
6290680 -2352002
4891887 7219631
5783172 -6930944
7694850 -2090088
5937753 -7243824
-3965509 9494524
-2192783 -2970981
-6756641 9412979
6408046 139559
2850564 1937430
-2585941 -5005071
2089061 6536993
-730719 3212860
2392524 4326442
1992548 28479
7676477 -1804429
-4584798 -1716772
-6131363 -4915284
2994628 3714726
6470902 4079839
3574363 -1067619
5961401 5021745
4434724 -8618419
-5962508 1721112
-6341458 842771
-1645948 6888057
-4058598 -6411047
6801813 2959466
-2714092 5210684
-4760837 -805663
7389908 1794809
2594389 -7084360
-9483292 5321463
-963811 -1020622
-6940783 3511337
4960070 -4492908
-9471163 6633581
531514 -6562177
5158936 -2520086
8322685 4569006
-6026585 1333830
4922784 9193089
2152555 -85182
-4874498 -5759051
-4048361 1954816
-6250375 364665
-4203343 5857899
1179362 6344014
-4676607 -3686635
2341054 2731904
8238996 -9101038
7532543 -2698875
738948 1284185
8764099 -9419591
5149416 8414236
-251933 -396864
-1203774 9122831
-8445999 7187203
3944504 3465133
-4580051 -3320497
7044168 2412495
-1729605 -830426
8029941 5357177
-8329457 1966109
-5301987 5869686
6768648 4011597
3829074 5453361
-3262453 -3182456
-2602047 7084375
-1985037 8017998
-2378865 -7452631
4186553 7763030
-2533415 -1066287
4915198 5740554
4936410 3927442
-3660063 -9664852
-7978926 1980578
-2662244 4610332
9092794 2567367
-1562947 -8475349
-1947400 -6209193
9244169 -4794298
-5460402 -8118325
1482402 8498068
6516066 1937551
-2998727 9497365
-223252 6653553
8103618 -8812174
-555268 7243333
-6312873 3018817
-4129683 -5618858
-1121927 27065
7153749 -2108609
-9541241 -1267819
256832 6246543
2553703 -8587836
9134218 8309432
2707459 -5685776
-7187708 -6326184
5611368 -5810139
-6312773 1844710
-8985384 -7387359
6316819 -4019673
-6776340 9118234
2137051 8277903
-7340954 -3089212
-545795 8007368
8415112 1537119
-9730700 -3392046
-7145502 1390223
2802387 -6957516
3868268 -2075447
2238777 1936606
5610422 9092080
-6718059 -2432579
9412131 -6261858
8867135 9485520
-4534153 -9573253
2061334 5183954
-4021790 -8794140
-9367000 -5801615
4722106 -1362744
2690727 87205
-788489 -4346430
7043793 -4523621
-8964785 -5417639
2506914 -7637468
4299138 4903483
3995563 -5254309
-5170536 -7574087
8680407 -206143
-8204271 6757948
7184695 7547543
-4752151 9777929
3500141 -8237619
-4039233 1226059
2379667 4133141
6736698 3199225
8852795 -4929606
-6936875 -4051791
530571 -1587060
-6708176 -5901660
1518176 5553837
-9700471 7590963
2533228 -4486261
-2176052 -4871007
-8113059 -6270013
-8722470 -380322
-8086041 1587989
3350370 9041732
-7215857 5414100
-452759 1827489
7543066 5163811
2750557 8800291
7264852 -1087787
-158495 5813683
9912023 -9688225
5865613 3133330
-6759355 1430199
-539709 -1318506
-3673161 -1709775
2020212 -199409
9420269 -9269867
2318122 3297743
-5144173 3850580
-735320 8184844
-7471314 -2360030
-7196219 1328273
128564 2588104
-8499682 5554339
-6115626 -2606583
-9778456 1341823
6991505 6312749
-9740699 6087157
-5231349 -9767850
-1477625 -7764056
2036535 1095491
1825624 -9457412
-3643317 -6026843
7823737 6660098
-2638706 1212510
1368832 -2911582
8416691 -7593668
4994437 4172614
-7756695 -8938392
-9028623 6494755
-9647070 8644031
4956780 -8807079
7280079 7344436
92938 -2267567
-31623 4565082
-4339427 8615314
9157902 -7995087
-4021930 2549
9178999 8030937
-8240201 6318159
-6593423 -3459706
-1053374 3128631
9817597 4339621
5401229 6457415
-4531478 4577254
3221285 6372606
7565527 -4178547
5682241 -9305582
-1573149 -2638042
-8072959 -4224821
-5609507 8395229
-9599858 -9896034
106516 6064747
4095684 8894564
5212723 -8198133
-1657839 5855483
-8499533 1135653
-4524726 -194860
-3737445 -8681936
5895319 3392855
-234539 1731078
68883 -8367044
-7672626 9847340
-2790701 -4248876
-5957345 754226
-8334193 -863660
-759694 -9050499
-469400 4582301
3476865 1863174
3665042 6142637
-5485528 -8794060
-5142055 4523555
-5671305 -3985061
-2666996 -7150429
6242426 -6892397
-2644967 5744675
7377631 8524239
8371580 7423916
5691392 9705006
-7024416 -4419121
-2766429 9734047
3199900 -5358609
9223692 -1009771
-9146596 -7269499
8873138 -4783091
8939201 -2965202
4074705 -6612390
-8081098 -6202853
-3353282 919753
4027356 -748094
7512933 5405497
3929736 -8617611
1322657 4890564
-2888078 2301316
7882195 -2985951
9264448 -7396142
-2754751 7632118
-3377652 2464349
-2288798 8985293
-5797798 9992104
-2973098 9100692
-7511698 -6858596
9454903 -8898393
-5462288 -5592796
-3824538 -3898379
4023470 8565068
2463809 -6311605
1095312 -2046793
-9745477 -6213534
-6683133 723586
3327445 653071
-1714811 5097668
-9921631 3089046
2074340 4907537
4899641 -2210429
-3109737 -1207106
1934298 4442895
-1939145 -8105083
-3697878 1389201
7175 2598567
-6320012 -5006064
-8801316 -5969355
-5499796 -1339851
-5037032 2293996
5533934 -5245272
-2075849 -1720165
-6622497 -1138621
4466778 -1274308
6149582 -6544128
-6238205 -3458882
5334012 1049223
8008471 652058
2546976 9784663
-6309784 8585678
1184245 1365450
6359386 -3786257
-7239259 -2619415
6040735 7558070
-7631582 -2739055
-5467975 -8996297
-716462 7902353
9280084 2456176
3698221 -4822606
-8850382 -3736786
2804332 -152197
3413378 -5088586
-1920176 -9345303
2955712 1421849
7527 -9373200
-5491398 -837720
5376024 3708125
-8911290 3384341
-6541237 8136765
-4602290 7129445
649500 8343534
-1237761 -7553912
-2581384 2449391
7626785 -1957677
-3178110 -8883163
964640 1292755
6204169 9626222
2797271 -5621981
-1683780 -5716006
7427146 8269335
-2568384 840100
-5451775 4452101
-2163558 -7192360
3460757 8153287
-2200915 1295205
-361261 1374819
3820907 8448585
-6585672 917330
8959654 -8760476
-7643639 -8958887
-5149779 8297896
440470 3321002
215373 -8945610
7854736 -6762258
4023429 1047945
-8111955 -2201765
-7749664 -8544955
6779037 8952622
7105910 -7396870
-3585313 239794
-8385386 7421347
5869932 -1430221
9487109 5435521
-808603 9284261
2841726 963115
-738989 1547759
7385113 7691947
1262690 9701482
-7060776 -9883162
1164783 -8366222
-8051635 -520995
934051 3052829
2005451 -5801299
9318183 -9770560
469235 -8372287
9049060 -4267129
4302650 -5399799
2552074 -2564655
9235958 3789759
-5247125 -8256528
-4192417 2077684
-7714016 4013886
3715368 -6807304
-6690466 -3934974
-9784844 -829056
8649950 4474317
-9956502 -7836478
8878575 -7899647
-7670207 2048950
-3806985 8196759
-6070370 -4684620
-84419 -4757924
2677421 8232280
2022039 4984008
6727480 -5570269
-976233 -708734
-6694847 -7464937
8244111 -6173897
-108871 -463127
1224170 -8446355
-1455686 -7377362
-5213840 -125880
-5509175 -1412187
3153115 6181087
4377846 -3179382
-5347649 9346130
-5411794 8307476
-943892 -2915716
-7931708 -218021
4211710 3594500
-7114234 1312124
3847187 5751830
9577933 8707271
-1755855 -5392350
-3838705 -530937
-5391947 9468315
-8141213 4705610
5809775 -8089435
8091652 -3650388
-4313418 -1037110
-1690980 2469499
-6706673 338933
7423218 -4586421
-2288090 2349436
-4056064 2007862
-6680013 4439973
191803 -1170298
-9946674 -316474
4291177 -230264
1755151 -1702529
-9717862 2968824
-9809214 6363204
8273769 4657277
3523241 6000561
-5036549 6365422
-8648727 9209823
-7934891 3272472
1202403 -5355400
6994036 2004679
6528893 8914313
-4129362 -7062028
-5715973 9848880
-467593 6062441
-4167822 6853705
-4848824 6339936
-691240 103681
8983238 7949666
2606943 -500453
-4499892 7257007
-3861219 -3869816
7856359 -7020088
-1231264 -2509946
2134655 2437820
6958851 9971139
1401804 -8354957
7099368 3487745
3336625 7272443
-4148764 -8616605
753452 5385384
-5758328 -5800234
4303448 5904628
-3629354 3550433
5566332 3286686
-6939955 8977589
7624125 3582792
-920944 -8284821
-794767 5480484
-9565343 7847792
335283 3856240
5501284 7393508
881253 -8262912
1525883 2600652
-3499601 6734231
-5364033 7377119
-8423114 7253851
-4325169 -1122360
4944425 -1603314
4199724 2045477
-6460582 -6972891
6609901 7259769
8974948 -8836457
-839621 8205310
6053102 -9303466
4552774 -404964
9504897 -3611614
-9358174 54058
5171062 -7097498
9636733 2167709
-7938820 -8328539
1441664 6789053
8183045 6154418
7067456 7116495
-8321676 3127470
-1329069 1267180
-8956698 -4782258
8897637 7797184
6002494 -9981750
3231136 -1941983
169405 2055597
960335 -2216089
354321 -325698
2576805 1602161
6286222 8041736
2229549 -5270110
4035295 863754
-2981827 -6328786
3304061 2218340
7862162 -5914371
5352810 4982386
2716480 -3466907
-5669722 -1087536
-1069286 1614118
9672135 2849124
-5095279 -7838149
-7537886 -7642108
-5451453 -1618592
9983569 -4667213
-6625477 7125352
4371594 -1213857
9649898 5604073
9275287 -9076758
3141582 9184423
5786404 -4904300
-9921914 1003745
53190 -6344434
2568030 2794567
-5591315 -3100180
9748945 -8501255
6176948 6597172
8955064 7170018
-4448573 1155414
6488201 -6496389
3145315 8051348
-3162508 9862725
5466798 -9966738
-9043496 9003742
8188165 -2741563
2354137 4098086
7618183 -3509079
146488 -5051424
259495 -9812274
-2912454 -7285482
6729615 4668180
-6218296 -3163509
6522862 2906563
6578329 5253120
1273084 -7925711
-9874363 3066531
-4554392 -5581601
6968013 9479481
999575 -9087594
-9312805 7924517
-5461044 -8295908
-1804986 -4442316
506260 4673491
4861217 8341502
-8943980 -9234245
-2049713 4465116
3817959 301988
5724903 -5751657
9501464 340821
-5068538 2303233
-4630236 774548
-2290701 7573452
7052933 815372
-5755870 -5322687
5118182 -9431139
-7727047 7447677
-6994639 2173490
9363334 467967
-8674179 -3972026
9310081 -3259097
-8793981 4898194
-4799818 9776721
-5974936 -2459669
7881152 -9074915
3228318 6042880
9333780 5328967
2902419 1114434
-8070194 -2956920
-5763255 -44648
524213 8690288
-1345683 1871279
-5955230 -4686481
5781486 -5823969
204005 5924456
-7334641 7107308
-5478146 -7969562
4323511 6387731
-6071938 -277964
647121 864928
-3092192 4325566
-345467 -6124560
-2493774 8757941
-4198979 -7443048
-4971343 -563967
-9357327 -7445882
4425397 -1930778
3382741 -703009
3473022 986519
9427327 -835772
8787888 6193379
740169 -7907313
996770 -6690258
3031778 -4936319
-1555039 4924832
-8233250 6195251
2587043 -2130879
-3372938 1421284
-3505412 -9906730
-7954345 -5055565
-2501447 1523245
9592468 -7311672
-5498329 4440303
7943174 2975209
4655789 491045
-3315576 7370502
1979541 3443677
-730229 -59054
-2479021 -7023689
417495 4817901
-6470495 5965940
-6164939 2184245
6121881 6116548
6209818 -7021524
-2077089 -7383530
4139715 771825
-4023494 -2062183
4894472 -3751465
9223745 478177
-9030777 2837646
-7275500 -3604114
9839564 -9830001
-7372703 -2779607
196704 -8374313
-1040059 148276
8630568 3130551
-4685203 2489446
-1394006 -7534370
-4555894 -8563322
-5946852 7332165
-1896010 -4116631
3821186 709216
6957751 4080496
7075026 -1284342
4069657 -1302152
5093735 560601
-6753048 -689491
6530903 -2550349
-924662 -4125750
-1461122 9243959
2374511 8035279
-6958923 -2830553
-364923 205660
1642338 1647072
-8504411 -2404465
-4004744 -1788161
8921055 -7884069
6196428 2332795
-8951547 5878806
7093007 -4212194
6348407 -2365538
-538676 2186742
9636393 2111711
502313 -4007773
7752538 -8771917
1779715 9041192
-3789361 127049
-9667291 4820792
8984216 -1637932
-1526045 -5508600
2703239 -9520195
-7404263 4469211
-3197994 1624294
-9980548 1308517
-387325 -9633188
-9482374 7112459
-700799 8477434
589145 -21050
-1512471 -8548054
-7319970 -8908541
-9867349 -3759932
-1116531 -3023903
-8203111 -3656710
