20 -3069114 -8307223
384
7747793 4636915
9885386 -5761665
6516649 -239508
-4797638 -358579
-6631310 490027
-5102237 -7479941
-4819460 -2486074
-5910828 -9616574
5005211 -6544264
4702567 -8404632
6465782 -3043571
8722862 -8978470
-4825933 3665123
-8486071 -1296865
5634022 -8020198
-866931 5723058
9961393 -4101833
-1824989 -981544
1176229 6478042
9484421 3377373
-1586216 4544919
4575198 6898537
-201685 3594324
-433587 8664370
2776091 -5196474
1759956 -5731020
7806862 -758127
-7093004 -7000830
1702305 5497281
7477084 -5579075
2660336 -2663673
-4249154 9126505
-9338687 2621729
-8383876 3925857
9819582 -5646105
8898814 -8899455
515434 -1766633
4344043 -4009636
7171087 -9686250
-4882724 6426808
-9304212 -52822
1705403 -606416
2392754 8502651
3999932 4612399
1549676 -5904940
-6052261 -6006632
5636226 -5789988
-651906 -301414
6140795 6297539
-9348566 -6519430
7097467 5960378
6710097 2066601
573317 -2387098
-2073348 -6429508
9997301 -9739244
-7275714 -4439720
4953865 3209441
-5771556 4429689
-8441560 -2653381
-6041969 744729
4738097 3108117
-165519 -2094229
120709 -7109325
1704567 1698927
5179497 8777856
-2745414 -5127647
-544694 2276965
2406219 -6035317
-9948472 -9971376
2805732 -9667129
8409503 -9951171
3258270 5530019
-40292 3363368
3226340 7486715
-9252204 1518149
7142618 -299277
122846 -1997755
892921 9493451
1192379 -9756445
1537764 -7402512
-2530159 8888228
1165193 8792350
-7242966 -558500
-529876 6087764
-1063013 5324914
5373743 -7724144
322227 -2653509
-9290141 -8851635
1151432 -9718064
-5683563 -3547449
6153275 1899228
9901474 3975407
3468858 -3723879
9036029 794395
-4091765 -5338763
6065818 573793
-633857 -4105572
5335928 -2768989
-6681224 -5360471
9964443 7322404
2114613 2255763
2118606 -2145462
-997096 -7563160
5235128 -4655182
1797369 2670688
-5430083 2067917
-3956676 -9533004
9259470 6987743
-9701510 9512183
6689772 8295499
-8614356 -3793275
-5382495 2755590
2502954 -6731861
-2092331 2469786
-7691458 -1661918
3110197 -9611536
-9240645 -3060493
-623652 -4771196
573622 -7721389
4949299 7127828
-804254 4887343
5354340 2035568
-976689 -2244578
-2732395 4613810
-4574339 -678199
-1955122 6473730
-770680 -3188695
79444 -4821264
7648522 4248626
-7413292 503465
-6591718 2473416
9412924 -1786742
3442062 -5832363
8962600 -8694376
8433452 6532036
1419379 3911899
-4052532 -9854450
-2099027 9290071
3903881 -2512869
6808933 -2315070
-5841340 1845894
8657199 7370163
-7451101 3387981
-9847041 -8747004
-5727187 2713773
-4812810 -7260332
952926 -2318905
-5634916 7116466
8422090 6911340
3443376 -6672316
-244064 6855542
-482555 7379107
6669179 -1780244
5706887 7418418
-4896652 -6910588
-2548341 -4967828
-7597664 -737991
5166342 8625210
9878206 7467587
-7302287 5319301
575321 6667372
6864819 -9598745
7517721 4044599
955939 -8770096
7073940 5939811
-4688295 6915667
-3188873 9346228
-2434016 4829150
-5236080 5996658
1602422 5789224
-9178604 -132731
1645630 9054081
7679292 5740084
3207672 -3188028
4647625 73850
-3258778 5905385
6306640 7739299
1783898 -6393958
7352298 -3659287
-7719476 5256190
-5311791 -3057410
-3711181 -9891419
4937732 1499336
-2504006 -3628845
-7839621 2218004
-7914727 1614769
668850 -7018224
8721860 -3752745
-4424421 -1651858
8421993 -5554116
2867621 -9776795
7962504 7679567
3801961 -8309387
-1968674 -7737246
7518944 1154259
613202 -7171798
-7063216 4723506
-3777158 6902021
5789528 390868
-7391128 -3764811
7849958 7949908
3448036 7210498
-6542247 -1481192
-616697 -5313752
-867867 -966667
-8227110 -9678352
517567 -8000246
-6309632 2251746
4514500 -5680471
5473788 -5761954
-2933751 -5450203
9273303 -3913010
5505363 3033
2910253 8012497
-5752314 1294892
-8238848 5519125
-4754025 4613996
5649157 5209188
9895436 -1296271
253414 -4967540
7870460 -8456079
6060028 2026304
-5721950 -1611973
2707556 2266748
6504794 1308902
5858699 -9302303
9301039 -6428957
-3909572 5132002
3144500 4806403
8617647 9000681
-2963841 -91462
-5477465 2895151
-1895661 2282134
3502215 -9828308
7720504 -9483873
-7939951 -6244371
-1701715 5590964
6495343 636429
-7096823 2576335
-6114762 -797100
-7583051 9407971
5495367 2260289
-2607708 -8282012
-959257 -8414205
3102829 3053144
-7038318 -2341610
-9446459 2655340
7453826 -9999431
-9827739 -8825768
-8309640 956042
-2771977 409117
-3999919 6266761
-3096810 5526309
-9381004 -7504575
-5785323 -193633
-8269310 -5495766
6764524 -3368374
-1650386 7226057
1328205 6673168
-273688 7390358
7565100 6947386
-397274 -4795654
-4795084 634994
-5674422 -2943448
528946 7893529
-1697353 8532290
4799051 7756970
-4200369 -3180920
-8169143 4218593
6541312 -3581373
-6560786 8561886
-4806488 788355
-1985588 2720090
-8090390 -3940521
5966189 1858969
-1193645 -5847726
-643380 -3952359
-801013 925433
498338 -2922112
7487770 3524566
2056856 -8972716
1300606 -4209583
-4874151 9372260
-3892795 7100237
6035217 9473059
8034945 -7351482
3436873 1990783
-5289127 -6771542
-8195711 3967637
-4173393 -3379517
772757 7770478
6334471 -2850686
591100 2645729
9723618 -4466541
9058025 -8910562
4633074 7211388
5518157 -6368767
-6996507 -4066319
5550270 3160358
2633417 -889301
-5724431 -5898161
6092622 668363
-3586827 228794
-5803569 3319847
2456682 -1782538
8504292 -7460610
-7794943 5745791
-1608479 -2644885
2888574 2796157
-3598053 -9368509
359231 -5537049
-9389463 -8964979
9485054 8393740
1554098 -6385970
-4758919 5035325
1653516 -5812484
-2627769 -7966998
2261796 -2253861
3582338 3785404
4519218 -1025420
1513970 -3960979
-8215188 -4460138
2894977 -3764621
9031536 -7307315
-6675824 8299904
5279207 -4566517
8984857 -3800241
-5406501 5889744
2020127 8469911
3505236 -1336050
-4632182 -222440
1810563 7675105
-4578756 2740049
9041805 6588711
-4436709 1519934
7558955 -3922625
-5866411 -406386
5828993 9343768
4552805 -455082
-2155178 -2623118
-4673283 7876982
6593093 -6875970
1530126 -5688426
-7218514 -8813407
-149457 -6449747
3327814 -1196926
-3521821 -2265287
-9525238 -4861623
-8272912 -5584225
5935710 2032919
8110294 9806732
-599654 -3988983
7871137 4760235
-5694847 7745691
-4877427 2423943
300925 -5333672
-9693290 449291
-2722783 -3105982
-9403037 1836836
5387090 -7424945
1378130 -7036142
698571 -1285096
-3630367 372661
-2695211 -6310315
5722604 -9386927
-9580195 5756851
-8232132 -3650750
-8890515 -7663497
-9917805 9639006
2062949 -4585361
80967 7721120
-9313237 4880226
4290596 387677
4740865 -2036019
539036 4887560
367770 127955
1359211 4433518
7322532 -8933658
7272379 245196
858270 -5372679
-9615828 2994984
9344234 -6205573
8647283 -7847960
4307398 2970072
