142 -468375 344769
353
2085472 -6335179
-2649708 6980771
8173919 97203
5358539 3824981
7102677 8190918
-2304975 -9952213
3633705 -3094695
1153266 1696282
9219411 410979
-21908 3786350
7060558 -3087199
9164097 4171090
6217345 -590402
-8217595 3356304
-7112071 -6117950
-2453129 2127174
-8375702 -2510247
7586957 4897164
-1277855 2314569
-6978161 -4538152
-4490365 8341174
-4753521 -6766784
4929499 1659693
4587024 6399746
186096 4148910
3578063 7081468
-6231089 9763006
-827395 -4741487
8614817 2502608
6384658 955010
-6917816 4019099
-8491148 -6068470
1345046 7222834
-462596 1612161
7074010 2583543
-6558931 2559243
-1691188 -7416355
-3240310 -1312452
7603646 5754663
-96427 -8653286
944535 -9693906
-9930899 5997988
-8743499 4713446
-2783946 -758294
-9803284 9871319
-3593230 6117065
-9951405 5795252
3018087 -2084378
9527784 -6090007
-990112 5071843
-9852562 6601794
1701791 2450957
3654857 -1543750
-5789087 977834
-5159100 1258504
1564598 -3369162
-7371173 5785435
-6984767 1633699
3391757 6401680
-1210649 231288
-3651647 3588473
-8099922 5196121
5628096 8913300
5339645 -2565483
-7493640 5155880
-5725974 -5650467
-683158 5170150
-6373599 -1507831
9470003 -7028301
-3253445 -9646334
9500857 6827256
2612691 8311154
-7538795 4646036
1047716 -1855723
8375565 5852963
-8042212 2353420
-2450459 7240270
-1330078 -6142134
-6191265 -6822363
849869 -5990433
-9124548 -3684905
4001598 5123895
6132417 192294
-4319655 7627999
498017 -1881228
-5053972 2426901
-6745593 -1126
7161262 75072
8219349 -4284388
4084927 -1791021
-9437601 -888734
8867888 6042716
2416934 -9371708
6322282 -2462190
-5936271 6225670
5057117 -2827849
4812399 -5060819
-2352173 -941285
9203066 944816
1579940 -4155476
787777 -7782564
-5267338 6525969
9117393 4042184
2274149 -8106075
-7380744 -146906
1480712 -3640924
-7598208 5698007
6326299 348600
402762 4818727
-6439251 2648581
2337085 4466491
1922024 8617866
-9807066 -2850516
610652 2086203
7930727 1912352
4129788 -7809408
1232913 -8765143
5277041 8862451
-9243624 350306
2719752 -2448810
3910267 -6624368
9073639 -5799536
4549064 -1171589
6163490 -2083710
3081224 -5048174
1934669 9724239
858458 -4581691
2567793 -6143307
5942896 -6432256
5480096 -6821555
-4630963 -3610024
-2375167 -390115
-9011312 6601951
9468609 5418226
5485769 -8254936
7637048 2188362
-1094822 -8087612
-6742849 -772961
7143329 -6545757
-9077579 9420642
1661233 224553
-1840786 2857091
6713784 5036043
8603787 -9272993
6421804 -4826967
-5920639 -3399764
6210121 -8209158
909145 -5779454
2155124 -284839
1460225 -7105894
-2401180 -2359107
-446719 -8386375
840664 6503999
2474594 2810433
-5252573 -9499655
-6758749 3397015
-3745894 6408660
-6038944 1400465
2127473 5484243
3173628 5081195
-8318569 -1450723
-7143529 7252989
3989887 407904
-9876935 -3718032
-823925 -3854989
3785905 1583290
3196915 -708753
-4204754 5855538
-8817677 6553931
7054277 8269840
1666856 8446102
4854763 -9704472
1695993 437314
8437909 1332171
-3586634 6339818
-5110904 1611537
-8619122 -1905202
1019054 -9738081
-3456112 5370765
-8484223 1142120
5241762 -1763685
7527562 -2181966
-6326428 -9044970
7508961 5839161
4109001 7372248
5818350 4563238
-2624882 8292209
-1270476 -6810535
4521636 9071112
-2072718 9683785
1295323 -9064997
-8453847 -4667270
-4405350 2676201
-9436681 2565207
6223679 -5345110
-4592443 -7920904
-102870 1465442
2420472 -7064881
8774280 -3912946
-6540698 -7554215
-474624 -4600366
-6308157 9277653
4983470 6900494
-1512042 -5062281
-5378495 -494893
-7043538 6415241
-8252029 -1566820
3625733 7018967
-415826 9858973
7030215 4189052
-1215500 8324206
-210352 -7562228
7889244 8681630
-5231315 4726472
-311391 -820124
4579510 -9255661
-9978008 9213985
-1369168 787706
-1758223 5005463
7026922 -364858
8566735 2863282
3812814 2499736
-481297 2831059
2690032 -2561452
4143952 1619229
-56565 -7763400
-5325628 -7071547
-8389917 2249435
-3024093 5079968
-5740155 8895120
9639460 6664517
-1605146 1355707
-7856587 2177804
9699619 -457962
9177181 385191
5764825 6726541
-8257371 7743916
574975 -422360
-467460 1261332
5396914 5781360
8017960 -6323508
9121297 -4659651
106137 5208684
288653 -9268619
2142853 7082044
-3737087 4548498
-4095795 1782313
6476470 -2825880
6716158 -9436029
-6534486 6176089
-4581017 5893339
-3846392 9230339
-8675669 -2838388
939297 -755065
-4973705 856871
-2950284 -3663789
-5807088 5560607
-6714356 -3828987
9418746 4299049
-6102554 3574297
-9360853 -5922048
-1623383 -7323289
-7632817 9059704
2140027 -5146913
3545529 9083342
-2506967 5605541
4835881 1480864
8642476 3646641
-7108423 -1323436
2049788 -7901875
-9049312 -9565776
-1488816 9099504
7786869 7659953
-5524646 1796828
7887477 -278032
3799920 -9110848
6082216 1042976
102680 -7823463
9545977 8449399
7532741 -7757292
364601 3091506
-5427630 7542127
1188768 7716834
-3606601 5731198
345676 -3403303
-2969078 8443187
7542691 1296364
-8527331 -1941542
9855286 -2154088
7567880 -4051976
-3162824 259115
-8697909 -6115848
8577042 5435744
3885144 -6078877
8680183 8123019
-6269123 -6065763
-8523636 -955215
-3238381 -9180401
-932851 2665133
9261830 3155018
1598205 9412825
-6774458 8809104
9383914 -8342752
-496839 -5301789
-6837413 9239200
-7985333 9587393
5987898 -7483884
7951860 -6683242
-2762118 4564940
-4795689 1837004
5771242 -4081935
-2520798 -1064812
-7728861 7247606
-7570909 4240822
9912192 1338288
-6732534 4207274
3016378 1510398
-4316002 -3506992
-6292429 2400293
-5844155 -2296489
-2709095 9386511
-8097373 8686865
-7996377 5795155
360095 9854487
-5792156 -8242143
-9807725 -1919242
-467702 2495438
-256956 -2328523
4428651 1803437
5658077 -5311512
8895762 4340844
8367594 8925543
7934903 -5571508
-654863 -5948408
-5728544 -8357525
-8971014 -3982665
-5295800 1562361
9873868 5447965
-2181196 9224175
3498385 -7249685
831073 2026648
7038438 3690660
3878489 -9636629
2166808 9297835
-6013677 -9176507
-2319311 -2175115
9266781 -7117915
9826929 -3951717
-7383773 7201684
1360511 -827933
5189402 -3112317
966396 2389497
-9646186 2409954
