1 -9375733 -353630
47
-3941695 -4365461
1021288 697046
-6130516 -5265956
2072470 4526643
-4363984 -1499602
-9360336 -2849981
-5673702 -3590752
-864569 -6358775
-6848559 -3408409
-2874459 -5196480
9876543 8488118
-5631912 -8261913
-2720666 -712370
-8846072 -4003024
9137596 5978732
-8386728 800299
4013697 -4804099
-7553702 2634560
9677555 399534
1416284 -2964880
4185140 -4686429
-5760829 2055949
-1786474 1027790
7619381 3374602
694474 1364967
-7630562 -5255078
8999362 571017
2374999 -3262474
-4749145 -3721304
-7742571 3528928
6845579 6904803
4617056 6387053
-978387 -6624372
3775162 -420294
6614827 -8784480
9045443 -4808553
-236252 799967
-8172243 -6715385
-824431 493626
-8141406 9447138
6708412 9870044
-7042587 6744384
-6518090 -1775874
4502823 5332413
-8622307 -8750883
670272 -723396
-4336343 739624
