505 2640893 3130213
699
5431886 4301013
3170200 -7865659
-6569517 -4548214
5177227 3078077
-6551090 -6899551
-2885957 209147
8550798 -2249078
-2055100 -3556870
5722916 702469
-9925510 -1458566
-3032879 6150226
8430424 747882
5265126 6334266
-8279176 -2204842
-9563949 -7424823
-607458 4851037
-498270 -1615711
3836076 -7437258
-1842828 2932213
-1450985 -986697
9222451 -5877566
1873357 -1820590
4622540 289601
-9007929 9818257
-9123957 -7138192
9012034 -8933439
-5669204 -9640484
6693782 -41190
7753968 9595922
-7828901 8414606
-4218005 706371
1607012 -5920007
9159088 5283725
-9267709 -4556912
-3027256 -2683740
1438694 -718694
7460716 8711547
-998852 5828403
-1836988 2083256
-2538584 -6781
1059781 -960945
-601429 8989802
-1051388 5390577
-2497149 -3907647
7023311 9218932
-7558345 -7809697
-3729704 -7194694
605384 4048667
2008108 -4570616
-4738004 1337675
-9381019 1497204
208751 6700691
-4954554 8079697
-7320695 9209899
-8280529 3208459
-7752486 -7342927
-8353125 -4704396
-9313819 -5837562
-7228857 -6888161
-7669229 -9294616
-7104313 9794455
5116113 7288778
-6146203 -834016
-2888280 -4278503
7059172 5861905
-2640891 2373717
-8409240 194505
-9209446 84212
-8189536 -3363794
9844665 5986211
8643284 -6470065
-1174461 4608532
1287322 -9709841
-6598002 -7971928
-7266544 4058465
-3630728 8249121
-1945749 -4370856
-2688520 -8514614
9723235 1908049
-9713694 4423200
-3203083 -701240
9493265 -9838232
245980 -9095971
-2459764 2800172
-1213617 -5427204
-1897269 9901253
-2973863 -2570332
-9763821 -555378
1472694 8313459
2371925 6154530
-3079997 4206151
2351647 1257549
-4740713 4974255
9398656 2179479
9119031 -5017477
4281283 9684962
2363082 -4084051
-3180022 -3709100
9091072 5125415
9698211 -3123434
-3222180 -9606192
-2176524 -2199057
7245565 3803957
-5366231 -1940345
6730537 -8765388
-2042885 -477954
-9220405 -6349459
1141148 -9691238
-4995407 -3961117
-6462242 539804
-7258882 -5876376
-7444075 7819041
6626293 5104201
229616 -8107744
-1231178 -1766282
-1372474 -7555821
-7238526 -1937006
-8133048 -1032646
-456639 2523392
3758004 9017073
-1460881 -3726101
-75560 -8284881
4540233 -681286
-2126051 -8934412
-5878256 9544826
-6331550 1411707
-8252900 -3137138
-8032937 -3775624
-1883368 889746
9123464 -5286969
9673563 -598194
7464801 -9732658
-765304 -7564963
4958429 1848105
865178 8778057
-4948044 -1283567
-7052096 9404297
-8760637 -2507252
-1441664 7488137
7032963 -886687
3041372 -4803568
2059295 3217766
1958494 4788473
8194571 -3457290
-6227906 2591478
-8006716 7318035
7585377 -6554343
-4119306 1974437
-6177458 -3179927
-4401870 3355476
-7928091 4687720
-3391631 -6833561
659187 -4980186
5024303 -2152267
-522602 1733876
6930308 2057267
7791385 5035122
-7660053 -1010397
5532314 -250121
-7658643 -9465482
7852553 1820760
5266417 6850993
-1174569 -2045718
-2709293 3663463
-2981061 -4835675
9852046 -4594810
-1428371 -8392799
9143367 8976767
9340852 1747168
-6518956 4167670
8741289 -1181750
6369725 2927705
-8082692 6532674
8798905 8709672
9244191 -34026
-8213266 3656614
507608 -386904
7567379 -430497
-6767033 1849391
7013716 7374438
-7220372 -7231742
-5624541 -617886
-1641118 -6132391
5614778 -6481174
202849 -2300266
-965663 1612174
-5460121 -1055862
-4523187 -4595938
6630086 8973540
-8544134 6792070
448685 5874277
-4512626 5758953
-4671544 3472645
-4677964 5571105
-4538105 -8922225
-6153966 4852104
-5765781 -9242124
-5374515 -1778507
-5743328 -4890547
-4674461 2756615
6885142 4459521
-6596341 -3123772
2280290 3941373
2914913 -8603176
8188895 -8573271
7301006 -3112868
-7353915 -8846068
4626577 5304732
-6607811 -9509107
4085021 9948613
4800717 -1145915
-7871687 7931055
8668900 1551288
6660741 9270150
-5456882 -7074428
-98555 -8013719
-1137491 -8571740
-2114015 -4178543
-2781719 3659152
5085881 -9199101
-9795617 7923528
9077460 -5096761
2724324 5366820
5857713 3704037
-3830998 6116513
7486950 -57266
-9609859 3486072
-4962640 9615263
1401766 1575394
4500966 4214454
6200735 5944884
7373144 6918764
-7259779 7579596
-6244900 -4740871
8576380 -7525146
2914735 1357333
-1223075 1297115
-3336065 1992195
8212585 -8498751
134114 5038001
7497087 6897939
384011 -2378935
9752680 7887229
-537377 5421372
-7847822 1154446
-2900670 6479941
-4084943 869265
-1551139 6988826
4764308 -1344722
-6353515 -5279686
-1406001 -4142960
7154156 6561220
-1446585 7370924
1388525 -6181909
8856092 9282352
6180292 -8477360
-8339943 -1130468
-3243239 9080655
-2981621 3929089
-4916464 -1264264
7732029 -829443
-9960178 -5300782
4204397 -6352913
-5181283 -8994964
8241702 -1031295
4825745 -1534798
-4973578 -3164299
6722978 -5503747
-9169303 -3903810
-4621458 -1888497
-7849505 2203141
-8927327 4075186
-4327806 -6189448
7739642 -9654214
-918478 2690573
4377483 5339530
-9961252 9329904
-7023009 4417305
5422341 4243145
5728202 -2204292
6260911 3664043
3016097 -6929700
-2433447 3803685
9899875 -260925
366930 -1602750
-9399608 7794770
-5613692 2517426
-1155670 4189417
4535204 58502
5265428 9100324
4439854 -6383274
-7053370 -357089
-5939784 -3005045
3754452 8439973
8752034 1998910
8179305 -8000993
-4930693 -2470703
-8667018 1195402
-9065523 2635860
3549463 3749210
1543980 -6182240
6335186 -3333793
-9144376 -1553360
8505143 7695868
6796193 5390828
1523907 -3713077
5929834 -6247601
-6736294 -3013111
7943215 2506402
7021664 7018159
9017166 6695249
-5775454 5200970
-3603628 6602825
-8244963 8073880
1823090 9847202
-6335038 5304500
4487059 -6632930
-5669937 2516500
212368 5342684
-6750136 -7164794
-8361519 9524913
-6722687 -2709877
-3206635 84667
-7408931 -3458981
6075530 -5263420
-8568171 2129086
-2669944 -2390952
-5788127 8172727
6246607 -3757220
-3910018 8483263
-3695885 -9413950
6469472 -7728704
4787796 -9208825
-1349789 -9200465
6151093 7516517
7041430 -5583573
1706551 7789574
-2125759 2835095
1892467 1016268
5752848 -7018337
5110749 -9515651
-1906602 -298971
-9609892 4957157
-8800063 -5178377
-6695114 -846933
-260883 9806272
-7922432 -390998
-7083471 -3791410
-2991875 -618283
9414586 1566740
5983167 5675571
3465145 6456016
-8192536 -9793930
1222338 3855739
6837402 3699931
4184280 9491538
-807433 -5535497
9421660 4794030
9615654 -7900973
1252095 3137949
2944221 5436892
7562246 -9008788
9716154 -2461858
-563789 -9521225
-5438133 9240632
4916203 -1149203
7823165 3061387
-4216191 -1618652
4753439 9630629
-4153088 -477500
-985962 1590841
-1428304 2547545
-2658425 722958
2821985 -9490292
-3835990 9473581
-2573174 -5925920
7581645 1624583
9162725 -5010928
7984200 -185849
-945217 -8884712
-7517563 5062419
-9359842 -6029014
-5131313 -9694397
2452584 -3576032
5946468 9622126
-6270680 815849
-6636606 7476858
-1800184 2301016
-4672923 704969
-7305097 3538154
7612234 1491087
-6884330 121729
-2372847 -2289769
7524383 4794748
5910036 8127705
-4293523 -3420834
-6933495 8392474
1214429 -3653365
2770603 -2064808
-2442682 6183365
-3000786 -8766577
8710282 1286638
6104007 362608
3583930 -3089902
-9551748 3947436
-4561477 6278833
8916914 576839
803422 -8929455
5865293 9060419
7188125 -1672195
-2576676 -5708318
5200508 -7105398
-8242411 -6993819
941373 -3585063
5114654 4528193
5761616 1015043
4818034 -7886131
-5007171 -3011750
3898349 922041
7385829 8576759
-2628056 -3137047
-43856 -7175648
-6105103 8805210
7865630 -9240433
-8396276 2276543
6568225 -2429893
-7018939 -8456600
-5450419 -5714915
-6783626 -5261350
9266843 5490954
-3494002 8331028
-9555103 -2455188
-2950586 3840384
7278777 -4562273
6530838 -9052237
-9672931 4664606
7488958 6419135
5224345 283213
1042780 3900207
-3823250 -4393673
3176434 -4837143
-3293743 5261327
9546412 6157495
-9103854 1255839
-3253207 5279138
3610167 2679341
2740505 -4230857
9609527 -3428584
2009143 9789920
3254035 6888304
1552910 -8943666
-8179 3581104
6380670 -8441780
5458428 -4783834
822494 -2576550
-4897341 4151530
-8070790 6515280
2672776 1808917
-6935244 3991974
-728887 3568922
8764615 -7672099
-1902955 5397632
-8030952 1505121
1295041 -9777076
-372419 3978192
-2449122 -5450924
8130181 3696843
5255064 7542699
5275217 4510851
4450653 -6770156
-102274 8614063
5129344 9553313
-6121418 -5656712
8335263 -2197880
3887394 -3056662
-728761 -9877272
5520360 2652009
-5842870 -115364
-7376087 7489408
-6016048 -2031477
2517600 2251494
-4051663 -5948818
-8406119 -6835867
191336 3719753
6949597 -614549
-2000486 -5358011
6711654 9363676
-6293036 -6871142
-6552670 -9409764
-9950074 4558579
4681307 7334724
-7496914 -678834
1722154 201667
-9792572 9176568
-2854908 4346067
9113913 -5808620
-1757437 9662692
5343177 -4937749
8782004 -7647204
1738247 -4465487
-7307146 -1752046
-2388370 9737762
5382972 1920861
2511097 -6165054
8393526 8830303
-1318621 -4922624
-3085106 3074833
5792853 1184465
361034 8637048
-4500532 6000281
2708013 22478
-7798478 -5386619
-7808016 3466928
5819725 7544699
5595564 -9026011
-8261705 -9925676
9812086 8288418
209279 -8133723
-4298777 5195059
-3458286 5236729
-9685895 -5905251
-314065 5223093
-3592441 -2771001
8382399 -4521212
3995421 -715055
1823775 -6118133
-8988399 -3296566
-9829637 4025297
-5913652 -6796415
6693926 -1493560
-1419236 9681912
486682 8432221
2814850 -9090797
6104262 3212314
-1550957 8516074
5127175 5162328
385421 -8720500
-8975149 7329462
-7191750 -690668
1110629 9407250
5805470 -679977
-1460190 -7065596
-523947 6817071
-9979344 -8773475
-267035 -3921247
8277017 -769065
-2336844 830081
1739284 -1236300
-8023986 2994359
-5973215 -9640102
5522226 -7058591
-5779091 1670312
-1000225 -4092352
-2266668 -4754240
7169362 -5675623
3644401 8843962
4294718 2974832
-208097 -7815789
-6589264 6287124
-7634123 -7671088
1559847 -4339947
6490134 -9357105
-593405 1739355
-5266286 -1770581
-8894331 -6101039
-3159630 -1239501
-9569188 6627896
5051896 -6422369
-1176609 -8053061
-3728684 -7214772
4145542 -4007247
1483938 9915717
-7900072 -1559739
-5272615 -8724159
6121105 8027016
-6312931 9609614
-9747491 -2319048
1936660 -9822796
-9077025 -7824544
-3925583 6670374
7947226 -7971356
1172892 -4568861
-991230 894390
2841329 -3775212
-8473631 348513
-1142381 9112645
9028363 -1811737
6628524 -9658443
4133750 3644643
1671660 3872261
-4001772 -7228792
452160 -2124919
-9431363 -3749263
-1573806 4905172
1575547 -8508388
6036609 -2983037
2448103 -7960875
2933515 -2790499
-4049358 3973225
6838091 8291196
7403841 -2522989
-1818374 -4304290
8553619 -1051444
5109552 7326503
1198764 -4796279
-2025071 9297564
-2827355 -286656
5964082 943442
-4151386 -9742365
-8250753 6906628
6439943 -59487
1979638 302208
28062 -8595602
5377624 7429505
5720701 5978704
5972067 2215715
427777 -4359105
-2894197 -5846307
-8519804 -8502252
-3298531 -7784645
-8487081 -4804687
4908657 -2807249
652545 -8798083
-8540448 -6610909
2812071 -982489
8958025 5725151
-3972640 -747985
656413 -6545985
-9116479 -1428226
-5449522 -3965963
766104 -879426
-2722179 3038897
-291058 3710233
-2275667 4383625
-884668 -6294509
-8582844 -3057845
4134906 628252
-5653479 6325813
2231257 7303803
-3678686 -4193927
4047576 -4956672
4295343 -4720661
-8750293 2591288
-8836938 -5048243
-6497854 4649580
6286506 8229892
1268789 -3215397
3011188 -6435672
464305 3494084
7199575 -9264478
-9805971 9579637
-7275759 8616731
-2541104 -3154713
-5850910 -2929238
-4606813 9690153
7249834 470404
-1733904 9440764
2032052 1545177
-986714 -484197
-5834617 -4288533
-6058641 -4968215
-5667260 -9548111
6532569 -2273499
-8779415 7343928
595802 9513226
9092864 8420160
-446757 789831
7635118 4333457
3920572 7012139
-781355 4300560
-5229035 9313759
1270875 -3531521
530008 -4446587
5069216 5819280
-8469253 2059647
-392216 1750951
-5280808 -4527894
3198607 3940524
-6199196 3768114
3281340 4419192
-4644296 -3087041
7702790 -5109444
9224014 4908947
-5562561 -2145739
-7845179 3144586
-5025303 3656084
2640915 9442138
-5004449 6245573
-5418795 5687275
-2253078 2581119
6848422 -3888048
1584058 -128942
-6188418 4083967
-2147919 7299018
-5765438 -9871261
-2958302 3649773
8540330 -409733
7015566 7260840
7631453 7764344
