269 -9831209 6383553
924
-7870461 2952939
-9472289 6348514
-7896718 3658361
-4769832 105798
-8757526 812850
3812854 -4563121
4730883 -5605478
-7714989 -576789
-642008 -1613160
339620 1411119
5942873 5142472
-3148731 -8077819
1272730 -5522873
4213507 7931834
8100625 -8886994
4065945 597060
9461926 -9769835
-3595122 -2889992
7215806 -8434791
-5105589 1635046
-411722 974632
5369154 8707265
-1869524 -5680839
-4777647 7654165
-8418364 7488468
-4852707 5561974
507 7524509
4517988 1998562
-69604 3789589
4902595 -1268505
1844907 -1968979
-9222462 -8515108
-1405100 -6176815
7904746 -2817583
8817463 8327058
-698310 -7200843
-8493577 -9077907
-4758746 7187196
-2642287 -7846749
9641720 463608
8541934 -1060651
8980210 7305365
-696073 -8941207
4848382 -3985450
-2737603 1750675
9781696 -7732670
-6247778 9107304
5446842 -9440765
-9741996 -5136525
5706885 3351588
6150746 1591819
2513913 7524928
4712124 7657169
9810420 271519
-9264873 4586190
6041891 1968492
-8209791 1793413
2852206 5022102
-8963348 1094136
-7155189 -9783059
-7515729 -1700950
9922706 5142860
-1781553 8752845
6132672 -2114100
-8762511 -1523549
-9931730 1839558
-635514 -95413
-2438244 -4901465
5370055 6592962
1179152 9888528
-5626627 -1378466
-9585052 -2778956
4759498 -3836418
-225929 -4216494
8516799 -1687498
-872096 2618882
-9721906 -8998930
2270268 -8433037
-547137 -1503459
-510656 -1597060
2758850 690352
-9405061 -442385
4656150 -7876664
1232651 -9326953
3077928 -7457443
1164092 -7588197
-7850801 -32347
6131235 -5904608
-7604750 -574951
7737552 -4094694
1040541 -9087950
-8086880 -3134544
-1567581 1318635
2331529 4183388
5102681 7885283
-8908013 -8179127
-6105160 -2138469
-7498780 4203279
-2607322 1067343
3609900 3733871
-1337974 -9529394
438259 7290344
-8614264 -6672422
2752627 9085847
7507505 -6219013
7209389 490179
-128012 -1451954
2383034 9122509
-4177750 820759
-8777606 7230915
9051788 3441283
-8697186 -7685618
-965987 5462981
-3469676 6320386
54257 6426691
-586350 -9859776
-53079 1232636
4560214 9851909
8937756 1332657
-2370004 -2687159
319373 6445262
7509660 -5160615
6478247 2707713
-6471528 -7590954
9639961 4816849
-1741868 -5249133
9581601 1208102
-3328917 -7922702
8397685 -1384386
7558657 3201407
-4142017 -9031706
2200930 -3027693
9340569 5804904
9653914 9277496
9106690 794677
9756291 -2716090
-5360352 -573937
-7866224 7265952
2191350 -8882105
5934744 8178600
5445819 1831312
5555766 -5807124
-3729826 5027420
6159386 -7773151
-2055392 7184211
8152506 -3765604
3206703 -3681057
4640200 -7130212
-7852715 2547272
5858302 4294114
4094376 -8746025
-6803610 5614593
2880545 8734024
9851919 7846518
6025118 7588248
-8064088 -1696985
-4987757 1470938
9014710 7491678
2234879 -6201230
-9017019 -2309551
3924845 2695839
9014782 9135487
-7994724 9647900
-5288475 -3828666
-9534552 6668913
7922888 -9430173
6184420 -2923823
-4189799 -8880722
8965796 -935034
9169566 8178473
-3518512 -2492734
8978204 -8894522
8597156 -5989916
-2191146 509267
8199716 -6651613
6044226 -1208165
-9556325 2124561
-5711187 -2424640
3746695 4965303
1634216 -999662
-429835 -3271505
3804672 -442896
-6807266 -4245414
-2664096 9614874
309699 -7841470
-334204 -3494530
-2389052 -692461
3317623 -8839647
1669620 8724456
-7927157 -8873523
-81687 -7614312
-2973399 8117069
-4307571 -7121660
7843643 1315414
-9684247 1955476
8683972 -522141
1551315 -114082
-1843144 2488644
2103518 4744049
-581069 -1990888
4514582 4929569
-5762891 1601079
2761432 4641882
3366338 7554732
8681210 6947404
1849444 5439181
-3927398 -8884125
-6005785 8876045
191460 -5718616
6236860 -8162142
-6167931 -6976435
-4574165 4920832
-2590523 5383384
127433 3582692
4108156 2029347
-3041083 9546364
-6336205 -1377261
5780973 1196026
-1249242 -1058420
8405336 -852688
7102845 9948320
-8935805 254781
-8352822 -6824552
-2543168 7574762
9412620 -5645010
-2621445 6210044
1130877 -6755311
1144425 2804391
8903435 8540354
-6913947 -8728142
3334574 3011591
4150682 44970
3757348 -485278
8456302 -68344
1595320 -7491893
4972779 6861638
9632771 -1301835
-5610035 6036975
3611737 -8720050
-4365060 -5636851
-9426806 -4459290
-8698249 3013496
8334239 1704071
-7239223 2446177
-3765613 -245974
5281969 -4153170
-1591847 2085314
4116388 -8050996
-5602988 -7834499
7189960 2572690
-565672 5992332
7206849 2162740
-9283933 -932900
-7136598 4113167
8476316 -3155844
-5098782 -1501658
4028190 1565862
5786285 -3797030
1165499 -5121219
4632807 8547062
6910245 -83762
4517904 -7568871
6896485 -4681602
-2516101 -1365708
3723334 -8706503
7285829 7190212
-647048 -6842337
-5258885 -2990970
-8877803 -7414629
-570473 -2395483
-1380789 2114866
-6319272 4330746
3050068 -7352598
-2473817 9467014
530428 6731919
-3351843 4675343
7106472 -2559327
-4724577 3682414
4833058 -3480691
-2187194 -4724325
-7534113 -1443607
-5769592 7614987
-5375983 -5664809
-3079438 -8512125
-8391256 8262567
377433 6350089
-6802813 227955
2875357 4058161
-3958473 6247255
2979174 2917893
-2406764 6571956
-5987371 2143684
8342450 7216060
-6264631 -8195595
-2919920 3175508
4248253 1548175
-836838 -454033
3881158 8478661
9966536 -3696469
-5433902 -9198280
-331839 -8424720
-5680412 -2540117
4034397 2865349
-8371044 7194945
112838 -9924076
-835768 -2875517
9268167 222426
-2561514 -4306786
-2502381 126969
-6697523 1173855
5238382 4577699
-5876334 67083
-1454256 -5598456
-6778572 521176
-6160752 -8971367
5120265 -9696122
-2236238 3507409
8889110 9439853
-848849 4314511
-3093213 -9481933
-9841098 1780341
-7997232 6071020
-8235766 9427069
-7929610 -558746
3131462 -738147
6355904 7889219
-2043698 -1630156
-4712259 2995922
-6482902 -981601
47032 -1490831
-8670601 9872698
-4103541 7683649
-360145 -906839
5924024 -5214430
7819989 8791006
-6912301 -7169188
8901832 7978891
-77688 -4909533
4531722 3182418
-7555729 -5490946
-7601727 -9820464
-1450620 1316527
-5687551 354576
9372975 3837121
4862642 -2170453
-9781403 -8063641
2136360 6192042
7801555 -3884944
900626 -8223785
3083573 3725580
6556392 -8763033
1732210 6171273
-8738260 -2025424
-8843006 4170874
8679928 -1690186
-1510650 6117617
-2565856 -8921798
1432778 -444917
-6607796 1746593
2092492 -6677895
7774816 8254847
-3036759 2311089
8426145 -88824
1687392 -5235204
8490376 -8156876
-6919909 -5229035
-9057762 -2436880
5537696 -2671346
-8500472 4720331
-6969855 -788958
-4671341 -9820543
-8742341 -5964152
3590931 -4720845
7025748 -4793211
-8954754 -500513
-9729314 -881760
3945681 8820062
-1268762 -2766073
1998724 -5111821
-3268697 2934982
7705948 -6994548
568573 -7672254
-343600 1164538
-4115131 8622621
-9649984 -6327719
-6148262 -8568633
7983567 8195027
-6525817 7625749
5348890 1574498
-8926015 -9500069
-7865476 -1089512
-2269450 -8655328
-8905049 -1403443
3484736 -1021860
-8086877 3093675
6099128 -9783961
5060138 9619071
-6700039 9184053
323026 7232890
-9094829 -815169
-6867450 673042
-8615578 7273261
-2584638 -8883883
2690615 -5141395
-4641464 5280604
-5808908 -3719048
-9858024 -9990588
-1394030 1921642
3416135 -8763072
-3153045 -7909294
4823098 5329258
4948329 5462435
4646488 -7600412
9632478 764642
9949473 7485867
-9324739 3054002
-7156385 5598375
6714492 -7940317
-3081712 258978
8055934 -8078541
-9281236 -5206823
-5197411 -7752973
-3314979 -9139260
4614020 -4075089
-9468030 -9898844
5430414 -8539024
6923411 5355068
271008 -7104905
3659738 -5913748
-8427881 -96514
-7042512 -3874437
-8276061 4763732
6823416 8317456
-1423566 954783
2876243 6258056
-8948767 9148720
-8604253 3595007
-3027901 8370175
-5704914 -9402879
3214629 -8413880
5563448 -5172944
2698476 -8838604
-5943509 -4996789
-910537 -7030516
-4610677 232581
-1125503 -6822066
7941667 -9136837
9180619 -6885212
4069571 -2718565
-6460509 -9726595
9422126 -3054186
3057173 7107077
5477252 3334225
-3552302 -9970727
4131745 9772338
7115747 9662328
-9176276 -304807
-2785244 -7669425
7816412 7396567
-9854499 -1179428
1998506 -6794265
-5931102 -980002
2134786 -7543475
-262040 5765870
6039275 8720709
-4333476 -4206196
-7099119 -2022247
-8688021 1240049
1269322 8378133
666823 -2240323
9938357 7917419
-9871036 -9701078
5145850 -9237919
675001 -2656279
6164293 2962262
6167997 820502
9840500 -9320849
-6864323 2753247
-1480883 -5508362
-6787653 -4610011
1183793 7074745
-4947502 -8604777
2635273 -3398974
7495511 8880829
9156859 6420947
4338367 -1837665
-9022391 9095216
2373650 4467331
4327404 6123459
-914279 -6951349
3869153 491697
1170849 7770070
-6960330 -3773995
-6766005 -3177122
2212867 -5924861
3666236 8962694
2874270 5913013
-7485961 8718735
115916 -4490457
4446842 -9990449
-9311762 -727225
-9115656 -8698439
-1714755 4182199
305659 3257994
-1177003 -7387351
-4379301 1907732
-7805845 5208502
-8565493 6791548
6130778 -4766175
-8174684 7184854
6147548 -1656355
6773010 5491553
-3273360 -978182
-2952287 1803402
-5670695 6842556
8631684 4010908
5312469 -4982457
9199742 9516028
-4709626 -6402286
8726716 -7978247
3929486 4113371
-678127 -5652585
3655315 -1360007
-3609830 -6727268
2973938 -213907
646090 -1784514
-6292961 -878514
659657 -2580899
9222503 -7049969
9792588 223722
-5765370 6068160
-8914297 940624
456652 2063452
-1822482 2801797
4823551 5747026
-7623251 -3095766
-6231999 -8730611
-90618 -5785026
-2512294 7423316
-2790591 -1184096
7031390 -9538356
-7900518 7855500
7790953 3254782
6204813 -4724509
5499214 -470192
-4402032 -1486247
9454377 2250196
6830000 9200023
-5481828 -7572619
8174407 7523871
-5571895 1858075
3127464 3067508
7282482 -9287541
8135775 5553198
-5630898 7286540
264536 7861537
-1766611 3916845
-2828373 2364019
155862 -3975658
-1929498 5892792
6922898 8171428
421625 3668470
-4615155 6377275
8804657 9767977
7291848 -96983
-8238907 -504584
-7437075 4236306
4948765 -2595091
5474460 2361759
-7835348 -4399108
-6537571 2359914
-3723241 2429188
7309559 1695818
7720160 -4035262
-8142469 -2534578
-4363150 8307014
1975484 8780429
-2325944 -1425173
-1657195 -123319
9779699 -3521287
-1509518 8151005
2387311 4057144
-8537947 -6430241
-1552130 9852428
-4546679 6936513
-703572 612522
-6958289 -1084250
-9388431 5573187
4054278 -9648730
-9666956 848081
-844904 5911809
-2791410 8486247
-2938926 3646932
-6476386 -2601002
-3605936 -2079769
-3928763 5819665
-123191 4884546
970657 974900
827329 1338862
-9208272 9418527
31050 6280650
-4803600 88156
8177695 -4410887
8456735 -4192031
-827597 2231973
-9339866 8789780
7276027 8327499
-5509217 -9614924
-2215925 6853453
-5226315 -9469251
6350414 4178139
-8420963 -6638726
4336174 -3772777
82438 2549694
1968221 -4836497
-8555847 874166
-9037678 4515623
-9895264 9156906
-5035125 1656369
-6111657 8561472
-132396 -3346370
7497481 7064829
7449906 9659983
6513436 -8011735
-7480986 7750333
1928472 3803473
7164747 8869429
7613004 -3976139
8573555 -5982726
-819223 -9788206
1085960 -6941872
90104 -6858717
-7701811 -5435366
6221004 194840
-8727336 9779416
-3566953 2625699
-309472 1140268
800251 6446880
8435145 -2859566
-5109233 9830040
-3850135 3470512
-5143707 -664409
5359452 5830965
9848239 -7530703
-7318908 -3550641
-7976160 -8454632
-5313349 -3716596
848039 2113944
4825136 9501192
1796961 9585395
2211094 -1385847
9754421 746360
-2806760 -8098378
-8441591 -6928975
5417417 -4371614
1615250 8965528
-9182528 -8432718
7398247 6471543
1457192 6176924
5142636 -237162
1308207 -3345364
2938041 -317172
-8203228 -1488790
-9471245 -6213920
5887827 -861740
7752413 2325716
-6927924 -1901079
-7483105 23187
-4389436 265316
-1589946 -5924696
5557185 -8972019
-7404737 2541656
-986801 6374657
-4932067 2509863
-7727299 -9529608
-2874972 2726921
-7590251 -3902740
4608471 -9936931
6365501 6722873
-4138866 5137226
9979294 2253328
2868601 6129899
-3846914 -6948630
-4166962 5385497
1977153 1763650
2791631 -3240555
9301101 -2465662
6425347 -2096753
2929462 -1685699
-8698955 -8506719
4220202 -2281485
3815776 -9057575
3521847 -853696
-4130823 -9059401
6077825 -112652
4657029 1730311
-2139789 -1426529
1624841 -9958018
5427479 -3470351
8293300 -25769
6733676 9920985
9971675 -6398717
-5979118 6034778
6865431 6397023
406656 6950344
-5331140 8166476
9108901 7143210
-3710486 1000988
1941587 2630748
5034449 -5324956
6405355 -9464236
-890765 -7792170
-7750188 6781918
-6688432 -9265924
-6775341 193644
114629 4121220
238855 9958336
-1490534 -7397344
8999679 4259738
-6273566 -4625103
6057725 -8077313
1582250 -9088354
1912634 -2317022
2830079 388116
5063160 -6145779
-5610015 -9619120
-7411290 -6015132
-9233214 3499220
-3250352 7354874
-2451482 6594706
-6767722 -7509340
-7551004 179499
2782156 3471134
-2269128 -6525186
-8633937 -5701813
-3779125 -6026342
-5114695 -59860
7623118 7803125
-9292407 6797939
3168513 453197
-6649571 5770754
9755622 74850
6090423 -4060861
-6705986 3038760
-7850181 -7159929
7847083 -6641116
3538384 -4617903
1369583 -9703921
6287245 -3679460
618727 1616807
5590466 7653308
-2406552 -644046
9675431 -9524229
7273710 7732919
-9297532 -9616975
6153779 -7041425
3033426 -5947102
-7963 -1574247
3980865 -876151
-5519728 -4197597
-838712 6130684
4029134 -7672644
5139787 -7300328
-979788 -4601283
7015525 1427033
-8403307 2155291
-8488754 -4877657
-4401886 -809858
-3076939 -8813323
4086054 5388176
8346752 -2374471
1678427 239833
1181938 1380178
3020379 4186817
9989220 -4837196
3809840 7500651
2344359 -849492
-5633468 -2161026
-4245956 -2515853
1427532 -4096904
8058388 5285921
-9591736 3024225
4730719 2085986
3272663 8522730
3910906 4170132
4312014 -2641282
114903 -5225990
-1329460 8506793
2693610 3813194
8975998 -8309081
1707923 -4800817
-3133957 2785838
3141165 -5947718
-5947219 1232576
-347976 1411561
9213834 -2003335
-8979109 -2289588
9796398 9622098
661180 -1732038
-7561905 -4414586
-4539516 -5427914
-653903 -733539
-2226746 -1908261
-8095067 8016637
2223909 2983217
698752 3397283
-3816878 -6068168
-9499534 81147
-8686277 1840639
-6747800 7069600
-4933735 -6517900
1192512 -7533966
4604484 8603508
-3128529 -6494737
-8392971 -4734336
-7645898 -8174082
-6391269 9583865
-2324396 -5783449
-7766811 1381985
6881554 -7903110
5494173 -3026550
-6578366 -9903342
177806 4193647
-3965714 -6077900
3508052 -5992119
-2510019 -8197162
6785224 8574318
7177826 1198846
-2779539 -6093940
-828276 6565649
8391567 -1172510
-9072293 -5957821
-1741270 4516650
-4101364 -8880337
-6783447 -6991729
-18279 5296542
5393201 1227079
-4579274 3403355
-158192 8087359
-7904760 -6028635
-4225797 -6650140
4440530 -414778
3300420 5075780
8981840 1618357
-9299642 -9479119
-8135277 -9330083
-5287904 1608278
-3875072 -7207570
-6087907 2970826
-1504550 -5460084
9836459 9644999
872078 8477171
-5603121 -2253988
-4166629 6292804
2780521 -3244961
-7378749 -9555037
-7453463 8554725
-3853143 7061782
-8803509 5846957
-1115810 -4871303
8314966 -8103151
3505127 748913
-3942305 -6972938
-1485759 9630056
-5830028 -7513859
-7868860 7009691
-1996786 6522783
6785147 -4480430
4328726 2400093
1671484 5134870
5579834 -2890752
8180325 4292736
1354518 642723
-3510319 -5672818
-8027769 2551009
-3035790 -2109777
8639137 -9712802
5830612 2985690
2615746 7213184
9699325 6861205
-3612752 -697930
8341206 -8169535
9866387 4390463
9306908 -2357295
-7222424 4195114
-8695638 978393
7787481 873762
-8483515 9484687
6328221 -858001
4209360 -9477482
-9070906 8300452
1104002 3689922
-3324388 9568231
6781415 -3065385
-6204180 1807710
3626133 -1002907
-6656090 183069
7089884 1967339
2126396 -6789702
7405412 6396792
9891537 4903972
8294086 8709774
710813 7679018
9337369 2326924
-4634206 -2960966
7855838 -3936919
9753004 -3705112
8379471 -1040159
-1589192 -3571384
752679 -2322761
6674332 -5277020
-2577599 -5621188
-1137497 -9981758
-6771460 -5487715
3425430 -9011101
-1590776 -9366048
1860078 -4166681
6028690 9219662
-5937062 5087243
4642629 5366059
-8570859 -571267
-1760027 2498468
3974661 3698497
2643465 -3380555
