274 -1104011 5798596
719
-1197299 2854066
-2464141 -3253024
1079934 5852401
-3676780 -2569403
4787727 4854267
-6082708 5543930
-1249698 4722359
7389812 -9947707
1444368 2170465
-7531785 -4892365
4677450 9031115
-2037718 -1277661
171051 6138821
-1015365 7160313
-3943698 4397122
9767540 7299583
-5953441 -2624645
5744109 -2696601
-2749652 5126494
-7502887 -7932671
7611260 4554427
-8206862 -3585595
8983050 -3638438
1048380 9182950
6806938 427418
-541467 3516595
-7761066 1484388
-9860439 7420815
-2902519 -5073662
9323460 -875804
-3576220 -4329865
3045491 9091000
8910751 -7013309
629537 -1210400
-6626719 8677452
-4251769 3126650
9541055 -9015459
9862456 -2458630
9240672 1040457
-8532124 910836
6943783 6047610
-9951649 -6557239
3379929 1699070
6625408 -9812088
-8171539 2993762
1180249 -1534780
-2443780 -9231407
-6244716 -5774260
-4468308 -3533029
7660775 -3098826
2544176 -8578674
4922219 -6590993
950377 -5398416
5642041 4784675
8211863 -7292599
8755012 7109917
3069031 -2328001
9371069 8803363
1507627 8965312
1959074 -1487171
6978049 -4147560
-3378967 -6860677
9881416 7050621
-6482408 -7107330
-206156 7929460
9350786 3694720
7103727 -7661980
-3060396 -3210642
4090385 -9429544
-6722143 -7418354
2207915 2302249
2490600 4549221
-4131064 7793298
6758610 1861669
2890850 7376564
-6770996 -1282316
-5626640 -131101
-3080480 -7633610
-4740940 6771128
4700588 -7046536
-835464 -2430744
-7576372 -3432273
3357085 -3731737
-3161281 -636767
-5538769 -2552530
2266071 -7367071
7182150 -814502
-3021203 -5243329
-865308 5567439
2944003 6253759
-5028556 -7974458
-5589207 -1310641
1055749 -8138844
8632284 -6153335
9316482 -1168839
6400417 -4150776
2416951 -1518982
4749282 1340398
-9296369 8290388
8254211 4104353
-746366 7681214
9383064 520282
-2206694 8952137
4519576 8878213
5131973 6927998
1469893 -2536421
-1330710 2619769
4480925 -1602962
2243704 2241392
-8927447 3113209
1478785 1560186
-9958796 -10677
3846073 -6104263
4702477 -2693162
-8588808 -2933944
-5252730 2956688
-6523029 664826
-7866685 6646686
5524900 -6213371
3230979 6652891
-5883530 656873
-6723358 -5299128
3097911 -4697887
7543505 273919
-6612872 7857967
-581847 1132410
3638085 4865913
1278002 -8024291
-717452 -2515842
4550214 -4019520
8937168 693740
3874918 1813836
-1539477 4930491
1233472 6008234
-4822523 -6014577
-2841352 -5535548
-8318324 -706052
-2887587 435290
-9290791 -2704061
-4846094 -5344082
-1695320 6612689
-6005046 4572059
-935879 4459118
-8056724 -2210691
3769789 8346669
-8443239 -990157
3340031 -4776691
2670153 -2051969
6472617 -8199446
8302329 -6096375
-9115571 -8349905
-6539605 -4539023
-1587381 -7433894
-137955 572808
-2254922 -8361820
767221 -2467696
4620715 6049758
-6974772 4762176
5067837 -6315164
-7968495 -5031495
-3505300 -8646022
9093639 -6411734
1536298 9834731
4151638 1763792
-1816230 -1991085
-7824638 2453967
431297 -931801
1634305 -4364243
6208565 1360268
2998449 4012703
-8454993 -6046357
2519754 6282022
-6439450 6165722
9850559 5544982
3029839 8628387
9982365 4398416
7986683 2040891
1875623 9076005
-6643851 -7960667
-7435400 8543613
-6486068 1539919
3124471 -5260037
375720 3945229
7821850 -5241224
1287831 -3415714
-6945719 -6663349
9618673 -4650810
-8485087 5574035
-6364630 -6820776
4323963 3881824
-1719760 -818439
-8777547 -3177319
-4101314 8783275
-9177392 3098076
1641689 -8228813
-4172541 5903561
-9356476 5155621
-8382797 8951930
6227058 1019244
119882 1955405
5292056 -2485110
2864080 3174164
-8735449 -2572919
-6877343 -3104655
3293521 -5100079
4081483 7446621
-5730698 4090114
-4610259 -2179712
-9081636 -7315660
6971879 -3787650
-7884089 -4923595
2748378 -7200662
-8248732 5275787
-3704969 -3118067
8837338 7978327
-4506783 6414914
-7894570 -3354254
4072828 873649
285347 -6630019
-9213745 7195485
-2841542 6095220
185334 -2615910
5204378 -6055888
-3371548 5575076
4303778 -1360906
3715499 -6399668
-3600330 -1063959
6728180 8980229
-4137837 -1849061
8645618 -6976789
1954477 7215853
-6138400 6655187
-2471164 4059907
7429889 450780
-2353735 330535
-3574244 732496
8116586 -2678924
1265188 -872558
7218870 -4162684
4476410 409993
4010325 -5961000
-4508607 -9291739
9688490 2926347
3593638 -7780427
-4757215 -4449347
5282859 2239256
-1105557 -286386
-6226478 9144459
-404761 -1060368
1786519 3719763
-5547741 -242144
7078932 8212275
9856070 5085197
-9077487 -9139527
1270466 7074940
-8886059 5398923
6107184 7797143
723490 9121686
-8658740 5795674
3862680 6833481
-8410911 9100397
-1185989 -854461
-9193650 483533
1939517 2587533
-3692704 -7082059
2675797 -6273964
4454664 -6724093
8361104 -7728918
-6868445 4310734
-6097974 9283617
4682540 4402021
2199164 7532319
6654006 -6693924
9101751 5439006
2272487 511618
-387985 -4519217
-2857326 3861577
6861462 8426026
-6470088 -9534624
-6616683 -8682669
-4956633 -7646440
-4370532 6059114
846548 2014383
-3674883 -6009428
-6725810 -3505545
-9103524 -7256504
-9724185 473082
3779159 -4388008
3567351 -553827
9957791 -4602738
878045 8356190
-5265881 -430194
-9487815 537071
1002447 4111933
5429264 -5957903
-3604343 4385764
-7038770 2988984
-4996633 2025125
-1467950 -3675869
2818586 -6155163
9104685 -5677408
4795674 -3768585
1843407 9380500
-1173326 -1425167
-3511553 7927110
6283301 -1215535
870624 7366492
-9580085 3533772
-2354294 1382809
-2058742 -6061286
8324478 -6925030
-1419694 4336915
8878393 3802061
-9873808 -3899974
-7538785 -2589557
1733035 2944778
9176193 -8434100
-9053600 9045061
-2380105 -6464047
3979415 -7710574
-6409756 -3375306
-6008813 -7220932
6312841 -3022780
8360029 6927454
-9133831 -6041453
9549869 -3698713
3154554 1706999
-4490940 -9353472
-3253446 -5450701
1959742 8151604
-6387265 -792231
773669 6209129
-2229457 -7211072
8841233 -5763579
9042200 -2093210
4531484 2820649
-1883931 5148796
-7873984 1039023
-2033522 -5571090
-9096191 -9513955
9303684 -8651001
3055998 2970031
3616559 -5025410
-476110 1081411
-766985 2879465
4603586 3999984
-7274534 -4637898
-1848969 -4622745
-7869972 496009
8402799 9508616
-5154383 -8827772
-1162624 2934283
-6026693 2961687
-93051 963392
-6034211 -5543863
-4194864 -6672889
6297142 5785825
-9239584 8861134
-7541103 -7569947
5309518 -7199342
6800642 -5791735
-429633 -7570544
-9676937 2042460
-7461531 7721398
-253633 -7546909
6141672 3457620
-3608096 -2891664
2586375 -5020952
5942441 -7118437
-2662300 -7506675
-4179564 2424582
-1789592 3142836
-5479678 -7882422
7063983 -1029176
-5712166 -3020780
-6296163 -5110147
-2680691 -8911524
3130937 3274204
-6488045 -2357628
-7388185 -1814242
-8356621 3258322
2883010 8753487
6248888 -1964717
-6566802 -4530614
-2037289 -5292319
7132263 770898
6430086 -3700501
-9066571 -4657329
-3170153 3466760
2962332 7997412
-7112735 1117681
-5277490 6666169
-59626 -7277074
365298 369799
8555557 3452329
9227003 2977113
-5753047 -9801064
-9249429 2110013
7579399 -9504159
7719874 -5816231
-2528981 8058462
-5642039 4852137
2711161 6417457
-7599430 -4708610
-6711198 2057360
5691394 5362902
-5454576 8692419
-8584655 2930256
-6699945 -2997850
-9545521 -5703005
-209539 -8144388
4570901 2197834
6824199 4037414
-2950393 -2162176
2021594 4403599
2462061 -5230519
2137970 2008965
-9057225 -663625
4627765 7365483
-8060804 -6656655
1222599 432920
-874661 146942
-6922802 5768023
-7229827 -6942963
-2645968 -3622747
-9250783 5741004
-9544810 7144493
1181907 5320118
-6842057 7279390
-5800659 747866
-1966301 -2304111
2221206 6661402
8514129 2688022
53505 3163981
-976322 3141895
-6425185 -5490947
4655995 -9753722
-1469347 2700154
5757191 7733193
6626798 1300827
9558183 5627576
2772069 7376016
-4787514 -9986626
-190884 6470329
9734547 -9113219
-8900978 4008457
-6813789 -2231753
-9543731 3320229
9000562 -8299659
4842236 -6973874
-2464820 -1975759
-9213129 933403
-6366443 4707527
-5042927 -682476
3134703 1907101
-9948971 -8416129
1476239 -4790761
-4777387 2823098
-8190221 6688726
7575507 -2451919
-8443462 -8455673
-687426 1190882
-5488889 -5257251
8959442 -7714805
-4688679 6028025
6568618 3801678
-5264919 -4637147
2586733 7355489
9189366 -9115009
-4691556 7543806
9127677 2324069
7533308 -4640527
698923 603917
9808995 5272273
-7179646 2508703
-3430618 -99146
-8908264 6893244
4152346 -1601692
683503 8119199
-3336423 3111788
9429819 -1488824
-3609618 -6767805
3104037 6681252
7566243 8977115
6520921 2293403
-5382528 5391039
3266864 -1835050
1285219 4667133
-60594 -6034212
-1009157 1094214
3511421 -4723887
4685709 5560225
6474885 4603157
-4761291 -1161945
-8050156 -2841612
-1814084 1902286
5134481 3896015
577267 4576298
3553413 -9245130
3048273 -1856489
6050902 -7409314
-6728011 182098
-5150769 -682233
3283555 4557208
8167775 -2695011
-4902546 4790750
-7132673 1679196
8798705 9783164
-1378781 9342212
-3499400 6553766
-1543948 -6912585
6983430 4686516
-8220833 6106886
6861756 -2439302
-1779439 -2151068
439619 -7573618
2608480 -5728537
-3894418 3711608
-9214832 -25937
7279052 1905489
-3303761 8952943
-6851509 -7623493
-7840329 -436434
-1094222 4463549
1017315 -6702758
-3615342 -2077270
5125599 9473368
-1903394 5884440
5961490 6904766
-5246302 -5041638
-2615256 -5817949
-9030133 -2290331
3937629 2509576
-7516361 9591801
1497291 -2760850
8708445 9762692
4655551 8193530
-2242903 -8143063
6320486 -668426
2628816 -820773
7101958 -2662199
9327521 1529826
9930619 2227557
-8351325 -2575873
2382490 5892109
2590513 8918725
9144747 2283586
-5206837 3560380
3152181 3082376
2837878 -2723198
9555846 7165824
5359355 1546324
3403261 4211397
-6457029 5632804
-5187969 -7759901
-422100 -1311860
2734318 4430341
9174250 -1094578
6329549 -4818711
-8926601 -9177075
9741651 -8771609
-3971670 3663912
9740644 8886398
-5514874 821493
614647 -4590823
-7424998 7323005
-8614319 170494
-5618109 450709
8599865 4788942
7029041 -9558785
-8354293 5928248
358590 9123293
-9454933 -3103623
-5405981 -467160
-7127882 -609031
619360 -4332582
1847682 5130121
-3467129 -835958
9985535 -5895322
-7969793 1017997
-9142646 600183
3287029 7121561
-2427730 -7756965
-451671 185272
-6857161 -3827865
4616736 9093722
8217016 7304898
6717628 -5024674
-2975482 8762083
-9330596 -8688353
9495417 -103364
7543109 -6194883
2969159 1343099
-2035871 -5924020
-2389670 2954695
6071230 -5664
-2884102 -9015964
-6772928 -8125389
2059883 -2795480
-4106992 -4708247
-5614524 5202723
-4976027 -9490256
-4514930 5118844
-3602721 -8258399
-6946752 -4974060
-2561071 -2933316
871801 -7451335
-3591884 -5017962
-941981 -6159040
-687993 4372245
-5633418 6668349
168737 7899589
9774200 -6001168
-6280296 3395809
1203915 1834084
9553159 -387288
122456 5589391
-6775413 -5422868
8835086 -1876122
-4333829 -378134
6688550 -8111666
6953352 3105100
8087138 -2439649
-6082336 -6638532
250066 9661509
-1153790 3229671
1129261 -2867000
1131832 9014948
-5072891 903461
5253897 4851536
6980601 6131024
-5763233 -2676592
-5583107 -2896943
-2256712 -2538646
-400427 -6748021
7656665 3409459
-3485441 -3711877
-3635173 4610017
487838 7118049
-704089 282491
-6487838 -9262096
-2129096 8142121
-326579 -2842225
8061237 9002736
-3629376 -2883117
5764259 -4168514
3154895 -6648775
-7029365 2517379
2495085 88140
3340119 713923
-5876618 -7905342
-9100866 -6486864
639506 -6845707
-9727658 -2736039
7546452 -8872656
-8134752 -431747
-9773273 3574966
-9267258 -263848
-8744760 -7583500
-466617 1310331
7141817 -9857784
-6506558 -4702357
7815022 -7186936
2901204 8980429
-305648 310107
-5078882 8757675
4787164 -3665914
-511621 -4179748
3084213 -4573330
-3445986 -239279
1845327 -6852983
6721983 -9064386
671766 -5411594
-2995094 -28923
-8718592 -5556642
-5414426 -945358
4352285 939578
-3731006 -9404632
2092149 -5316341
-2489882 1686551
444226 -8213499
-1879413 2431236
8251488 7747742
-6825588 125318
9886040 -6147947
-3000930 -271574
664040 -5752281
-1163875 6237406
-3791517 3852158
811868 -1642617
7412025 -9993756
-6537826 -2086205
-8974485 -5719338
-1035679 -268832
-8582281 3117665
-2579482 -1009208
-8577972 -5621702
-7873960 5541106
8182776 2189869
6041922 -4699547
-2454769 585168
4832887 5557345
1794751 725624
-5422218 6185364
-5457252 519586
-6957818 5389651
5819798 -8045227
-3764564 -3495644
-1248123 6845313
-37022 -2283891
6706901 169596
-2935754 7383497
-4559045 645282
-7164849 -8293361
9523444 -6376269
4208900 1393425
-3049230 -2931325
310651 -8441861
7743504 8745521
