87 -5851091 9369569
492
7255842 -9239234
5356079 -6815911
-3782370 8148939
3558028 6667943
-1973318 8715573
6259401 5937764
-5677191 3623877
584615 965406
-1628581 -561457
9901889 -6394358
-8688473 5813196
8072405 -4541176
-8555508 -6029157
6802768 779571
4928480 -1753016
-8475898 6172337
1872778 -5299326
-7150387 6880181
-3935524 8090409
-677666 -1076007
-5138243 4091158
-2284965 8098088
-936506 -815433
1139462 8299650
4421645 7434913
-4235539 1041352
-983472 5733172
9704016 6353219
9649142 461021
1224357 6506784
-4804526 -2906025
1794649 -4735189
4661344 -415396
-9808635 -2839385
6084608 -9274180
4816978 -486300
-2388212 -9053634
130933 -7467987
3348016 -808366
9142899 3786747
7344451 -2230339
-6497167 -5092640
3776931 -3639020
-661647 5723201
-5253662 3426074
-9479951 3079062
8343873 -7541836
2042768 -5168950
1991665 3005217
3731037 2234134
4264186 -1923726
-8461008 -1451985
1080028 4392326
-6416040 -5813723
7973024 6944396
-5285943 5243211
-9849429 5317476
4194808 -9266757
-1027204 -3556145
2386281 -6466839
6612223 3719134
-1306350 -4577318
253732 -2527552
-9522335 3252771
8003257 4761750
5354376 4208702
5273069 2267443
9176121 6893368
3595997 8869449
5813846 5276433
519644 1569021
9402849 -9472097
3777498 -6813433
-369578 -3885991
-352830 -7249705
-1014219 4533055
9955737 8775745
-3751807 195784
-6551445 209470
-5028780 -3274142
3450912 -8548188
-3764393 -9674404
-264684 -1276019
-9890217 -4588272
3204513 -6668687
-2583314 5923629
-1032116 -6275843
9427076 -3180464
2933545 -7254617
8012030 -942501
6106906 5097068
-3610835 -3002189
7193595 6062644
-3727886 2637359
1879569 3158502
4610314 -6240314
6601634 7846834
9087167 3362273
1290353 -3663050
-7815385 9196950
-2363069 -5505134
-9264625 -398699
-1062811 6604816
1866551 -9837548
-8263697 4387087
-515845 -121419
-607256 7843209
3905853 5873320
-8972969 9102692
2261194 2694319
-1029643 -4577047
5786139 9387861
2750134 -4428009
-5574707 4873306
-3413391 6556840
-8948294 -3390092
6211210 4223540
-6655292 4303434
4465886 -4851601
9535486 5211259
-4910160 -1281459
-3438250 -980359
7409314 4482585
-3898371 2983956
8194627 952697
-1107998 8362823
267036 -2835015
2736976 -5321859
9551448 -6982829
2090363 7162270
-6227822 8654409
2877949 3142069
9961855 9983388
-4868212 6222658
-6049731 -3055907
5662634 7183626
8719620 -959890
6039047 4740737
-9758955 6128934
9597983 -7859324
3019851 8435672
-4399343 -1510014
-4315521 -6713112
8820411 8337634
-1983744 7752279
6406688 910774
6569195 1788434
-5711825 -8199010
540000 6531051
5991496 -8063685
9119941 4490269
-6469621 1654131
8911220 7839561
-3515153 2085778
-3257194 9152265
104289 8599183
9605521 2279010
5565898 5704947
-3441067 -4710000
-6957720 -3097339
7813435 4575189
8879975 1965320
3766310 4382630
-6569967 5684502
7620817 -5693690
8796580 9421530
-6407987 -742889
-2903328 4843311
9445442 5019585
-3311798 -3902128
-5302945 -3811752
8467258 6792491
-4986210 -5697424
-7891072 -3450492
3452169 1572723
8664264 7667560
-367119 -6218044
680939 60592
-4254906 5915543
-9778146 4110972
-3951146 5882264
-4860625 1534786
8894449 -7842781
-306844 -5247601
850271 8339891
7044492 6381358
3173850 -1936322
2366254 -1971898
4577611 8187640
-7723284 -3008465
-5340905 -9453868
-5671911 -9059020
-6482076 -3191672
-7276128 5009028
-8363648 -736981
-4854717 5462078
9513216 -9798441
4875130 284658
-2446591 8407665
-736091 -5431713
-9050355 8403681
-3532641 -3691599
4336503 -3360153
7343840 1349966
8341501 -8569534
4492951 2136908
-4405760 5516948
-7674723 8821040
-3653580 -887835
8375184 -4950851
3027579 -9500876
-9299317 6036819
8837829 2540795
948460 5575814
2660453 -3608762
7311271 2728721
9037122 3610098
2766298 -6221369
-2355051 -4110022
9836796 110138
-7752954 -4013550
-8496602 4329747
-4332861 -9642362
-530197 -6171325
-8605824 -5470089
-4970964 -9638661
6398158 4421755
-3037450 8246071
-3661763 -2247661
4143578 427363
-6843916 8998690
-4874859 1454849
-2250168 4709559
3115889 7891439
-9482071 5394781
3897583 2952685
9798785 5281327
5638965 5400982
1746009 7982276
-7487812 -4891231
-4529892 -4343462
-9921707 -9942424
8303647 4384619
-7863042 9557196
-7499089 -5358115
6156927 6280536
-9748262 -4343005
2882906 -8717932
9173507 -9482078
5912704 -4001205
1467833 9691436
4972763 -189713
7727621 -6217030
-8234754 -6871919
-1763150 -8010017
-2353479 6793786
6851362 -3776690
-9392071 -2275186
9798362 -2328638
-5170401 5261240
-5941872 -7700727
-9527379 -9013474
-7731405 -5690134
-5172211 -4128121
-5612973 -8557898
3649891 3256845
-6932868 5854860
2154182 -8860994
-5732913 3311106
5301089 3919428
-6770433 -4979711
-6240048 -7052390
-6811224 -9919071
-2247709 6884233
2145473 -7012861
7802764 2581890
3568417 6203602
3029820 791737
6663617 -1646636
-204534 373961
-6369194 -8949356
-578144 5961709
7100716 9214291
-4958251 -8423962
-1988182 3884155
1420797 -9657162
5806800 1241385
-6161333 5180749
2064982 8995576
4499067 1590958
6689201 -5789544
2930410 -5181816
5609921 -7226030
1127334 8476582
-1149456 -5210110
8356886 3439152
-8082786 -5002298
6728345 -2221258
-8128868 9017930
-4581563 -8229906
4629284 -117049
3640688 6839234
-5463665 436084
-8051987 7479355
-8413334 6601318
3328126 6447080
-8734736 8275867
3566189 8774888
7251470 -608462
4181428 7209875
649027 8618366
-6383931 -4945333
2833409 2566241
-5899477 2860766
4630861 -2779106
-379803 -7964687
1390899 -739855
2212582 -6739115
-9259759 5927235
-4955095 4160595
-6875973 4843259
-4364522 8373031
-335729 6905644
-3702818 9201667
6411542 -3084259
-4465892 2994962
8049629 9576921
-5340485 -8333471
4527295 -6600609
-6863363 -8723610
-6688297 -8325492
934654 2756834
6017719 4702603
-6853810 5663588
-175817 -725688
6633923 -1808905
9080478 2948210
-7629794 -7730599
3987420 -1255251
5660490 -1332612
4178703 -7084686
-7507764 3710950
5377479 -5255316
-1855925 9668103
3460845 -7578873
-5904365 -6202936
6553898 -711099
6507856 -2453359
-6789771 -4912030
-3121366 9654046
-2154859 -4449236
1015327 -6487442
-4218041 -3074381
-1813280 3385533
4569274 2285732
5201046 -6152790
74513 -1252023
3492661 209634
-122263 7968344
-9610529 4153089
7950153 5854935
-4856164 -5514893
2031748 -2979596
2108374 -8348308
3822090 -2241670
3309094 8987008
5015918 4183583
3625554 6840773
226307 3314230
-4400038 -8187726
8175836 -5204419
-3940090 -9198992
1010643 -1749651
8735046 9552571
-3777988 3404732
-740333 9124517
6125976 6688518
-6291078 -3080145
-8912101 -1842275
-1567593 5817296
-2679344 -2573659
-8390076 -8258499
8582275 4852927
-1832843 5235478
7047752 -8675066
8636867 -3716529
-2915521 -2260059
-1493358 -5303223
6765700 611474
6532559 -2758312
-3633794 -7012287
9676231 -4207774
-4771566 5008534
5682611 5901505
1718801 -3683667
-3740973 -5884982
8372872 1555809
-3591264 -2131049
5620782 -528501
796433 -2907755
3375716 -4815114
2924827 -566700
4130077 2976548
6104374 -8568530
-1326842 895777
-3600158 2636933
945512 -2444284
-7435749 8592425
4493930 6173946
5006631 8246862
-7638119 8729083
-7198755 -8734342
-8349038 3251105
-7277396 -790019
-1181421 7271744
-7543370 3519037
5468689 4710647
-2312805 5381458
6812928 -7884882
-4472753 -6208430
6428503 8002438
-4441845 1927090
-6964133 9890367
6064313 -9361242
1401972 7529798
-1224767 -6412703
7369307 3763853
9531310 1576478
3302812 9020269
6292013 -7746086
-1710697 -7878609
6832038 8748644
4130102 -6242008
-4126890 7035586
3343508 -6540618
-8538180 1400358
5843800 -7711637
-7821269 9536327
-9824915 8879667
-1074183 8243044
4346693 -5906590
7857263 7701051
-8206119 1716001
736270 7388574
2158840 5096693
-265564 -2971716
-4223072 -9551856
-5793864 9082827
-1365235 2423382
5882764 -7404401
3995957 -8021727
-5733364 -139064
-8086384 -7643891
-8764224 -3554633
7204764 4605053
8698463 -7322054
-9621003 1551457
5783810 -927921
8977005 4689230
-214076 -3479919
-3935283 1135845
1583989 2036712
1119539 -5642003
6781379 -1693522
902077 2270656
4248929 -4819505
5041431 7414386
9770495 1031918
7477285 6955047
1560101 3522623
6200569 -2801599
1266211 258564
9330643 -904082
-6214851 -2949979
-3913546 8307648
-556506 -3912575
8124137 2151171
6509168 3543835
-8149687 -8239971
-3452963 3290547
8471042 2752390
166776 -9204033
1827885 -3971174
5500225 -7546377
5976247 -8178478
-980076 -2939674
-164757 2176816
3789087 -9713865
9852508 -8317762
9989887 90588
6178013 -4061037
8090134 -8050267
