401 8957894 8361808
855
-6797830 5938526
375559 -3375181
2316615 -2823890
-9266854 -9667988
-4158452 1541447
7052438 2158473
-564011 -6837708
847918 1870255
-5828560 8843468
-5393550 6260635
3130235 -5895680
-3072562 8070561
4400528 8980045
-5687606 9441165
8399059 -9162618
-707740 -7325798
-700978 4117582
3810044 2184172
2516184 4131989
8189788 4543190
-3298336 874084
4036377 5242226
-2887518 -1345995
-9986175 -5115705
3661282 -6199726
-2095406 -5379725
5207189 9307869
8287915 -2651616
-3210450 -392283
-7038549 -7399691
7790864 7704961
-5661105 -5229936
6954236 -2910114
3738227 8148939
2692130 -8013228
2860856 1928015
9686594 1910146
3080503 -3102767
-5702120 -3200924
599350 3094329
7714604 7959163
7267032 1020297
8368681 2921793
-7470490 -1928701
-6812039 7674583
-2104103 8007314
-7222622 -9021175
-9414937 2234792
-7099916 2247966
4234738 4323290
8767657 -1891434
2535064 -2904406
-3490820 8454251
7769679 -4384433
8709896 807060
-8717425 -1630970
1905679 6424501
-8137354 8549608
-3379093 274360
-9534704 6908509
4915823 -7674780
-6695955 -1638807
3112337 209553
-7542481 6405460
728750 -1471227
6637339 -791391
6304203 -7987240
-9532989 -8311245
-2695677 5329735
-3863204 8236691
9122073 -3985781
4955072 9935723
8485331 1027752
3818464 6817719
3726228 7622591
2464163 -3199888
-2322343 -8841597
1367956 5768209
-5309979 -9210005
-8164880 -3658173
5550436 -2064876
-52116 8472460
-9838785 -5629009
9700727 414895
-8832062 9981890
-4003890 8353875
8289598 -9709989
-6165885 3467534
285253 -708718
-3086127 168932
6969044 6527833
7686236 9378036
-2337403 -5353298
7953049 -8429456
-2087629 -5131029
2804095 9788169
776981 -6537193
-2166201 -7248021
-4316774 -6545451
-6563561 -9949122
8404753 -3148835
9657528 -8051099
5416436 6694351
8501985 6007996
-3823072 8218041
-2737773 -4584142
7310247 -6854028
-9690974 -5051537
9035360 7489196
-7641833 8262075
8050245 -3052269
410539 5162262
430593 -8656422
-5201873 760690
811568 6113820
5481337 -9249081
5216172 -783679
8427024 -2344783
-6336787 632608
-8632998 6929010
4861220 -159859
-4497534 -1370771
-3905956 2171467
-7822984 -4188508
-5926432 -4870596
-5406512 -5464817
9697446 4640165
-1499905 -2479621
8281069 -7355609
8758211 -4185425
-3434506 -907363
825310 -3244100
4411118 -8218334
-5069373 -8231314
8697696 590683
-9569175 8813981
9959562 -3924731
763088 8449643
-5738865 -3946394
-6300637 2940104
7475288 -9148945
5491220 -9190797
-1670418 -310914
2333477 -6008684
-7677757 -3389349
-1780360 -6391959
-7119707 -1112263
-6814245 9044950
-9186364 -192237
-9601553 -9367266
9446715 2027685
619306 3345624
1795267 9406277
7976236 -8617606
4322499 6056402
6907458 -8324401
-7515198 -5685861
-3480423 -5084970
-8577302 -6669264
-58613 1369406
4977447 -6255059
-4850970 8161027
-277671 374093
-9818144 -9148862
-8516128 -6947683
-2403646 3096655
-3557721 -9069412
-9663135 8215660
9598055 753898
9326653 8313101
2505052 -3563094
751045 -1249537
3665493 -2493794
836942 7270622
-1359972 -2395456
-6134163 3294681
1455708 6133828
9024273 -985132
-7617642 3694389
-736941 9206129
-5180863 -6133770
-5203182 6859413
-2408574 -6222232
4531667 7650036
5963137 -2810519
-3857261 3858320
-7391217 -9015458
-8992900 6893784
-3319242 -1209372
-1088476 1844043
-4861276 -2162862
-6029034 2777362
4308582 -889215
5321526 -7004761
4717721 6690940
-9442830 -5415415
3960351 9536858
-6685374 7870341
5520377 -8448223
-1258742 362645
-5779035 -6000134
-5015592 4883997
-5705867 9346100
-1863271 8507861
351904 974891
1328381 -435395
-7658033 -1993020
-365883 5299348
810939 -833099
-4142159 7471996
-7943419 8045012
98222 8931364
6801705 6016932
7568709 -4070799
6291846 2322082
6321948 8826319
-3773332 3029164
-5108384 3822709
2330570 520801
4012044 3028345
5109303 5198826
5722158 -4659574
3156126 7451270
-3381828 -4643724
-7171728 6483417
-2955218 -5007635
-6076271 7401205
3418138 7143004
5588557 -9274566
-4436132 -6496801
-7670481 1880404
7425920 -8114183
-1775122 -8927461
1593341 -7682464
-2137766 -9444552
-1729374 8121737
5978515 -7028463
2939159 -6007216
-8134588 -865359
8134411 9557331
7066049 7210036
4611242 -4820807
-7677803 -9010222
4231565 -9454268
6565283 427107
-7692489 9795433
4197602 1411154
2483694 2249783
-2916329 -7577520
5494280 -5922965
4715124 4945905
433794 6281258
-9725957 693640
2344633 -6627046
5446637 4655807
1865844 479044
-1825411 2512686
-3981183 8993438
2055522 -6986861
3440246 -9749618
2562167 -1379195
-9968040 -1735891
-9486108 -3240230
-8301398 2515654
-890959 -2402437
5059821 -290765
-4009507 -6175835
-2965843 -4506385
-8617079 -3735464
-9079656 9378791
-7625813 6829559
-8141403 -4697460
-5704022 548777
3561916 -2122586
-1872204 6351500
7488657 -2997838
5266271 3206316
9966086 7520617
-7447377 -1703485
-1589570 -8335312
1373923 1661664
-1997818 -6529749
-8519781 7364417
6145305 5036339
-3068518 -7136860
2209051 -417999
-2599107 -694330
2370799 4067649
4461415 -5786777
3081075 8449067
7967581 -7410788
-1688120 569733
-1909650 -4249796
4046719 -1722034
-7540994 642974
4820990 4973501
8443753 -3650718
6230051 -7176828
7859512 2440324
5303464 -5108292
4473710 7307346
-3386984 -9971132
4096517 4390955
8604179 1500167
-7534414 -1442068
-6336504 1685254
-7745013 -9566833
8699723 1975376
2769694 -7138310
-3978984 -4737206
-9763704 5228701
-8422017 -9157994
6181531 1196401
-6363275 7808034
5216094 4041043
1348389 8940189
8969057 -310196
-5919240 477758
4494277 -4418074
-3343789 -7315061
-3113455 6959864
-90617 319707
4811436 -858467
-5480425 -1390893
3871901 -2418870
5326183 540591
-6101051 -3375451
7820950 6904166
-2771448 -9919520
4121523 -8542325
2914217 -7555353
-5349197 7986265
-9019625 -5600374
-18447 -8752085
6449206 -2008996
7467220 -845884
9473823 -6664248
-5006363 -2623396
-1497937 -3198389
4382742 -486788
-9946197 4890316
-8485134 -7774723
9129444 -6047248
-5966767 9335816
3309844 8874348
3835347 671108
-8826275 -3775939
-6859961 1002503
2250418 -7845900
145105 3121592
4792060 -8784023
-5448271 -9871323
-2494719 -3217764
3583847 -454634
9058578 -1476304
-6585987 -9517059
-7291781 1628733
5581485 -5071121
6781047 4354015
-4255285 2131070
-7197821 90891
-1168696 2096415
-6901082 -6024096
8646357 1971344
7609288 -2134312
-918335 -8692186
-8563509 2401349
9183585 -3850254
-1788536 -8541875
-18179 -4716216
-4233274 9786394
1415127 3395834
841065 -9008703
5345312 9512965
-5839613 -9861535
-7254292 -8909973
3186442 -3037434
-6545177 -5906635
6064709 -1198288
-816247 4617532
5925346 -3809651
1108050 8265418
6931517 -121811
1336314 -7192013
-1908228 -4857019
7445728 3834488
9746674 -3625150
-2633853 -1139145
-9109828 -6895908
-6757443 -7288541
6317838 -4949440
-5470522 8504617
-7402018 -7979367
822345 -9499347
-2365463 1179043
7369393 2522450
787869 -6440117
-4045575 -9006205
-6198217 -9764262
7895071 -192909
-6358421 1893555
8268405 5340799
6718007 5904606
9008698 -4365448
-9137637 7608179
5175091 -7748745
3272224 -303447
1717186 2220922
2721575 5870207
-2950750 5055884
-2421666 -9643887
6432348 6934995
7928791 882555
1118293 4903125
-5289783 4246926
8656833 -986635
-5645836 -9131852
6772754 6925238
5076142 -8927829
1196703 -1702196
549059 -1545143
8151410 8888146
1109068 6337636
2207843 -131403
7440833 6346996
-780539 1773445
-1291559 -4980833
-1581925 8168161
3071287 9153584
-4083138 9536368
-8933915 297856
-6317644 -5426305
-8501067 -4579750
9008773 2971463
-8730733 -908573
62636 -7278172
-8390025 -5665321
-9327685 -1785954
598995 -4764605
-8417609 -4603490
7169955 -1960172
-4424652 -6681796
-8513634 8394748
64684 3993423
3529791 -2925995
-111787 5981546
-9444759 4595877
2532479 3570569
9058384 4570526
6178305 -5942396
-3220567 2844004
7178683 -3759059
4454988 -9094240
-3858845 367350
5763860 -4946017
-4389836 -9760101
-6441897 2933815
-6155084 1185512
-4821065 -4955531
-5365174 3909600
-108853 1225078
8337307 4523039
-9390039 -7037260
7533267 869786
-2556257 9668345
2512349 3711572
9952514 -3260472
-9838360 -7792616
-4908914 4407502
1977837 -3697205
9059046 -9145054
-3694886 7588001
-1226487 -7382850
-9822029 150030
-5940370 -3531200
7693879 -5187202
9335837 -3532871
-570130 6031186
9417325 9945798
2130496 9479489
3191061 -3138932
-3883052 7159197
1882934 3143575
-9932571 -3721412
-4902265 6974020
7828967 -5438381
-7850380 -5843218
9290284 -5865919
-3199537 -6560514
-91714 9468255
-5718947 -6623555
-156425 -2397835
6149704 6133243
6079041 1789797
1269286 5567029
4944449 -9274111
7885087 6976699
120275 3577749
9856337 -231979
-3257959 -7295944
-2734325 7470424
4143558 7087360
-8778559 -8068352
-4628866 3433842
2902098 -9461744
-6085298 -2204228
-2085710 -300497
-4167254 -3725371
580778 -5936006
9631023 4428140
5154029 -8149936
8826763 -2908176
-9330427 3039116
5323489 -8536610
6683799 -9474090
512686 4581883
1669243 6465826
913826 -5343755
8090087 -4592963
-4054707 -1198688
6597085 -6491463
3208041 -7623653
-1349024 -5488625
-8908279 1557139
-4014721 9231754
3598170 -9277256
-2185432 -8860691
-3305223 -5058714
8921028 -8999507
4042755 -7981733
-883498 5604827
-5412994 -5444559
-788314 -9214255
-3807218 5500832
-5697855 9818126
5843015 -5345572
-2969225 3415582
443309 -8432592
3124548 -1801896
-2570142 1535030
2257774 9109827
2765488 3544381
8485667 2588694
3589187 9460266
3994885 7406695
-4472125 -2368058
-5296265 -6888613
6413484 -7368767
8132065 -3568226
-3750100 5122619
9777047 4950562
-1633856 -7907085
6176676 -3192178
5005926 1325805
-7139165 -698776
-9072597 4952137
-1503482 5118609
-9776345 3692892
-4330490 9498537
-578416 -3670806
-3522512 9664395
5292134 -2534189
97044 1181224
7612998 1705618
-3171763 -9254538
5696024 6379250
988517 9121636
8445811 6578521
-2095674 -2834807
6466417 -4031911
-9079774 765162
8400123 7393821
-6396935 -8066904
3947985 1140131
-14323 -727425
-8546678 -6630430
-6648267 6463166
-2355610 6745456
-9032574 3448778
4194240 7773740
4152990 -9687984
9433652 -7593384
1501489 7657859
-5176947 7879463
-6152447 1922168
5203682 3805822
-6284005 7284131
1733580 -3879843
7260288 -2680940
6591635 -4318435
-8432513 -2754034
6225484 8044957
-2693235 -5080779
884351 -6130126
4159966 -1725808
-1413792 -4921409
-9998441 -9170692
8487167 -1980140
8415676 -5980599
5941569 -6689780
7116043 -7736771
9547360 1145251
-218240 3348390
-9332549 1280940
-521142 -2957951
-3195633 -224562
-9663252 1046345
-1518082 -6970149
9416077 -2356487
5917705 9366269
6961212 -3907605
-3078297 7020265
7556478 6962772
3498525 -4591130
-8764557 5972154
751735 -559906
3101697 867838
-5783772 -7184553
-3387260 -7116543
-7558142 -5116321
-2824530 6091598
9654295 -8237423
7308780 -2487782
5155731 -1863786
-2497517 6724857
-7182748 -6410211
3126406 6980048
-3540828 -7744693
-2335822 682884
9171390 9957697
-8085857 -8584027
2283811 -76875
2738573 -2467808
-7067999 6500039
3900071 9351313
-2040737 -4626140
9652789 3591893
-8895889 -2386442
-1733876 6961570
3686427 -1223806
-5117665 -1715040
-4734992 -979968
-6208309 8008742
-1308374 1724180
-5801771 -6027779
-4611806 -9620631
302494 -3887628
3644564 188357
9204749 5557419
-2574916 6576565
4466777 3104820
9213065 5384347
5514258 4119567
1081137 -9682824
-8390278 -6219618
-5418306 7283916
8820300 -3507942
-5499200 -153298
4087234 -7388008
9100565 -4291222
-3911853 801815
6914187 -5511240
4677117 -1093006
-5535587 -6924897
2168021 3881866
9503038 1889498
9790197 9151150
-4212931 8716103
1549631 5304455
1601190 -615442
9184827 -4324294
2167764 6182884
8545939 8005127
3133471 -815084
-2589954 -4850475
5951341 2234037
-760851 -3985454
4921540 2865528
-1543016 -6083734
314485 1902305
6308155 3141357
2292507 -182477
-8950021 6098353
-6080840 8079577
-2535865 -4884038
791668 5520350
-5780413 -3351038
7170442 -7040568
-5339300 -7234474
-2084949 -7179735
-2429346 2070747
8085293 -6133608
-751727 6809803
3242422 -4476815
7425490 221609
-6637034 -6443093
-4109218 3733646
-7651649 -1828175
-3748598 9457113
-5426924 -3732489
-8212138 -3768110
-4602796 5364744
840529 8523801
-8710673 5083998
7904264 -1982419
-9911672 -8279270
-4412877 7991270
4801074 689973
6213158 -2648252
7573357 -9440152
6633107 -3844999
2404999 3452675
-8375500 -7476111
4497355 4753350
3537213 -9607745
-3375855 9070431
-3048473 -2158573
-3634772 -5462299
9621700 308408
842342 -2345445
-624714 42316
-1966414 930670
4136996 -2521239
-2653139 5351012
-1572788 -7133494
-8462141 7436570
889245 -4939681
-9899439 3942858
-8787440 -4969903
-4577648 4597916
-3815301 -2733874
5107553 -5437151
-899449 -4347422
5960987 -8527218
-8356311 -8761397
-6202729 -3196671
250351 -6464673
-6469560 -5652791
2214574 6903699
9770206 877301
-9169777 -9358214
-4297894 3824417
-2232724 1719468
6749566 8319019
2916935 -8503812
-1237686 4688270
9251120 9101634
-5245788 6386220
375354 -9131977
4622978 3231551
2551232 2019043
-1929277 936601
5283810 5317936
2221635 -5882485
4994817 -9985264
-9343477 -5491807
8332611 -1658608
-9939139 8874981
7194000 8616239
-9887573 -673221
-5984951 -7372713
4245273 -8608906
7777314 5782521
6650544 8999485
-5252611 -1847332
2688063 1273522
-7789877 7298621
2616557 -9241214
7392654 10286
25022 7354545
-8137262 -5096177
3245215 -6802103
4589230 2711701
1327940 3306076
5149207 1783230
-3073131 1440368
-4652186 9164257
4946778 -8827858
2687980 -6874872
-6205852 -5886325
5387197 7435369
-2749658 6482211
-242650 113673
2640311 2383252
-262203 -2849996
2053827 5181685
8379583 -5883113
6828589 -4700958
1121471 2968813
7268396 -1843471
2113249 -3729322
-4565065 -5804735
7883760 7461063
3102543 2898066
7011741 571740
-9476539 6896691
3378903 -5084710
-2454685 -9709845
2673407 5652605
-7197391 -9814374
-2116336 4927556
1560796 -2627212
2671830 -3736753
1748412 -9094263
-937734 6309653
-7419668 -8466840
8244778 3691868
-6330717 -9468381
3429685 6128538
9216630 6771827
-3815130 -7042222
-2126931 2256443
2546598 2080125
-2267270 5418384
-1879637 7736358
-4819734 -6948309
424479 6004027
4783626 6741062
7646799 5612662
-5561333 -3467962
-9418449 9225418
-4566362 -2981001
-9933029 8826329
4954867 -897079
8391100 3496656
-1029213 -3312151
8944292 -5424029
-827552 6843856
-5221408 1490890
-8256400 6905179
2473222 2898955
-8580666 -3076133
6181281 -7102298
1026716 6202960
5251351 3828081
-4430149 5465383
5000735 5832902
4659231 1003489
2622762 5067706
-8919286 -7869550
-8665349 1013863
-1893814 51501
9411709 -9721057
-5713815 7278634
-3299835 -5809698
-394391 -3970214
-4529995 9173388
4587442 1024944
-2772096 -8348714
-2004281 8130510
3595893 -7520745
828509 -3918078
-398237 -8887020
6180686 8004092
-9865458 -7775474
