80 -6805650 6755192
325
-766425 5731094
6374573 1747977
-7103916 -1306718
-4951460 -7921681
706143 -7373693
1765550 1700115
-1534520 5591154
-1271578 -1387747
-5737271 475830
-5909516 -5938990
-8325847 -4228070
1862639 2595824
5783396 5078924
3379813 1620099
-2669199 9936072
5667166 135005
-8117017 6564377
-4742341 2041740
-3363589 7295419
9921727 -7177448
-2960981 7342554
-4549939 -5796371
2815882 5504499
8496681 -3305165
755845 -405036
-2116754 -7412835
5182989 -5053649
2541627 9745885
1365985 -6517262
-6581190 -4078560
-1427202 8696786
-2222485 9085977
-6355931 -7027867
-9732448 -4448473
-9109569 280480
-9860613 2705631
-574387 -2070550
5950301 8105800
-5199365 -7758505
-5647189 4446982
7034147 -1927167
-4464464 2236057
1981943 -5266511
-1783773 8077163
6514956 5864280
-2922582 -5848611
5753718 7604106
-9423761 4854934
2922813 9397787
-7805380 3360143
8582127 3813244
-8257306 4850359
2956159 -1992260
-7234413 7692995
-5343671 273146
862331 -2881601
1870808 -8309524
8940317 -1085781
9507735 -6147249
2233383 -2843456
-6175714 6022691
3626797 9310802
-3317912 9578004
1492144 -3280612
2595883 9604901
-4065503 -3796884
-8946525 1178010
9185750 -9806457
402890 -3474014
-684516 4467690
-8413911 5059219
-733953 2694168
-8391613 3456897
-173999 -1793635
-2120739 -8883878
-344835 -7940616
-8629814 1703547
-6202096 5798314
-7482298 -1947726
-9826473 5290048
-8506836 5113586
8807948 8624376
1334271 5062991
-8411023 7993699
2461389 -8262839
-687268 -6579187
6114981 -3436170
2537079 1095132
9301497 7723369
1355843 -7636920
6938817 9697110
-6082990 -8988991
6809323 8309003
8877630 -2285086
5521314 1843378
9473316 1567509
-7291762 -469170
-5406179 8281264
-1208685 4042509
-1703977 8699150
4636315 3769056
2849238 7608755
-8779761 751297
-9008982 -4613682
-9734250 -9478264
2735199 2346861
3357870 7204567
-1970077 6652209
6883475 -7316454
4526924 9423905
991414 -5078859
4451971 -3483408
-5202144 3699652
-9741486 1562144
-7222354 -3894476
9874580 -1445463
8679644 7413961
-9318390 2723819
8110137 9899884
2937972 -8327372
4019490 892239
-1903193 -4326829
4841732 -2622640
60906 6126730
-1933013 1725207
6646348 7104182
-6379226 9058401
-4725594 -6385329
-2306833 -9065017
-2959493 8049272
-3396191 470813
-9598873 -3084913
2155258 -4716547
-4816663 -8917263
-7244634 -7218253
3673987 8121310
6310833 6774856
6668568 4287146
-7069772 1152566
-7122227 9245827
6350009 997215
-7428032 2040474
-1828503 2487136
3422119 -9637274
8411998 5864665
-3664522 -9537374
9894065 7532159
-7184387 9252957
-9664305 -5434324
-2652577 -9484698
1152964 5607413
-5101379 -8978590
-2175092 -2536202
1132716 -8432811
3329368 755136
-8247649 4010489
8567315 -7804270
4682866 -5675680
-5312954 -3261187
-7396522 -9378663
3600315 5615397
3147556 -8544692
-9291734 3494380
8060056 -1520479
-1005176 3560313
-832274 7923832
1461594 2664140
2644290 4066347
-1850112 9286503
41639 -6222994
7787496 -8520743
6191339 1793991
-1365337 -1128837
5609976 -6609443
-5988106 -4161939
-8546542 729806
2185115 7612209
-6377059 4601015
-6919464 -4590267
8970046 4199350
2123182 -5408288
7255853 -1862228
4720471 -6415224
-7128721 -99857
3677150 -7129641
6865968 -4570729
-260386 -6019002
-4631487 -4426341
-1035784 8374277
-5787662 3494842
-5775352 2976110
-6895329 8182149
2783164 -1073885
-3147800 -3272387
3443315 -1619948
2971765 -4177754
-3523630 -4433503
-8332375 -7256030
-4839535 -8803159
6583553 -5461095
-7515472 1353967
-2148683 -4034127
1539533 2224142
-6885229 3219831
9231025 -9496251
-4003788 -2672891
-4490742 -6544327
-5101859 -8382765
-9138800 808774
1705179 1750341
88940 4304515
9871012 7193296
9937266 6565310
278504 -8461362
8593895 7614083
-8515597 9378409
7860634 -8921577
-4181083 -664280
5071903 -599833
-7579731 -1066312
-1222851 4302928
274954 -9067167
5066420 -3197240
7611534 5173095
9439788 5927621
232136 -683287
9026361 -471272
8610391 -7380499
-5841861 8963627
-905937 -8594753
3300008 5268386
-1136839 578466
9914186 1160642
3077162 4682078
6132118 -2497558
-8194630 -1986217
-8537032 -5090733
1712027 2080324
9769771 6529388
2457009 -8160086
-6327021 1725912
3770992 5205498
7824999 -7300659
4179320 2381383
-3697018 -8016862
-232124 5789735
-3631799 2119342
-6720015 8631037
-4170533 8798740
-3698818 -1126501
-596366 -8038415
9387204 -9377096
2703229 866602
9912342 -6384416
7971850 -5010648
6715264 2369352
-2425150 4161181
-623126 486257
5383992 -4600151
9899339 -6443805
1862282 4203327
-3677331 -7816433
-9185396 8230484
-454424 -7880994
-6491143 9160423
-8877992 5846758
6469662 2912491
6295445 3025564
6641148 -8310757
9194948 6207788
-8906508 -2870650
-8709468 5910212
8912821 -8815306
9100895 667406
-3260047 -3186834
-8983507 9000234
-8816199 8602236
-650928 9855514
-8025479 4514757
3675180 8894648
4741406 -4516622
8395870 -2686460
2855456 -6272580
7933016 -2792333
-6584545 -7987043
-857693 7127964
-4445472 -5491053
-4306359 432839
3616598 -5532650
1280516 -5205464
6311122 2872903
1475139 -5186639
-5331125 11275
7042384 3340563
2235211 -3356604
-5356873 -6766084
-6936192 9492969
5736742 5555349
-7236984 5919265
7932222 3669758
797722 -3821528
687419 9590881
-7459927 6352250
3335952 -1102587
-3791699 6156671
-970426 7132820
-8053819 -7480576
-4952949 3021066
8877981 -3384943
-4225195 -7910564
-4676648 1113193
-6877486 417932
-4026719 -1612839
6822778 8859256
2529014 -1263702
4914770 4755000
4345881 5843088
2195339 8118541
9532306 6885954
-4441023 8047643
5180464 -4259392
-9223616 -2895096
2642322 7126645
6258054 -4176565
-9570777 1520303
