218 3529251 -6812015
558
-2198329 -8947696
-7417532 -6451173
4844408 -9103485
8022596 -6792147
877546 2439202
4612007 8045749
-2517188 2354931
-9895464 3526653
-8353359 -7126581
4086027 -7660758
-5425285 4348310
6195045 2569353
6534006 -9838631
-7736436 5876562
-594186 9573563
-9374133 -4548451
-999624 -276163
620352 5724688
8932541 -6155215
-1199661 -8840699
9205050 -7673560
4681371 -6587654
6938999 9204215
-7922366 -2697741
-358498 1101992
7966654 -1319987
-8750634 -3267431
-3106061 4161699
-7445386 7783372
-126712 -842497
4609053 -5523220
4200617 499155
8740195 6125781
2486918 7337321
8496622 189089
2515529 -8712743
7215955 218025
-8061408 -2803100
4499159 -3328694
7773298 -5983774
-4787409 6657013
-6610417 -1743695
4934356 -3538042
6761682 -7200126
-5526271 7488970
4482102 -3365030
-349522 1599134
-2275084 -1317281
8536393 -9092975
1096114 2728186
4015444 7033015
9767392 -6388357
-6675105 -6252249
419058 -8294016
8238562 7824055
-3002580 -9291292
-1034987 -6548846
-7570536 -7096645
-4296771 6415722
3904692 1707498
858821 176959
4292445 -1613205
-414134 3025651
3932676 -7982639
4745548 -1877741
7671627 -4971209
-1359566 -8722656
7541447 7439019
1661356 1965330
-7694263 -2039495
-8814434 -100082
-4132576 -8180491
-5277135 -7333069
9082653 -1703112
-9995613 -7057554
-4364243 -4496302
-3593155 863208
-6111141 9928203
-8054436 -1490937
6631323 337887
5366678 -792536
-6998840 -3180698
6774673 -5992887
-1511205 -9457392
-8980535 -1563971
852300 794532
2614041 4721383
7388315 6719724
7532965 -146742
2795705 -1012680
-2992630 7537352
-9083088 8431462
8359665 3414215
-8076721 7322123
-2339990 2821582
4545398 1070954
406608 5543041
9550154 7546559
605519 -2818719
-1866337 -1961051
1349833 -5858664
8862720 1502315
-1777961 6480226
-3666515 -1232613
271059 -4244996
5808708 9129190
7560652 7278430
-6791003 -758028
9080447 -1563330
3774604 7648628
-8764066 9256810
4799851 -1679998
8382913 1642542
1340176 -3133643
-2578342 -1011568
-4353879 1990191
-6507494 8771491
5251717 -5491159
-4207420 -5769103
-7497746 4101554
3230744 6063639
-4141579 827314
-9930713 -6692251
-5739229 -932581
-3283953 1666086
-6560752 8035375
8871729 -2048018
2110876 8239099
-4894544 7254643
8759427 -6548948
-2042405 2527114
-6185043 -5594452
-8569259 1450101
5680999 1583027
-4315419 -2776679
5803313 8183253
-8473081 1431678
-2744221 -8338266
-6754495 -8403794
-4221355 1516550
-7931723 -7522095
-7053761 -782107
9973345 -9059994
711001 5057115
1024520 -4921199
122268 -529571
-3607671 8982115
432217 -3546423
8036604 -2176929
-2437256 8629568
-670827 6237538
-2330784 5882409
7544144 856092
-5031349 -2558653
1474249 3306001
5783906 747296
2481541 3542526
-3001116 8730145
3787261 2454886
50040 7709886
9696667 -5188219
6310248 -9827692
9142237 8605348
8944771 -3257535
7888385 7178842
3416380 -3492484
4906277 -2782442
8073651 3601948
-8956705 -5033227
8272775 -6957698
-3694050 -4966104
1092774 4056681
2786827 8787491
1242378 8091658
-1682104 9090440
6418573 -8707582
3981078 -1985437
-3380088 2728821
1987639 3123315
-7181491 8081035
-5411449 -123976
7093583 -1248759
4869541 2011181
6977954 5167234
725888 -1570812
3463084 5250729
-692589 -451810
-1664319 -5444142
-7352483 4610590
-3782618 2094411
-4096819 -6518235
-5987319 -7364045
5364776 2400611
8040279 -6851055
-8770020 -2647585
7228440 -9141212
-7873618 8334884
346065 -3161625
-7994391 6995923
-4574888 -2675981
-7425251 -4752151
4796039 8888196
-6555945 -5601488
9009102 5648072
-9741164 8607924
4606041 7742836
-9621209 8678369
1078981 8618722
-8232333 -1740081
5612335 -880740
-7505600 5514000
3848884 -4642873
2195502 -5379218
-8383294 -5805051
1518968 -3282537
-5518336 -2958182
8446366 -3389931
1008581 1794055
9958479 4406773
-4468951 -7465965
-9723129 -9782685
8895685 -9862909
8755813 -9344338
-1084418 -7508982
-5873370 3039833
-1446167 7044269
4917748 -3378970
-6241835 -7597283
9114018 9629602
-3652935 7891223
-5066959 632986
7243056 -6654919
5139136 5895759
302533 -9232011
-6697975 5097615
-2168717 5833582
-1512975 -6421104
6750911 9243320
-8265662 9759191
2799024 8182845
-2256534 8377320
7514702 3869209
-1211722 -7338786
-7709184 -8727133
9164090 -2097704
1051634 -8845767
-5500686 6613483
-4974405 -1705310
-937320 2154802
-2747583 5328128
-6321938 -5118943
-9023695 -2399948
-3156628 -5318560
-5559369 7727216
-1573587 -8905938
9471382 -243993
-6374784 6169879
1347445 6986085
775304 -5070154
2832142 -3845387
9825198 -60605
9069230 -6116224
-5305181 6840864
-1004334 -5905175
1939305 -3726149
1154908 -1235564
6364488 5617368
-9701192 2131213
-7625218 5724213
6818275 7255791
-2988202 -6682453
2003779 -1193990
-4207905 -6846634
-1916788 -6648776
-7977810 6567399
9023146 -9084646
7315482 4363740
1204605 8092377
4703554 4526653
-9199496 2716623
3997411 -3357140
4776580 -5528236
6602978 -7121748
8602465 -2408260
-5152469 1494112
4811659 5420740
-5773250 1859329
-2470953 -3184562
-7316985 -7464803
1618949 5612259
-956035 7221557
1585297 642095
-8749176 -3640553
-9113899 5306254
-1977122 5954379
-7402761 4202957
8674722 -7979711
-5101459 -109829
7481911 -2205948
9288164 6017358
-6045549 -7670558
-3294877 -3383825
-4052034 -9302447
-6767249 4234170
-153571 -8852667
8368890 4851700
8010147 1406746
7766193 -7529461
7776794 9260972
-2268297 1168646
7887956 8316024
-9663687 -7154706
2735465 6562678
-5643270 7751207
3768565 217376
2546818 6161246
-7222579 7723016
8420570 1768293
-3997537 -8758261
-7610928 4169673
-978627 -1634756
9771990 -9242038
5744854 9547872
1325196 54535
3739534 3521648
1837672 9056899
-8097807 1627490
-1809832 -5309663
4957896 4637658
7371386 -4936750
-8775504 -1273538
8965830 -7565444
4202849 6518269
7760009 7386400
-5927575 -9794688
-8913092 -9850919
3423396 -4389850
-4841977 -9141102
-6570214 -831750
5206250 6483219
5540119 7169320
-1203190 9560274
6766963 -41336
7112675 -496670
4566580 1724860
-9548678 4484061
6918618 -1692572
7342049 1933504
-8163743 1121467
-6156868 5102058
-2232508 -4091318
1518833 -5069960
8305291 3707240
-7124510 6676856
-4323573 -8264923
8904397 598092
158366 3732898
-6308437 -9782441
-279111 -3074671
1166541 3320590
-2195349 6803821
7627601 -5865785
6067720 7239621
-9122559 4969650
-7411939 7903977
-6187341 -5279427
-7833035 355553
-5937207 -2152156
-5475300 2988608
-2759963 9454635
52727 -7282520
6450378 8660786
8878345 2727445
2169126 2658293
-4021117 -8884414
435759 5852020
9986235 -3700113
-6460492 -1936640
-6966989 6053955
-3525716 -5583051
-8346126 8137424
-1507023 -7196704
651140 6337192
-8157848 -4927878
-5473243 -2307807
409673 -917810
-2257024 -2904164
2339633 -3139949
9518345 9137674
-9746740 7025111
2877131 -4502772
-5686533 -6794628
1268732 2863367
-8566326 -2147024
-5213723 -3181905
-5044481 -9575689
-6772393 -3559848
5293696 -4035152
1036970 3878747
4087292 7135848
-3781962 -1919921
-2307733 -5503035
-6126631 -3522633
-4384959 -9968100
-426636 -6608286
-8594706 8384653
-8409975 -7549505
-2169786 -4281238
-3911910 -4624890
2193205 -8219759
-7795448 874367
7314519 -334923
5629925 -4567841
1827258 2608215
-255936 9183248
-2736673 -4085449
-7072132 -1521546
4955821 4955595
-2496153 -3198763
-7290697 -9429138
1471868 -406437
-5439589 -5885402
-7650288 3061893
8437003 2390625
4170866 -1562198
9312169 -6853439
2811638 -1108230
4323929 -856959
4267608 -9042085
-9858837 8667540
7098443 6528024
-4993521 9920843
-2607210 -9973689
-3172451 2478652
3049515 -2587011
7006553 -463148
-3832198 7037735
99628 -8433036
-3526059 -1482486
-528332 -8947016
-5800455 3161160
-7947070 -8699810
443231 -472465
485450 6376860
-2439248 7227191
3755216 -6857034
-6936191 -5340805
-5314494 8761695
1240347 -7027049
385940 -5970593
-3917388 6806214
3843949 -2607507
-8524191 2250414
3284281 6459930
7512914 -2050249
-8889089 -7244051
-5943861 -8287541
-6243654 -6836159
2057053 -2984278
-5757086 4241796
7384762 2134157
6793352 514482
-723823 2964923
5937874 3995211
540970 3032876
-7644557 8840167
8749012 6623582
-8609651 -1284256
-4824326 -9775178
-9309075 4674630
-53069 5204940
-566249 4318188
-1619 -3480577
3535145 3190097
9948246 4571787
-3294056 294411
-9191107 7333008
-7185716 6015649
-7472788 -7398578
-1849349 1268510
108677 3068182
-308235 506094
1738190 -1142310
-8401136 1082114
8273096 6913865
-5364843 -7710211
6607977 -1779973
4739450 4068909
-2740994 -3393642
-8821855 -9209052
-6398289 -2792748
7056613 -2115910
6416091 -5589395
9528379 2387249
-6344241 8943303
2011485 -2320970
701476 -3719211
5138479 4219602
7818068 -7560333
1869884 6737343
9027132 -1392484
6827544 6505041
573950 -1848539
4757819 -5916654
-5125706 7832957
7556561 -1547683
-1147241 -9007642
-4597037 -2870474
9516775 -4731150
6728505 7447694
-4873275 5688887
-8030324 -1260010
5475945 -1655447
784220 7108155
-3638150 -4189635
4417882 -7345896
9159146 7905334
-3943205 1245426
-2154876 -7750552
2598757 3330966
-8216717 -4764229
-3771871 155319
-198803 -6847606
-9062404 1631092
-8404862 -682027
-4993140 7666101
8922444 -3278137
5066417 -3023464
6601043 4398389
-9791246 8366989
-8978906 -7037107
-9131773 -2857012
904766 2696592
-2537608 9441374
2772340 8749891
-6014338 -9938850
-7267179 -2928024
-7259278 213791
4361235 2534018
4368343 -6321681
-8655580 5956373
5194589 9375203
8868091 -9733136
-2818395 261006
-8855653 5469134
8432027 9906712
-2950300 4681793
-2621615 1816606
1257980 7954467
6704358 -2642870
-2581720 6546673
6135001 3206372
-6579837 -7332547
5201471 8875723
5070394 7781398
3737771 -430185
-8538630 6414815
-801969 -8551288
