491 -6216157 7332897
929
-413454 -1002319
-8435151 -2780245
5166005 -2202165
-2747193 9285714
-7428740 7657452
5313883 4209136
-7581065 -5053142
-9637878 3018372
-7378379 -7190758
-400659 3878015
5737760 -9203134
-7765543 6100007
6009071 -1102958
-1503506 5513593
1813789 83351
9081032 8345744
-4434501 3916687
-8285478 3162234
-5035700 3247856
-6578340 -1032671
5692818 -2464439
-5001229 8735544
-5729732 8111753
3437347 7877245
1755261 9408241
-9794892 -6963312
9136696 -9990627
-8577232 -7560435
7953159 -2337881
7745470 -80738
-9218642 -7716700
6199987 6826502
-7494912 8863210
2111066 430861
1914543 -2530611
-2478698 5532727
-3215377 -2392639
-4280886 -4963575
-7086329 1054891
463133 1672813
4709501 -2814716
-2805343 668241
3107806 -3637451
4024668 -8866223
-6430608 -6422683
8376969 1770138
-8887007 -5649250
-6786040 -2906692
7524170 6134433
6120174 -2158621
5890458 -561287
7046074 -6358524
-8805746 -7324919
3729972 5281540
9470705 6624277
-6190439 6709457
-2622302 4180206
3059108 -6479430
-5345652 3001857
-904474 9600128
1370267 -9259908
-4909158 9988848
-2917844 -5000388
3650397 -9178845
-8821114 -5393674
-3438609 -229428
-4071600 7069344
9744425 -6392535
1405357 -2877346
6263283 -4009251
-7299793 876062
7572621 -9927156
6109767 -7405743
-1887534 -6851919
-7251791 3280467
4020559 -275655
-286807 -3365172
-5849208 9111401
2448908 6795349
3918028 7801190
-2428238 3627794
697138 -9520581
6603237 -3983486
-4344479 -7042085
-8534983 -9475054
1401009 -8081196
4508001 6681576
9275833 -8510018
-5361937 617768
-6101765 9904652
-371003 -2613728
-3462547 7918794
-453453 9342190
-1346109 688245
-1510565 -8004544
5623250 -7428081
-6948661 -1422451
4594064 8836741
-8205344 2170928
2695874 -9750415
4684741 -6740327
2457601 6613235
619569 -807258
9810510 1733435
-5845561 5257632
5160257 6225097
4143891 3783436
3125626 -8302290
2385955 -6309561
8202247 4295869
6867789 3391743
-8030708 3825497
-4821410 2435480
-5393592 6563356
-670707 -3026753
-7250728 -181366
-3568130 -5985965
-4276871 5206874
9456661 -432209
-5174576 -4466360
-8241263 -6388900
-89112 2502033
-3283905 -1581019
-5374228 5552866
-151265 9102050
2493793 -7171981
-830132 -3283476
1668356 -3020562
6059146 4348459
3838058 6274764
8609751 -4611560
-8081173 6587330
-5689444 7557973
-2874236 -2358044
-4308052 6283569
2411021 -5532460
6969573 9967038
-9097629 -7678091
7874775 -6314332
5304071 -4471857
-9127486 -2276489
-3043613 -9685784
-2706346 42382
6907193 8624744
-2584140 -6647199
-8742407 745251
9848934 -3974389
-6416416 5692772
-6665272 6675842
2959412 -6774299
-2306759 -8456971
4026419 -4629567
-9791305 -5337185
-9135165 4928790
2973285 8083470
8323333 6168906
-1000525 3845799
6404533 -4720279
-6095535 6293129
2162282 -4171921
6573330 1320325
-137711 3419875
-887353 6422264
3098107 -4037775
-812074 -5036272
9023109 8573871
6460656 -602480
-3423313 3049528
-9505330 6669351
4752822 -2558478
6126781 3467955
9830106 3076155
872228 -4873744
-8580615 -1249009
4579070 -2706955
8613371 3581668
9517895 -6331247
-9908983 -9007988
-3045763 -8853105
-3889377 -4294524
-5720653 -1341484
8056036 -4866268
699612 3256356
-74293 -5367277
2074245 1194282
7178589 7194881
-7212611 -9282622
-4156366 -474953
792390 3659617
-9047337 9779372
-4122608 7887813
-8443434 2082386
3074398 7911639
9058534 4163935
9869412 2544987
-8796497 -4830843
-7180759 6665111
-78533 9259539
6408614 3518853
7229487 2363527
-441592 -9000788
-8283410 -3075572
6449475 2345797
-3994585 -9923423
2372301 9758218
7646031 9474430
1556816 766045
-1322316 1718949
-4117116 7147566
-307447 -2263781
-4578272 8268648
-2549888 896057
-7328052 -9242678
4276175 -112069
-7748542 9080563
-9920225 -5977985
946443 1809867
6672016 4312717
4389294 9912271
2186841 5193783
4668213 -3238405
7527640 -167128
-8448179 -3774971
5888947 -3794675
-3542104 9951057
8219706 -4418499
-1006090 -5604024
-4846702 8186170
-1925899 1665858
-6737227 9429474
5967841 -7158088
-2831869 -6657452
7655266 9430636
9342907 -6159853
9033931 -5439088
1322508 -5953900
3878972 3702144
2443526 -8633500
-9911823 -2052855
-9585445 -1667527
-3569674 9062425
-6541598 1150613
-663217 5424236
9606447 -1388300
-9442474 -72764
2769148 -7130780
8728121 6525367
5956004 9937279
6293779 -1100261
3460651 -2184737
1861364 5327710
-8453794 7299511
1182364 8256688
8720186 3989732
4838558 1270541
332967 9134741
285354 -8731116
6693121 3791369
4919421 2138489
-7934275 6299568
1685140 5476948
2002315 -2648774
9804857 413261
9313000 -9525329
-9193713 6098636
1426346 -4709996
-7410485 2667651
-6559309 -4511095
9478637 3771879
7558773 4677229
3811970 -3166453
-1897568 -9591908
4199461 6613676
-8731483 7311905
3611473 -8364766
7112182 5850595
-6798179 7812965
-1773773 -8369150
-7894479 -6993322
9105315 -9944421
-4654417 5428160
-9387837 -6951987
-1463082 -9548549
-3260318 -5947145
8730084 -9468092
-2634545 -5701545
-5293453 -4941593
4188435 -2015761
-4703856 1422360
3057595 5456953
1307548 1423969
-763065 -7313871
-5683021 -2974279
32399 7463162
35093 8938853
4367013 -8345934
-5297920 5380677
-1651520 4979177
9032032 3238998
-3712742 5088162
1902970 278468
-2146773 3652714
-8363047 -874131
3064582 -7958337
14968 9449450
873419 8638529
-8675342 -8677484
-9135411 2626706
-7393780 8157990
7096843 896988
2551055 2641314
-9461657 1463856
-3556967 -230513
5524837 -1113177
6491337 7991417
-9213762 -8187904
-2018838 -9089341
36529 -1360535
681128 -7865533
-8416083 5617463
4255992 -9303904
4534964 -5026311
7600395 -1902998
-3745008 5399553
8812894 -9793384
-4635718 -6648165
4815692 1363949
-8866564 -4097375
-2694200 3775077
-5717153 6658273
986721 -6202863
-5292203 -4930915
3708550 8967883
-8897649 -2739322
-7121859 6906031
7602127 5202620
-9823691 7134133
-4768865 -5346556
2569349 7776705
499673 1486128
-2645685 1382243
5262544 -1619693
-3200716 -7829993
-1538563 -1087668
8086958 4105084
418573 2744284
7813369 -926321
-1958437 -2357278
4903400 1521919
-9055698 -8339734
6862886 297893
-2567974 1062782
5716226 7039196
-2667747 -4820486
-818006 -9198073
2184171 348278
8728585 6536309
1222669 -2553285
-1124600 -4472131
2149305 9684106
-5055258 -3037642
6036037 -7432122
-7273047 -7241889
-3203618 6593952
770570 7630353
-2071753 -2259315
8803467 -2366543
7189005 -2123375
-4427509 -2963955
-2162028 7037610
-2614112 -2729163
-6192853 2538495
2501563 8630825
6675046 -2453832
9746626 -8623037
-1660679 -8659297
-6091419 -5308632
-2550521 6891710
3485663 -3364466
6782240 -3237787
4502898 -5743767
-5593958 7226839
-4896536 -4177283
-4624886 -8404953
8632657 -6807692
463145 -4270561
8267934 8534897
-317926 -3213356
-3150836 769497
2146460 -3642880
-2302177 -3404210
1287158 3002133
-106156 -5877243
-6725357 1252989
531555 5895859
2668444 2573235
-199926 7550805
-6626477 7074487
1185886 -2580109
-6871449 -8735011
-3005572 -7665104
-9130207 3591696
2894693 -4737637
-1451788 551868
-574660 9743857
-3660352 3211025
-3786842 -360484
-3721375 143158
3912500 6107002
2002861 -7930380
4642856 -5555945
-8005140 -5328694
4262145 -5557070
-5620827 7884735
1666077 -4551969
-2217073 -2492276
3615773 8660505
6439220 -8830927
-5762707 -3489534
-3745677 -5012567
8198458 3662633
5818501 -4889677
-2230166 6927968
3034971 -7902874
-5833253 4198686
8642741 7554184
4741842 8809603
5768885 3153953
-6444959 -996013
-3031629 2664411
2688487 5221118
3881623 4751298
-1563277 -3695740
2814726 -7162804
-2175371 2674016
8853002 1585402
-787923 8539439
5467407 4671503
6768630 6981911
1180597 -8981270
8572915 3451729
-5222316 -7660310
5493644 3314757
4835097 3062921
-4272668 1565037
-3213845 -8196532
-928882 8415820
7236432 3184130
6021326 7507842
181858 51159
4152913 6362307
-2581902 -965140
-6293636 -6635010
2863254 5401858
6420588 2991346
8959427 -5956149
-3616458 -2490145
-9175387 -6262889
6800032 4393538
-4041425 -1823938
-20470 5043717
-4024111 -4738918
8445212 9050648
6558490 -6787679
3263480 4466539
-6654802 9256701
-9192087 9932745
-6702264 763297
-3834845 7030629
21975 6160990
2721193 5102095
-7388049 -8502246
-4765135 1621087
-3985375 5952916
-5871022 -7965102
-405033 -5510448
-7733014 4108508
3159156 5570856
8783177 -9287801
-2304910 -7766001
-8509300 -5436990
-5504245 -6443360
4319937 4814965
1845595 -9690157
6470833 3001444
-1896460 4383922
5881677 -8291621
3329466 715491
-3331593 -8883458
5667792 1860444
-1133652 797385
-5094107 -4737241
3349967 1133335
-5638114 581401
-4668248 2133145
6696155 -5426672
-1870032 9338804
4153770 3708262
4018106 -7550094
-2032298 -4000635
-9616713 488939
-5286330 6071242
-3213267 6264964
-102141 8043137
-96419 -4028508
6768877 -4434349
-6655237 1286281
-7580384 4191122
7288876 6694730
-8655773 -3218498
-6128818 -7379372
-8040567 8040382
1748645 2001151
-3032591 6113203
4628920 -4233249
-1227958 4935111
-6477294 5012207
-6206476 3485713
-5954798 309439
-1202716 3691383
1773386 -3534865
7751416 8082513
2273636 5118149
-5670768 -9828967
9468887 -7921136
-5300508 -4326541
6230194 -6659930
-2142427 -3341075
5288480 -9504809
-3738058 4824982
-7723555 -82600
7445960 -2449664
3552401 -4200849
-1375057 -8760516
4930867 7597603
6579090 7422227
5504740 9220605
-3144893 4330507
-2982108 -9705272
-7626408 1184339
-625850 9003131
4859553 -2926915
-3751638 -4395656
8615887 -7282874
58460 4053195
-6029405 -5122171
-5055482 2334906
650409 -8583445
-7343961 1013271
-8872773 9275352
-786069 103258
-8159784 7706317
2036824 7235024
7529752 -1304677
2396014 1571068
574200 2419697
2009134 -8229836
9890861 -4566247
-9332768 773848
-5172957 8506748
5900930 -6757956
-1906698 -8686009
-7269454 3361800
-5624929 8743712
535416 7902938
-9477452 -4497702
-6791384 9749348
-499276 -7637236
1058087 -2238208
9332861 9546828
1966525 5970453
7740618 -7576587
-9626482 -6024341
4749508 147831
-8829069 -8959250
-5717205 2092903
3406894 -411787
-7049987 -5107551
-6363839 -1346207
-3443269 -2674915
-4656265 -3312070
8953630 9595631
-8041604 -1447649
6314144 -1545646
-1998818 -4467165
-8496711 -1836643
586770 9967708
6459719 1760259
4424442 960288
-5482609 -6274421
5818483 5595373
-4816413 -8683462
-3791013 -774623
7879170 -9350048
-2024963 -7638499
-950569 6952253
6547885 3318773
4387476 -1996939
-1026233 1022633
-928180 -6782028
1381329 6974949
-540991 -6908539
-2631928 4484451
-4555260 8435081
-7839340 4308866
-95760 -7521517
-6204979 495495
9720873 -2395821
-1745869 -7479640
-5118139 116395
9585001 -1254479
4580646 3931292
4450705 -1350762
2188223 -1031878
-5297553 -6575528
2915774 3776395
-615791 -1399872
-6915420 4891135
3326216 6752281
1061148 -8954328
-6475845 -1996771
8498724 3481740
3602271 9835528
-7644112 735949
3368697 -8143598
-6881725 -2762250
3685394 2953698
-8397064 7698921
9183396 -9347548
-5923076 -3692489
-9916094 -6114157
2485971 -490950
-5599814 -531885
-3779603 -1913097
-8351073 7726402
-4270369 -202103
5795989 -4826918
7524962 6744708
-2519343 -601740
1254662 2397203
9634953 -9150646
3803052 -3110710
-5411789 -4163301
-3510849 -2077660
4229851 -6228393
-9826198 -6917572
2591478 4313758
6298225 -4823874
-4220619 -491984
-2765581 5034974
-5167129 -2571691
-4882257 -4519598
-7774890 3145212
-7456528 -7357294
5039909 -7777880
-6928526 -3685513
3203777 -2808786
3027913 -609121
7313219 7791988
4079948 2033417
5115845 -5940577
8373181 -3229898
-5537420 -9776325
-268308 -2812242
-7777267 241962
7670271 -517537
-2520783 9571956
2717169 -7211986
-4569280 -7779320
-5557200 5260641
-8424872 2986981
-9821805 -2485726
6905153 -2704743
7603598 -4277539
272230 -3265275
794148 -5800102
970000 -4611925
-4388250 -8316319
-1128561 5432581
-4325457 -2140206
7342257 1094172
666129 5861166
8649180 7337827
9558507 -6616702
1160291 6596253
-7900414 -5998693
-5968067 -4748228
2547029 -7722218
-9483405 3453439
-9811836 150627
4350525 788825
-1306748 982312
-4817655 7836878
-4214189 -3178646
4681149 4053784
7664309 -6023294
9837872 -5460242
-8122415 -1669562
-5769912 8487052
-2400343 -8563908
7953751 -2093269
3158503 -300756
-5506622 -8014315
5439124 -4294467
-1627488 -4990027
-1684850 -1856360
9125952 -7276962
-9440084 7008402
-6170244 6824649
878433 8862079
-7161215 1027257
5567016 -1457258
-610468 -7323343
3680061 -39047
1397046 -3864028
4042704 -8720281
-6504685 -8132851
-6147166 -2798793
-4576908 -2011307
-4484982 1808310
9951950 3795605
6518643 3830168
-6645078 1594254
-1581097 -405089
-1543010 9701030
728288 1813689
-9643569 -6187873
-3511216 8811656
-1227391 -7737684
-1601712 -9831155
3964916 2686007
4553157 4957344
-7841448 7460231
-4551076 922343
-7269346 -2418356
3893601 963942
7310462 5198956
-3206789 -7071404
-4960141 3181736
2882767 -2271534
9542155 -3986799
-174672 6127407
-2544585 2414939
4677255 6314112
6482958 -1255624
-8569616 5591895
549240 447874
-9575542 -1500107
1938588 -4775856
-4677860 -4126618
-646323 -2814406
-7615449 9215742
-7855662 9180491
2362228 -8305886
-577420 -2815802
3197399 7761347
3888754 -8518912
3896027 -6977272
1853192 3860521
-7395103 -1426718
-5834823 -9147498
-6183271 6551633
7567878 -2769231
2454913 -5758813
114569 -493533
6692061 7777054
6992796 1984598
1165090 1592964
-4196570 1653486
1354036 6043670
3805017 -2257637
-776549 -5448564
-9909484 -9789877
4070644 -6880522
-5790888 -5539940
-4687437 -808107
-4256473 -1625711
-1878589 -870708
3370479 -6688595
-4665776 -9423676
869730 6001400
-2014001 4542638
-3864398 -9621122
-5451283 1667441
-2288889 -5544615
2197748 5902753
2970541 4032480
4242603 -8578801
7057029 3061057
7521118 -9170401
21492 -8733859
-7843218 5350033
-5520675 5765019
1592777 278193
-6629130 366156
-3632444 6927001
1469639 -3243048
-2864169 -3130093
8537348 121594
4576979 1684548
-2412699 8764811
-4686357 9291079
3228630 -9442157
-3864748 2072598
2902197 285659
-5931848 6172722
1522755 -7076310
1205061 -3775066
-980520 -1481568
8884588 5314190
2241192 -5093298
1663654 7768497
-5361596 6227183
-3651223 8799485
-6999615 5692105
-3026732 3442108
-4750461 -6895961
-6338118 2286912
-5640490 8478169
-8719820 -7686514
1002561 -221940
-4781898 7864684
-5910381 5041668
-6439899 -1060485
-5746294 -4374549
532153 4961041
-4754110 6494898
-4761567 -7804193
3511645 -115705
8092752 -5896437
62023 6512030
9616069 7582372
-7614364 5311563
-3693916 5794303
624142 9261499
-960441 -9897383
7967301 -8373297
6668371 4257661
5713528 4573272
-9801277 2744824
-9777782 9967234
-1021516 -6752772
7959388 -4531892
5352403 4216918
8320481 1471033
-9500585 -4038493
6060232 -1617496
-6305933 2631837
-9057508 8445868
223719 -7483496
-7380879 1566634
-4290311 9263278
-3962709 3102774
-2323953 -7621939
-2360763 -8249180
4234406 -9608878
6154703 -2138545
3329564 -6787109
7429809 4114091
-4414876 -8801681
9676179 5750290
-5867206 8600891
1232728 5736411
-3301369 -9656786
-7140282 2175221
6258207 6922351
-1298019 7995191
1097965 -8032103
6862310 -2744375
-8477203 1290364
-5802161 7017899
-5120645 5757203
8970094 -9647458
4466633 725271
1923590 -1083745
7182897 2568109
1169000 -5883879
2368884 -8684308
4175258 4918081
-2906698 9067516
-1493781 -448672
-9937129 5867861
352110 -275448
-503471 -6322812
4967553 -2785580
-5767680 1019326
9292882 9165392
9517934 -8371973
2353298 779328
9695584 3984567
-3447324 6793240
3425714 6878481
710525 238028
-4843891 -4205402
7378466 7402135
-3046537 -5234237
-9366375 -4115315
-1874410 9532686
-6790125 985735
716508 7622119
-1358554 8177428
-140828 -2534820
-8390441 -9549320
1230008 -622894
5878025 -3520791
-6727551 -6558056
2836778 4947053
-4814919 -785485
5009114 -6452697
-9050561 341191
-2376694 2387580
788618 -9580746
9951941 -1743069
1759019 8914208
6536327 -6838184
3855596 4991879
-7542941 7694125
8144805 -6285232
-4391774 -5933382
-6937821 -8108834
-4666890 4002603
-1050344 -3665372
-1934504 8169888
4233544 -3348911
-491368 -6925390
5462190 -2300665
-9365059 7131939
7905222 8767160
7681368 -9413118
