121 -5427647 8530657
968
-1849032 -7326413
533289 -5747387
4704882 2264185
-3418965 -5827700
6164134 7825116
9685888 -1532090
2814234 6678456
6618482 9572821
8637272 5657340
-5100381 -3111159
-5283352 -2299975
-2179753 2181007
-4399910 9924521
602534 -1470583
3101770 7977058
3166997 -8350457
-4097844 3769090
-3966725 6216638
-9611061 -9392962
948507 -4869338
3598573 6553073
-4252118 -6849253
5239921 8929159
4586500 4882716
4287909 3877193
-8422782 2002471
-5816521 9004557
8929078 -8086183
443234 -216431
-9723021 -7952036
-6302492 6061356
-169554 3443977
-7823033 -400336
-7276945 -1619926
3510736 -7434094
1635332 3671562
-661339 9625661
8554821 7383214
2265930 -5421418
8455775 -4342327
7660144 -3446161
-4441603 2549345
4463162 -8156377
-5856455 7003827
1568144 -5093604
3484104 -5579476
380853 5265652
7381668 5830903
-5789023 2557821
-2359921 -9895277
-3707363 238065
-136273 9275411
-825023 5631299
-9790119 -9065100
-3407427 3957259
-9488901 1182009
-6268646 -5747283
8612693 8585848
-1893973 8194517
5617265 -7243762
9693114 9674171
-2543825 -898630
-5067727 73968
5148141 -5162156
-5057433 -8340398
1897667 -7211780
4579984 -6248443
9382856 4277746
5212646 -6245039
7712221 2109089
-6708902 -8194781
-3942063 739672
-8158128 -2977547
-4783030 -5329370
9943220 -52101
-7861577 -9165765
-7548043 9636334
-7773346 -405402
4432442 -2615770
-956168 7374795
2679368 1891362
5642919 3457852
-2264402 9775704
-6469335 -2457873
9651216 5464597
7269816 3759238
7015262 -7057685
-7518880 5844105
-9485265 8857134
-1194966 -2301910
-8951323 2974307
2610642 -6540191
3054407 -6499365
-6598783 -2646352
7244796 -9996798
1894564 2445050
8419254 -75836
-7783780 -9946165
-2404038 -3845148
-8380551 -4253115
2022476 9763530
-7294155 1405618
-2750277 -962262
-9588775 7703317
-4598593 -9719189
3255118 -783741
2676068 8966437
4983424 8382112
-4264239 8246827
8250029 8384641
829691 -7019443
-4578927 -7339055
-7285220 -751055
-2079850 -2362707
-4099470 -7172906
-7409375 -7944049
3461569 439358
1993449 7812822
5516140 -9288707
3508456 2404674
4137285 3433899
2400336 -3236426
-4854313 -3186647
7576532 -2616240
8284754 -6602200
8894709 5826562
1003859 -8369203
879743 -5684218
-5530573 3718640
6545734 1316245
3372196 -7113691
3325668 1652711
-534466 9350118
-9938589 -4680883
240143 7498026
931925 3569867
2849793 -5622572
-6292867 5848614
5748726 511832
3909632 -8716335
-373421 4033480
5664278 2804341
-363525 -9369561
-3134569 9060373
376618 4105902
-491436 5927517
-2419771 6265166
5615284 -7165768
-9330299 7045763
4543789 -1806953
4279266 -6573804
-2196376 7992066
3840680 9645412
157244 1510757
-4689226 -410593
6139239 -5933123
-612430 4937354
-1915855 -5680131
-6619758 9024046
-4353700 4949576
877093 -3726788
5054731 5154864
505448 8457322
-1980563 -6813633
1379415 -6308499
-2882303 5079578
3071645 8175033
336797 4921321
8948430 -3087675
-981916 -9505958
7077271 -5740795
1712911 7673676
-8006455 -3535159
8005239 9797056
-2737016 -4626212
-5836648 -6348460
1322756 8140077
-886248 9218083
-7595549 -8171795
-4480294 7133189
2212768 -3699782
6991603 -4846244
-9924923 -4715587
-5286910 -2671599
-2177557 1539860
5799065 -3752473
-6078797 -5100286
-6119093 -2488024
9825384 -4085252
-6195112 -8113853
8054039 -2911632
7744797 -2031759
-2813676 -623205
1205000 -3141451
-6008261 -409225
5890993 -758941
4394815 -1279141
-3478376 2882597
2727350 -3013756
8526104 1234714
-1407 -9450207
7965859 -3158479
-3130151 3919796
9834545 4363118
6249265 -3304767
-3700047 6155785
-5875974 -3180344
6196452 -5955249
903300 1310351
-9098874 9917804
-8324785 -2588609
-1351398 -691528
4707421 -1413618
5572627 5170226
8921293 -2565229
-9499084 -3384917
-4027043 -1080114
5356035 8466775
2829893 2842806
2054392 -2293068
-6137283 -8404489
-1584833 8354345
4915448 -2013256
9297095 7127971
-437872 8335101
-4253508 2714573
4539397 1237343
2340078 4395095
-7918327 -8236830
-8285707 -9570943
-2955860 3519318
-7560795 -7784791
3198336 3017097
8376256 7795240
-4497828 8544582
2656445 430648
-8698655 -8118759
-132015 3587964
715936 -1266854
-2931753 -8318568
4396006 2794416
6548111 2814739
9726186 -8548245
-6785074 -1111811
-682754 4324212
-2156470 -5070781
-2855571 -1122261
-8105164 282735
-9405673 2859117
1403699 2787444
5734444 8612851
-9505907 -5939856
7648109 -447858
8285288 -7121570
-5440137 -9119603
-3808835 -4646465
8168274 8955869
-9592376 -7260724
1627466 410813
-5264975 6138902
-8931878 3461064
-7661197 2578555
5377643 -9271097
3588020 6749992
-462564 -1511678
-2898826 7508072
4084568 -4728119
4824023 -9888381
-7009951 -5750971
7645778 -4374337
979198 -9933736
9022133 -6163057
-3423780 -8336176
2074637 1946110
-1914988 720038
-5818898 -673986
4420922 -8330514
4914741 -3480094
-6730102 -7685083
803239 -1497238
8527186 -4676314
595567 420765
-6951264 2611754
-622864 7935942
-6438395 -3961214
8621402 -2977086
-6623790 -2942845
-1279020 7643536
-7894002 -47570
3188820 3311969
5154336 -7292638
6893201 -113726
6406180 -424742
1890175 1807942
2827056 2192430
7516117 5209766
-4369468 1354242
6482349 -9371964
1080331 -1320732
-2765594 -4140515
-4601249 -2841712
4215444 -4144191
6015697 -1225039
1243743 5452776
-1235255 638047
3345409 6948915
-3164810 -6080919
-3989309 -7245038
4562905 -6758630
-2049847 7900866
3110633 -2610039
1260556 -4533730
-3905694 1257517
9936785 -2257095
-3881258 7174637
-5667074 9687544
-4456647 -5966155
2808807 1064722
-3482502 4075402
-5286551 6568902
3517818 5282243
1717677 575210
3330173 -9646992
6110730 7728368
5629235 -2106922
-2200609 -5939117
-472847 -8743780
2513737 9059947
-3197148 -1862188
7828801 -5033126
-5345582 -4562054
-528208 -7838273
3226449 -7285877
-694123 -7719401
1365853 2260299
-2457457 4019326
7110889 -5116329
7753031 9260220
-495060 441062
850492 3863762
440997 -4865825
8906747 8649883
7709831 9968151
-9377685 -6063164
-1096289 -5487317
-7533018 8451116
3129196 -3925519
-8695043 1938774
-3264275 8871997
1132297 610834
7146513 8101578
5501602 8674840
451412 4257402
7214816 3254633
9634747 9956352
7606880 -1934692
-3284809 75745
-7439752 6513627
-9549536 -5574978
-8545942 5698915
4150031 -8129473
-9538640 -6078960
5859814 -2720773
-3848775 -8233683
-5106496 5111891
3213469 7283522
-1525286 -7959983
-1186229 -8768577
-2997591 1442478
1398830 -3971413
-3389753 -3362844
-770747 -8477938
8035690 3325438
266813 -5694147
-9995232 1002506
-4610615 1720871
-1841737 -3328848
3950379 -4149255
-9866585 6534429
1646320 2617956
-7582170 -4973081
9583288 7376141
8607565 892544
4851374 -9086589
9458350 -4390026
-5236518 -3749795
-2227733 -3931403
9394035 -3490912
814941 8324309
-8156833 -7822800
3898071 -6663938
7214 -2767448
-4400350 4572686
1107115 6473945
-8391746 -4266935
-6723664 5269787
-4837719 -5973916
-2565019 5375976
-1194261 -6230154
-8103828 -7713645
-8947088 -1735911
4332686 9176006
-4314906 -1174820
9665841 -3756927
-1579726 -983612
2352450 -8490991
-8742087 4834697
-8076264 4876016
1349961 -3142437
-4893020 -4452797
-9183009 2958215
-499348 -9100332
-1208004 -4020728
-7734530 -548015
1738340 7597735
8378176 6677994
5854000 2791253
4132785 -4772786
-6013360 4055447
-6928165 -3685022
-2176013 2406914
9757963 -2059363
-7183347 -8401747
-9027832 -8318301
-2771097 -3317034
2157534 -3920851
9495169 -9437754
9057870 -8341814
1110171 -9196482
917605 3839692
517686 5364863
-9327532 -704218
4522996 8888038
2943485 -2678395
3636584 1025988
-6567098 -1468328
6472309 3976923
5575176 5707218
7388917 9288962
-4028071 6547345
5142846 7134172
7696418 8129463
2304001 -2845633
-2042115 6754288
-6889668 5930524
1295387 8875491
-9312375 3628018
-4967591 -5515792
1805813 -2273027
8752962 7975894
9023919 7958749
1935673 4702216
409434 5496228
-2698457 -9972799
-909102 -9685296
7448876 3273472
-6080713 -5766256
-6095536 -2338353
6932287 6223288
-5329836 1862349
-6745808 -9957380
3670638 -1518097
2966111 6458169
-5814857 1219399
-8288354 7288277
-2236622 5454457
156673 -9264435
6231793 2215403
2242605 3082460
3397164 -6466664
-676840 -8666497
8083600 846040
8507687 -4241201
4498439 4504416
8883117 -2043673
-2001053 9168603
-2349493 -7862690
1111831 4185937
-4594663 3132970
421247 -2186674
-6732217 -2883017
-9631100 8184626
-7083619 -4059191
9023269 6600693
2650382 5158986
-991158 2420433
5782825 4489894
-9751306 9608794
4113210 -3193135
4763192 4747133
-3567911 2996327
-2350011 5278491
-535572 -3401052
9731918 8761821
9091499 4869765
4503100 -7330482
3370496 -7640717
-9183556 4872000
-6010954 6286877
1445864 2356065
-5223502 -844220
-6354326 2971058
2579852 3075675
2398892 6410720
-6325794 9209414
2205741 9678436
4956927 -7377353
-778405 2372083
-6349744 -5578644
1807473 -1046487
1623031 -7258245
7617390 -3689426
3698926 -5006473
3796757 950186
-6693749 7687972
9360104 -4757379
730031 -1917251
3674777 5522131
1932851 5826235
5035649 -3926331
-4247894 -1876591
746056 9757742
2129825 3225385
7646741 9967651
-1078835 5780081
1038189 -545785
-1718859 3060548
570428 -8828069
2122118 4496419
-5299256 -5632815
-7873842 5428369
6027471 -5939152
9582979 2856189
-1317576 -297752
-1707731 -5967817
2155592 6234425
5992167 -3439273
9786113 5418001
5385652 -1878007
6418426 -50794
1919773 6823169
-7599930 9972967
-8855101 2717266
-2786314 2970498
7337683 3267017
-1304614 1914430
-1508370 1980193
7352734 7239209
9457809 -1925390
2106793 8551510
4785935 -9733569
-3172842 6778737
2196738 778102
1416447 9129623
-8404818 -9901257
6921912 -2165126
-2192159 3514955
-3767778 9321982
-5191168 -1047260
4736109 -4037740
7876690 4662867
-3356940 5947848
3187057 -3631680
-3040718 6512146
5063656 2644867
2911298 1582427
-1638835 -150409
3144046 2254808
-6099216 3074255
-4310650 -5439507
2395367 8012318
-5956375 -7388737
4449597 2719561
4188653 -7207801
-1245541 1774782
-3562351 -1075237
7388963 9147501
8032174 -4402938
-7890792 576020
5737239 -5008544
6573884 -310783
9538808 -8835111
-4063950 7451401
-6957992 -4800794
-240300 -7646814
-9634496 -1268641
-6141026 4671419
-2609020 6925481
9717681 824923
-7400295 -8420366
-6979251 -1527860
-2380358 -8446293
-2849231 2926064
6018436 -4348184
-6840376 -8223671
1465546 1755676
-4563083 2249860
-7782387 -6479293
-1280087 -6110681
-3757495 -4740378
-3492667 995965
-4332615 9124361
6049843 -7117341
3707582 3058365
-2845649 5767524
6756016 -1176360
-7106301 -7308548
5617516 -5624342
-7456174 -7439180
-5662851 1635953
5907981 8219803
469663 -1680952
-5643893 3861250
7750570 2687277
463251 -4407628
6588338 6509427
-1849859 -513064
2369595 -7744277
-2169560 -5800016
2483860 8593529
9933521 4984792
192596 -760124
-3868113 -7172780
-4611960 -4189887
-37582 -8807935
9411868 -7758458
-6923058 -4129601
9731649 -118468
5085161 -2566951
-4458227 -1429
-3492001 8064764
-2448300 -7869889
-5614166 4658140
1374476 2437647
1031176 2216275
9717419 -6141664
-4385436 964698
-3691730 -89985
-1763520 -5737197
7971221 -5787337
8970557 8198898
6585649 7383089
9780973 -7952501
-8003100 6317299
8832222 4866134
2930898 -2461327
-331215 -4659779
2514713 2998950
-4563403 -3429029
1303598 -6110811
-9736123 6467774
9948824 1021017
3447385 8394794
5173949 8773446
-7013891 -8316135
9882764 3145170
528260 -8043334
6520517 6468413
-4697936 -7174415
208072 8517417
8572443 -5865713
-8009140 5655322
-1345727 -9242420
-2671449 4505574
8394763 4090870
-6925004 1148502
-7830481 1174993
-430213 5540172
-3170029 5616904
-182878 -5256264
405259 -7667568
6805451 -300114
8684651 -9066481
6275456 3325968
-5640262 6503068
-9362645 -3516472
-7861149 5448533
6206113 5144567
-349859 -6690524
-83302 6051016
-2800482 -9438743
-5747398 -4491953
-8951781 -630962
7502294 3822389
1082477 -2121810
210623 9835768
-464346 -8512264
4937607 -2983926
2858394 -9263342
7239726 -6270584
212944 -265516
-4816983 393433
-4462000 -5131853
-9306025 -8610870
7440147 -2295506
-9217897 610674
6118721 -5360335
-3474945 -4965295
8857094 -316708
77835 6543702
6379470 -7544077
6460012 2804810
2337236 8431477
9168135 1397619
-2356613 -4804370
-2553533 -1075787
9317646 7856332
5240831 2629484
4018615 7371998
-4923508 5934807
9061833 -6024886
-8868869 8374947
-6590348 5180554
7380198 -9827461
6716241 4783098
7239022 -2541967
2779195 -4387937
6559892 -3784614
7613005 -4883569
-7171586 -1755621
7168592 -4743607
5629077 274881
-7095635 -997410
-3625411 -6613740
9321067 -560668
3414446 -6032567
-7657619 899252
8596158 4545578
4718117 8268385
3051484 5976357
5950742 -6049290
-7920875 290506
-977756 -1270062
-3637279 8639018
-3116603 -3364751
-5592006 -808865
1982368 -5948010
-4429068 2553423
5939684 4886734
-5673934 -5538127
-1570693 -2222897
1192708 256865
7318795 -6711960
-8443575 -211134
-4234777 2036912
-1496026 -2875739
-68881 4232318
5478608 583099
-777883 8953363
8104965 -8158671
-6451183 -1378133
2673857 5029311
-2417265 5531185
417919 761141
5223015 6038771
6332226 -2739662
33555 -6347678
9456714 -2475066
-169847 -2647650
1905614 3529491
-9346247 -1888272
-7655954 -9590412
-6490961 584872
-461764 7822654
9663984 -4752491
3869376 -2356799
-7327488 -6787199
1260338 9059585
-179274 -7228401
1326722 4194610
-8545052 -4956259
-8787585 -2341051
-2299765 -5995145
1357205 -9330871
-3285027 7530388
-4357883 5779171
6188759 -2631274
469950 -9497485
841522 2214150
7461659 -9991814
-9832261 -6978142
8751011 1331035
390620 5356604
8128203 11349
-5794041 -9788653
7771440 -545074
-369773 8177259
-7817886 8983856
2169337 -153186
9893555 -3944329
-8165158 8884310
8769388 -4464328
8554539 539953
-7245896 -760661
-8236123 -603939
2417919 -9784237
-5936849 -8068383
7288221 1168930
3696632 -3029877
-2818530 -2067224
7387702 7902591
6079851 7469263
6453119 -2982071
-618904 778317
6833989 -1377544
-2493233 -725349
-2673325 8668831
-791215 -3723845
-1968154 -4118786
-2206372 1962889
-5304996 -204276
1727341 2727899
6413182 -1241845
5728279 -8468086
-535310 109814
-1987595 5426101
2895364 9368745
8903026 6608608
-2613074 -651517
487292 -1715878
7558773 -5779085
5406098 7994059
6786566 -5114552
-6716985 -5385117
-905876 -5181587
4614137 1076643
-6195458 3789129
5063636 8857830
2906096 -9782276
-7156110 791915
8734369 -7629214
-8260469 -6627352
9981256 -5853915
-3989079 -9357442
-8556968 9884534
6621801 6498213
-2991376 9001806
-6112746 2027900
-840865 -6204810
-8870045 9686621
763264 8253260
2042389 -1739556
9634626 -2915841
9818235 -2893975
414293 2540722
-2572139 -7337874
-3965226 -851338
3294747 -8316256
-7673698 8532382
8416917 9305668
-1679767 6285687
5287493 -2444930
9582970 5328857
1640400 1691099
1377721 -1257894
9511718 2770355
3547152 -7859015
-8258504 1554107
1176484 3181778
-4277499 -8440268
-5778142 4107129
-6744209 3150362
4834106 -7227016
-8694634 -933109
-9111089 -323239
-4037552 2238635
9793706 -790855
-5461998 3766293
-4542608 1893028
-9364866 6178402
-8534890 -648535
1492451 2663204
-5782689 5012262
-1805960 -4249701
-2689969 -2089852
-7982723 -3567107
2099607 1531889
4304873 7789421
-3143688 9450066
-873173 -1873408
-9634773 -9738425
-529280 -2394373
-8628080 -9841067
2051962 -3474925
5219829 9345664
-1302870 -4796552
7866653 -798709
-5786447 2705933
8456232 4600316
-7489536 -5076054
-6126809 -4233736
-185495 7044094
4833515 5972799
5422865 6635731
-5237677 4206179
4467754 7066044
-5328329 -4872450
-4713516 6454827
5496254 8559943
421959 -145202
5058246 716083
9917375 1635441
-5658626 2924899
-9958432 6647280
-8428774 5313959
3596575 5068384
2112478 -4555582
3933569 -6588920
2563163 9462345
-3815124 -643566
-3577522 7325486
-7546963 3168983
-376190 -6389499
4686796 -9744127
110671 -4879936
-1647501 -4891245
-739451 -4831083
610169 -1730126
7433507 -3881725
-8567766 651737
8236473 1521085
6965503 -2454839
956242 348952
-7672351 -6584576
2771858 6035757
3361244 -1487474
-8318491 1710688
5321189 5814281
-1413494 -6178329
-8541913 -7475663
-2366907 8697177
6382446 -189414
596813 -590006
5528269 9508967
-7322944 -1969680
9551405 6960504
-5494335 -9086470
1262482 -966739
2448685 -2021741
-5985983 3590131
4619009 7736896
-552416 7375261
-4294106 6300518
2638541 7285126
9809463 4292400
-4494071 4096628
-6092785 9958908
-631098 4404727
3913695 -2979620
5050700 -5102828
-8142324 6590751
7504281 -2881543
6151718 8879693
9374305 -8716885
4873247 -8883244
8853652 -6611678
3279935 -7991392
8309127 -1698764
-4413638 1502181
8310933 -6535980
7560649 -4604174
7871086 -6183138
8221589 3984216
-8995404 -2760011
2137161 -5348364
-8757612 6055296
5690105 -3488811
-4609118 8746669
