251 4467341 5888346
329
-7368493 9790848
34942 -4799972
9828504 5211634
-6003351 1119538
1736816 762831
1089740 -9344564
-4677243 -9662723
2892999 1719623
137945 -5917861
3852968 7455037
-7914755 -8714280
-3480372 5058923
-2798644 -108145
9177220 -6339857
643836 8984036
8774884 5065566
2781946 -4208305
-8996670 -8673822
2445716 -4873198
-1594014 7516331
8171767 -5817467
7036162 2012078
-6268298 6010876
2609368 -70839
9900550 3869647
-2328281 8978688
-3446037 -8014205
-5605998 4191347
367842 3755320
2739356 -6428778
1153140 3528031
9319726 -5969407
7873123 -6064914
-938112 2839408
355739 318840
-2982275 7467874
-520047 -1472494
7054735 -5946113
-3500600 -4271993
2114006 -335897
-1357209 -3600050
-9097903 9785725
-3506575 5196755
-8531573 7812451
-8616327 -622381
-7094350 -3275865
-6728920 -4946835
-8495397 -7774623
5064785 -8855796
-6020604 -6917157
3067070 -4579475
-3535617 997121
-2432640 5063375
-9208618 -6480882
-4300427 -3416888
-4500586 2905388
-4792535 -3141283
4571824 -3598489
-5786038 -5782758
3594862 6040251
5280738 8113987
5683504 6500512
1242241 8551819
9696023 -295541
2787302 8823379
-5756096 -6324581
-2811108 -4145628
3434099 -6775361
9260110 -2727396
-3627932 4225481
9647221 -5040317
-5665248 1871482
8272993 7371039
-8411719 8906576
-2536821 5003307
-4366354 5183143
-5799992 -7256082
-8704263 3833502
-6462039 5442249
4265628 3508112
-300117 6325263
4695988 1025884
4250524 -594873
-805917 -1869913
4871921 -3973014
-6496979 5566151
-2562367 -2964506
-5593467 -2162226
-3255650 8226978
3230285 -4005185
3694310 4207530
6951448 1380283
-4786215 7894318
3336568 763537
-5728351 -1248254
7593361 -2397804
1144433 -3512116
5893011 2289349
2935789 -4605043
-6061705 -4912906
-9346755 -2192290
-2640444 -2558684
5279090 -1909122
-3682144 1766090
277257 4539793
-8736325 2064493
5961128 6487919
4382238 731475
-8504988 -8825087
-7556989 -9764842
-9646294 8283013
-5229103 -9963628
-5157926 1498139
-590552 -9336092
8267354 294215
618277 3347743
3305412 8920599
9527829 7977833
-7739725 -1415498
5640647 8362037
426530 -4946116
-8458196 6904322
-2364203 -3612342
-9921077 5924042
-1324448 -8352839
9930174 -7478066
5074658 -970742
-9472602 7217423
397683 2433084
5243651 -7546802
5800942 -1334963
-9898012 -4138072
6356114 -893646
207208 9629817
508206 8616389
-6329726 -4152144
5268530 3451088
9838746 -4787922
3652472 -7095672
-5448511 2434021
-2527693 -7671976
1357282 6998016
4215439 5063318
-2503598 -5598968
-3145769 -5386877
-4205488 -7259946
-8881666 5171525
-5722121 -4103499
8042670 7474448
-1392810 -2998561
-4634353 -1449123
-7998035 2277464
5894 -9365822
-6461494 4357064
9307437 -6341634
8502742 -9393653
7604363 -3220255
-8156937 -139976
-3222591 -5663845
-8534370 -8144183
7112223 3631640
-1196835 -2739858
-4327005 8230558
-1778642 -4402604
2598835 6232018
7299247 6828548
-8377636 7964483
1115013 1817564
-3825372 1628258
-2197024 4653519
-2223782 -4517934
-5221837 -3694282
-1317905 7896934
-7766911 -3378774
-1522957 5459504
-8392504 -6301281
-6524787 8105619
6336177 -7072987
-1475591 -851791
-4619773 7073887
3902436 3639596
-5879569 -7320526
4497038 -1958848
9669411 5235444
-7594685 3188019
1186437 9988739
-3705542 181534
-1921532 5964600
5102178 -2507095
5468761 -7172091
-3473372 6095573
4201192 7076257
2519622 -7481807
1666402 -6946279
-9872391 -8955969
-2800021 -437019
-5241193 -3453603
4587549 -6163237
9072207 1772198
7476569 -3226688
-3237948 3993875
-5824591 -1336994
7143958 -4427138
3065767 -5229771
-2401862 2246136
-9141939 -8949120
8127137 -3358882
-840689 5059254
8112975 646759
-5792858 3342066
5421399 756936
7303333 -6076527
-9723412 2696559
-5531243 -5592765
1180547 9348796
-4140977 -8054674
-6875316 458951
6031813 -7449216
-2678987 2784994
7547482 -8386068
-7335188 -2564497
-3407027 8405543
3464797 3308301
6471412 -1731364
-8389298 -5905875
4851061 3194906
-365268 -451546
-7754987 2154395
6561630 -88680
-8223532 -3286230
-8824552 -9741471
717481 -2364509
186275 6816484
-398522 9265646
-9120421 23640
-24505 -2851040
-4445497 6060743
-8114603 6568468
-5162895 1535653
-1853870 8356809
-5931932 8964159
-1487387 -7002809
-2332062 3702800
-6385880 757626
-12252 6745920
-479198 -4609411
-4457568 1163196
-9503968 -9761717
9503929 5728708
8268700 97510
7246470 2899860
-8523044 -1755804
7329016 5317326
9369331 -6637647
4235514 4682473
3646633 -2484539
-6970996 8303582
2006382 4675598
-4566775 -6786705
9959215 5620503
3527444 -2062675
1616874 -519983
-7765348 9069876
-2685064 2112906
-7789583 4254934
9671146 8099989
8860537 1973239
9806917 -8851898
7026807 6189553
872027 1692600
9208061 1262322
-434096 -5481340
9194258 4753418
7966713 -8427713
-290858 7143835
7597513 442280
2438650 5752938
4822814 -785613
-8672707 4673302
-8555412 4654103
2754092 6054062
-9456346 -8884265
4780189 1614629
-2195818 -9649429
2043172 1806997
5585671 1192561
-1772427 -6232415
1037355 -4848425
9240214 9938184
-401629 -995932
1962701 -8534292
7218646 -2804116
6410271 -5598649
1591005 2041461
-3304436 253917
-3692021 3035594
4151329 1966008
-6419363 -3148367
9718557 -8552130
3254867 -6098829
-2389915 1761729
-1954334 -8643110
-3491534 5837658
-1707806 9083022
-9396558 -4251320
-2785611 7890566
-4913550 2566143
-516154 6949387
-1009152 -8503278
-5733009 -8925148
-3373202 -1797236
-9831228 574970
-57044 3294479
4742349 6265761
2683285 -338487
3939594 -9486431
-8129541 -9706630
-1352620 -8014740
3584634 -9104723
-3356042 6939575
4830141 -3295571
9270572 -3625301
-6675914 9916591
3929665 -8729229
4861975 -5168713
-4449597 8196656
-8712021 -8511227
4783252 8235528
-2982359 1230935
