329 -1558288 -1151301
401
-5872408 7934705
167454 2339317
1234701 3958979
-4992811 -8463167
-1324742 -7809514
3916730 -3756766
-3939072 9043495
-8070860 -8639471
7993389 418163
-245035 -6460424
-7493109 7264637
-6008959 2314449
6043171 7377121
-5745623 -1006515
7435198 4924572
-4624371 -4380572
475097 4079142
-1961878 5543083
-403731 -8290201
6416637 3045311
1804897 787879
-7652273 -7150280
-5789751 7865825
-9199659 -5723133
-9667204 4719990
-5499021 555306
5386107 -7160313
2733160 -1507980
1858 1429279
8870203 -496111
5123317 -2562944
4032550 -5754168
2305267 -4401585
9824566 -7929328
-2367665 -8098464
2689416 -1242445
1607275 1953585
-7664238 -2446505
1830362 -1666123
-6946133 -6863897
-3792238 -5320490
-9964450 -9928801
-8920429 -8406131
-4460500 2768710
-7727400 1081429
1034837 6926055
3688239 -87731
-1972964 -4932612
9654412 -4006493
-9588605 -9632046
-874490 -2713252
1756685 -4382837
3170658 -9267215
-933338 4092447
-255097 7517373
-7803117 -5363118
-5291919 5952665
7546534 -7767567
5001144 -4212348
-614566 5602387
2528442 -209904
9702365 -9579729
-4512341 -3783318
-5273459 -9754246
-9386292 -4857928
-5054828 -4862064
755100 -260782
-7011644 -781791
-6689344 -6074242
-8556869 -5428630
-8275396 3055559
-8475424 6156367
8388800 -3567315
-5263310 1587463
-2810150 -4093704
5696392 4122124
-2941253 2234644
8451326 -2084890
-1839136 -4937241
204831 5694219
-9167844 -8709076
1030143 -2333645
6884564 -5896392
-9454282 -3465149
-6377427 2711572
8283484 4505202
661569 -4652822
-5703785 9808060
1395523 -949631
-2526982 -967095
5671381 1101725
-6663630 -6830590
-6399128 -7269871
-2207112 4304048
-1732 -5721912
-4430987 514071
696778 -6653224
-2549616 -884492
-1833289 -9902306
-4674382 -2003898
5017656 1789284
7136462 -6390898
5933515 -4320775
-2754053 -8567322
465583 9845390
947116 4718965
404727 8653317
3899798 -3200162
-8896114 4005600
800040 4209038
7239461 -6381494
-3034718 6369053
8000913 -9547409
-9449715 4415666
4928121 -3832376
7956909 8392255
-7998642 -54223
-1858645 5093371
6526049 451225
-7187033 5387302
-7377381 9507985
677654 -3723565
3076273 3027346
9549298 -5422548
1302842 -3303488
315018 349339
9234744 -1457697
-1005106 7280301
-5787681 7235658
-6596718 -7938469
-9546214 9140440
-8397430 -8639809
-1030085 4971496
7939073 -256075
-4868773 8012316
7520301 -9247959
-2971524 -2246154
3297544 -9285693
-4708241 2621102
9317614 2846843
-6803818 -889047
169608 -367368
9429285 4947278
2182936 9164502
3742385 -6358395
5298397 -1897429
-8020886 4196172
-8315980 6900967
-3355108 949029
-1038654 9623094
2891487 -5707529
2046317 8997999
9712307 9919963
-4942583 7860214
707057 7520418
-3368628 -5624969
-3475984 -3580409
-8633131 6800980
-1518165 8469653
-7888742 -3933842
4168729 -7775780
-1063256 7409656
4310623 6147843
-2903127 -6862883
5276563 3471868
7764339 -1425429
-2427430 -1831950
-9395635 -7672991
-9812777 -2715123
-5194704 -4338217
-7446834 -6589368
-169777 -6046980
-9246000 -8406466
-9936812 -6286556
-7704046 -8247813
6492760 4690798
2100454 6464683
-4871121 7945856
-8917027 8927430
2399298 -5257896
3316675 6359536
-5472414 -7320011
-4993002 3405597
-9309525 7648304
-6689913 7710573
-8878795 8012123
-8034857 8379605
9973140 -6532220
9697577 5235495
-495965 -9963672
4727126 -8006469
974567 -4003205
-6057349 9343933
8271363 -1380202
3361902 7541977
-3582135 -6812987
-4132998 9194929
2600526 -6538196
-8889892 -6609647
3617278 -4192647
-6180524 -5579805
-7200200 4738484
722616 8300971
-3947181 5289292
-2158028 -7063455
-5069923 5556854
4070001 -7430901
4429384 -1579004
7040794 529004
-1929019 -4782901
-1595888 -7080952
-7886023 -2994801
467003 -3212534
-7305829 -2769145
3038209 1577111
-1486342 6311450
-6433714 -625963
-2324991 -6170190
9119103 4288902
-258200 -3755820
4317386 -3038925
-7953474 4671877
5609225 -1612613
1432743 6475910
4209361 -4833629
-1914581 9503725
-3491076 5129825
-8082708 199396
-53397 -507721
-8930610 7127815
3439265 -7015188
2358850 -416952
3412858 7005551
-6189194 2550211
8794391 -4951687
-5474259 3552606
-9259165 -4371871
4015516 -3427733
5564530 -1133588
4032783 -4551741
7468336 -226109
-5096283 -7881798
-5166050 6493612
-4014109 9337361
6465176 4780553
7765366 9571633
-845319 -7579206
1942697 -7359432
5190779 5083892
2648557 5753503
-8177539 -3498478
2129651 7174298
6262918 5079648
-6053940 8661519
6626130 1827448
4117691 7978843
-9902955 4094467
-6895569 1537760
-6608527 7447347
2227901 -909677
-1338044 2373002
4793796 -7490381
-4849813 332990
7933234 -3263507
5006349 2857318
1875192 581791
-9727558 6828810
1908459 6521195
5182714 6535360
-9120840 -1629129
-3650285 1808844
8419663 4996851
9050964 8963112
6410460 -8475905
-6869230 -7557563
4815439 -8845287
-6335668 -5690922
-2841580 -390765
-1137919 -8669129
4188189 -4908346
-1810202 -6131570
-9302760 8579733
5100928 -1537760
7513952 -4877949
-3990725 -7200006
-2874810 8393112
-4093685 2358990
-6161546 8061206
2101653 -5042721
9916069 -9751086
-8596373 5232423
2057853 -2752140
-626552 -4932041
8915182 9216274
6824280 8235529
-7896041 -4380277
-5800544 7530430
8509022 5317551
2955955 1816736
-2866918 6022974
4416086 8965230
-6159428 4258273
2319479 2838754
7796033 -2320974
-2072059 -5578868
2169907 228454
7476315 -8152080
-3084120 6744112
5960386 -3150237
-4914708 8347414
-6032862 -4698981
-7168551 9705603
5023154 -1833406
2499683 -8659528
7363446 -9504539
9460691 9632765
-3592610 -5704115
7134639 -6698737
980290 8726869
5664353 -2552976
7675479 1424583
3272503 -9649388
7094725 5151794
-7998443 2704735
1052150 -4428537
872482 9603201
9308804 5019288
5702234 -3779716
-2439244 -3151690
9860124 -1798083
-9648965 7440554
4252791 1837167
5138431 -3241575
8001647 -6096218
1350807 8635073
-7423992 -3817648
-3467035 -973714
6694432 -1635137
-8930401 6144042
-8284495 1212341
815542 -5361899
2173741 -4895660
-6159024 -7359302
-7994640 -2124025
-1405755 -6081916
-8641362 -8134516
3702652 -8538368
-1779943 -1872218
2031564 -8642565
2508860 8738056
-5079591 -6617629
-5074991 -2398780
5966083 -6030274
-9886232 -8380559
-4651866 7035682
4190135 4345625
1966317 -1319972
-6162922 -3636124
4239852 5807293
9725377 -4157561
-9775725 5350449
6812081 3600368
-8271850 -3556721
-9682934 7548490
6286547 -3723934
-341562 2825926
2943498 -8793044
7693034 -2900201
-8764407 -1090418
-4054736 7806802
-5331221 -3416273
-2219892 -9864600
-3500724 -848551
-5041258 1617186
-24023 3255480
-8877719 7200472
800840 200253
-840116 450714
-2000795 -4954658
-6162240 -523049
4819229 -5714248
8009060 -3987450
3112350 -2237272
6672310 5702094
-3974752 4347943
3448022 5133926
-2214322 694027
9845476 -8771870
-4638331 -3198693
2573139 7320571
4521043 5337646
-4462101 3695421
-5853865 7838235
5399929 4697784
6691087 -5338308
-1052556 9237689
-4749760 1510316
1789396 9472856
-2308698 878942
7743237 -1538294
6111985 3716550
