348 -5654484 8073443
598
-327445 -9298014
11557 8138329
-5748518 -449201
-6213408 5197503
-5935126 -9598821
-8962059 4788010
-8244525 -3656495
3623344 -1143548
4444023 -5343217
-7825572 -8504908
4939794 -4272622
4261861 -453207
-2054941 -1671817
6449038 -3619613
-6757745 7842008
1060346 -2961167
-4822838 2914811
4981962 -8928096
-1214241 -8055003
-7653824 1284907
8589269 2850633
1710490 5900469
-5243079 -9655256
-4998472 -4666165
9345279 1717296
7444675 -2824044
-760898 -3198575
5129609 1706536
603276 7184161
-2457478 1578647
1133833 3845531
9276694 8602868
2191124 -1172653
772344 4258657
8059916 -9023117
3827516 -4365128
4051694 6649185
6993930 8054359
-6611806 1324967
5558616 4511810
4204118 -7266527
-465102 3003291
7226179 -6556780
3143734 7180859
-8724141 -9654193
4191339 -9313744
1805476 2409692
-8762961 3468033
-9756958 -6003399
-5026516 -5474264
-7323040 8302958
-2531504 1317353
-628288 6728654
-1946378 6978778
1490588 -4723742
-9473917 -6387762
-868119 8211058
-8345721 -7422667
9758193 8874412
9220220 -2685635
-9483027 -8965948
-4039904 -4072089
9395944 2322449
6319050 -2802865
1722871 9638987
458297 3808887
-4873760 4399832
-6355162 443145
-2578077 -2985696
2290562 -5785188
-9656598 1428863
-360078 2816645
5393978 -524717
-9133952 -6189447
1124918 -2331477
-8781073 2602620
8530531 1641891
6480692 -2820977
4376159 7926475
81814 2799743
9124982 8615382
-4468434 3056464
-6500391 -5748778
-6218122 -823595
3391217 921533
4866748 6072440
-8594563 3734620
5726255 -5493330
-1682777 -684233
6984291 6592303
-8288725 9442141
-6399616 8203218
7898594 -9758194
684634 -9918923
-4602828 2274753
890135 -9233552
-3660736 -5477846
-8710272 -1061946
8114459 -161126
3276759 -4928394
3660398 -5977972
7756648 -1856493
-4833470 -2417813
6897954 -4000744
5107911 3483753
-4557753 -3601403
7118168 6819187
7060993 -957369
-8359940 5016762
9807867 -9738021
-8971572 -2962768
-5924262 -6785646
2152408 9884044
-277082 -4634534
437072 266867
4288896 5516029
6175889 -5902530
-5803991 -5438104
561152 -8657581
-2657476 -8906036
-9991087 8185416
5004603 -4698877
-3139893 7127081
-5339805 -5418052
-5156072 -1499833
-1946248 -5531938
-2317583 8388708
8272752 2129490
7494957 9834825
-7381955 -9487977
6028052 -9551619
7062204 -576707
3985189 -5279707
8579064 -8741787
-7647823 7062694
5248110 -4078411
1222712 4877443
-5479124 -7230935
-2648987 8082819
9099339 -818928
-3834514 2194941
-6899999 -2846909
1798933 -3635745
8715433 -8627246
-8115223 -706110
-257728 -8666522
-6726877 7912829
5149475 9320828
-9420959 7258312
-3162642 3728539
9650128 5447571
325014 4601820
7370885 -6610807
3988364 4845890
6543314 7238251
-8050456 -4395945
-4726502 -7291199
-8410592 -4950454
-3577700 7072432
-3633678 -9695159
4154671 -1692923
8736258 -1375054
-2054226 7427794
-2797541 3885733
-2385727 -1475184
6488739 4039817
-1358362 9780753
5686298 -3186247
-8340357 8528875
5767126 -7808985
-2204930 719310
3428111 7716671
5282569 3068569
141001 -2466129
-2161287 -8295131
-7471702 -976325
7648622 -8006616
1937531 -8735444
-2333358 8110748
9151916 9139990
3179807 -2202733
-2421980 5640655
4970760 4337797
-4616975 5780671
7971686 6630404
9866066 3666503
-6100474 -4233244
8835325 3294177
3344400 9182095
-9113036 -8507322
516354 -8816887
5692850 -6584738
7196171 -9318672
1308428 -2369619
-3229629 -5137187
2660080 460345
8617352 2466530
9320680 2754452
-1464877 3588113
-7265131 7220057
886560 9023161
7306270 -7399065
-1588536 4786087
3968182 -1342053
150626 -8244136
5455330 -2628501
-6696887 -9333020
3864660 1148180
1294913 -9500716
7878449 -4826912
-1850215 581636
-6951834 538529
5809334 9283490
2871603 4885198
2105255 6860809
5883971 -1877176
-6759889 -7008184
294255 3190241
-8151812 1651575
-4076209 6778789
-5849712 -5484834
7698498 -8620879
-4956347 9969754
-9530962 1563158
-747401 6338566
-3079798 8347488
-8597631 -81264
-797774 -7515279
7369919 7211703
4072513 4590181
-7286995 -8008473
7499695 -7527164
-1820571 -4046884
121043 -2206050
7089091 -7456031
-2940864 6044835
7423956 -8760620
3725486 7273986
-1162855 4983962
1322528 4194524
-4941636 606096
-9475168 759083
3243804 -3539266
6188789 -7756589
6833592 -6869925
-4878398 -7222346
7766842 9546598
8016066 5137649
-7068401 -4053729
-8993407 -1862890
-5818055 -9979309
3776423 -9417919
7856067 4122253
-893785 -2498091
4212785 9209564
-184340 2945096
-6295821 9271150
8248236 -7143155
-4899744 6947983
2594410 -3046623
-268968 4450200
3996798 7716013
2853662 -2502126
-4039502 -5470783
2666327 -1698386
-9161343 -3032909
-2450828 -635376
6003229 -2868568
-2850307 -4594761
-5385196 7625797
570893 -8637522
3149980 -3053184
-196339 4275072
-6260593 -6085432
867946 -2579731
-8129530 6333817
-3433818 -9401022
-9386796 -1616380
2912837 1936197
2754163 -3426298
3540793 8095516
9976492 3592820
3240604 3606317
9011557 -1503926
-3878129 -9609703
4269127 6142713
-6910471 6692764
-6515812 9935460
6366380 -4590457
-4653836 -2776405
6073764 -2765674
-9650344 -2783366
-1883393 -7360053
-2907504 -9037139
-9947085 3545796
1641313 9846659
-4044169 -3889939
9716378 -5865843
2630231 9196435
2103084 1244287
-2613000 8752102
-2038782 -3627789
8824023 -7007118
-9081223 -6038242
-6298295 5190404
-7575270 -3735059
-4002072 9775470
4931769 5290739
-1230048 4114535
-2339669 -7975735
4387276 -1177133
4932928 1817996
5952154 -9656893
9539542 -2834341
8409946 -8901263
2367192 -5841022
-6952459 8313299
3822533 -9671590
6806521 -8128435
-421679 4741310
-8993749 -9491774
2800048 -5480597
9810142 -2995821
-8881286 -2268183
-7727566 -1419906
-80686 -8704602
3113394 6659710
7002817 -5147758
-5465747 -8418100
-7319362 -941289
-4265959 -7055800
3773851 5047830
-2107408 -1218417
653148 -2403616
-7662306 -5300887
7723692 -9768531
7267224 5860297
5380829 523740
8255558 7077367
8173813 -984105
311293 3044344
-295945 -1906873
-4538278 -6575312
7522940 9223224
-9201712 -4025
-4543473 -9796422
-2232240 -3467671
5313912 1746730
9343114 -1823295
-4607830 8483412
1231233 4197160
-7426190 -6884138
3639603 -1501542
8092177 7954639
-3029466 -5588487
-27791 6265990
6875470 -201820
3222868 9676264
1415841 -7662808
2333167 -6737840
-6534261 -5269519
1262810 306047
-7947223 -6250149
1926556 9093075
92839 3912244
-1890596 -164921
2950941 3840425
4855235 683214
-8845795 9106896
6034761 2947412
-8270246 -9358908
439272 -3993029
8199587 8605224
-9057584 6178492
9440652 -384572
4345909 -4208064
-1385665 5422743
9172595 8125072
-265501 667112
-5420644 -6384497
3450582 2343690
-3815885 -4794887
-1595321 8917876
8024772 3555702
-3496886 -441115
199977 -3424114
2582857 -9250779
9354445 -9360751
6817741 782444
2914225 2813214
1121502 -1225255
-5802511 9776486
417910 9735837
402949 -6629916
9501939 2668761
-4987548 -2501342
2703771 2952522
1870398 -6287081
7268622 -8891550
667335 -7588478
-1012592 6288088
7037309 3383664
-3460735 -8429735
-5130938 -1091893
4237673 5873358
-5351896 299639
76125 -4640825
-4904988 -1154407
-5267971 3010388
-4320851 -1985687
5512971 -5766032
7186490 691601
-3079127 -1783258
-674807 -8426760
-6015237 -5810505
2993935 2508880
-4107455 2972171
4542437 -7452403
1455704 2431810
-1694831 9411499
-7772510 -4306623
-6431096 -4530375
4315218 2303615
-4685997 -8819732
-805419 9047247
5797567 -6490495
-3282542 7223905
-4559353 2984058
4557298 3638331
344178 -2717808
9791073 8542061
1514233 -6661886
-4114289 8199970
-6851868 8573022
500873 7341415
5551144 -6030347
-560722 2728363
7548330 1636400
2816668 6270848
5318095 -7137666
8888191 -7988751
9235154 1115663
6616073 -4394351
9243981 7192154
-5525654 -6310277
4748137 -411841
2926273 6781771
-2501907 -3737630
7351744 8811984
-1330249 646226
-2867769 -2147383
3097332 6737247
-1626353 6571510
2842358 645662
-3975652 -8809685
5717917 -9323194
-5691179 -5087461
518189 4953071
-5338423 3441246
7130969 -237830
1866681 -8347724
950399 1879106
657828 -5207045
6121291 8448493
-8388929 -9474076
-1621459 7307395
4044642 -1256698
7831164 -8524127
-5362112 -7581710
6124957 -6810125
6383033 662236
5574776 1842874
9312298 3208206
-3350548 -3907035
-1628513 -6026125
8142503 6296773
-9307768 -9761832
7547475 -907097
-2458604 -6133588
-5607663 3668767
976162 -8331181
412121 -4712770
9279456 -4979196
9955446 -9240362
6465865 -6082656
4579580 6080404
-9560370 2848898
-3942896 154356
-1236327 9751928
6242156 -4777092
4036033 7135160
-110319 4384659
-6522438 4728265
1111030 -2562844
-8894077 -6464690
-4795871 5503367
-9209403 -5401563
-380758 -1867397
-8591407 -9929947
6503749 -7908960
687796 7874458
723356 1083330
3754038 1127427
-6604293 -703188
-2963928 -7482288
2169224 9637863
-3461125 -8927895
-1683277 -7941095
-7987586 -7467211
-3931900 1944105
-2552528 -6881663
-2283225 -6211419
-5562464 -9245579
3340827 -147631
-5540239 -4153871
6236939 -155424
3444258 5147558
8791337 -3039705
-1226541 -2801703
-7767639 -7812956
4341260 -1674117
-8085659 4401585
-1023157 3396487
5929276 -7252584
4691521 989257
-3376054 4513728
818662 4655345
5409766 -3142927
-774206 5256198
3618680 -8733055
-6372126 -3798092
-8650534 -144381
-667733 7072132
6786781 2657155
-2639449 622078
8947962 9019142
-4062920 -8298189
5098298 3378655
6126071 -2569725
8419532 -6456073
8057655 817592
-4527063 7559830
6933256 -1123683
6648868 3399055
-2817647 -3840950
-5122690 267548
-9876833 810227
-9601289 -3773224
1400283 -8028214
2593865 7185493
-1279013 8760835
2978998 -5941821
7436834 4658067
-7911658 -1922703
-5862424 3562905
-5619503 3024226
-6899591 -7804769
-6412099 -7630214
-1714807 -9966335
8709067 2753121
-6979331 5467546
-3722227 -6413622
-7670494 5660188
148327 9192837
6378330 3729790
-4993023 -7257808
-3199629 -4900683
2273737 7985975
8579624 -5762795
7800110 -3121569
9902658 -7282800
-5087568 4696959
-416903 5519419
5553084 -8983315
3769806 7868290
3335837 -3221497
-7118767 -693173
7483367 2129962
1322799 -4789260
1456882 -2368306
373886 -9782519
7833151 6463859
4449834 -309391
3927814 -7376760
-498329 -4454189
-1736989 -5755724
1457587 -8079319
7440100 -4308205
-3291520 -8959316
1425327 -4490464
-5195608 2994638
-7698535 -5238836
-592522 -2314375
-4587283 2301185
9932879 3246630
3464111 6869599
-4150190 306766
2513727 -6186386
