65 254344 4778145
208
-6281636 6956976
-7477514 995529
-2627259 6367743
9516300 2746596
-748136 -9719936
392350 4214297
-101738 -2781826
7858328 -2325886
6957991 -9419498
-6442405 -6297391
-8386098 -7558773
5270897 7856150
980928 8076447
2713915 -4169586
-1398890 -945865
8527464 -9991588
-6479707 2319475
-8796430 3566302
-3687102 893035
-6310549 3236222
9966871 -1918885
5299289 4081802
-8244084 -134866
445636 3157617
-623421 1230259
3671486 -3480417
-5624267 990481
-8416720 -8541265
-2710851 -2126987
-556500 -3186453
-3178040 5890260
-9273913 -9512684
4053618 -7141395
3751640 -8070343
-2317769 2882869
-9036016 7441092
-5960754 -2350898
7514236 6263273
-8062757 8311514
-458227 -9523776
9512159 -6169826
-2662993 -6786741
7188346 6404244
-5722743 -1079713
5733834 6993847
2884107 -3762890
-3275574 5072146
7930752 -3873454
-9427445 -9221955
3660914 1682392
-8360164 -1745214
5903889 4624898
-6595477 8195434
6506948 -4065523
8927054 7858118
-8311708 8565073
4294684 8439213
4843458 -974701
461938 1483030
-1523122 1637067
390529 -3804227
-8732081 3877337
-9996116 7114956
409353 1715023
-6602584 -9423561
-1168774 -5929733
1211517 7553604
-1734609 7251467
5702296 -2867608
-5009489 -5227661
-6662587 4629350
-4415084 -3321197
-1779545 148449
-8368520 2944726
7098145 8682393
-5121834 108358
6502047 -2511325
-5396369 8662438
377461 6505931
-401277 5012984
1599603 -3708771
6361186 8429949
-1802232 5327472
-7540136 -5373423
-8084732 -6099936
1045767 -2549625
-3354469 7769033
-2082517 -852965
-7908239 4865986
3548379 -451037
2173673 1706258
9194933 942898
-394664 -1324280
7698004 6314916
-6155748 9982797
8790379 -2703273
8243028 5443855
771327 5151565
2294494 -3559204
-7142788 -4252456
3197919 4209762
1978796 -3580669
5566366 9843450
-2774212 2412631
-8038406 174479
-8119262 -9225832
1717066 -3348381
-2156309 -8924329
-93060 3838754
-3662097 -4458305
-4645226 3751192
-8288600 -4871718
2796199 -6402198
-7445050 -5000921
746623 -4909307
9300456 7928515
-5652154 6460895
-1179303 -6204396
6208235 9914213
88692 6046486
6820654 686181
-145848 -5514218
-4438546 -8945928
4892826 7697843
5755891 5468394
-8264062 -8769271
-3640988 -8889335
7224820 -6552662
-1553582 9155211
6762257 9779770
7708285 1709393
-1829712 6062713
2374669 4572484
4486697 6990986
3037472 -1417096
1785437 7091741
-8422476 -7625522
-6571450 -8360411
9337432 9655330
-2359924 837728
-5415191 5093323
-1279659 -623986
2823353 943821
-7384615 -4054839
8241283 3786123
-4504484 1893994
-9526941 -1534079
-6961595 3665805
-6826857 2847728
3946984 41454
-2866805 -1273033
1101445 -4267579
-2627990 -8772929
-9117599 -2953653
400427 9225794
-3164530 -1477523
414844 4985236
8445410 5555811
4017324 5754549
-459328 3577147
-4528859 -5225041
-4242768 -2447460
3734697 -4055800
8791928 -1204363
1353443 6907840
-4365193 -4744736
987685 1002991
2230062 -747396
-1184697 8359695
7585489 -4371184
-3332355 1732082
-3282681 6937311
2493122 7082489
2837038 -4837271
8739876 9026798
-6198242 4894062
-7553397 6727369
-7328431 -441010
870980 6181300
-4394507 3979849
9235113 4740775
-4256234 -6243348
-4474391 222798
-8901155 7973829
-6397355 4340912
8589347 1200686
-1862002 270290
9869132 -4693334
-7014253 3147472
2174271 2706170
-2399767 4241975
969344 -1507619
567723 -7436812
1260840 3640913
-9862886 3955055
-1304169 6866333
3139338 1888579
-7888623 4439597
-5070222 8664947
-4477789 5726574
9443612 -8951225
-6164582 -5888442
-581776 -9902038
3245435 -6295450
-1072928 -5079677
9162298 7936058
8944791 -956343
1606845 131642
