160 887840 2290699
192
-5680573 -1783496
500003 5774391
-401786 -7682047
5475029 -2255000
-9680282 -4470115
5904747 -1868758
324598 -2608598
-7338271 6330343
-6292998 7320350
8191406 -7415712
-2217166 2221955
-9079339 -9835948
-5052844 -3019346
6215422 8671045
-7924763 3063699
3796555 -8977527
-686784 8911016
-8771031 -5703441
-5442089 8911430
6957667 -779650
7351592 7393981
-5214617 2862415
-807242 -9807458
7512893 -2552887
-7452247 -4583888
154419 -1779349
-1615297 330587
-172407 1075081
-7737522 -4151789
8911911 8559367
9581840 -5662284
-6751268 2708466
-478623 -1104944
-9677162 -5522298
-3785596 -3404360
6505973 7280506
-7340727 -6434003
6274891 -8708643
-8745178 1852031
-215504 -3695864
4524787 -6197425
-3350485 9938915
1013996 5425842
-8725946 6477108
5036476 3276475
130543 2702317
7927135 -2865332
-1453923 3379275
373329 9964865
9076857 -1131085
8665773 6587734
2670083 5582831
6874188 3841398
8209782 -8538674
-2234537 645362
-3035711 -2005722
-2066807 4806602
232445 3613804
90913 1463542
-5259983 -5977149
-758480 7643741
-5221591 -2613088
-9233813 -2831345
9649872 -4159162
4709754 -6344131
2759955 8726730
4309561 -4108121
9733278 7946390
9407716 -6299899
4345463 459412
8453690 9689531
4496134 -8690248
-2560091 8903235
366777 7244931
3784134 47174
-2309085 -2376854
5010058 -6974346
-7289339 -5014324
826515 -1707402
1948467 -7639466
-8912736 8052621
6460852 -5291578
5171164 5396825
1613278 -1289518
9169894 4578880
-3215236 8475093
9784845 7623584
6526820 -8719102
1042181 -2775246
-211720 -3106403
-2966904 -5173685
-2148031 7479195
4981224 -7956846
335752 562630
2923164 -4192261
-6139640 4800571
2025345 -3473220
4439957 2837564
-8451953 -2803491
4291742 -3946765
-5471672 -9282059
8341526 -8923494
-7642596 6829526
6570632 -2615302
-3205353 -4084063
742252 -3641087
6354460 3827743
-1612750 1110573
4189555 1335684
7143423 1239354
-3960074 9629072
-3844148 3520135
-3642300 581623
7778133 -9404190
9165397 -2094253
-1376312 2069875
3146381 -6306274
3039604 9481566
-3133736 -1979863
3936074 -389764
-1514499 -3822736
-9994993 7194678
-1694749 -5160038
6175646 -9091391
2147964 5011158
4640230 -4164578
9355557 704242
-8714135 -9203917
3908245 8229609
-3864644 1580350
-6349775 3073642
-716280 -2724603
-3243037 -687042
-150553 -7676676
-5550087 -3860420
2316844 -6214479
3496551 2935414
7775376 -5161797
-4253187 4318154
-670687 -3532625
2302797 7894777
-8884629 6485895
-201670 1658354
-112036 -7598764
3981587 -6293425
-703430 -1460328
-1668579 148164
9461123 1096642
-4063681 -2395263
3744317 -689430
-4387556 386232
5837998 8577513
-6584284 1625347
-4056498 -3870273
2597102 -8321119
2090010 -2210833
-5724938 -5100101
-925395 3205381
-1877030 4073393
296320 1478921
-9981406 -7895443
-5230927 2109242
-6794115 -9133633
-1528896 -5769804
-3942881 -8341444
2044788 -7784579
3309286 -5814085
5811262 -9600862
-3471135 -758645
920236 4271116
-7939717 9125967
6542218 -6989753
6215628 -3664654
2925091 8133176
-387903 -5661402
8959507 5737763
-2152994 -7852957
-6986589 -6271419
-9524871 1052891
-4772201 1484515
-3783711 9048600
-6765485 7272587
188077 9525575
-1233070 1562130
-4166754 6716943
-1640738 9687167
5213766 -2106470
-3254772 7417833
5551009 -6054254
-9199303 2186671
-2075566 -4836894
9826502 9760204
