393 -5042398 9096055
546
-7500154 5893193
3068450 2048059
-7802103 -6261996
-7107800 8717432
-6690161 -1181864
2645210 -8077911
-256944 6448533
-7745358 1469912
-2016460 7763047
3901319 -8977518
-3146932 8662492
6955602 6368212
-148219 -4334020
160832 -8525164
8948791 -9958674
5934520 -743113
-8695054 -8551363
7702993 -8480678
-9763246 6019195
7353683 -9404806
5033635 6062946
-4972169 -7484755
3985158 -5223309
5056090 -2717527
-9178692 4485050
3147542 -1042591
-4674379 -9809272
-4143292 -7380503
-5905667 -2306246
-2264919 6017541
7790780 5559476
7008113 6185953
221627 1612079
-2368726 -2772541
-2177347 458382
9037680 -5015042
-2499797 -7143712
-9850668 -5934489
-6135663 -8514639
-1513237 5205422
6679184 7201997
7392725 -8365694
6770155 4521157
-7785088 5765785
-5700322 3380840
-1059683 -7533655
8652298 -7909541
3702538 8464782
-4307759 -8609723
1848659 3850164
1351474 3514894
-1112465 -6597309
9984555 8851678
2853391 -8446781
6758641 6365244
3567241 -8659845
5490813 -4045823
2991687 -6523682
9242103 2260968
-4358192 -2277049
189296 -6458218
8148593 -2901523
-4436740 -8642054
-7251777 -5632517
8217647 1255501
7286748 -2886765
-6967722 -7914526
-9062848 -3825717
-2272498 -6983167
9382077 -3693105
-9836598 7002495
5473025 -4534330
-1058012 -1829433
2947887 -1535288
6187663 -9299556
6758578 1106048
8204525 8893311
2767609 4907171
1791006 -6232215
5023287 5515832
5145419 -7474995
-5389521 2310035
1000670 8177698
3710883 8063983
6887231 8728172
-1752981 -4390687
1074983 7050633
7737553 -6279956
-5298892 2533324
3233768 685440
-8208512 3405123
2298434 -7491302
-67779 9996014
-6236201 -4933957
3098228 -8276773
-5751768 1303438
-6386527 -9240001
8937697 -8624936
9439047 4614143
-4141333 -4835067
774246 6326278
-4106736 4105687
342083 -8150771
-3101095 -6369183
-3167391 5043192
-1551685 2649025
5157723 -1375902
-8863536 -9253250
8329145 -4910056
9329523 -5099737
-1279946 -6056275
-5296275 6094108
7469172 2333527
9464023 6157774
-8677293 -575429
8267202 -4677310
1944729 -5386695
8978887 -5839534
-9692365 -7713187
7330005 -4122208
1043170 -2859756
-1719306 -4221680
9041422 -3799107
-6192810 -582842
-3166226 -113080
3830645 5653065
1747173 5553828
-2112645 1050722
9724849 -8267303
-6326379 -2648622
-4809579 3563908
8177214 -8059177
-3898711 7135150
9421963 7156101
5550245 8925276
-3934480 6751968
5046641 -3406585
-4689339 4346215
-6236627 4088063
6491335 -8365797
7287268 597147
8667327 -7161667
3889055 -8449206
5799843 -3445317
-3577587 -3869744
9694165 9473464
-8585713 -5870814
-8735663 387731
-9939816 -9968072
8957204 3202652
-7529027 5610429
4720197 7539077
1885292 7517614
-5877971 -9969142
4181413 -1834983
1278517 -9386635
-6548302 1468681
-4464173 -54156
-983121 -142895
5987362 -8664329
3325487 -2044355
2084831 -1802121
1101962 -2743873
-2711945 -4134480
9068173 1162146
9288927 8761612
6300689 -8460854
1573112 -3474524
9072686 -9297667
-1132650 5695141
6308506 3254099
7239133 -9854133
-7391936 2276556
-7866338 -7225040
-5889369 -5858705
2096940 637376
1351607 -47529
7208598 6698124
-7436356 -7546431
-3867933 -5503347
5774617 4148169
5687315 7937346
-5537177 2075306
2777639 9776779
5471921 6051861
-694039 4161342
-3176439 -5703221
-910312 -3454906
-8163594 -568375
3572921 -6260298
4377078 8463390
-1584139 8186213
4884337 8245037
3214958 -4375541
-7362536 -35666
-5887497 1863377
-199277 8412082
-6996260 2316171
2092950 -3220102
-7168240 -1702268
-7540926 -9918777
-5621997 -5345927
1199167 -717365
1230613 -4015957
-276255 3035573
1498963 7319886
-1977549 -5899177
4862212 2431176
8055635 -7093211
2871123 -1922830
9940547 -9306900
1621534 -500022
-8183851 -7742378
-962479 4625274
-7076994 -3574548
-3493325 -5614367
-960294 -4617920
-2818932 -6598970
-614927 -9761127
-4209202 928033
-9235729 9108818
5725993 -193886
-7762710 -1213278
-5790137 588205
1181727 2809278
-3981270 -402662
9097317 1122274
-4103751 7640264
2265538 3429818
9855270 4933770
9319403 -2295103
-4396671 8878298
-7720672 -9124539
-8885666 -4699251
6228782 1664402
-6710428 9421484
-8256050 -490595
8296128 9015566
-7879877 -6018759
6790519 5022343
-5380318 3301851
6940477 -7190751
2965865 -6283001
-336831 -7163274
286848 -4768597
-4547348 -481560
-9086910 -7877397
-7001936 1055982
6356731 -6807582
-2626828 6628750
-1433413 -4898134
4611271 662745
-7805337 310537
4291778 -4576249
-9553905 -5685214
132989 -6401351
8924250 7582129
-8700872 -2926533
-7573455 1890115
-362129 -6521351
-4486559 -4770254
-2647651 -2393125
8662857 -3573469
-381050 -7133234
9495516 -2464059
2637807 -491526
-9828781 -1937897
888993 9765430
-4810818 -7634118
9197021 -4819229
-8704227 8151629
5733758 -669990
-1080171 2736375
7142843 -450762
3027887 -6137273
-907527 9297066
-3096059 8541329
7484212 -1038826
1827940 8083151
-4380908 -2896838
-872011 -6160191
-5581736 8256899
538681 -700792
-5818557 5307257
3004381 -1755785
-3604156 5894816
7741178 -3183494
9552881 -7870398
-5804808 -3338992
523735 6695724
-1490858 7223080
-1719239 9616208
-1422618 5413084
3496235 8281325
-4615512 2921675
6761484 1631679
-7595070 -2971171
6328037 -8820252
-996642 2943611
-8812173 3025832
-1079352 -7992261
-1175755 -2416329
-7770374 -3338173
-4160813 -9106522
105555 8941170
6164250 -1120726
-8988166 8614697
-3455867 6961363
5242689 -7894432
5027243 2556720
-5811601 3143529
-9827642 -5694921
8001180 -3406671
2053293 -983253
4558932 -2995462
-8471371 3241120
3341143 5995932
5174111 352874
1246352 -1912879
-2971708 -8986702
-107428 -8648093
2482957 5708894
-4813390 904406
3009975 9027090
1583811 2945651
-3910820 -9446430
-5141350 5772210
4881892 8777890
-9689011 -7140170
-7619280 -3064815
2692657 4869921
865854 -6090651
4262223 8550152
9153626 8556317
9569616 8024927
1893187 -3818082
4407164 -8021460
-4600701 -5623856
-6596766 9593774
2539425 925626
1479196 -2496603
5791960 1144957
-7560801 -1145802
1714028 -6809796
125389 -7249811
136462 4094748
8004097 5334398
-3599098 -8997684
2074986 -5217328
5323952 -4445472
-5747202 1644602
-3860506 -2782861
1593283 8659963
8253737 -5944855
4980771 -2487131
-2467381 -6690485
4454472 8976320
-2169482 -6675421
-3485217 6893672
2160213 2060899
8671999 -843476
7007274 -7703325
5815344 -807551
-3508527 -6591824
-1037295 -2109670
2051284 -8184575
-8451084 3215503
-5608182 8190778
-7754076 -4341449
3171421 -7354444
-4044929 -256953
-1280633 -9295960
6544971 2925895
-7664081 -933762
3643489 -6940246
-5267370 4496132
-690840 -5168160
-3459359 -8260096
-4851920 -4875496
-4468814 3032115
-2636108 -3372863
2358993 7582470
-1710400 -1087191
4571360 6750811
1912719 -6948124
2794924 -9740867
3479525 384142
5826390 4030643
5613233 24496
-4399398 8162309
-4825206 -8226926
-3395085 333232
-5410512 -2999694
2124810 -4338092
1210375 -7746079
-1118942 172348
-2245182 8574268
-9996571 3756403
-6976433 -1439230
1612647 -2908859
-2649725 -2547362
7836781 6923923
954566 3346152
5887001 -3820477
6858184 -3432200
-9142774 -8512397
-5662812 -7967022
-966716 -2537859
-4359598 -1073324
1180597 3674446
6363146 6850777
-2058603 2578008
-3665589 6634316
-4804913 -2055174
5035968 -8125670
-673031 6807734
3731657 4902595
-9234901 9680102
-4140375 7202575
6286727 6652100
8139704 -7282191
7267140 7143954
7122447 4993244
-6080080 8816776
-4992425 -7237151
9613627 -2383130
-9805122 3887073
521390 -2444976
-1983797 9045641
3436324 5716477
-4959437 5568523
-7012530 -7236707
4959747 1288572
-8992501 -6247431
-9595330 3335724
-1430115 7294227
-3045467 1060726
8570322 -4162975
7170154 -5923020
9356182 5006594
-7376536 4694081
-1418846 1486161
1557537 5334694
-3103312 9102544
-2664627 2090092
-2341385 -9666988
5612657 -5107712
6180860 646085
-3084993 572404
-6091872 -295288
-3001061 9836029
-6586893 2478013
831391 -3530176
-6936844 -8016571
6990023 -9482103
-2271670 -7580662
-3578149 2129840
-2535466 6309484
-2071619 7979389
69481 -3122426
-2789414 -2219894
2672395 244449
3406886 -7176757
-4088001 -8630393
1074319 -9678107
2674274 -179873
4814493 589610
7059434 6087381
587162 8162236
1196485 -9877409
-7458071 -9906462
2223378 8924815
-2249349 -8519867
9459522 2204264
9081839 -1804616
5975491 -7954645
-5193844 8808777
-8367979 -1352114
-7466155 8213043
1051288 -2455980
-119500 3608165
-5802225 -6274437
2329296 7211345
-2110067 3773562
3896153 5432811
5526349 9086418
8011233 -1045566
434567 -9733921
2470343 8278236
-3526379 -7589559
6972149 -5931466
-7122688 -7550888
-6386650 -8221695
9991348 7025685
7086057 8663547
-5211936 -6441011
9800904 9482909
6694254 -1014160
5275754 2130200
-9920637 7100539
6186957 -828093
642693 5605712
5871791 -3285458
-5007221 3593613
6004054 -9141513
-5072979 -6017248
8948216 -4507445
-2729139 -9679315
7346370 5077918
3741465 9778561
-6662450 4432428
-3568311 8529530
-9968278 5654806
-9698641 -6874056
2742835 5307476
6995735 -9619278
5986435 -1070207
-1839313 -2361572
-8767959 -5625422
-4766935 3153466
-347430 -247552
5245003 160087
480772 -1399214
-6321296 -7484136
4810778 -9656505
-2707725 7420170
-1533948 664680
-3680513 3723964
-633740 -1502226
6321602 -3379154
-2998432 -7890904
1038889 3317337
3472117 5504355
9878934 9199576
-5130605 4704159
6972959 -4888001
-2211562 4521965
5639104 2217962
-2749821 785563
1129058 9317808
-745670 4577309
-4758011 937685
-5338351 7720382
8734508 1561476
698674 4027910
-1346642 5056110
