534 -1462321 -8917804
790
-7651299 -2540634
7123498 2714434
-4511672 384118
4258566 589148
4329560 4093563
5520050 1812673
7018770 7931196
5931911 -8587263
-2595014 -2812301
6463238 4672147
6499457 -2507815
-5981590 1407060
2673263 -1757608
-6349654 -5036106
3501573 -6237596
-6261877 -5267457
-36671 -1633373
1267097 -9138379
-6032879 -2031991
-7938427 -4474337
7338336 813034
-8739418 7581623
1510712 -3126542
-3422491 7192494
-5619007 8915699
8924236 -6959252
-3035840 -9119550
-877157 -7057354
-2093460 2153776
5916180 -4710459
-7461564 3924466
-7708907 2170655
-4451372 -4981883
-4497521 3558190
9083854 -484250
2845136 -9919596
178379 -1061458
5812001 4105718
-6185436 -8310909
3121142 -7610490
7946610 -1804442
-923992 2045378
-2495624 -5089229
7064547 715203
6004745 -2072731
-8148265 -4502921
7667735 1059533
6077651 -5857172
217370 -6783637
-4751535 4096482
4176886 -698776
756119 8093601
2199320 -5644735
-3955644 -3431880
-8526018 6013884
6725794 9165499
-6272771 9420593
6847716 -4198197
-966642 1231606
9158875 3912263
1925694 7554455
-1386011 -8989390
7669790 -406571
-4673855 7207992
1304474 -2112840
-295263 574610
-8815436 -4518640
-7647023 -9539144
9545328 -4099764
4430472 -1602667
-9920816 3535662
2956255 1156267
-525578 -6193586
5038020 -7679677
6232586 8507780
-1421412 -3286753
-2276143 -1841719
268062 7192577
-3083079 7909999
-4202841 5594207
8685170 737747
-1264541 -1981752
-9004544 2386086
8286322 1088436
2002121 -9459216
4076447 -4766854
6389413 2081306
-1595928 9549054
-8130622 8380187
-595680 5958444
-7328309 618316
1292949 7982908
5175485 -7088100
-9178101 4077364
-328429 4608758
-4653495 -3380942
-2846341 -9126907
-4224469 4081964
-4829600 -1850885
-1310100 6578205
-8188648 7172521
-8229821 5282699
-2651895 717117
-902695 -7309397
8649047 -782517
2352152 8501625
6484533 -8679262
-5767362 -6354899
7722465 -5823630
8785128 7570889
-5810052 9910389
3299834 -5868367
729949 1343607
2009074 9075366
5653571 5900349
-4410778 -9301026
-1501975 -18725
-9301607 9875754
-7433643 5846131
7579966 -204302
-9186325 3731757
-2431153 -67882
-3906428 -185440
3990930 -5682162
-8111273 6332389
-1240870 -4707590
-8059605 -3921325
-61366 4575317
-3832965 2670344
-8912955 -8052291
5163035 -8179394
-5681766 9192619
9068373 6177413
2023544 -4983373
-2671323 4151083
-2117160 -7880138
-5431667 -9341296
473264 5451687
9769525 661905
9510646 6980546
-7727044 -8341747
-9746720 -9213871
5361446 6729703
-8083601 -7291733
7172328 -8471519
5865439 5519796
4712415 -5148285
-8970872 -9816327
-4799700 -3702859
-9551776 -4430976
-2311113 -4954671
-4295967 -9152584
6299103 2257220
5435477 6177297
3157843 -1415019
-7240414 -2537525
-1751396 -2052849
7193206 5529218
753837 -6389950
7654883 9109605
4629401 -2073835
2777881 3520323
-3779652 -8141831
-1844690 -3676639
1892386 -6062999
-1017670 -1396466
-549050 2097625
6871197 -2797284
-6619987 8266405
-3148614 2306674
2285501 -945791
-482288 -7872676
7656543 -9465894
6660508 9227271
8336876 -9073268
-1147102 4315392
-9647933 -4517370
-2659201 4147131
2986844 -3427585
-6974232 5496109
6615995 7395582
-506793 2008099
9210815 8583297
6849702 -3635596
1187430 5107180
6677741 6217441
8344765 -6527068
6523390 8711806
7939077 -1482340
-555607 3183898
-9984358 -1207695
4274935 813643
7477126 2884061
1972829 4132086
-7855453 463970
-2140447 4998597
9523048 1276894
-139809 -130888
6233517 1250215
-3642604 -3290106
-7072665 9937299
5926583 5551489
-3220353 3788452
4822465 2449973
8150224 -5281276
3511030 6783210
-2403147 8165866
1049928 -9697683
-3049244 -4926021
-1945699 5539109
537706 -8388345
2888550 5913854
-4217033 60755
-8689030 -7251259
-541365 4532836
-3013513 -9815282
-1747440 -5097678
1207127 -7086929
-2120604 5032207
2267284 -3970408
-7187198 -3970380
6711839 8294666
1113335 -7073993
-9483662 -9721881
5817228 8064091
2192099 -1429361
7000846 -3645066
-1067959 -4919351
-2170610 5300165
-7650647 243012
-7055918 -195622
-2776948 -664160
-5234737 1196642
8745202 8430179
6976123 2644660
1190632 1012486
-692848 2305277
5231284 -2097529
-1819410 -9579513
1000931 -1736026
6834614 6514170
-7130895 -6806970
-1726321 -3648188
-8348023 1801146
4560510 -1380579
940151 -5998670
-4146478 20945
3733939 8163204
-890265 -6864862
5779798 2479141
-6508373 8602211
907488 9486782
9905606 -4684869
-4264381 8655125
-3080901 -9397452
7116719 6736550
2445932 -6246287
-7378123 2502176
6819674 -9280389
-8144616 -5726146
-9208464 -6103463
3917482 2795536
-6524908 -3354941
-219803 -2348579
-9869437 -4898821
-6296610 8076347
7563129 6138542
-8546326 -2872769
-4217644 -14913
587636 9705645
6442195 2701455
-1028479 -2295645
2722883 -1111873
-7875910 1593398
5867253 -457443
3439094 -6020526
-708638 6658789
5820200 9872928
-2475650 -4717194
383986 -4399603
6193096 -9828735
6309807 -3396272
3730959 3756226
6257665 279833
-14522 9513315
-5268877 -3154699
-2933992 8944025
-9651496 3702644
7812394 9788891
-8152199 -7527406
8968421 -3804001
5371141 -2196753
-2323824 -9223865
-3941058 1191341
-691909 5200526
5371791 -1040720
5563008 -4498813
9257413 -5802050
4477784 -8189680
3839987 -1968569
4876732 -5536738
-6592712 8571110
-5209894 4459093
4247984 -6244208
8744739 -7397499
-1201500 -1387863
6415385 229512
1005647 -5830359
-2122665 -5908439
1808439 -419059
1056573 7185426
-7313387 -2819770
-6105468 9135934
-9053746 4460379
-7508190 8372316
5351931 4786241
3357352 -115106
-5656013 8759219
5031363 663810
3266311 1108324
9720461 -3707546
6521966 4581164
1267157 6135846
2743759 -9956034
-7858741 9144492
6329918 -5447802
1732428 3197833
2333767 9016532
-4006737 5626961
-3484371 -4203627
-9417386 -1514927
8369967 -8132440
3143131 -3543682
7120129 -7286045
3822279 -9309153
-3016699 -7097208
7483956 -3940908
4711291 6021620
-1418062 -8732534
-9588042 -2544950
2007249 723197
6437382 -741771
-1725239 6256029
-5600658 -8712499
-2916126 -3215624
5269449 914972
-4701116 -9817159
9155511 -3844232
-8613925 958368
1649215 -1208008
1694785 -2275294
3783799 1148868
-2829512 -8304907
-7037441 -1504910
5950140 5752426
8991976 5890870
-4850901 -9526259
6729771 5429358
-766788 -4059788
2724588 3645465
7076789 6317086
6499927 -2005963
-3333843 -7624326
3334042 -1828209
6963783 -1947767
5776939 7499609
-1351523 -1341432
-7129986 -7922910
572180 5818966
-5912256 8348925
4239795 9038673
2028766 5596072
1025431 9388894
-4670894 -8725111
4920355 2774995
-907919 8053694
8564083 1997144
-3110830 8108361
-3719848 -4769759
-4201174 2739564
239173 -6756065
-5581144 4092117
6169208 8887651
-2777031 9805222
8154147 9257740
812765 1310713
-3093214 2393943
1782837 -7158468
-5883579 448569
-6776436 -371704
-2318010 1553128
6066625 -5168003
-7059642 8762426
6509019 5472147
-1788288 -8263138
7497150 -7692155
6399962 8450885
-145112 4432358
4237580 -4914478
-5656737 7077857
-9095077 2391727
-5214330 -2327620
513912 -9671939
776630 -915140
8713156 -2853314
1216166 -3483454
1348543 -3604854
7673924 -2717209
-7245061 -3194746
-8941532 4182943
-992860 -6516997
-8066112 8555618
2987976 7923455
-6991023 -5694871
3899338 9741908
2133636 9868592
-2459027 4804261
5132322 6919306
-3995834 8054885
7717923 8425304
-5058150 7233674
-6371179 -1065910
-1266767 -1193254
-1871648 3819097
-1997959 -5995476
-2512473 -813180
-9741209 -474467
-2551012 -8062232
-3757103 -4236881
-4494972 457966
326558 -9857765
-2537151 7638664
-2925678 383883
-1561231 -7404829
-8979524 -4405159
-7171485 8673044
-9876514 8478678
-2714576 8973688
2792786 -1143280
2861244 5413776
7116949 3311179
-7163288 -9651228
-7713460 7375740
5655211 -7197947
3260019 -8954211
-8811976 -8839761
1315255 6102929
-3513187 -8832775
-6237603 905930
6500771 -2558066
-3885022 7299225
5777903 1845638
819327 8754817
-2388463 5579680
993456 6128465
-560356 -9527219
3337905 -9373243
518849 -5207292
-2405239 -1859203
-813414 -3825939
9850652 3371132
-8009586 -7109037
-5941812 -6317740
4588190 -1522773
-1564487 -9663063
7636162 -6394687
5450951 -2933157
-4178340 -4069582
-8489902 8786630
4915095 3433197
-3577669 -4980094
-4353336 6871091
-8336200 2276588
-9582614 6165513
4855926 -8225087
-2337602 -396028
-4988713 4706579
905191 -347188
8130039 -930524
-593587 -4506619
-8384954 9081904
-3851253 9558928
-4510654 -417651
-1631020 1970408
7919957 -3000556
2019350 -6715925
2671519 6858640
-864771 182366
-3652120 -3148329
-1373416 -447385
9156587 3720158
-1573263 6288982
-4058206 -5832125
-4246297 9331928
7341661 6588185
5670089 -2323532
-2764604 1473059
-8944591 4335189
-3694403 2724742
9724186 -575611
-4775184 6741906
3600547 -5740111
4442255 7896335
-5251994 -7264224
2288391 -9209865
-2973354 -4109057
4696277 -6038670
-9354443 5453383
-2698336 3154424
-257391 -3600740
4075729 7159677
-8850911 7929051
-5219408 3827477
-3447780 -7795502
-5854761 -6397459
-9655553 -3723594
-6947353 -629945
9782743 3944994
-802878 7494903
801390 7047101
-7061956 4001865
7963196 7828036
-4202228 150674
-6694902 1125105
40718 -4384212
-7224535 -4435941
6009462 6632799
460276 -6075446
8645404 -9209946
-5607405 7012496
5805255 -7209357
2160699 -5262957
1198389 8857902
6352805 1943442
-1009457 2911864
-3086271 9670548
7498584 -5555060
4595614 7393277
-1481617 -6703644
-1087856 7900712
5981123 8559101
5191900 -5796038
-9355132 1990586
2780640 -4347824
5181025 9290273
-7919084 7173236
4426631 986280
-155818 -3242033
1217761 -4374980
8536884 8713340
8383888 2724657
7169597 7966966
5360243 5882472
1695181 -5718437
4698627 -6121374
4954079 3123677
7327639 679750
-7329664 145979
-1685492 7972508
-220867 5450977
-4859435 -6504467
-3001835 1860049
1134369 9567196
7708568 -641301
-1927961 -7647870
5076787 -1238195
-3271229 8972279
4854752 2246384
-955701 -7910986
8483993 9066285
2189962 -6257074
4422677 3438072
6100404 -482398
-9993538 -390635
7576694 -5585088
-9573203 -214405
4161996 -7282741
4800807 9941314
-699987 -4703635
-2351504 2509376
-8728819 7372053
6344332 5241635
-9995628 -9483696
-7394682 -6284564
5298073 -951329
2791598 -8910689
-2956264 -2511964
-478010 -2785725
6823640 -6855860
-9924596 -471548
1830399 -3083313
-366054 3018553
2959867 8508747
-6194887 6951106
-539518 -7740120
2148285 -6030039
9211596 -6751985
6280671 -1507382
-5275594 9215968
-1735360 8885989
2491653 -9977520
-2489484 -8943762
-9213135 2051741
5195881 -451142
1593662 126857
7043544 -2212363
-9193810 -6575939
4449160 9193843
6144949 -3717591
-1457711 8254273
-7775766 8121783
3886150 -9309425
-8300455 3952183
3168151 166821
-947190 -3576049
-3553569 3949143
-2478267 4060815
-3887444 -3526701
-1461491 -9175050
951808 3824789
-8387574 -9867829
6072584 -9488296
2221899 4934968
-8782623 521745
-8707630 -1633152
9004983 -240333
-7033406 6032957
-14860 2891133
-6942046 -5333861
-6393558 5669643
-381213 -5372883
1204284 52874
-957475 -343128
481823 -166807
-6342018 7581035
229558 3949983
4461687 7786761
-4761919 -3697857
-659760 9199939
-2433213 -3544541
-1268522 632610
-3334433 9088123
1979256 -5785576
-1119437 6650707
-5163297 5037211
2180680 2487005
5056231 4455490
6628714 -6615036
3218157 6615109
-3287504 -2889463
-8939480 -607508
9695605 6942054
5760549 -1961440
-2761501 -5066314
-6094503 -4899211
5733400 -2678362
-3590239 -4846673
-632249 -7601033
1566027 905370
-4057419 8248314
-6748328 6402730
-6625428 639613
-3459071 824255
9955716 -9996714
9630176 2275439
-8332069 -3331788
6126619 -9309304
-8754392 -8636464
8813574 1887168
-495690 -1515893
-1677902 -7280928
-2127601 7754062
2669381 4731859
8153581 7240151
-1995183 -5764592
3154490 6612514
-2747873 -6227159
-2886551 -954586
-951299 3793057
-3931504 -2930835
-3746270 -1321123
-8114075 -9747221
4132667 -7619651
-3216131 -6868466
-5868007 2946241
5665313 -1195469
-3441407 -5029557
2218655 6054065
-4189432 9227975
5979735 372236
-3015249 -3668263
104579 -865774
8179640 4236878
-9453713 7218028
-5712807 9744693
-9060078 -3385217
9383914 -6942725
-4562376 5342200
8473734 3516581
-3537177 -5262154
3542377 5122079
-9907477 4644488
-6785095 -9899029
9328946 2311178
-7316586 -974527
5357211 -2174967
6959259 -331835
6421396 -4538210
5196170 -2344748
9916297 6967683
6098819 1999715
5056991 -9143780
6198420 5482733
-1000685 3010967
7748813 -2811494
4826937 -2021510
5139330 1291191
1392162 4919460
9746990 8354236
-2620291 -6762540
1062493 4946757
7131274 -7263080
-9284938 -9461895
-1806643 3552670
-6963294 -1572416
-9572700 -9373994
3998578 9135525
-2865390 -1999357
-8988390 196998
-98144 -1349723
6628767 8760424
-7432033 -5271206
2164606 1768098
-7361314 3960129
-286059 1911597
9374706 18395
-4728332 -9223566
3830891 6505980
58651 8503082
9447019 4540600
5166607 3095357
-5252766 2390671
-9608686 -834815
1878536 -5601804
3048474 3919276
-4803948 4296744
9025538 -7806407
-3521957 -2235981
4240500 -6293503
-1865554 -883271
1651477 -6045559
7247228 -2490848
-5984868 6923145
-2057421 1078119
-4381280 -3409865
2201844 -2610402
9780269 -9214673
-7533136 -534570
3863627 2687935
-3392788 4345400
-1357855 -3087899
-894306 1803264
9567284 -9815965
6406884 5583738
7216819 -3675864
278578 -5458670
-5433166 -1131704
8307793 -9957842
1120277 -8901681
-2311546 -3749627
-3843677 6738997
40676 2406651
-8127919 -4063407
1140880 -4976107
9369293 5735708
-7352191 7748092
-7932291 -9472210
3228178 -5730144
2369946 4151345
-9524519 -364938
-3307255 -413235
8455062 -6729589
-6687431 1259579
-5125750 6762855
5529580 4432847
-6311804 2562705
-5030644 -8314096
-9861151 -3754775
1269118 -3158563
-7422854 1279729
