195 9381703 -250110
1000
9117632 -8446107
-6467633 -8269925
2081870 501859
9092963 5318595
-1046536 5592180
4018285 -684916
3547599 3749234
293845 4019717
-8537832 -539858
-6880219 -2040917
-206544 -4328610
-5680952 3176388
-7875177 7151647
2326789 749263
-7352681 9243822
3314067 4593031
-1160542 -8235049
2266810 -637213
-5318618 -9078672
-970139 -6123874
3191210 -3848802
9900433 -6951854
7067863 9255161
-1284697 -7289370
669713 1046383
-765874 1835085
7527825 2979521
-7352479 3553174
6818789 9652649
1412823 4974310
-7916307 9466108
-8768941 7243243
-3393970 923151
1844480 -3985778
-109652 -6196236
-45038 -9125659
-6077513 5597910
4853071 -7628253
-4917622 3506702
-5446915 -6431625
-2080188 -1731557
3764317 3787211
9856737 -4552363
7616638 6411838
-6097500 6675527
6141635 -970538
-3727295 -4013807
6909344 -110953
5903269 -4604913
-801149 -1246176
-7855483 8309969
3907879 1670165
4041913 8583356
2090058 -1239050
-5154323 1640643
2425438 -840504
5463059 -4718159
-6754169 -3810245
-7398407 5319797
1995324 -9137531
-7591717 9020445
-4993362 -9346689
-6941290 -8802660
-3407573 -8084017
-6813841 8961979
7271948 -1692370
9977796 -4669323
-6085967 -6303821
-5026518 -3463939
693056 -1479556
196292 -7664489
-2382647 -6881506
-8175398 -4340649
3495500 863184
-5757995 6942547
5962993 8007176
1176840 9166641
-9636019 -9030369
5401966 4235550
3197530 9472761
-9703257 8588126
6435155 -7014170
-3317990 2790891
9326952 2865540
-8614016 1655492
3991003 -7463640
8171207 -5901372
-7725668 4124708
7504244 9995809
-545292 5769832
-3706639 4262602
3429243 7934053
1420037 7470201
1705751 -3690424
-4217663 -3177997
7926481 7419633
-9594536 8595433
1386324 4361636
-2772823 9603826
-6224330 -6770371
-4234011 -8870487
-4771858 283025
6924086 -6062804
6449357 -2497526
5788658 4428330
-1309068 -4095934
6354471 -7917981
2068572 4636527
-9053896 -2225492
4596512 -6225676
3710309 9244793
7840226 2522993
9400982 -3367875
8752303 -773449
-5027468 -3371841
-9725976 -7472027
-4672649 738521
4675718 -4497834
-4479008 -7748563
6679767 -6358573
-7938155 3826003
-1575626 7887052
2523579 8416317
-3809175 -9507053
6783623 3469683
2714477 3303689
8343035 493932
7126058 -6928945
-5186042 7744017
-5627824 5878361
922687 -213510
-9474988 -5353800
-7335281 6250038
1017827 -2282918
-6125139 -9297937
4528066 -9786054
8100998 -4063293
-5646976 -7047559
5961740 624578
6610613 -6939799
-1119757 2745363
5755647 -8158558
-5087502 -2776722
-5032705 -4601943
3792771 -7757192
2029299 -8144177
9018375 -5284542
3481848 -4929337
-4695903 4199446
4901510 -5500325
-5286379 -821042
5115665 -8054072
-5101631 5330972
8471902 1985041
-2438405 -9139891
-3878176 5082515
-559690 6441838
-6334884 -8122528
-2724471 -3130840
-888032 -8851237
-6995414 -8931700
8300110 3657619
8728282 4539313
-1261240 1781958
-1202015 -5967621
3211338 -6359730
-4413802 -3972041
-8641069 -9156645
-4655251 -6999080
6377381 9830833
-2570300 2906344
-651818 -7500794
6893030 6870010
-6260830 -4470350
9194765 -5831441
7753212 -4632509
9025110 -7800649
6738664 6053322
-2164719 269745
-3181524 7993776
-8365954 -850382
-2306071 2546166
3389522 9736597
5253869 -947140
-8599955 8734271
-5843033 1631250
-3353192 -8653902
8216108 -3978499
1551151 -6460162
-9775250 4471631
2355474 745916
-4538381 7977962
4031284 1380584
4166681 4716635
2710412 4382917
-6467464 -9014842
3531324 -3139190
-3402593 1226465
2795678 -3079154
8171469 -8148724
-4001121 -3287925
-1941827 -7671564
-1650063 2645687
-1298122 8790634
-4221383 2417440
5679708 -1073372
-3095410 8134091
-7968973 -8858673
-1625685 3452226
-2164856 6197709
7182867 -8915273
-9538111 -6115968
-2373151 -6769457
-7332258 9575649
3943277 -9577473
9650955 -9160789
5684000 9942156
-4895804 -2290872
-3500238 6550289
-1032270 3806074
5249054 2278379
-7071178 7163790
8305118 4669996
-1877778 -5040150
-8842441 9195785
-9719488 5957366
9841398 856778
-3396327 3258753
2834402 -2531752
-9592873 -728585
-7373021 -3222320
-3280164 -9941918
-9716437 827331
-2622380 -5659616
662810 -3216675
1578057 -1138298
-3974507 -4088136
-9418140 4506879
1983081 6846963
6042748 -1295917
7177801 -4343008
-969878 -1160388
-7901635 -464448
7003800 5633796
7421563 4932768
4226800 -72721
-7498286 -9951458
-6607775 3462988
7803373 -7214723
-7915046 769846
2147900 -9017465
-3105600 -3820637
-9313757 689745
-2463292 9992612
-8786953 -4814324
842669 6095808
-5064580 907201
-9557247 9872791
-1977061 9550138
-3000742 -37095
9890184 -4555497
-4506955 -8773942
-2794602 -7608102
7693527 -1114729
2171469 7525123
8507659 9778482
-4042155 -5680631
5009115 7918411
427375 9160440
-5653883 5062175
1157984 1640423
5063976 5188786
-2422071 -1390244
-9323754 5506729
-4530366 5600869
-8954628 -2324496
-8582086 7876170
2784421 9054769
-9543608 -8860335
8664788 477948
256430 -4855787
-8020065 7172447
5090858 6214276
-2108932 -494598
-5432423 -4481766
-324991 2237185
9942323 -1758087
-631978 -5261015
2762066 -9963395
5637474 44268
236125 748052
-1375778 -800802
-9229681 -5829609
-4689944 -8591357
-5597056 -8773288
8887277 -6025155
-8852708 4659374
-6609998 -9132788
372614 6238151
4272737 1281071
6034608 -2543456
5698457 6464098
-8796917 5976932
6013537 7582831
-2372900 -3518499
7229553 -5832637
3366561 379577
4549968 8370127
2295123 -3346768
-2120056 9860025
-6165130 6698067
-6126207 -3232778
-9849214 7498514
-3746983 -2736204
1061219 523401
7979945 3042106
-493796 -2904173
5589111 -3805246
-6222414 709287
-292860 1602648
-1713637 -6078962
4300615 -3063307
7823173 4169276
-9177491 -8633065
-8773040 118296
9332715 -1297547
-2013973 7578182
-2406951 -6793492
-7013344 -9346834
1176567 3846066
9404525 4047875
3660055 -8327136
-9616030 -1089271
2136369 -750834
3368167 -5838444
-9401054 -8156491
-8703445 -8345470
5823807 -2584087
-1217151 9119728
-8245624 6646316
7865121 -7473839
2620696 -8912909
6809951 8367501
9020667 -9786255
-3423837 2312960
8877187 -7286414
-5613550 -4019312
4891418 2537242
-8213591 -5229580
-8551671 9544139
-8612352 -2329072
-674542 4563627
-8020459 -7315797
4320283 7665617
4311933 -6721258
-4195097 -1408989
-7805546 -5306593
5577260 941951
1155696 9004406
1317366 4597927
7311513 248212
-1254748 194553
5248148 4214315
8984735 6153022
5697161 -449091
7221837 2949416
-2486956 -398838
-5198283 9063647
6729265 -7991063
-4712321 9122001
-2286988 -6442450
-9232691 -6391066
4550886 -92533
-8571775 6344569
-6541152 8222934
-9012502 -4738057
-2027152 -9229639
-2498972 -267249
8402125 -6779004
-4711743 -3514236
1951532 -3384361
6216801 -7489906
4090094 1980928
-3493783 -8981482
-9859481 819359
-3106739 1793896
-2080817 -9630116
-7206297 -2339429
6521492 -7529931
3209355 -5778072
-7999777 9980341
3267054 4196854
6445957 -26929
3194068 -9231917
9770199 4848082
-8536279 998677
3508772 1721731
6219012 7680522
1215393 -9884782
-6549071 -7274771
-2964522 -6127736
-5757852 344190
521113 4954661
-58918 9552203
-6225869 9558958
9539299 5666789
-136357 -4225646
-1736222 2806353
-3909212 -3690400
3674035 3974198
-5027125 -4139013
99071 -2345892
7850983 997999
1113217 -3681917
-8440336 -933624
2938640 4564146
7424689 -1404858
6066155 -302859
-750656 -9537846
-9978888 8523589
4190379 -4460172
-6169466 2076763
-5116883 -5945978
-7120025 2094312
8584862 -6509743
-648755 6554010
6724470 -6442262
4555737 9450316
-4231601 4575453
6158181 8185307
2749453 -2671937
-1560442 -903178
1310315 -7309506
-6847351 -5494287
-6970697 -9440341
8615839 -6826239
5250525 7219682
3790056 -7553626
-2942962 2649994
-1343397 -813617
8256745 -4358099
-8284009 8007848
7458164 4981216
-443331 6271728
4457035 5742915
5587331 -4285149
-2671975 9722841
-7586665 -5973111
-8951046 8638340
1714351 8082336
-8743902 6594609
-3669357 330191
-4707083 -977025
4189321 -9879300
-692917 -5133693
-6975440 -7154076
3370125 -2436171
5061397 -5259449
3528632 828289
9087557 -5381934
-7150731 -9497981
-9775140 4674888
8701777 -7306354
-8668014 5154548
3236884 2267083
-1138307 -4437310
5892881 -2990666
-1451339 5192336
-2170612 3702150
1084809 5254334
8100259 -347176
-266995 4109370
8849921 1470384
4815025 -5205598
-8071180 -5105095
-4603075 3902582
-1422530 -5221910
9988088 8138137
-4190963 9795599
-5420965 -8679925
-3117235 9045922
8571608 3440728
-8850584 5291998
-8489500 -2879730
-7625396 -8504843
1147981 2595309
9221031 2991215
6977951 3397338
8191740 587305
5482210 1792977
8211911 -9879440
7415002 3395487
1533625 9305734
1617685 -80557
1239518 7342662
-1095064 6196720
-7846200 638635
8446985 -2523455
-2886833 -6696783
7314726 2473837
7585498 -512229
4995339 -1537293
-8139955 6806530
-2606165 1973290
6282619 2568137
-4794951 5392397
-1212115 -2989117
-3683383 5136404
-4944153 2837862
180524 7934302
-3352625 -1188283
9450352 1601813
1594710 -1198825
-5379256 413689
-7112474 8707877
-9288000 -8064530
-7085471 -9526976
7279554 5707339
-9803018 7290926
-140937 7189741
2582139 6479601
6006836 5064113
200517 3886376
-3275762 -7676547
2774108 -2227284
6584433 -578886
-8977073 1937835
-9260990 6034785
8964826 -4866011
-6158134 7876107
9811577 -8147648
4841728 -5446133
2777558 5242459
2533385 -5362365
4343728 2974540
-8029506 -7607551
-27086 -3074133
3328595 7977330
2817136 2689783
-9537501 -9947167
-526052 8107596
45431 7046932
-4401931 -6986773
-9336431 -6699207
-8823100 7079247
1447951 -5494565
-8424346 3504830
-1252711 -3710321
-6556334 -3130435
9844105 -8719326
6189475 7787395
-5286738 4330951
-5175366 -3837611
8852172 8041858
611043 158122
-1734282 1831023
-8605693 2601343
-1869077 827501
4128294 -3007624
-5928377 -1205508
-4183721 -2178453
-8673623 5519574
4325606 -2608066
4261499 -7409982
-6129308 7769272
5556667 -3378044
3469260 2576520
8738909 2786282
-6655508 8293894
-9031632 107434
-8061543 -3528113
9073231 -765914
-9938413 5849117
-7158507 -2795846
-1485002 -3293767
4527780 9429469
-2534605 4331277
4239563 -1629491
960527 -8208999
2076626 -8982586
-2360629 -2652428
9924092 -9850355
2935927 3624983
-5564771 1179353
-8713213 -1203229
5268659 -4596403
4637683 5741597
1590714 4341890
4062396 -2784378
-3561793 -3051441
8894380 5093746
-574977 -9034012
-663503 -3640224
-9332871 -6335413
-5317999 2813377
-9839051 -4739893
-4590247 -5162276
8462707 -9914959
-6219254 8345680
9658804 -7102064
-9182115 -4932466
3325483 4927463
-730647 -2028080
5187542 -5083803
-5618892 5848101
941847 -8374250
5108090 -6724511
-7848383 2883222
-935839 6960939
-225684 -7181254
-1921146 3746163
1100239 -7548383
5053010 -3995041
6866991 -7920701
7493587 8833757
-6098709 6525795
1453258 8311473
-3716607 -256874
4659323 3238963
-912936 3987288
-1870610 1556783
4832272 2545263
-4571514 -6762520
2714771 6983889
2318988 4492647
-9244838 -7510912
7457057 2914194
8919153 1855402
-3548947 2510068
1343825 5786144
2311940 -6055360
-7743887 -2238532
7504594 6281550
-479486 -8944141
5043147 -5319731
-1246596 1123930
-6330806 -6827463
8926369 -6414323
3085918 -902320
-6409673 1641140
-3353420 -4595094
835452 6861842
-8766404 -5896362
6613706 -245395
8057102 -2315351
1629289 -9526117
-9248297 -7114606
9166944 -3598245
-2542386 772649
-2030730 -1312542
9811389 -7499239
8189650 6722674
-9691649 5996935
-4905385 7116019
-1242841 -4089378
1315528 -8798706
8063136 5403740
9507378 -7849019
-5578062 9296732
9497733 -1362564
-888681 -7520960
-4635566 1127023
45130 -7620626
3152023 7047731
-4264811 7502744
2519857 -8878707
7843967 8062930
4059865 709507
-2174474 668671
6579293 1670832
-4611521 6582685
1986425 -9588827
5078506 -6548385
5264700 -5989845
2647591 2016797
-2987811 4762433
8405808 4275262
6654636 -5107024
-8059293 -1549062
8470034 -7676989
-6555696 -9807752
8255179 989891
-8300602 3804624
6989647 -5168604
-981419 -7958724
8623962 3568940
-3503535 4407060
375027 -6873261
9653247 4091324
8624473 -4360273
2918513 2300838
9092453 -4363338
529638 -6159327
2291612 5747089
8070101 -5013303
-4821054 761646
4267890 4030757
-2164619 5950477
-9218127 -1516360
524917 -5174972
910320 -199546
6723866 -8334769
7308322 -76862
6530814 -2901106
-4745027 6961569
-8221240 -2328361
3308301 8173486
-7985840 -9128787
-865346 6354292
-8659011 -3177876
100122 9721107
-3731783 9036287
4986764 -5631988
2851653 4103598
1444979 -1715010
601796 5892922
7558153 4871651
7311141 -2674337
4424557 4866475
-5655603 3841955
4029946 9679530
369369 -3876843
9510722 -2661752
6208892 -5100119
1722005 -1354624
-9117164 66233
-897479 -8177873
8706492 -2848947
3771003 -5910715
2374275 -5925503
9967419 -4784018
2603986 -7023928
-7181913 41924
7424751 -84873
6273435 7242644
-561474 -8230852
-2107695 303381
157981 9807895
7224128 9919379
-1435244 8883225
-1050541 -1053867
-6715387 -8036056
-885003 568332
-2826031 4507457
8581954 -7114000
-9381665 9548245
5040669 8549373
-8892351 -4261327
5653800 7858756
-2382248 8532400
-9698451 -5556413
-2736679 7056278
-619474 -9289794
3145938 -62346
-1179120 -3395346
-1932860 -8289306
-6325362 286691
-9144977 -6131895
8375562 -4694013
-9291661 -1971008
-9906411 6957516
-1976759 -8673326
-2934653 -2349390
8025718 -8352758
-9820358 5235500
2195439 -4356530
5216101 2997543
-3775898 9458760
-8087233 7112979
6233985 9370040
3597086 733647
3536690 6817477
-9314418 -211924
5094063 4391713
4937057 1577496
-1464988 5802402
-354571 -2453001
-2286039 -925395
721847 -772872
6978980 -4260320
-6100498 -6582158
-1068263 -825580
-8850468 9115603
-1255066 5155839
-2957769 -6937701
3795946 -5021080
-8203603 -9360683
427393 9848988
-3242947 4998332
-3424172 8037808
-3643437 -8305889
-8242538 -2372807
-781850 6001992
7745472 -528577
5211103 2456350
5874192 4724453
-6101127 9110606
742561 -5194071
2478121 7564757
-9372943 9487496
6982768 9520352
-9840330 -3060645
-3211656 1295517
-3706151 -6896585
3657576 3545397
-2244140 -4613970
3013223 -9985861
-1467517 -7970326
1501098 4747725
-2795925 8794307
3518760 9228553
855511 -6921733
-9599451 -66015
-2501257 4114425
-3881727 2878670
-5084626 -9357848
-2418493 -6898959
4396558 7591396
-9305188 -3113797
-9568399 3206760
8592790 -3131260
9399231 -9296187
-7266512 -5877635
8870090 -9551934
9242373 -3249062
8495843 8590518
-8331215 -4722514
-2272177 -8132293
5982132 4585686
9980708 5226566
-1614930 -7899595
7717798 -5103917
-7512521 -1517070
5369133 -5369292
7837468 5698643
-7432617 -1682914
-979100 -1053390
3068975 4482966
4931032 -5729260
1021678 -5544582
-6954064 -3310242
1967244 -7966127
-6098420 7231073
1816760 9695067
-2562014 2400064
-2983179 -5686180
-790097 -1660592
6822338 -5265381
-634672 -5786265
2428730 2191472
-9491442 9719148
-1334241 -2487534
-8004568 -7954190
-3683450 4251086
8706504 -557183
6132575 -145420
1888454 4268792
1499866 -9383829
2827590 -1693614
-9293549 5832978
-9853202 2781928
-8878663 -2276728
-5025756 -8126946
8603141 7943675
135147 -3144076
-3424928 1031871
8544337 -6839942
-4794132 -2242817
-7991730 -9460230
-7501061 -5961229
3893351 3231126
-2500081 8631514
1764037 8298157
9120896 8999785
-2650885 -5408373
7373556 9827347
-9933029 -2504087
-8114681 8494893
6438568 7557567
-5586509 -9511540
-5963316 9090068
-7749874 -6495084
1262099 -7418979
5637143 -2544006
1494765 -4213279
9017848 8136082
-716052 7904469
6202626 -3482233
-4482448 -8952015
8155965 -2160126
-2332779 2866667
2878932 -1954127
-3459234 -9749455
324464 -2719396
-9714584 5495686
4585754 -2745692
759224 -5677900
9419474 6835880
6808227 4537675
-9675603 5056617
-4290948 -9180656
8723813 9342245
-4139988 4993000
-1442662 -2557208
5282666 -6106084
-723065 9229655
-2724472 5466240
-1766863 4672219
-8047177 -3667354
-8171668 8557601
-4188091 4754592
9076692 -1069561
8282671 -912515
-6374839 8496166
-3930864 5090898
5910243 6465910
5808155 1778188
9287540 4634056
4593200 4184519
594787 -9638770
9590885 -124133
-4657893 2388074
-2939707 -3133587
-4284589 3575244
-5350803 -8470531
6284061 -2456256
6474183 -7022541
2064944 -2122895
-3626728 -2726794
-7635895 -1793543
-5327633 2442408
6736948 790700
7941108 2996874
-2818607 6024488
6385719 2534309
-7589824 292532
-7319394 -1507044
-2124278 -9731365
-3639769 -7742748
6303073 3591133
3651229 -6474220
-3496761 2587134
-9535761 -7358236
-85029 8568184
-3225359 9353863
-5687377 2279076
5586128 -6036639
6960235 -8950429
7074060 3527236
-3938455 6657981
-3049487 -4023869
4469087 -9011927
3773060 -7852528
-5595276 4861161
-1547705 2649643
6175424 3224149
-4188717 -7896476
7261641 -7321337
3763199 8791874
662090 -2823388
1972040 -9462159
7017554 4974713
6024285 -2441832
-8914596 3977789
635770 -4385303
1590828 9663302
3167727 102636
2250108 8576267
-4046219 -3059212
9590431 -828816
-7604667 4406076
-974048 -1717793
960871 -9277032
2031194 -3712407
-4019443 -5275930
7778263 -7306716
184350 7952597
8027117 4795817
-8710041 -3791365
-5660316 9112522
1292176 1925729
-7971635 -1553136
9539483 -5540097
-6082957 -3205175
-1517639 -4506736
9899340 6023827
-5693966 877694
-5882986 -8558355
-9754410 5266905
2507328 6148209
1357845 -3773852
-5821255 -7198057
114113 -8457805
-9732818 -7794137
3834737 1404072
5846153 -5393134
3053730 7643265
4619520 7874519
7185696 2593214
8086478 8536564
