51 -1773826 3938922
986
-8568072 2453268
7907518 -6466827
2403346 9372076
-6874293 9349613
2906029 6877700
-4138447 5421834
5237958 -9998670
-5982767 -5279047
3993602 7343697
-6099815 -5871032
5011983 -7594056
-7259507 1009355
-5915046 -8087071
-1810398 -9417651
-1191477 6517940
-8512440 4644877
8178050 240451
-387472 1911431
-6222604 581396
9975448 2738235
-9323578 6683425
6684756 -4162999
-6925693 5914380
-4225571 3218341
7347309 7067909
9473854 -7809033
3200322 -5124355
-3211426 -7785653
5313048 -198372
8835920 -2505472
-7860595 -5878429
-3121626 2839833
-5248736 2833807
-6584796 -992746
-8254510 -1471340
7728438 -6609348
-8255994 -7578088
852644 -3070454
-9852113 7334665
4402574 6627073
1334392 11548
-2596455 -3607220
-8876521 7051066
-3147305 4192119
-8313352 6436527
3074450 8204967
1044800 6342405
-823787 9952825
-1039921 -1687584
-642571 -4892231
-8985227 -6778079
8160185 9602219
-3468235 -7241221
2609796 -987171
8156255 9196004
-792448 -2987629
-4078497 -7993001
9058066 6611098
-6680431 -2955017
-6518490 8427113
6632080 7522569
3864975 -927687
-974862 -9806767
-1494351 5557540
-9334691 501569
3723491 379430
-18351 -8319918
6955214 1883676
3412858 6513414
-1774230 -434990
-906267 -5914535
-3907536 7433323
-3439227 5015237
-7939780 -4849470
-6422357 -119658
9919264 8058082
-2869605 -9790276
2919309 -3699409
-8141869 6155533
9173455 -8575042
-5679259 5039792
6719874 2896946
7296974 4302390
-6667843 3675088
5756451 -6773816
-2688351 1557927
-8492398 -5149816
9865421 3404114
8554644 -1931625
465070 -8074359
9983724 -7867712
4858364 -7099314
-798723 -2885881
5786005 -2222327
-8281017 -6424240
8615552 4959460
-9627242 -3960276
2858467 5335426
-8473133 186084
3412269 6190624
-9735097 7283318
-7866498 -9276082
4128032 -8227494
-7642767 -8001076
6440917 -4800971
-2668683 -4661345
-1760659 -1059007
-1428535 -7810319
-7516294 -43030
3532730 -5642530
1833282 -5797311
242414 2148282
-9999939 -5277608
-2575172 -6899119
1807857 4043280
1326598 -9162903
4077368 2072760
-3638382 -4023548
-9508272 -1794600
3404429 -1281148
-3426141 6932646
-4126361 3252098
-2041869 4813201
-5229829 4445104
1318926 441837
4644527 819254
5483888 5668560
-9609048 7403293
3020526 -1999699
-7956419 -2184219
-8830770 -5171617
-582505 -4113469
1862984 5246598
5968351 -1704534
7014318 -5128936
4320062 -8110868
-2342417 -6411823
917730 -9806298
-2844842 5615714
8573904 -1795746
9023508 990437
-3341003 -4265217
-6861924 4507396
-7492302 9566302
9898435 -1325046
-3980311 7067631
-7045837 3584017
-1169384 5437184
-6267350 -2666501
2204563 7315319
1720803 3263320
-632150 -3475374
9234680 9378386
-2489547 -9714420
-1510166 8906190
-103373 -3915643
1819140 -9970306
4537091 -928023
-8845369 -2526432
-1335126 -438859
-3371228 -8946934
4637083 4684563
121747 -7900713
-567214 5984051
-4184278 -3629250
2150422 4153702
3194680 7536526
-568736 -8481728
4320205 -5054288
-6148098 6941717
5542426 5326391
5356086 -3735118
-2146789 9877918
-2648514 -7590471
-5512978 -992158
60908 6016360
-6782725 1115794
-4268566 7214343
-4285253 -4144625
2226125 -2319428
-8165726 -5953179
4099699 6892899
927524 -2454694
2491018 -6469036
2989033 -4752271
-9425880 -1140727
-2359493 -1468540
-1590622 -1553442
856087 5493718
-5498440 -1722783
6809929 -2140539
8975256 -2921180
6809515 -9972795
8398932 -5293310
-5096386 5040614
9087436 -6858591
-9965692 -3262111
-3200453 3187135
-765549 961832
6209561 1806918
-9333809 -7776515
-6728703 -699966
262944 -9176950
6316768 -5802973
2474244 3635384
-8505155 3334680
2929852 -8199474
4344083 2986453
209495 -260633
7296334 2743015
5884424 5113110
-8149001 6383770
-7912743 5918732
9396917 -8833102
2973816 -6161939
-3938454 -1877170
7422864 -3843641
-3020591 -667157
3529870 -9797839
3837545 5812529
-8336439 8520467
2837345 5332390
-9164804 4593413
6849133 -2818572
2440795 1044691
-3842199 4145467
-6954411 -9158429
-723345 -9474848
-8307949 -4867154
-1029093 -1326428
6796403 4665867
3338579 -2451195
-602000 -3264381
-3062220 -9682012
-1353130 5444223
3964690 -9224675
-1375932 310431
-5096155 9318387
-3500185 -540736
3020307 -8247022
-1585203 1456962
2298533 9178109
9703261 1460386
-890416 -8424812
248761 3911664
-8906116 596844
8145649 9561516
-3702865 4432463
4750451 -9939998
5504225 3234916
-3473407 5913673
-3775895 -8014733
-8696346 -2332987
-357371 -6355698
7913632 -9680179
-5706865 -7337063
4357398 -3671571
7788815 6591668
683208 -3422989
-9511324 9414751
11595 3448321
3009837 -8417440
6015023 -9326403
-9266401 1823325
-4941759 -6718174
1711852 -1245824
739443 -5898814
-5715448 7935957
4096611 -5440551
-5120730 3927181
-893530 2010243
8338672 -827595
8280425 -6536132
40880 -1356161
-9425058 -1036367
-7588045 -6954092
-5371532 586538
1260135 -2061856
9761469 3159843
-1041979 -5489914
3264262 7336062
3953601 -9330127
8605830 6520057
-8920494 8238153
-5318314 2702441
7229036 -4041224
-2352467 3788157
-231623 -1915940
6727899 -4072042
-2592057 2325609
5371517 -180806
-9594268 -180102
274395 9999985
-4323820 -5817781
-1307695 -7447784
9888279 4634202
5304075 4472919
992976 3841880
-5403615 -3573742
1645051 2072482
547610 -721929
5582580 -1125912
6958148 8195143
-5876899 -4649042
7676567 -3797600
6021594 1531044
3867295 -4435563
-4435578 -1056322
3125897 6658042
9210258 -6243045
8391157 4334554
-8676175 1614889
7973121 -3788416
2637842 2316801
-5610717 -7430494
1847578 -5717106
-4326666 -2546755
-4351612 9946510
7813820 -7368518
-8649766 -7712159
-3664763 5490388
3571177 7371828
-3684494 2718884
-623074 9135599
5408906 1957755
8808661 -1412815
2718426 3800063
-9988352 -9867514
2449287 691548
3261054 -4834158
-551264 -645078
6808167 7624984
7571495 5122070
269905 4972907
7260748 5385315
-6607945 1620139
-8491680 -6404014
-1168778 6963232
-1384816 -9659822
2297934 8208149
9311686 -5975910
340506 1106595
1239082 2030112
-7278340 -7131494
-1965652 6204721
8075996 -1500933
-3875949 7483085
-4878493 4884163
-142929 6211898
-5886434 5391412
9527904 9634171
5746509 -9978027
-498442 -8963776
-8623598 -5422268
5302233 8116742
4657184 -3809312
-186364 4613919
9160383 7514042
2898900 3569070
-226209 -8117956
-7102537 -9066751
932686 -2150213
5250303 -978486
7749765 6054193
-6038042 7623726
-225751 4379683
4401656 6006214
7042438 -4479241
-7385157 -6096786
4536308 935192
7125881 7917076
2530995 -8290155
1740239 9455869
3024939 1691378
-3910226 -5360860
-4427611 5315082
-6835130 -1012763
525104 6505075
-4924380 931525
-1444749 -1725131
5170904 -8446070
7560144 8329500
6366611 -427440
3475775 -2881066
8054127 8981454
6898530 -9471565
4754632 -2303640
-2847771 -8054123
-3846392 -3505128
1134012 2693520
-1991398 -5240266
3746972 -777247
8244180 -6310176
4621349 6788428
7579649 5836152
7390083 5692952
-3461195 2750553
-7676887 -2533421
-2898134 5421768
4403223 -1684760
-8639972 7672345
-4631295 -6181895
8280335 6114660
-7390468 -4962714
247158 -5566057
-8289971 -3740104
5482649 8255760
-8054415 5457001
-5238219 3726829
-437018 -916714
7292591 -7658570
5091983 9469417
-3064004 -6168604
9253164 -68551
763041 -3445786
-5773441 -3827261
-7492803 2123069
-1762270 -7888384
-2851098 -9212468
7737827 -6636386
-376489 -87588
-1831827 9447856
-2578790 -4893840
1349342 -7369890
-5770252 2182991
-2959226 -9087676
-9618259 -8477661
7870087 -7867243
-5419442 9834089
-3611696 -360396
5812343 5343600
-2533331 614863
-4757168 835892
1623424 -1779249
1584366 -5091914
4820499 -8122397
-8674540 3724229
1346741 5505024
8135134 -8736978
-4037635 -7303917
6124759 4881234
6403574 3003139
5135897 6506500
-1143058 -3209987
6429617 2232807
-2423593 -2238402
892813 -5241687
5594205 5043077
5780180 6135645
-8956268 9733982
-8388415 -2635454
3605127 5864231
1369255 5453397
6716419 -5048131
-2352048 -7979259
6901975 -7321215
5681924 -6227288
2795564 -4178099
2611915 -6665827
5566981 4168858
-8069544 -8442116
-3683803 5659740
-6780831 2823270
-1041085 4426755
4160737 8999350
8880248 2647
8383230 -1711326
6258424 2485376
7437245 -247515
1773226 2974843
-1830020 7601549
3890613 -8808446
-2986545 6368257
2218782 -3313822
-9144964 2141722
3699607 -9697885
5961856 5301845
-1874885 2532156
9475263 9181025
696727 -399618
2119382 -3847648
4441027 -423024
-7937648 502612
2771450 699451
6190646 2015949
-7866150 7061028
8252582 6876979
-4238412 6024464
5226994 7782390
-75888 7980370
8282486 -1401618
-6099773 -6376281
-1327772 -3239306
8458071 -5458306
4142077 -1852509
4299844 -845201
8731775 8777811
-719577 -8742777
-5526974 3310479
7842780 4568225
1629254 3180024
57003 9976630
6001094 -118164
-2335774 5818591
-3684686 1228088
9826471 104691
-3755238 -5402200
-6125154 6243050
-9215255 4916990
5580834 -7667083
1487716 -2556826
-3779015 -7602970
6170605 219491
6046322 -1982240
-7414014 -9356369
3823655 3889102
3865733 4215240
6613428 6397011
2215602 -7616821
3611268 6794007
-3101302 1047268
5645068 -4045909
-7802859 3143460
-9423197 2036266
4369184 5498238
-7058588 -1326011
1071019 -4143100
-1407256 -837603
7180158 -2758376
-9598393 -5360934
1044521 9766144
-3502264 -3258386
-6861375 -5089746
-2706567 5627516
2421523 -2129420
8917848 3421053
1891496 1836573
7496386 -2920731
9115535 -3395010
-7896772 589541
9263530 -3998929
-5625676 7560993
-3276610 -7149099
92525 2967068
122486 6419900
-1297604 -6989516
-247902 3683359
8593613 -2283516
-6655999 -4592924
3277656 8403399
-5659196 -1718124
-9881550 -5288144
-5692523 6232301
-7162709 131188
-9279271 5939365
-8059564 7456871
5017864 9984259
-7164840 -3685240
1798180 4257607
677507 -4555963
-1545479 4437019
-1879622 1896256
9612740 722971
6130047 9230344
7633743 -7043259
1238618 -8075945
9152264 4490899
723200 -6126580
4004608 -6540259
1915458 -3923157
6050067 4725337
-2774052 3855895
2687007 -6415717
7841890 61108
-1978503 7001540
-6045089 -8964250
-4551642 6476018
9715341 -5408359
-6178015 -4938902
-9465808 -1638259
-7197852 3972080
-1537020 1772810
-1837418 -8045588
7930506 1702532
295728 -7832810
-591121 -154036
6218211 -3654205
-69922 6634827
9212287 -1094781
8423111 -9711679
3840423 -2766216
6226154 -7621978
9486015 9288781
-5650121 -1542153
6819588 5824353
-7687215 -5115929
-826767 9621737
-8423851 -6707883
4994650 7335815
2019357 2023007
-8131028 -4709622
-5847475 3944588
-6904233 8087183
9508754 -3401045
-3112724 -7691946
-7941810 7931865
2826239 3244051
2532832 800696
9258544 2312255
-9347040 -600936
4283135 6078132
5699869 -7034255
-3742137 5972721
-4175112 -207629
-8184622 3768865
1575595 7844246
-5694814 -6315650
4287886 5728120
-7672925 -2599046
-7774640 3796640
-5755142 -8269296
-2508893 6799903
-2399401 7071097
-8100296 -9976060
-576996 9375495
5453628 -7447336
8034762 6222491
2195212 -6330151
-4021428 -5707375
8061490 8020101
-1619301 -2206049
-6005347 -362915
7881557 2685885
-9913161 8282539
-5404468 2724984
-3027960 4828552
1628455 -1159610
8427839 4463148
4487088 1745406
1120902 2843896
-2087088 6426444
2648935 -3425470
-7239269 -4052326
-7243349 7360500
5380601 -1260696
-950393 3334493
5487930 6277652
-1036463 3044260
-6156848 3369487
8610824 -8433271
6395281 -9044964
-7688222 -4417136
2562364 -9459912
2285494 3255969
-3900135 -2950548
5992248 5922748
-7502722 -3470870
-5006844 -8842464
8518036 7774362
-3486334 -2250192
3600653 -3585011
-7307359 -1920375
-8876115 -911416
4974423 -5827470
-4260741 7483389
954777 3585247
1684464 4650892
-2292668 3266555
-3477475 -5753172
-6187367 9992827
5915575 -4861258
1667872 9804881
3478769 929206
-8780080 -822619
-556459 1996805
8411794 -9750062
-1670437 -6955806
-5350870 3620787
7793318 -8030200
9453190 9623554
-4274847 -6467423
699822 -7075681
6190875 7409617
4172798 8407154
916333 -7286600
-2147858 501783
-7176984 9348261
-7206181 2036367
-8786252 6301786
-1701409 -5986261
-5736323 657289
-3782165 9226738
2847525 -4890408
-2920608 866966
490520 640843
-3310227 9048934
-8026746 -1267975
8657995 7389595
5796749 8164129
3393881 2830793
-6667424 9229435
8577696 3762375
8315094 -3844408
-7542622 -8628485
7901606 9528842
-7297517 -6727678
-7500940 4681635
9791227 -8563329
2303637 5346585
8503781 -3129381
8435906 5310509
-5957466 -4806446
-7416851 -9590840
1089641 -7299471
-1952326 896250
125685 6999874
762249 -6103398
-7431453 -8780267
-7408752 -922656
-8877462 7542277
-9185401 3009206
-2309159 6341374
7778045 5830011
-6307051 -2517932
-3130960 -7401966
7908543 -7803270
-2609716 -4695054
8230458 4467429
7167959 -7510215
3386035 -679901
-3680027 7731985
4144940 6028073
7247806 -401426
1192270 6713487
4255764 2355407
-4635387 2314809
-8827465 -2413284
-6583273 -4428193
3053875 1466932
4064966 9626028
-8177242 9922915
7744213 1973509
-3559062 -8270606
-5780821 5974671
7811122 6125249
-3626413 121567
-3850360 -5868905
-3753978 -9481473
7232014 5913798
-9214443 7438292
-7730547 -5995870
-5892802 -3849829
-5761670 5958340
-2574728 -9959722
9666306 7292205
-268527 -8509762
3463747 -8510935
-6781541 9992038
5966710 2421038
-1453713 9953991
75558 3777832
425280 -2563774
-2045247 6225198
-5344652 6671302
-3374054 7703119
-8292750 -4559094
-5892571 -1104600
-5146260 -4185552
8371078 -1654241
8154316 -5204635
-3714397 8037385
9526450 -2114211
-2122172 2265703
-5313259 5261261
5215252 6360890
138722 -4250620
3185607 -4709190
4032360 3080354
-7731992 3656712
1359832 1204061
6644967 -1106045
305707 -4416566
1397882 -9247604
-901845 -2324201
2471164 -231039
-9677302 -2747529
-2345387 8756768
-6461177 2365500
-2373239 -1951207
-5590317 -1774436
-3508704 5358366
3165528 -2935243
2661464 2193255
-4150032 9714241
918302 4929472
6339779 7209800
-7206766 -2436731
-1684335 9161838
-3162362 -3292532
-1007219 -69828
-301005 1825154
-6901726 -684521
-8319021 -130040
7918753 -3362903
-2620987 -8175907
7182459 4844788
-8090454 3870310
8579917 347987
62228 4571010
-7983166 -5570115
-8360315 -9019470
-8939849 872966
34804 -5567081
-6343260 -8107832
-5661308 -611206
-8786051 2649521
4481353 4037688
6424000 6828575
5982025 6162332
7986425 4342754
-8296106 -6638962
-252300 -2314764
549576 -6386560
700802 -1672382
2757503 3128156
-3374961 -4766011
6106955 -3086459
-6137188 -2314810
-422641 -3858241
-1953094 -2480448
2685426 3916051
-9529909 -739145
8605782 -2833221
-6670889 -589556
6269550 4587807
465198 3831889
-8482875 7973444
4103237 -9787102
-8943132 -5416947
7711210 7320391
-7445620 -3669276
3244265 -5663751
2021439 1177687
7319447 7107077
7142982 4115150
-9452446 7882705
9659912 -171592
6995187 3533997
-7055559 8265694
2853502 2840650
9188891 9213991
7187436 5835052
6047950 -9293983
7805422 1290673
-8872584 -378829
5951895 5516632
9852881 -6318203
4859484 -803840
8819589 -5609327
8505823 -5304717
-7422012 5962571
8307331 9053377
-4896273 4754252
3019947 5302518
-9340479 -1951832
-2737840 8389801
4224853 9848412
3070781 6965948
-9227027 -7210845
2410326 876204
-3607164 -8099611
-4417814 -1637779
74733 8762070
-6847257 2958023
169658 -8589325
7373246 4174918
-4255352 -4736001
-9981749 -1803070
6015800 848375
8896543 3038198
-6055649 6675321
6523734 8675055
5641003 8169204
3474712 -7889133
2987071 6413976
8314366 -4114962
-3236388 1896260
-6825318 6412904
-8112721 -645303
765372 -3672575
-9497657 -5426710
-162711 -9345029
-1148099 8763343
-388282 -144460
5410091 -5132299
4059375 -1491738
-2816683 9354442
39999 -6900539
-4789672 5340673
-5728999 6031063
4432453 713752
-7389988 5101719
1514624 -8803935
-6932885 -4215306
-5371529 -4081745
491545 3832487
-2996190 7647166
6410510 -9671166
-7299273 5855711
3239765 -3977772
-2953158 627170
-7502036 -2700860
398601 -3253488
-7912815 -4945685
-8914622 5608929
8839033 8874538
3976258 5517832
-769751 -8550955
9750091 8007234
-6074511 2297364
8646204 6894914
-2941567 -3066613
9778573 -4349986
4022078 -6531057
-7992477 4995652
-4377178 9778195
-2922665 -8429282
-1682770 -1879213
3175102 -7712
8117569 -7079233
-8204695 -3223167
-7705335 6956603
922000 -1712085
-3704851 1524914
6338631 -6811556
-9916642 -7263009
-329622 4984835
3151201 -2858209
-6872914 -8034697
6960956 -2826721
-3048526 7650962
9221680 -7416222
-6779083 -3454839
6537449 -9944738
5492381 -1087628
5689205 -2828629
-5872026 7287686
8091954 7983870
-7974864 -2433674
754770 -5612897
-2875906 8363767
3348602 -6645519
496272 -689176
1276128 -3500196
-3810565 -3860289
-6209327 -1762916
-6662786 -4342738
2202423 5528705
5583967 -3441868
5470504 -8743775
-1572404 1076348
-9119614 1159709
-8340069 -4928078
2638248 8972340
5875796 -6314933
-7951165 -6606981
-3252500 -7000110
-5172933 5397437
4413593 -239876
-1583813 6103195
6856631 3119381
8776643 -5276788
-9748083 -9806155
-3248023 -6504582
-5248357 -1647764
1944936 4738833
-4101458 -4304409
-6716135 -4658325
-5685985 -9925175
-6240107 -1561534
1831485 -9810189
5706054 -4191272
3722517 1095337
3371813 3049473
-847332 -1863889
3771844 4304353
