267 8020143 7624374
553
-336597 -2283689
-8803486 -6180966
-6631653 -5616824
3130862 5850644
2837228 -6707514
5761228 -6005571
2605989 -5901145
-1372362 2233442
-709714 -8022978
-549811 8203221
5983696 -8327256
1973336 -5184205
-1903617 -6082272
-6663868 -119407
-2099264 -252064
-19401 3476858
-187756 80491
-3019981 1177113
9544109 3180591
-1010571 -9889118
6621663 -5102311
-1003456 7267009
-7983197 -8255996
-6278973 7624183
-1656244 1307089
-4503815 3171216
7987012 6843804
-9238468 7469521
9866466 8599747
-1652317 6614016
-7392774 -9716446
364046 844634
-7978253 2419471
-4399938 7344065
7454947 4082209
8979898 -2894156
-5627147 -3407037
-1663033 -2023557
8116978 -3610343
213098 2057994
7745563 8977086
5820891 -1774364
8211509 -1751073
-3151326 -901225
-4287208 8077976
8361530 -2287290
8557344 -1679982
-9260511 -1274424
8585994 3095444
-2822347 8855904
8478100 -1442707
5150256 8673903
9166698 -7149047
-8243038 -6512776
-1938430 -199972
-1222885 -5513587
-4771599 8323485
-3427588 7114358
-3786867 -6560090
-8482114 -4062561
3650149 -5557723
2762296 2395769
-8878655 -5276155
7819289 -3981863
7390393 2223691
-9219015 7513294
-1296450 5868493
1235799 -1552407
-5548831 -9613400
186629 -4490887
-7488122 -4970908
-6647423 1480096
-8889194 -2259721
-6303458 -7558658
-1621219 -2676061
1766217 7730780
126549 -7971070
-3247225 7044865
5579354 -6235753
5987938 7088417
-2881937 -4513900
3870945 -714725
7732869 -1662035
-1275434 -4893256
-6867790 4700390
9729482 8911195
391291 -4355912
-4099280 -6917940
-4476598 1502097
1342388 -402738
-2671958 3902183
-1552535 5624957
-4813826 -29056
3735191 -2283408
7321361 3281881
8767981 -276871
1524757 -5560575
-4706258 -4844722
262023 -8226022
6474368 4018308
2929503 -4089415
-5928975 6203851
9285911 5837146
9855595 -28255
2085359 7325665
-6255800 -6285664
9339293 1929754
-8099302 2191665
2424609 7041820
323701 5635889
7875370 -254029
-3298252 -8391966
-3236688 -599873
1174105 1995490
-3986201 -458313
5452272 -9835174
6368677 1459654
9813153 9523298
-7988605 -1829060
-4503395 9668748
-6616916 4096755
8542861 -8242843
-3534826 5238730
2280550 -9556441
-1404200 8889783
-8847894 5120603
-755011 -3528830
-1612350 -9629794
-5117951 -1475347
8066341 2078107
2242933 -6587800
4871854 -3965035
8074615 -8872038
-701098 4685007
-3129892 -9913989
-3300882 -2688141
-930984 -7230456
8008274 -4758021
8201890 5534190
-3059674 -7194824
7925779 -3202310
-4214788 -1907568
-1537361 9687120
-1788226 -3310786
1283674 3344688
6756888 -3721885
-5170568 -6473393
7170922 -5854906
8830102 -7095952
5506411 -3530176
-3701964 8216562
-9013894 4721881
2480212 5367052
-6582405 1510733
4315909 682102
-3856 357921
8450353 -5241959
-5554839 -1702292
4986923 9429344
2774032 2656935
1451402 -3729403
-7686444 -7952728
-3807633 -1202813
1701235 9484478
8470655 7538821
5755383 9723998
4445879 7285043
-4831553 -742159
-9231426 -3073909
124545 -1413958
8943963 -2399164
2358877 2637041
-9065251 -89331
-659987 -679610
4493678 -1561976
-2775027 4630398
-805978 8461432
-2741381 -461470
-8460640 5386389
2925210 1476206
1200204 2526367
-7672238 -8803055
-7028861 8162435
7604878 -2503790
6082252 -6260287
1340549 -9754225
2882816 -2457432
-30411 6215778
8052521 -3666082
-2711706 1825954
8972704 2546199
1007631 4513268
6568150 -1833273
-6446884 782603
-7741191 623862
-6849770 -1005321
-7292024 -4024634
6654153 -4522008
-4509446 -4320885
-8064819 -3224616
-2978841 -8427193
-8368273 -4207918
4524213 2420328
1270598 1601316
-6572730 2576734
7639285 8558892
3072160 4916327
-6916946 -8836732
1945871 -359690
-9735827 -3363830
-1852799 -3278967
-4787249 5930755
3925099 -6628470
-949355 4383256
-8841360 9415654
3504813 -6497822
-8189387 -9303848
-4367168 -2347108
9254208 6334826
-1088440 6903430
5462322 5197830
114157 -3449155
-2285887 -8949165
-6792503 3197211
2349734 2176337
1413722 5988022
-5564871 3013287
6384817 6626473
1009729 8360229
292235 7951815
-8546007 -5315278
7897226 6313400
-6033708 5780958
2115784 -6469942
-9566512 5736852
-6548966 3543696
-9905459 -1587838
-8020651 3565192
9278755 -9674993
-4982304 -4813153
-8825131 -5855159
7158129 6431418
-4425757 -4390001
6486580 -3940702
-5988887 -899676
3785046 9295167
5608567 7981459
3762417 -5801376
-2271318 2091211
-2171937 8394554
1938250 -9321478
-909315 1279097
7360641 -5450856
7390503 1070034
-1226767 -844251
3300590 -7591801
1355969 -51897
-1925546 -7024929
-965630 6930212
-3969464 -5438966
6372553 -4438165
6059646 2331935
6530559 -5502528
6588683 -7661584
-9267030 6775594
7454116 6933098
-9271453 2671220
7220364 9061153
-7352460 605541
9761290 4610867
-464582 1420773
3885228 -4421768
-1446696 -9108613
337951 -8040318
9037068 104026
5665861 -1115160
3733127 5409621
9907093 -5758140
-3419724 263686
9555632 6495776
-4054774 9829598
-4982830 7009749
-1412746 -3326226
-204333 -7762465
-635246 1234794
5171920 -443043
5135189 1416525
-5175736 -942852
-6466817 6204845
-3691129 5162216
-5952944 -7429749
7979873 4491085
1249297 7780183
-9439779 403318
-3100905 7829573
175523 2632206
-7841693 -4639327
-5449201 5192693
-53420 745561
4496708 4346466
6419775 1827687
-6755788 -7815020
1242128 -5928683
-9723838 -1931524
5747044 -2708337
-138085 -3414966
3592471 9794100
90635 -9641860
761458 -5158232
5187693 -6832791
5799415 176905
5537579 -4636784
-9444091 7957722
-8780365 2604730
-3048803 502490
4846529 5716343
7901323 5887324
9958641 8090741
8675569 -8340196
-1048533 -9765196
9336190 4422614
-3266934 1329734
1687874 2928661
286781 -659946
-4976385 -7550667
-4857410 -4525526
-6645958 -9176970
1297104 -9319831
3284900 -6090049
-3071207 -4966909
3265787 2752449
-1360227 -8224678
2382415 -6316538
-4656734 -1401585
-8650429 -6425663
7996951 -3188914
657172 -9314239
-3869226 7246369
9102775 -7654953
7310732 6417555
4408381 -5873610
7465772 -7546678
5649844 7762423
4188726 -1237124
3795968 -8548904
-3280103 3633872
-2074454 -2938245
745217 5359670
6474437 -9692038
-6117701 -1395164
-2067726 7824008
1026121 4395602
-5841677 8589446
3450845 7156895
-3909198 -6738901
-2612511 -6722071
8247604 -9500817
777958 7369614
-3867510 3897448
-2135104 -5033315
8600557 2444810
2022917 4584793
-7539185 -3473897
9350417 5284487
6405675 8935253
-724387 5749068
144670 6854301
-2039901 2818087
-25018 -3180654
80445 -8589055
7205226 -1417863
-918680 -15714
-2646100 5452830
-8133370 9859279
7342316 -3997257
963905 -268474
-5683681 5942873
4985328 5503175
787662 -3222865
8228740 4335746
84814 9709689
6563990 -9979295
2838792 2745837
9565183 -5475911
8451386 5330127
-6087736 -7838020
-5337382 5656613
1109443 -4490064
7885567 2016519
535614 -4507574
5223952 5227883
1170756 -8500481
7002694 2056624
1350111 -3843915
3008183 -9693292
-9983603 -421149
-400444 -6907003
5838834 -903261
3620829 4954701
284828 -2079631
82349 2072215
-2271172 4197092
9707028 4744968
9277839 1354624
6847050 7592596
2820479 -7670195
-6170676 -5412646
6643978 6507588
5180025 3348371
-3828569 -2005911
89292 -1811792
1281205 8704181
-2199080 2205201
-2840098 9636392
-2443239 3938101
-3989683 7444730
-5841826 7639111
-5099569 -3744503
126473 -6134798
3974150 -5821730
-3491925 9489875
-5922770 -3205370
5818570 -7146249
-1281526 3237560
-8768350 998595
1703155 -2593742
-3889561 -6162706
6042495 -7015640
5137104 -3572289
-9634187 5718749
-4320169 -7306134
2849329 8892482
7664331 -161995
-3780440 7749760
4444382 -2209195
-2719320 -9806290
9504692 -9047543
6322560 -6125738
7111823 5323262
8838209 7557387
-5036355 859825
4697119 541364
-3957923 -6409564
18147 -6744033
1491068 -8820819
6389399 -7099688
-8207206 7170900
9525257 -761272
-3011512 1973478
2280635 -4255183
-4061472 -8567130
4901679 9561315
5951930 7959572
-4200813 -6259408
-8702021 3063753
6439930 -5362604
-2304887 8777976
-7631588 1137049
-3090632 -3746458
9949075 -5097089
-2196776 8400437
5571337 6338475
-4422797 -7887630
-3397800 5096594
3357764 2565692
-3485086 8882835
960503 1812644
-227784 -8583406
-4842814 -3087567
2492538 5571403
2725152 8971517
7749493 -1067532
2585869 2936617
9190159 -9882095
7537168 9495238
7895675 1655586
-2005939 -4659608
9969115 -4016636
3596310 3571265
8653309 -3428685
-4545849 -3045926
1283070 7684575
1617521 6414654
5843439 -8944713
-856958 6774707
-1737424 -1664023
-215203 -8131806
-2678837 -3987931
8646326 -7629334
-8134096 9027674
683261 6183495
-8476113 2277931
777647 8677322
-5235061 4009354
3097022 6890310
6360736 5934600
3619176 8551173
-2517821 -2356193
-1300906 -4763303
4527757 5841970
-5822053 7842136
2226683 -7209667
-8681245 3962744
-1150238 9547846
1091873 9965081
6148576 -6767981
5509950 -8224866
-9547544 188816
-5801830 8803950
5694260 7733748
-3815300 7295192
-1637283 -5428652
2215155 9803876
7556926 -1638752
-5796782 -9085751
1272738 -5398965
-2608632 -9102483
-2623387 6015773
-1920029 -1289877
-8808443 6226376
9458395 9171844
-9053022 7340133
-2471051 -2515303
-3711353 3915787
-5834113 -5756528
4055016 4499259
9070608 350587
-7329184 -7582266
-6704666 -6197885
7232717 -9772258
-5171223 -9985095
-9087578 -8978193
7037580 -5263503
-4037027 -1710964
7031764 -4882449
6805748 -2845470
7011015 6490159
6491208 269078
6701217 -5460035
-1216563 5296208
-7688181 -9132896
1217692 5354805
288891 3898779
7700895 3888508
-3367398 3584226
3599131 4933612
5955419 -6022269
-1285772 -2972095
-2166707 2992999
626902 -2806447
4348083 -5134943
3871568 9949002
218081 -6124549
