136 342900 8572794
540
3662488 -585078
-6935450 4682039
8362647 -9941354
5737938 -6725073
-7343201 6033245
3343247 196377
-949622 6759757
9711384 -3286541
4031848 -2681019
-6606784 -4602399
6488374 3373191
-9307151 558342
-6428559 -5999177
4174465 -8343072
1999828 7984981
9916255 2747259
9945650 8178668
753666 5497157
1288436 8308297
-3142105 -3508396
6687981 -3538412
-6778655 2717494
9430953 -4261641
-4426308 5449081
-9153318 -4020847
9352345 -1033092
9525250 7335057
3852232 2561546
-3265174 5613044
-3885623 -9456951
-4193340 8734654
-570326 -3969368
4044141 -4247690
6576960 -9816660
-3325056 -4667423
1794165 -6565145
6152349 5879277
4133989 -2468137
-7019056 -1900346
-3404841 9707681
-1325410 6343979
3679036 -4052496
1025403 -9283808
6329236 -9952380
-9409331 7760229
-988764 -7556387
-9009403 -3602671
-5334009 8440910
8624251 -2448910
2883668 -8757049
7194158 7815547
3694825 7194185
-5273952 3346507
3962513 -2171186
-2463505 -9776655
6567324 -9442327
9021529 -1272563
-8040018 -7237288
-7189668 46932
-9676486 805570
-4234464 5917353
-7685318 -665250
-2224340 -3243867
4307224 9497025
-9260023 8916263
6731811 9707244
-582219 7934135
-6203005 426636
771802 -3339818
-3116473 275860
833533 824649
2068439 -6549149
-3786437 -144937
2418347 4028421
-5166009 -8459753
7457600 2741861
-7923389 -6884121
-127987 2288634
1785659 -7631376
3801239 6695589
-1080815 -4958012
5492476 533050
3476038 8336966
-5002852 1805823
-7918317 6764192
-2411158 1880675
-2152122 2915217
5286632 9657281
-3797946 4061441
-1881960 -2295021
-9553159 -6447603
-3331723 -4424360
380626 5039804
-75220 6540290
-4247769 4682638
9724626 -6273980
4259070 4671416
-4475266 -2266546
9539277 -9748539
7015653 521883
-7597442 4137313
9568882 -5395505
6778128 -7233211
6828230 4855514
5076845 -7019818
-3467420 7462623
-6961737 5523686
-6920157 -4282791
4773851 -4064758
-9382120 3004623
6730643 -9473918
-2286150 2858858
-9407687 -6493934
-6242473 3238584
-6239533 2647942
9301607 3289532
410380 8679378
-8553833 8870489
-3757645 -2811492
-7314957 790749
-1746628 -8680799
-640761 -8266025
-2548816 -6192012
-256770 -5044566
7960058 -7774965
5267469 361110
-6780032 -2792947
713119 -7018681
6219903 6328633
-1023424 4470646
-9723469 2496723
1176101 -1721817
9665025 686911
7875419 -4861380
5929369 -4092620
9742933 3076814
4810789 6699094
-9492918 -8381475
-3426041 4778325
-480288 -7233336
3127774 -5465983
1741071 -5212819
-2231500 -1135906
-4807272 -7545810
-558811 6504756
-998521 -3314344
4963839 -282280
2920983 -9822420
7832552 4628864
3052597 -6687246
6389569 3761921
-7022633 2795530
4414055 -6283290
8495036 6000801
8767465 3504367
8038384 -1985252
-4681718 1895239
3275686 -7704193
7266350 3086782
-408462 8468414
-4845930 9223891
-8542037 8593017
1286949 2634261
9779478 4378946
7691700 -880499
5397775 2832075
8143957 4081269
314332 8375142
-3107704 -4925635
8578732 -1190632
-659532 -4340239
71353 -866532
1429276 4658750
-9738115 -6652961
-8184547 -1304374
-2080483 -146577
-9037207 9485875
2120136 -622520
-6243574 -5233906
3885596 1899614
7248041 3964478
-1954252 -8200277
-9825135 -2091649
2982716 8360080
9685800 -2932839
-4756725 -5922200
3211268 -8457380
-1282277 5314628
8661667 -5359456
-4147478 -1020392
1349383 2993472
2479347 -3711609
5665871 -5171472
-405377 7115835
-984550 1938649
-4096872 -6519781
7796294 8779843
-3311806 -3534772
7341660 487511
7554673 2187262
6265062 7027460
1086432 5314300
628928 -8007317
9149579 9804155
-1216237 -8193053
4800419 -4997898
1290493 2649499
7478027 9796118
6911953 9472717
-6072282 -2927350
-6930779 8443755
7223599 -169154
-1187574 -9134485
1353027 6428145
-1384592 -3845914
5697898 -8575948
6738352 7396822
9389505 -3215669
-3411514 9883632
-8309421 8539085
6057539 5372250
-9461899 -992650
-1196532 9864384
9337101 8016128
7605131 8231773
6675529 -6735180
-4387982 3190704
4056220 -3584520
5359977 4424445
-9421469 7925599
1866003 6491737
3888560 6276430
5577113 -8879293
-8995661 -4205583
6849854 -7834401
54201 5211270
6734972 2907393
-4711870 592302
-8875217 -4461560
6286565 -5374769
-9593597 8729914
1920618 2962094
1893926 -3981578
2959219 8493190
6418789 -2746096
-6254359 -3945898
4846884 -9198856
-8078149 150553
5944971 423997
2589597 5442542
-6829836 -4688823
8218571 -7356202
-4247547 9905136
7959928 6023053
-9351716 -3122764
-4392850 4246494
9724940 3571040
9589462 44120
-1462689 1618867
1389123 -4934967
1119135 7472452
789949 -2348884
7801670 -4033980
6390017 2711800
-9329305 -3737007
1574170 -8504034
6656117 -6159141
6262348 -7690907
8332146 -7591430
-714194 4222276
-9014878 1496783
-4932177 -2590692
-30220 -9289937
2328930 7173637
-7761330 1023443
-1504104 6234405
-6114479 -4125843
-5643471 1802197
7030349 -8312809
-9533464 3262899
4758865 7701044
4058256 2040707
4349800 1414982
-3660096 320604
7059232 -4801701
6695082 -1857938
-1932278 8044355
8754418 -8237095
1452894 8037503
-939054 -6400300
9834105 -3792084
2082073 73194
-8124609 6235978
439522 6438603
-298498 8905741
-876863 906058
5463117 6976719
-9091946 -6818607
-3981651 -7670730
-2472431 -2752042
5390021 -6922418
3638289 6739003
1018260 5974095
4011598 -5090941
-1491241 -7528846
-1320930 5588897
-4337909 -9140784
7095194 -9238857
-283902 -9946165
1475928 -9948932
957127 9417600
-1089328 -9400935
6296811 8936596
-8734134 -181274
7066684 4831512
7909094 -1206565
-4467562 -5026943
-9052847 -5936265
-1027206 6550698
1538204 -2524897
-6936000 7481553
857121 -9782726
3494770 -8757556
3812631 -9531332
-9480264 -6789132
5144821 -4711441
8403976 -6006785
-7070188 -5944507
3874219 4700787
-467700 -5804322
-4494534 -6542745
-1569687 9957746
6537834 -6445744
2621307 -8106182
-631079 -4489372
5508534 -5840489
6893138 -5050726
-3808282 8882007
9350675 387908
-3884872 -9995651
7809260 2386764
6379979 3776301
7831794 6213236
-6569624 1826143
-1461826 -5777635
-2320379 -4520972
7953126 4043640
114248 -1373714
520104 4490960
2517941 -7264445
-3104933 2405377
7354651 -1973525
-3091518 6304557
-3307535 6062721
6067070 8775510
1162274 -4676055
9100247 -3607318
5122271 -9941395
-5598899 -551607
3670759 8552647
6548027 2939275
9499267 3866732
5009370 4501153
-8491534 -386485
2349071 8045826
451203 4026407
4569234 1760490
-9418601 -9677793
6384928 3994068
2769578 9790216
-4885839 -5031649
1361033 6448204
-976838 6730760
-3820846 -3516696
7552303 3424263
-3636462 2366265
-3767003 -3383318
3634188 8379157
-2007328 3758719
1804545 5142654
-8314587 2858095
7134937 4772100
5094307 6254647
-7234933 7716336
7506552 1479236
-1036061 5534646
-5500798 5137066
1867826 -9675028
9324629 3522364
-3053373 8046980
413245 -606716
-1473681 -4173483
-5794326 -837406
-7078687 -7839493
7303161 2198347
7572794 4725858
-502041 1504926
-9724075 4707732
-5059580 -5407734
-1412146 -6959008
8575638 -7553027
7584039 7551793
393118 5591193
-886443 -548135
-9984802 -7765901
-5856265 6060185
-8113298 428443
9591038 2670054
4830561 8608729
-6676572 -7487649
-245438 -5349926
6155000 -9103778
-1879694 9252521
6361139 6430925
9471918 3060727
-1975948 7465346
-2466509 563908
-3844899 -4391909
-2423692 442961
2677060 -2214989
-6154804 -2408494
536302 -662852
-7992798 8248250
-626669 -7356308
-4843957 -645884
-3479458 2696759
-3890666 4910605
-3320522 5191895
1622820 4229640
9806719 5556970
3022316 -6388910
-3308649 -2169229
-4044786 -9444193
998769 -4637196
3147815 3531523
3639381 6192181
-4470671 -490637
-2242386 6692035
9335727 -9947116
-8076648 -352703
-7655943 -5508229
1918728 -1556106
-6364211 -1546609
5199383 1114559
-3328471 -2225038
-6097596 5006103
-7163126 9693845
-9750348 593755
5956560 -1207911
4839964 -6235227
2473307 -8379273
1130091 -1520655
-4828619 8002636
571872 1404057
-8948646 -5492892
-8484769 2495224
3455471 -6604589
-5634846 -4049688
7064871 7091260
7382574 9564538
4570641 -6263600
5946597 -8715021
1878734 7407515
8715956 -1287399
2477375 -9648354
4488726 3555920
4551618 -5049318
5469670 -4381183
7022874 2239351
-737189 8557895
-6430529 590580
3985992 778043
-755293 7024942
-3367445 867498
432036 -3690422
-7437670 -5984871
-4699892 7519029
-2557103 8508927
-2778472 -304805
-7436807 -3841147
9714774 2215255
-317711 7051919
-7329264 -3217256
9022095 7668312
6226207 2209962
-7199457 -1715094
1579301 9795678
-663027 -697113
-9829615 -9175992
9649938 5969528
9984657 -6881226
-9362197 -7787732
3237547 7801118
-2503687 -1919300
4239554 -9540924
-4809317 59506
-2888574 -3529320
3253424 4872973
2541285 -7701486
4508477 2275519
3076777 -1232508
-8920478 -174628
9128259 -5343921
-4519913 416495
8902375 1814996
4933770 -4869974
-2657706 8887033
-795497 -1912074
-1315022 -9420158
3555270 6700816
9276674 5440884
-8088436 8745953
-3864722 -3611900
-1313385 -2318660
2473211 8676563
9960407 5711444
-4463184 -4450011
206068 3556282
-6027223 -5334925
-1003577 -1797493
3332533 -7124847
4278538 6446546
-5465528 3191180
-3712626 -6516959
2700209 3219450
-8823313 2358996
-6378699 1976883
881336 5604603
-6714056 -243420
-9050505 2084303
-2204253 5759155
3825496 -9090097
4466185 3332563
513990 -5968436
-5249576 955314
-3653181 2026765
-1526689 8082957
-6209511 3141709
-858898 3007783
8743586 77863
