437 8005825 -6706788
608
-3119642 7689112
203800 -5120926
-8478077 -3518394
3426992 3811963
-741150 -4202933
-5875036 6772005
-4758697 923222
2410504 4354358
-3249117 -9289749
7593921 5226447
-9929285 -8727516
-5294812 1369527
4440466 9927585
5795 4060788
-5417035 8116425
5805537 -4184641
-6789215 1463323
461281 -3990663
2337652 -5267291
529776 -6111727
3176630 4112855
7552429 -2828908
-8474550 934286
1644537 -37067
7705733 -9207314
-7934830 -8245190
3124337 7776448
220385 9286710
-4136150 -9918845
8197581 2742532
8557891 446816
4426491 4003118
2528808 -8231323
9017738 -5112227
-8707602 -5133540
8979315 -452486
-765042 4469029
-4596685 6531744
9011030 -6723239
-5930553 -435796
-6164634 -766885
9525915 8650969
7937680 6959703
-442789 -253699
-7511167 -6198470
-3235302 -2245208
-8242090 3563077
-2151894 -8808810
-3921037 -3196930
-5814117 -3134156
-1070290 -2628639
4356742 -6834802
2213295 8164668
3957781 2276409
-8159387 -6259323
2973792 8027228
6678198 -4324021
5152035 -4983941
4762360 -2867770
933760 -5290754
-5019610 -232454
-6669377 7698459
1406001 -3261700
-3942277 -6304919
560925 7484964
7372677 243606
-4074844 2006987
-7311993 -5754228
6522181 654803
4395480 6645789
4673017 879147
6555126 9885624
-5098316 -6132433
999797 -5776487
-8550889 2180396
4464294 -8066442
2148369 -3570499
-4315846 311269
4006350 -6445630
3555686 1741877
4501835 7083627
-909386 -6555285
-2309513 -9573009
1081795 -5705026
-9059237 -5787331
5091816 7993627
7879252 -1869868
1997700 -5836706
-9096840 5297288
9994036 5513849
-36241 -7647729
-8701875 4458331
-5230400 -7887872
8182850 -3017721
1240508 1292303
-1624070 -5745112
-2300396 8258695
8685686 -17103
4277871 5390091
2119112 -7716167
-9722539 -2265014
-1618530 -2789072
-6109425 8156713
-4029647 2895522
-1590628 -5206265
9662358 -4035611
-9577280 8373131
3001612 -9039517
-9540886 7708673
-999024 1184462
-2044297 -5784026
-7525331 -106742
9876155 5655307
1045398 3676708
5960541 -3329622
4405364 -6835489
-7108209 6238002
-3088933 5303187
-1801291 -3217634
-5907547 2881420
8845810 6608081
-2502435 -6245188
7231647 1784882
-506445 -9500823
-5800009 7690762
-8093264 1010883
-9095858 2155694
-9672647 6897758
574466 -9219703
-2549324 -6110896
9569967 -3464993
5289362 4372392
-324421 -7538242
-8239523 -7799571
5081850 390641
9515074 -4147070
-7875906 3927660
8228894 -2987361
-9971832 9355742
7046504 -2277550
8733333 6744512
-8583442 1469592
-9116298 2153827
2934125 -8256088
-4366984 1458168
509528 2901153
9789897 -4797017
-9818907 -4201110
-2000681 -8018171
2372470 4457922
-9689147 5597521
-474819 -5596104
1416536 4951299
4307041 -2245924
-2007122 -6038944
-9294432 -6130103
-2144158 9242563
1396391 4638479
6382391 -1260456
2714065 6846868
-7735627 4531759
2251094 5739945
-8461165 4570622
6552451 2432187
9406462 -7945494
7652028 -8558727
-4154830 2233667
-2815034 9693561
9963989 -221942
3739114 -8507992
7878257 -9526781
9715783 -3038965
-8400486 -4265901
-3010004 -6371474
2991746 498257
-4969984 2220413
-2039642 5256119
-173259 -202538
4746001 -7984455
-5929949 8895545
2853170 4152463
-3613870 4238431
3931993 1214692
-9007250 3571097
-2420543 -3587666
-3114446 -2751783
4209252 -4542286
-6291834 9117689
-7253785 5808766
-3692977 -6785486
5434927 5737961
-6489568 -6146609
3650853 -6604715
-4589170 -4146475
-5250930 -1603146
-7450682 -8002767
6235665 118593
-8666715 -1064552
5022897 -7315990
-903656 -7673964
-425747 -7397646
-9423579 -1501750
-2384061 -6216495
2108623 6800939
-9984547 -7121494
1132819 931998
4785389 -2033268
1362017 4643251
-9503223 -9047406
-8134200 -710801
1286432 -4754153
-2119208 -5584882
-4133081 -9961551
-7277541 -785922
1540114 3406168
6008523 -5664844
-4650242 3630719
-69424 -898704
-4097765 2965698
-1639444 4555551
-4512451 8434040
-3599228 9493376
4136627 2789290
3741884 279141
2084692 4633404
2395604 5607684
2539155 5887476
5925926 -9723604
-7993174 922426
-5671406 1164737
-1983755 -3936708
9694011 2853469
-8045235 3366004
8848054 -7859061
6696490 -9626648
8807392 -2791390
9218338 -7815961
4973329 7724516
-9479991 3354966
-9495278 -8768435
-644398 2604701
-1507822 -4583322
8209427 4411109
-4666465 -5581896
-1900807 -9783747
-3720454 -7821519
5031951 6115439
-518557 8489909
-9369151 -496932
-7607227 -1670503
-1945541 7327339
2027731 3716517
1441034 -2727202
3144116 9517412
-9251022 1961043
7082097 3648838
1581869 -7379068
7032041 -4425725
-7491269 -208704
-7476099 -7634424
7060409 607924
9239715 -1196553
9809709 -5391288
-3371867 -1278842
-432993 -9559442
284249 -979094
-7262577 7621467
7410617 -7688020
-8170607 -3305191
1172205 554733
-5796429 5094723
7715655 -1745698
-3655071 -1698208
8093088 4747696
-370376 -1146340
1977936 3133342
-8063211 -3309967
-6184902 1217652
2455162 -8253502
4703408 443231
9464137 -7977830
2159989 -5012342
9815990 -7798440
-1103630 -429394
-9874661 -8354617
6740106 2584927
-9160771 6845262
-4852945 -3027887
-8280191 9700510
-1445830 5756495
-1110163 -6134215
555819 3048458
6782462 -6657021
7605829 4370917
-5185852 -762375
-6223853 2309238
-186752 6794637
1512549 -1547512
8023094 -370762
-6209026 -9591081
-4489802 664785
-2489953 3047432
-9980454 -3650573
8566289 -4826546
-9070050 4255707
8121493 9636811
2685270 -7663861
-4320882 -8806336
-1919067 -8015916
-6261939 5801300
-1889462 -4588567
-7793930 -2485792
5966696 440138
-9930624 3718619
-3356109 -3493858
7170927 -6139650
6907783 2154089
1019869 7197327
-7629219 -556319
-6300612 -413842
-777030 5817083
669575 -8179119
-6985455 4424592
6408676 6348693
2149993 1095478
6506911 -9853262
-9822702 2776883
-6782979 8712981
-5052047 -1339653
5166489 5802750
2179452 1591844
-6254067 -5146231
-7948904 -912765
8530916 -2717846
6868313 6938229
-4728335 -7769695
6567538 8607635
3032227 5941240
-5193715 9582084
-6806086 -8042745
-7896007 -527369
4765866 9700826
930159 4797644
-6542009 499240
-3698010 5878112
9986308 1140832
-1489047 8481442
-9914970 6248594
-6469252 562049
-9983369 1132298
3362603 2915413
1523048 -4711704
3745888 -7553506
4544930 7071627
9028883 8552173
-9458844 7738844
-43978 3649228
-1553128 5307023
-4193737 3402534
-8203002 -5578785
-1921600 2108253
-6893953 -8216693
8031901 6589353
9667755 -6808923
4323376 -8437351
-3005585 9684386
7489034 -9797669
-7351175 8517463
5589091 1234922
-7696553 -289893
-2551048 -2865674
-9216446 5360956
667979 7404974
-6676140 -8253221
-3832006 6474242
-8901153 -4879141
-3095834 -3237254
-6647900 -5795106
9912324 -5063933
9015068 -6980145
-7295759 -3247948
-3045617 -3990517
7043299 2709627
6460901 -7880439
1829668 -4851258
2283068 1280700
-3358344 1794972
-8283701 3066622
-2670247 7309635
-3699771 -4959841
161018 -3985900
2776846 -2600924
-5879677 7065184
4517603 6128946
9148801 6548999
-6698949 -3950976
2058507 4369394
-2920979 -7228214
-5108653 -8381842
-3233100 6056274
-2663025 -762632
3548692 1566320
7149295 3978631
-6195381 5264991
2821503 -5520952
493148 104848
20277 -7017479
2564058 -6730005
1915293 4140600
689599 9598013
-4352963 1064095
7949841 -3492998
-721212 221897
1840055 7545215
3601489 -3313512
5923856 1123308
-7310372 3454816
-2566552 -8011100
7253892 9838923
6834324 1238067
3859267 -7408253
8090620 -2672528
-6886181 -6120456
536496 654678
-7230956 5029113
-3906792 3742447
-9750551 -1583919
1154330 6559401
4104616 -7955410
-1268922 5510738
-3365954 -9777542
3677274 7171286
9160186 -8159974
-8321050 -8889278
-5134859 -1069570
1522177 1029626
8357098 1240761
5120305 -387202
2783828 -8529082
6500031 8173154
-5568047 5552872
-6031046 5109591
1668992 -5318597
-3274007 -2360364
-6849626 8289961
8512419 -2026577
-4855291 -215580
-5859201 2189693
3300416 -5695105
-4248322 8336101
-634273 681909
-8077330 7273855
9403005 -2277175
-8289905 -440672
-2267518 2186834
-2260294 8210126
-4163931 2164435
-637810 -5774988
-5618999 21414
-1688625 -1395465
6577958 -2468625
-167852 -3176206
9013487 -8277333
8543915 3972947
2309048 -5169745
5512165 -5704407
4085800 4191127
-8086048 -48813
9510515 3488806
-4324360 6140400
-3133122 9759349
1923785 -4068302
-7326937 2702948
-7275638 3802327
-7593137 -2945936
4585439 1035737
7859531 1501173
-4259807 6933939
906886 -610630
4219626 -5715892
-1420299 5732286
-76587 -7751857
2199330 -7334499
-1329341 -5646282
-9505882 1709846
1469195 4346299
2794350 -2639004
2580296 5909332
-7771988 5467413
5037829 5304658
8856747 -5365125
-1347600 -7860380
9073560 -767370
8622001 4392593
8676701 -7503202
8229085 -4642021
-2393878 9772754
4954608 -9331150
7538920 2321804
6548002 -6374733
487919 549390
426739 -9466450
-1040766 -6717731
1266034 -6992965
828046 1187246
5822121 -3696137
-1556517 -7798855
1433776 -5525478
1383467 -9966605
-7469806 -7427871
-9553540 60169
-7650725 3275631
-3539167 -9431066
2890738 7303883
3445503 -6000246
-2934504 -561259
-7511357 -6066578
9732043 7492235
3015623 1447877
-7364876 998077
-181708 -6156331
-3955186 973597
-2035529 778127
811523 -5058
-4916577 9347939
-8075540 3341717
-3382652 -4470117
-3901183 -5726265
-8422381 3078181
-405713 1505908
3461001 -2460526
1472896 6659784
-3331629 5949644
-2602479 1204939
4719368 9683994
6044015 -7451003
3522595 -5462340
5315787 4605182
-5399876 4003418
3351357 8643662
1985379 -7800100
-2270217 5275817
9549553 1119079
6713613 -3655047
7850861 3643524
-8817002 -3692100
5484036 1311862
-2738494 -4827754
-1106463 -7847592
4352754 -2824621
-7759271 -6387095
-9333083 396770
-4998048 -1720324
-7716906 -1500944
-2857281 -7881572
-5681672 -1849196
-6573379 9128098
-7236470 2048112
8393065 5492526
-8347598 9477143
-4214957 6243926
-9927860 5351752
-9476002 3785432
5937840 9849998
9541729 -582465
-4453208 290594
3203716 -8217542
62134 -3786291
4712766 8205668
-9675903 -5138419
3012385 4371837
-3983713 -5357575
-793111 -1044642
-5552115 -1220183
-1743040 -9883694
-1123416 -3899713
-8547960 -3441644
-9656212 -1051276
-1201278 4492390
6426278 -1202020
1604926 -1659548
-7360738 -8026930
-1813220 -5191357
5530663 -4782251
79330 5415898
-7695913 -1628888
-4470110 5608067
-5436575 -1679626
7100192 4736779
4853086 -988690
-2372050 7873504
-5568140 6246022
-4805253 -8403658
6088732 7292000
-3910020 -3490179
4850273 2515010
-2995567 211259
-2463746 5888
5223637 -2292435
-6876537 -6933083
-6045618 7819319
3427386 7943902
-3735724 -515728
-5778949 7990811
-2997878 5880820
3754325 1590489
-2163488 -2853576
-1257234 8186185
