27 5094483 7019359
383
-2809232 -2419943
2751644 5598447
3743371 -3910340
3759836 -975827
-1257463 -6456860
8977177 5282488
-6481216 -5989938
-435515 -8425602
769178 9383508
2291774 -8973098
742048 -2582662
8318972 -555702
-9536117 -23852
7715059 -2898892
4711944 4420617
-7999326 4734418
-7150783 4419064
3025077 -2731330
6292844 6592589
-9864271 -3215087
4583753 -4964619
-8438205 9112906
3203657 618889
2397 1126280
-5330466 6489187
-6093474 -7705828
-5745178 5411582
-4612270 4741850
4359310 -5281295
1655674 5619141
353559 -8412394
6006671 -3827299
3441371 -4280871
-7688282 -968252
-1666987 -7749433
-2714052 4963799
-3406943 5433118
-3947993 -8635905
-4993272 2313066
-1197746 6054404
864928 -323738
7604197 -4774868
2483334 5119750
2354807 -7008073
1127421 9358996
-9053397 6526834
-7300465 -8519020
9716461 6953274
8501374 6140906
8391474 4544531
-491670 9350739
4783857 8193774
2074222 -1382260
-9069194 -9164136
-593380 7080950
-3242788 -7750588
-2525456 2787901
-9575997 6877761
9869689 2474230
1833227 -4704837
-8178003 997110
-5005558 2779830
-7750544 -5478468
3178790 7227256
1771787 3267182
-4865727 -5913384
-7719609 3796470
-7585790 9918130
3270346 -3129035
-6048085 5861368
627133 5193318
-2018781 -6774521
-9896759 8101677
-6907740 -9078425
-3783262 2489282
6002744 4925487
-9778331 -1961265
2560267 3513538
740794 4987477
-9228989 8255409
-7657974 5028934
-8658244 -4094716
8339766 7138769
-5990266 6272318
2133686 1610112
9319782 -2038351
-6296520 -7239181
3378849 -2698998
-1777423 6323073
-1187645 6471109
-6087052 -3044333
4994402 7331451
844990 6650969
1638446 -9928979
8326430 4102136
-8352578 2409457
831093 -9331544
7807225 -7010822
9261496 -829141
-9219029 4333311
-7705040 1395183
-3327646 2617105
9918107 8514793
4837866 2567555
-8444984 -9342964
-2387297 6166574
3498025 7984316
4635285 5123457
5194478 6859367
-6522144 8790083
-6284108 -3962739
-3294283 -4874722
-1885543 4546985
-6282156 7029295
1362606 -2624047
1287488 7015167
-367727 -3826081
-5311288 476195
-6956250 -7933268
5240121 2042930
-1790496 7115119
5099435 5369176
492634 4223882
1083249 -265279
-8958844 8203464
-5759275 4561105
2202736 -5242951
9304034 -6537205
-9507910 -9682807
-9790502 5538231
-4930250 1854696
544967 -5986661
-2994114 -2781625
-714892 -2249969
9792962 -7434012
9681107 7041581
2410757 -9481182
4742700 4780543
7031616 5419743
-3860440 -4174050
2903407 8072772
5346173 380285
3843080 -4893857
7939688 -2833440
-7295209 -3148478
8706219 665539
4678878 -2225459
4992917 -8232462
-482430 -8315236
6767104 6794377
3835958 -689468
-7654298 6448212
-6254893 8763067
-3300837 7088403
5430705 3293075
1365847 2838723
-6780992 -1665888
-4043392 -3287979
3878581 -421559
6429963 -6103704
4561835 -900276
-609383 -2347466
-579927 -8242935
5958181 6899886
-3789385 1453995
3280879 2725286
-8310150 -9953427
1325993 5626581
2714984 -4565043
1244384 541508
-6619769 -1854311
-1003846 -7389769
-8161396 9115591
-8789616 4952762
1365410 -1766463
-150387 7640348
7809234 -4072754
-9799337 9240231
6140117 9745659
1199654 6158845
-8599517 -7649267
4913658 -5519467
-9892885 -6909667
-8958358 8756003
-702489 -4661549
3484141 2286026
-2587391 -4805906
6826038 -7519705
-50591 -8232434
-7482545 8036422
5676770 -8685181
9758417 2367069
1607300 -3997643
-4251984 9959081
-1365722 -9736231
5130854 6947671
-8571796 34761
-4358554 -7439135
3833220 4051671
9390123 9199440
-5998182 5647084
3357530 -4609384
-2129089 1414427
-4301655 183568
-1780009 336672
1651491 -1784199
-9417130 6413113
-7584530 -6073739
-6114658 -5293478
7486643 -1836513
-4888842 -4964028
-2412915 -4866150
-9788933 9055714
-4376262 3228531
-5055677 4044287
-7792277 -4986139
404477 -1053859
2876920 5565254
-4251178 791740
-8871588 8575266
9307419 -3514835
-7101721 -4703745
-777484 9890289
7113163 -4686251
-4006412 -4375790
660182 -2883842
2250008 -6378902
5193165 8247267
-6007850 2461075
9021715 -9183097
8347116 -1063527
398966 3745790
-688956 -8732055
2059685 -6724113
4367505 -2423781
4061384 -4295551
-6482944 3674924
-3918435 6959663
4789765 2739573
8363783 5711080
-7172762 -9216647
-5595548 -8459682
2303937 5077247
-9945326 2113969
2930872 6296088
7748913 1592741
-4661468 1277988
2545933 -1852120
-6059881 -2834072
4742147 7121970
5342771 8307624
-5501100 -8680116
8279547 8859827
-5884248 580465
-3708455 -4414336
8885370 4995888
6536206 -8364865
6712382 5806174
-2079857 -1159857
7652583 -716591
-9123850 -9148985
-5354645 5401497
-6450623 8731034
-4103037 -292360
-3170390 -9994152
8313472 -9360890
4475346 4688733
3548560 -7187628
-4090811 2754894
856910 180665
-4823447 -5282914
-3647779 -257720
-4451546 4229111
5585606 5580956
-5135635 3468597
-3164036 3238190
-8843961 8256867
6987902 1481319
-8811041 7221768
7227616 -7115135
6040327 -9465079
5223654 5541088
869812 515674
5786920 -8711433
-6014416 -704647
4012439 -3356170
-1097537 -837863
-6608752 2881012
-9021680 4450917
-9564133 1493206
-5268604 -4157315
-5900447 -2728169
1269503 -4112565
-6890797 -8912545
6488672 -5025186
-4490264 2853171
-1605741 2528999
5561025 3249742
-2945339 1780423
3592128 1347945
508128 1040245
2718734 -9879081
3001932 9410591
3861508 -1373666
-9880459 3980252
2339290 4297375
4085559 -5149063
-6745275 -1044805
-7440998 -4644938
329876 8880280
1733452 9047674
1576673 -1644036
4122059 2644063
6940839 -2862301
1001996 -8823280
-5266682 532967
653887 -8489876
-9079285 7452052
-3921613 6172171
152423 -2701424
4112303 -3802072
-6434783 5008065
-6036740 -1802138
-3930724 9336294
8216575 -3477738
-4430064 6399153
7271469 -7533621
5110442 -337038
-682987 1393528
2570249 2051281
5100601 -9680991
4345486 -180081
-2728029 -4245512
-8073341 5266201
-7435223 3350358
2064638 -5404566
9603500 -806567
7391295 5629856
4966150 -6433240
-7394625 5976924
-5107571 -4300923
-1834544 -1824689
354625 -7836102
3557427 -6724101
-2156468 9671638
2507000 8644028
-1536053 -7055867
-8785027 9368838
4635039 -1747730
4118981 -6858368
-2262933 -283831
8909602 -3816381
4329827 9856919
5940031 -1182751
-5205827 -8187670
-2488593 8545406
-3279282 -313398
-5633147 -1806784
-6014533 -408305
-8220314 7924280
-915340 1828999
-2710515 4286686
3655524 64959
8317229 -1495542
1646091 -9193085
-6960564 -5047438
1136182 1899510
-5727219 4465390
5798992 7982361
9794691 -9787188
8758219 -9406835
-7203880 9822451
-9467981 7995289
-2413016 -2837027
7603605 -5482514
-1137163 -633330
6169708 9204617
-730424 6152322
-5343219 -7658416
5664852 -9896843
-4944280 -1180776
3235086 8704288
-4313969 -1291746
