121 4851416 7901917
542
9439323 3189716
-4980620 2097975
2661773 2617196
-7079067 1955975
-6379382 -7032422
1938832 -4740948
66505 2205403
8347509 -9678883
3099159 -7954026
-6596549 -5858292
-4921515 6827816
-7450796 3015386
-2107093 3916330
-7692695 -5887942
8963474 2757801
-4052483 2725574
7339901 8402797
-6463654 -6516751
-2044424 -7481974
-4514395 8973631
-5767317 1576194
6297950 -59211
261906 -3184460
-8622134 4645459
8787168 5877417
2705233 -5218682
7796704 -6134347
298335 -2229211
1882848 8205963
963764 -4878008
363918 846322
-8234528 -572366
2910883 -2296180
-7261802 -4698182
6791801 -9133540
-5040994 -1776197
680944 3540836
-9643624 -8743044
-1581232 -9057150
-663380 -8265757
9031913 9722288
6104293 4558205
-7671005 6828617
-2449068 -3597371
-5959027 4211843
7574517 8514697
-2057669 -3078756
4625064 9339989
7158159 -9146786
4236026 -120386
619770 3949960
-2509204 9195033
2968341 -8699286
4759917 -9636475
4614120 -8612891
-8890603 -5903463
8654742 3646033
-7008998 7213691
6132672 3500089
-2288068 541934
-8427017 2689997
9611241 -4713550
7142791 -484686
-7115119 -3247343
6632272 -3182697
-9232737 7120907
-1167708 9768394
-8930892 -9225588
3654289 4316986
-1779553 -1654623
-5041734 -1731591
-8085558 -8153803
1576240 -6386991
-370550 7421796
-9519918 -9774736
2915261 7341383
5144185 -7946934
1568380 -4957145
1795512 2286976
1620631 -3030387
6606873 -9055864
-9287470 2387895
-4321341 -4560835
2272503 4297991
-7356632 9332948
-2398643 -9507049
-7660852 -2398365
-6269004 -7967849
1970299 3915388
4140652 3360446
701829 2450381
4503447 9572265
-5384880 8362366
-6834305 -3928172
3041441 -1073015
-7612527 4786326
9690573 -351686
-2396168 -6899996
7397995 -4630768
-5297820 9876335
2885638 2557715
-9840650 -5180111
9368392 -2258862
4172878 -6109654
-232855 1338691
-6210927 -1686470
-9597852 2985326
1347693 8292520
6880700 7533620
-3539395 4513388
-8183934 -7561506
2086808 -1151921
-5535565 -8493360
-3124128 2206992
-5400320 4378782
-3063503 -5905595
-8569354 7485318
7742809 -2904152
-6497454 -9200961
-5345918 1915687
2745570 3269691
-3744982 -1556845
9252028 3147718
681338 119063
-5367549 -1350920
1087574 -341704
1022727 -3551483
-9528491 5690735
-9585921 5487162
-7617704 9863734
-6041861 -4986241
5015430 -681207
-1069007 7905137
1220528 2758239
-5326074 2433540
8219583 5874611
6834118 -64152
-6916434 6990953
-2889984 -1397502
7251579 -3718743
-1544095 1742467
707337 -1660847
6546240 9478632
-2517854 -6304802
-6441068 6960320
-8025921 -135558
1699587 -9966577
7938561 -494139
-7735900 -9369419
-4419527 -840911
7550052 9454379
-8093421 -6199944
-9208990 4384171
-7013331 7506498
-6212245 -9582622
-5323802 -9761752
-8906246 -5239988
6754996 -2100113
1595085 7639994
4600314 -5762858
-3382064 5154018
5187441 -909254
8596607 8317523
1464456 3126002
4801444 3377060
-4652209 7044929
3361338 2351496
9252019 -2745630
-5239132 -3331300
-2913922 -7761311
4993289 -8935025
-4175013 1762276
9662163 6087043
-3756610 -7420017
9333477 1257249
8927619 3360056
-7549198 -4048587
6785289 4115060
9757415 3563762
-3059178 -1750255
-4705325 4558859
9426707 2288613
2059335 1172365
7841065 8678727
-9082584 6820204
401531 7443495
-794228 -1572943
7030453 6226519
1322854 -8615713
-4842112 -6726157
-849749 656332
-875903 -5914493
8200568 1601054
7681168 -4090614
4159132 7957983
-4966806 -5378010
-573045 1970159
5658876 -5540099
-6861372 4002642
822846 3499941
-6540212 6572396
-5000546 3740730
-32751 -4818088
-3433800 -7970093
7820102 3806455
-5537213 -5759560
-1674052 -3029647
1087759 3586885
2012623 9042868
7000851 -1231073
-4092731 8688107
658266 4550397
1526650 -2149424
-8146781 8833494
-5150213 4665279
-6245973 -4807583
8933147 -1690424
3491488 -8730167
-6700260 -8583252
5223204 2574040
6814481 3636194
3122900 9685991
-4210772 -4859571
-5816703 -5789341
-4504061 7801852
6489959 3700500
-9232751 1403208
9253785 9664578
8498072 2293899
9475530 3623356
8815773 -6652140
-5826212 -6770442
-5500609 7748921
9165669 7665276
-7244331 -9684516
-3531970 4388873
4074865 9570150
7226931 9590930
6317942 2380445
182297 -8589772
-2372920 -8186119
-4266559 9188609
8853187 -1605671
-9311772 7503578
1126934 -132389
-4268177 -9836241
5909669 -57292
-9792019 -94389
-9912760 -9590940
3240896 9373650
3762524 5359261
4929411 9708927
9299857 -9646259
2734186 2156342
-3917078 -1865849
-51968 5432836
4621445 -3773646
-2862965 -1802174
8217756 -4009016
5858595 -9658385
3021726 -655309
1803751 4106771
6528734 -1068605
-8143192 2011732
1385382 6615974
-5508413 5097704
-2677017 7664258
534351 9420998
-5906308 9139193
-2726656 5784890
1217726 -7307034
-1080680 -262271
7935555 8355523
-5653493 6056355
-1085677 -1330337
8014354 2721454
-3171775 -8063951
867445 -181895
-8170163 5873312
2489286 2724253
-9661691 -4268428
-6604170 6980874
-1081776 -9822355
9316838 -3553466
-7768576 -4471731
-1778765 -3409818
6327911 -4034498
-5678975 -343092
8229615 -3220182
5449482 -8816116
-3578310 -2856062
-920012 -4019812
-1685354 -4233732
-8360420 2463785
7704390 144483
-1607593 -3354782
6142444 8042699
8220344 -5695410
751124 7577021
-6894710 53534
6643717 -4501100
1464402 1326525
3499785 -4512020
-5215849 5785427
-514337 1729401
1389691 2749985
8730173 5907353
-8326379 2986031
-4550184 -2955181
-294345 5829553
-7525228 -6845794
3713258 8098062
4919004 1133568
-1289411 -5550046
4503489 -4329872
-6314620 1815879
5658757 -6336442
-848462 5149782
-6548439 -841458
3404295 -3547959
9202026 2937224
-8639070 7310339
296370 7932200
-5022981 5550903
1380457 5746187
1416745 -2800974
-4702911 -3628419
7505149 -4869997
-7903690 2732445
918926 -3784261
8031618 -883849
2779709 4604306
-245911 -3793273
5365270 4447599
-9100359 3205650
8659227 -8714083
8596256 -9898333
8033867 -9979843
5571060 -1107373
-5361186 5527239
-7273735 9467869
-4160550 -1428089
3701915 -9460294
-4211496 -6655400
-7923309 -1685423
7430728 6707430
1311736 -9891691
-3684963 -7273211
7174388 3582177
-3212172 4196659
5482576 8074029
692049 -4552945
7983564 -3404815
5487812 -1274084
6769507 3554624
3022494 2642978
-8785111 2012125
-4931817 8861944
4722896 -2566844
5747733 856687
-2435883 6799587
-575751 -4305187
-1578398 8875854
-5025617 -1744362
4968649 -4404009
6186372 1762211
-274382 -7032423
-437238 -3121579
-1879310 -2290818
3780159 -4949426
209904 7406549
-581326 -3197347
8180949 1424794
1374302 4486858
-4656455 -4579802
4736137 9638388
-4666799 2907663
-5700131 6676738
-5067624 -3728844
-5616501 -725748
3552816 2417377
5384955 3086223
2480997 5794786
-6496031 7464069
5030996 -9398313
524588 7284128
6603133 -4759100
-817954 9943263
4430121 -2699566
2720632 3072701
2711089 2290018
7714033 -2543230
-5866492 560642
-651850 4530254
6320859 -8417763
-3484034 3731649
-3182127 -126325
-4331539 -8099079
1881343 9298870
2416909 -8311218
1489262 -3087661
-5330409 -7058503
5401112 -1907605
5392830 3851638
-3075661 -7652415
4637604 -9370186
-1913416 2151780
-7287578 -5132011
9398244 -5263555
-3681318 2060573
8308574 5719103
8109130 2834648
-2748078 7642799
-541979 6293943
499078 1649617
8561956 4391282
7332780 -8011660
-7402912 -6768453
-400463 -4749756
-2402170 7989918
8619732 -959772
-8807992 4751786
9619775 9222669
-6040886 6420783
-1518644 9018019
-2746526 -7205852
-1854852 9306282
6949082 -4637396
4172900 -2086578
9563039 8923455
3314738 -5328022
9176670 641347
3872895 -6836130
-1585886 -8226242
2280028 5988784
-4970987 6011944
763730 -6583887
-7361218 -3778979
-7358196 -7100142
-8082123 9114248
4424748 -6360488
5462147 -8312296
9566660 5086248
-7000329 -5072419
-6148964 3739560
927890 5079062
-4279590 7165774
2845996 104561
-5605329 2109657
-1901559 -8739889
-211593 6674700
-9909187 3127454
9348476 3068490
5968348 5245947
-3123453 4506632
662497 402577
2090281 -8698705
6387543 -3875356
1052225 1656942
7912854 1903566
-3017371 4903261
-5414612 -1159255
1461658 -4780609
7329048 -52264
1207847 5856329
2531029 -4572511
1071296 3512607
-3418903 -4861806
-9615859 -7063876
7442756 -7450555
-4531626 9777040
-8921665 -1894747
-3253751 7558656
-784402 -17769
4402149 7798474
-4781912 -2871548
-1514451 3901130
9120521 -7680172
2267564 9947207
5803537 6449569
4393411 5991764
-495629 -9149082
-4010887 -4535293
-1599169 -1398180
-6332383 8889606
8666647 8359939
8981545 -864009
-3305353 2261334
4759917 -4272206
6042621 -1573403
-1928598 -837933
-6936803 -8739291
6096889 6556951
-979489 4700071
-6334008 -1635547
6872569 -5175952
8191318 8059403
6040462 -3623060
-2504888 -5819569
5586390 6957645
5317585 1162729
-9701279 4253037
9030723 -3184518
2543276 9509720
-2063682 3790641
-7047292 -8897751
-7637042 -1475928
-4918977 8532257
3232328 976199
9340653 4101534
1441934 6898321
-2525924 6213222
5106515 -7850395
8846388 -6485461
-9527816 5117979
-3719291 4432778
-8797833 -1693879
-2362045 9095782
1121854 -9767109
-3460116 -9818768
-8716519 1574524
-9901404 -507408
-9458799 6162792
-2861009 7695972
1797506 3773530
-6811797 8995996
-2274429 5755793
7905398 662279
4176818 5348438
466417 -731862
-6299083 -2834645
-2012172 6747126
-1640740 -5096916
7652327 5625784
-1676632 9481115
1055639 -5807789
-3798845 -7876799
8285993 -6329412
-8633440 9258709
3032239 7941337
6937333 -4319582
3952563 6220442
