16 1426430 -5747947
174
-7542204 4623722
-8159323 -8783501
2120167 4069181
8440817 9697443
9713244 -1649086
4048837 7890045
3777929 -3913371
2701106 -2144800
1335347 -1176762
3720564 -522520
-9634092 -9240425
-9030228 -2111414
9567673 9549808
-7042345 4778518
-3795052 -6705153
7918569 9726061
3458912 -8820904
5248278 2275598
1973041 -4420920
-3553654 -3794553
6611845 1686286
289267 -9504817
-1649617 389774
1729364 -7009627
-5015795 9685731
2961658 7966280
-4145134 -4649887
7416274 3931430
-1290052 -4577461
-1282614 -9626071
2616342 4914897
-1389655 9152308
1427906 -3924745
-5829313 -6141377
64071 5917300
-2396414 617033
1112216 -3324084
-417958 409205
3399579 1978951
-5818966 -8688594
1794038 8383784
-6266102 7142692
1074122 7648904
-6928557 3666524
4040453 9784071
-2784680 -5694818
5973842 9173148
-4751597 5825665
2200641 9918100
5835400 -8064558
2552475 4781064
3973332 5955338
-3635456 6181043
-1840006 6071726
-100516 9764123
664259 2341029
-516279 -8306478
9342426 -3085491
-9418967 -9442156
2858267 4930221
1751755 -2862161
-3689013 2589939
-9068044 -9758051
-9839950 -5924258
-3988816 3132597
-9569987 5995450
-5532859 1080011
-2738946 4403345
475071 831685
-6887840 -2062600
-9721571 -9625445
4584429 -3707229
3207281 -7721497
5352699 -3556793
-8626571 -3695334
-4041143 -9272682
3317257 -4358464
-4116514 -5213804
-1138062 4249213
9898163 8559888
-2928310 -2610526
985837 -9671824
4731522 1538831
4886868 763243
8700644 7722945
613853 515380
6808152 1495425
-3709720 -4801718
1641490 -7468215
-1163549 -8357021
4886649 -4468729
-6310841 -2688339
2097857 -1796094
-7546880 -7911003
-9351115 3476148
3381974 -7648717
5195811 -9763072
1775759 -5632188
5131055 -72667
-9833369 9178980
-305640 -3651949
359829 780484
-1504882 -3497488
-8449351 6650109
809441 2652960
700583 -7096547
215114 -4303910
-3583651 4389743
6478740 -7687029
5789119 -1130531
-6262896 -356022
-119094 -828906
3538906 8932915
-8623399 4173017
3351997 -8813687
-9949283 -8456768
-5159932 -6953642
-7934778 410546
9577007 3335186
-4011853 -6384128
-3480675 386448
-1401109 6688730
-6405175 -749209
1563762 5015240
6401061 2589918
-7766104 -2647118
-959672 -9861835
1587432 -5368846
8804171 5095586
-1201749 -4519615
-2976383 2156169
-2281121 -1151032
9259514 -5619963
7715224 -7699547
-4083675 8836522
-8260678 6219723
-4575195 -5047998
4202793 338213
-4646547 -980369
-8390451 8282908
8152142 -8245486
4409031 -6156555
-1525401 -2807530
4804408 8512816
-6006799 9795122
1951291 -6397341
2451628 -6466829
-2086792 2186522
4486976 -5772506
5580368 8144784
4364507 2919653
388008 7319691
-9825744 9789313
-8674704 -5409199
5390061 -4472290
9798576 -7065155
9294642 3542203
3251025 -3276040
-4763224 -9714407
-9919285 -9428215
-5825555 -770023
-4720500 -5451641
6734881 -857575
-4113729 -4290939
-6146155 -6261791
6657863 -8533360
1302683 734705
-6959630 -2954129
-5846976 1476939
-478999 -5634334
9816863 9543086
-4398359 -680422
6043538 9111505
9397098 1369019
