493 9218357 -9622123
815
6160458 118843
-3563791 -5921928
-9045710 -527392
2817985 7177264
9312033 5264258
-1086080 -3860839
-3389342 -3066291
-4582489 2063813
5096208 3150788
-5367545 -9566501
-768131 -7812755
1183110 -556314
4776474 5884733
537161 -3476474
8258236 5285288
7920483 -6568610
-2490538 4418694
6407654 -5643308
4050308 -1536247
6244363 -8258009
-9602495 3362342
2812403 -4841716
7222097 -2991837
2675304 8229914
1179765 2318305
-2978098 7307759
9267797 -9588365
-1187280 721364
7244891 4044271
-670441 9349881
5297623 -1980521
4954525 -2749958
-5876914 -7192915
-6212810 1362180
3104171 8173395
-5947911 -9968446
7706190 3501676
3026192 6864492
-2389242 -2555361
9762944 -4298504
-6990745 1306875
1718510 9301199
22563 4793404
-1162325 -9468770
2397463 9783806
-2196715 683586
449980 -2304914
-6981476 -7242189
-3363657 4573066
-4737187 -3194286
9353620 9740514
-4241457 -685098
-3820606 7059810
-5495551 8784735
-5513769 -3693496
7613380 6783746
-1398703 -9988162
4805242 -8151758
4895825 1140212
924019 6159269
-3157145 -2706712
-2495273 1243656
-3482181 7292835
-5617747 523251
-154683 3154162
2894677 -354933
8959969 -801062
8775100 8653220
-45693 7655716
-6037780 5795902
-4904000 4440538
4452376 4091952
5940195 3697297
-5162491 -8226030
7933239 836020
645660 -1722120
9521537 -5223906
4585281 8150387
-8810010 -3960644
9193519 8967534
-1387399 1035308
2750598 -5395452
5774120 -9911077
260991 -5957950
9837952 -4271573
2685317 -3260437
-9168484 7450304
1147601 9654045
-8571985 6771711
-9875917 -1498537
6779343 1877606
-829948 769743
-8563517 -1182768
-2627059 -6244667
5239219 5142825
-3821867 9082812
-6312640 6368173
-1026552 1445083
5487134 9461480
7706259 9234439
-4025998 -2158562
-4708257 391576
45621 -3194482
6093581 -1044304
-26489 -6010012
-1616054 -1265984
2020112 9269207
-1913561 7553998
3825683 3456595
-1400580 5459380
4542192 -8418746
7949427 -2706094
1255341 745904
-7276264 -3077125
8673666 9258827
9616618 -9570005
-6662077 -5352331
-6030461 -5091639
-3619591 -4100104
-7593764 2579473
-8686511 6353921
5623128 790182
-1655820 3333601
-3209804 6225919
-5798348 4686215
6267470 -2094031
-2283773 1260196
-7993899 -3266751
-3827523 1487920
746748 -5270163
7676185 -5153857
-7989836 363366
-2211921 -8985892
9430357 -4020296
8559177 -3315160
5555113 -8163407
2626776 9872666
3206268 -6305407
9920513 3487308
-1826476 2512816
2935137 6638517
-2101287 -5559006
-6309405 3167716
-5344363 -95186
-2848996 -136928
4709216 -2081263
798455 7343541
874001 6719380
5215436 8586534
7787726 304358
2140952 3774613
-3836368 3342840
7037433 7284080
771388 1886252
6915420 -525702
-3887185 1461264
-1581390 -7633090
5534626 4011529
6432695 2109206
-8027722 2706615
-9374648 -6416301
3443592 -802154
-4082773 1423807
-7473307 -5682406
4621952 3649015
-2576371 -9685580
3657260 9279256
6563336 -3896387
7989865 -6788955
2685344 9851077
1312341 4905285
-211453 8798159
2809688 2247304
-5643490 -4676826
546141 -8241264
7858787 8845140
-1957013 -6312154
-2371995 1302380
5619974 -3523434
-9874419 154699
-7014529 -7241722
4553887 -9934438
-3830825 -840917
2370128 1117223
-6515348 6675392
-5902970 7571824
6369984 -2686654
9560650 3885577
1725103 -8303976
-6545240 6433512
5278652 -7728755
-4040909 -8686452
2615928 -6678361
-201795 3587096
6258147 -9247746
-6489468 -7559861
-7494299 9243618
-1597299 8064419
-8302005 -8808771
7866621 3289182
861006 7698999
-4987655 4480003
-1634419 -2769010
-8556633 7089347
3522859 -9909316
-7638071 -5101873
8728027 -8682136
-5360497 -9162628
-3059179 -6139693
-5387439 -3045939
-605800 -6801032
-7557413 -9360554
1220217 -5583747
8123834 -6638360
-832826 -4565436
-6866436 -1493192
-7013189 -9971819
9775523 -9337739
267961 1352392
-6040571 -8781110
8633370 6307172
7625036 -3678642
9675083 -122251
3738057 4780892
-8265047 -3384096
-185128 866970
-5977232 -6354495
-9421890 -5226189
-9348196 5242986
3193902 8701945
-2791247 -181022
-152841 -1156182
-7977568 195564
4064309 -7860965
-6642075 2290393
-8886083 8023738
6861448 4507647
-5614603 8738954
3519846 6536531
5668787 639806
-8493224 -2228849
1416656 -4516340
-7226177 8045897
-4194765 -5488882
5729415 -6574373
3244606 8999137
-2157044 -7061832
-4349915 5608117
7747152 -7618260
-2811515 2230746
254484 3621430
-1870923 -1697598
9557708 9632284
6168816 -4969174
-1813016 3077554
3365057 -5646045
-162385 -7789887
-9743990 7298065
-8190816 -4872209
-1446582 -3938755
-4939618 7538599
2993120 4314376
-7561154 -4580310
-2198570 1159557
-6609697 -9814002
-3676220 -2493733
5808670 -3838861
-4206577 -3030790
2000036 5366378
-9039715 4478591
8832547 2703373
4913486 4325342
-5860240 -8813486
-3685695 5169496
-8769259 -4051056
6003895 -2615924
4214804 8807475
6743518 -1002985
-9843428 6653650
-643999 7061300
-5432432 6063227
-7775634 5679781
-7351009 2892590
-1741032 -9465858
5012733 -2834620
9868753 -8264395
-1422700 -3638368
-2451853 4782239
-48265 2717060
1182356 -3621196
3762880 -6301172
5022655 -2813749
6183267 -9505963
7147687 -5717475
-8656174 -1143809
7435771 -3496312
4699822 8427746
1320336 2176489
2710631 7348813
-5485807 2095656
-3652386 -9760283
-3398651 -5617054
1681537 4924914
-9841674 -3334152
3044653 4149624
364804 1340682
8526933 9323885
9817922 -4612540
-7813663 -2773448
-1400904 -518038
-1497998 6046515
4474261 -3965133
8211356 -6798176
-9449362 8310949
-7077042 -6561660
-6321943 7581183
4480482 -729428
-5804514 -7204242
-538393 -3837981
-9688356 -5646188
-1789154 5022612
-3137151 676448
-1419740 -3262221
3964332 9197124
-1320914 766598
-3186887 5079780
-8885353 -302560
2899265 3803727
2114676 1842355
5280695 -4033745
-6452562 5037634
6824558 1475104
-3212785 8027920
6706292 3536396
406560 -1234826
-6212214 7017936
-2305616 8617406
-4644814 650635
-152241 6274645
9557595 1835870
-3084350 1043197
-9259362 -3629292
-9825565 -9453351
-5094644 -3843745
2122510 -5194536
2359450 2702404
-5822492 -1813700
8730573 -815991
-7279595 -6518925
2246249 5436865
2454801 3126966
-5739276 6034035
9201023 2665537
-8543466 -384090
3968132 -8434866
2608332 -8985871
9901190 3400134
3946783 -4134678
2021577 -9924375
7397441 8852140
1554544 6660439
-5153261 -243108
8940901 -1751596
1729480 -6422688
9014177 4177658
9820976 6492081
-4957531 -6014670
-832780 -5918299
-3786037 -5756508
-4191374 623754
-5845764 -9817904
3582230 933310
6798632 -5944574
6647403 -9954634
1413858 -8663439
7997000 4044845
6318089 5484754
6249510 -7156260
8937404 5258990
-8047000 -2021010
6987424 467934
4453264 -8226023
-4144322 -7970107
-3726615 -6379516
-3239409 2069641
-5231911 -5401637
-1951974 914827
-2513395 866672
912038 7363010
8699572 6650360
-6788443 4842248
327002 6696572
2056664 9529646
-2695012 -3423488
-2928145 994069
-8537997 -742011
1031966 -5940721
8605524 -1568381
-5431544 -596004
-8526363 -5121091
-8006376 1329047
4760226 8758079
-375249 41650
-2595339 4763183
1413543 3053141
-2104611 8620585
5317157 4625101
-3328901 738743
-168393 9890174
-6599405 3976088
-6765923 -580186
-4004555 7378950
-4189431 -3217605
6186391 -5399031
-8003770 -7104623
-3259224 176380
-1065541 -6010145
-3452143 4017354
-1219463 1075562
-5871297 3952518
2573103 2710433
9851886 -5459556
-2204461 -9593387
2813139 -3477015
-9500927 7627147
9563313 6213734
3592684 6249502
-6968103 -4441241
-7323920 1919605
-2668665 1734640
-8088979 -5327689
-8821482 4072111
-1910534 -6638168
-3046253 -2273625
4195246 -613645
-7903212 -6401198
-9344401 9284701
2207666 -8051326
-9011988 -1548862
8594637 -4979195
-8765461 -8512915
7736588 8157951
6233062 -2656425
1779533 3284837
-4980522 8909142
6097805 9110868
3182979 9446851
5325035 7276323
7519051 3788797
-6824847 4795134
8393937 1714297
998998 7788293
2253320 9049536
-9982974 -6793335
-9256178 3241332
4728417 8611664
-714033 -8021638
-8161711 -5018643
782547 8035381
-539125 3617822
-4754958 5802025
-2234772 -4441319
5351356 944374
7249523 5606615
401750 2870407
-5415296 -9575324
729322 -1204313
-9638425 -1899945
-6176928 -7017358
6223974 -9621399
1506617 -5433106
9061608 -6531257
-9033547 -9207416
1344317 -9100102
-2965928 1749000
-2448975 -9194807
8880226 -5204533
5739841 -2167395
-6560780 4231582
-2898010 2989364
-4069607 -3642678
-2330639 -5796954
2303101 6659715
2158709 -1969064
-9074110 -1357475
3209420 -1617317
-5632222 2432507
-4258556 2271028
-4312722 -4665769
7083231 7085761
7890954 -4762297
33170 7150608
-5016787 6771180
-6480885 8289363
1278727 -9061214
-2703892 621105
-2659497 -274528
8901539 4965470
5512758 2159957
-9197518 1060248
1959283 6438648
-1128844 4011902
8799283 6327062
-8338707 -2871048
-5785287 -5513439
-275736 8744525
5895133 4622020
-6090448 2273786
563149 -9121653
4333485 -2571333
566124 4358229
6600053 -8370407
-888585 422980
-7417063 5501593
-3438159 -5375826
-8937178 -6614581
-86326 8521125
4848187 -7549670
-420718 -1287043
-4284130 -974168
-2229643 3793996
-9067632 5440135
-9769727 -6334509
7060190 -5158080
-5213060 -6690225
7668004 1393675
-4460380 5353064
-4223956 4268057
-7713998 4651036
9275210 -9124667
-5739247 -1152156
9885321 -9661968
-7211637 -3309221
5403736 -2750140
6275692 2367645
8677993 -8880394
-923907 6562402
-9772107 9610361
6968634 -8177281
-4867506 -195565
-8801890 -8244426
-375010 -7199502
-415093 -3262270
-8611234 -2082613
-1207280 1870910
3235106 -9336024
3518361 3053473
9744252 -4363221
-4597009 -1176924
3707073 -2335660
-8699701 -8321317
757437 2385067
-5488220 376392
2199111 985330
3306117 3996766
5752340 -152043
2648455 4504227
3758310 -4622669
3294718 4749715
-3379375 5147076
-1672595 -7912562
-2342736 2372083
8008862 4362118
-6814806 9917868
-9901439 -6588147
7606888 -591381
4310038 -8601140
-5708396 -1635674
1866008 8821819
2818585 -992932
8855025 -4827874
9676353 -8912722
8980961 1503481
-3746804 -4048985
3614444 2275679
-3120531 -4609827
7762256 -8058151
-1179681 -2946915
-3029046 5771118
1699323 -5478135
3930484 9585867
-9015273 -693789
7670537 -1759477
9578694 -4723669
4283399 -7947102
-2774976 2397279
-3999091 3138425
7158258 9417729
-4631255 -5018130
7257549 5927806
3834331 8983189
3441390 6653371
-6293544 1596587
9884057 -7738291
-3216426 -6806238
-7220371 1583380
-9110409 3230410
-8529067 6280708
-8442960 1076481
3129379 -8950373
-4036741 -1643209
4011568 2870755
2288484 1964168
6946039 -6313822
9613984 173581
-8326878 -3280060
-6626689 3448315
7561254 5114512
-107427 9596120
5306234 7445311
-8454957 -807501
-7577090 602216
-3117076 4950987
-3972532 -6106157
7459823 -9043684
-8170540 1673199
-5456046 -6576918
-2096398 5841028
2043559 -651210
2038724 -5150359
-5914066 -5826105
7622211 3711846
-1173641 9975597
9571717 -2300183
7661481 1235284
-9572216 -2605696
7996520 9206524
4157511 -7149306
9260889 7395796
868465 2701331
-5625470 6720712
2660146 2697925
-8944695 -8565164
-6700021 -9436251
-4586610 -4384784
-210888 5338703
-949451 -7984324
-8008726 9927675
-2372508 393260
-8371455 4079343
-8526353 -4711027
-5504502 -7943671
7423375 1986519
-8101332 1169361
-6129307 6684264
-4078671 2767133
7981410 -1754777
-7803588 8581475
9145224 1553067
7168284 -4503609
3351446 7074967
9090643 -3042604
-3114929 4918347
-4688392 3598269
-2322387 -2971085
2317889 9456505
-8487166 -8332388
-3829516 -670261
-9500900 1452561
-1863175 -1930848
3352637 -5630207
-4868631 -3425494
-4844018 1334047
5403466 9844133
7856876 6817558
-3591123 2571750
9529146 1208322
-3873331 8015873
1614142 8930569
-4040515 -6045371
-6588866 9291755
3475720 793726
-9876535 7440320
-1107119 9646204
-2284644 3138917
25063 -453941
6120565 -8932007
-5081608 -2327216
-2483083 3792899
610458 -9678142
-4590039 -4626207
-901533 -464313
-2448440 7455459
6386029 5225136
1696118 9165703
973810 4861866
-4344408 5107252
2547573 -5550470
6612086 -4220943
1434326 -8559546
986513 -5672558
7911787 -8540611
-867827 9623431
3416330 5346531
-1815258 6649090
4539235 -5973212
3562476 3594703
1050162 -6362298
1379191 3630388
2796091 9952543
-2669239 -6924691
8182561 6286254
3252136 2986353
1281762 -6753514
7203293 -135777
-3291983 -7283911
-5824522 -1810194
-2186763 -5380195
2482688 -4175996
-7526906 -8770432
7772708 -9332570
-3221515 -471318
3166384 -6148464
7481925 345000
-7186105 7061927
-9862764 -7205632
9080622 144657
-6868990 836150
4082636 2332759
-7803018 4412773
-354786 -6197719
1992088 -8578649
-3958844 -3662956
2161048 2321677
-3932403 1040197
1707627 -2849505
6679177 6356658
2724546 1002465
-8652535 -7638087
9423841 206471
3000840 -5838640
4306017 2077429
5429931 -5402186
6930573 -46620
-5633847 -7971080
-4168799 1643907
-4418389 -3472281
2864763 339641
5177671 1622767
5179316 7542164
-5307341 -8754732
118278 9403296
405761 3888188
-1233547 -7157175
-4434352 1753226
-1569062 -9293354
-4699572 8566488
5680655 -7263044
2690336 -9269641
-7240721 -4872420
-712160 -427159
-1383088 -1409519
8930122 4869451
9008570 -8518325
1540191 4107793
-2130586 4187887
3591183 -1250798
5153742 504044
3346869 -6003056
-1733478 -6079804
7143194 8912518
-4642 6697460
9434416 -7556378
-6826018 -4323987
803594 -5358896
-3269703 -4066739
4523742 -9908566
-2522763 5347209
-654763 -4029783
2594362 -3514193
-9326306 -9114572
-365369 -9536224
967821 4264877
8261821 -5211627
-8775079 6831042
5743560 -3471657
5742156 8368116
-9188262 8255271
6447636 -2307076
2334029 -6014280
-7564666 9767582
2375368 9064326
-3072112 -524572
5445645 9852605
-3661587 6273125
7158553 -1959992
-8979864 -2987893
-8723015 9309536
6614262 1987957
-8664648 2055158
1099854 7839183
-1276349 -404736
-2149465 -3157990
4534934 -7948258
-3962538 -5701828
6582106 9385315
965994 -9010852
464577 -1042525
-1189920 7893882
4167007 8426574
8982934 5148493
-7839399 -6158088
-6848551 -9996929
-5492620 5953938
-9474552 9765711
121246 -4157268
5437997 -5858346
983664 8844898
-9103360 -6711468
-9896944 8034951
-63382 9450454
2955955 6685163
8158990 -9097388
1312846 -6579468
4363458 -3030930
