77 7830724 5392862
288
-3219084 8998627
4261776 -6180647
3412164 -2928024
5828555 5535353
6046184 -4856181
886200 -1894401
2915682 1994793
-2583232 1300922
-1997798 161180
-5621745 -9447088
-7405235 4884514
9917556 -7974384
6148369 2038767
7051870 2858379
689104 -8713992
-9715365 -5038916
-1219563 7470020
7058348 -2937237
5114468 -7807398
-2663579 -4596745
3508855 1160652
5671798 738973
-7960105 8940889
-897931 -6911434
6157830 -7441550
-40684 3480324
5505940 8752595
-6692285 -7606776
5251604 -5829339
-4543331 -9640415
7837021 8457060
-1556568 8257657
-4679580 -3382542
-8673588 8018133
-6578612 -9565111
-5888107 -8820814
1918159 6930243
5871132 9783691
5388610 -3525593
-8450791 -5026799
8453525 1546440
-7184612 1508525
3901750 -3524183
646478 -3876897
8999040 -8330294
-9873234 -1380500
-3122843 6836061
5969871 -8913450
9104683 -5286071
7665170 7296284
991822 -7473928
9456315 4293416
4077107 -7090019
-615612 -2156200
-4666647 -8017931
-3955138 -6550051
-2525173 -6213121
-7220952 -1139750
4983353 3892929
5562635 -4058121
4561379 3982393
-6665194 -1794247
-707697 3954888
1185169 9304677
-882687 -9086661
-6560589 -1149660
-6856244 -9890865
-6980883 5412078
5772230 -262785
-5764363 -5080143
-9113841 -8894416
7408815 280499
9140749 -1639014
-7746085 -9812137
8646094 -3359546
3139199 332902
8538655 -4276175
2195065 6474005
5778682 -9652690
3777001 -6619765
-5253073 -5104004
7521483 7216412
-4855157 -2109317
144250 -9459400
7976810 -9082927
-7977343 -3103761
7176738 8862969
9740307 1947824
-5347960 6317487
5474293 -8005778
2327124 -6701866
-978040 -1386508
-4912503 -6617869
6245793 -8782975
7113612 3382532
8278528 22795
9755559 -8139461
-7732426 -1683637
-8626684 -5099598
8333828 -5071823
1824416 9350126
729447 2872837
-5179338 -998845
7834994 469754
-5019672 -527298
2770836 3309288
-8077220 -176196
-4277713 4309148
-1957474 9526630
2909162 -8031920
-5492773 -4843862
9533030 -6295958
2020405 6779139
-8320459 -8199396
9245133 3393721
-4739801 2529721
-4597441 1069550
-9929295 -1494002
1492104 223221
2212275 422051
-6268661 6472432
8812588 7499463
-5675036 8170472
213454 -5465125
9019308 2367490
39980 -6877384
-3173342 -6473465
-9694326 -426990
-6110033 1363415
-5242863 4501568
9547641 -6864900
4204650 -7466312
1039687 -5049800
-2310227 -3208293
7213759 5048143
1520576 2418400
-82136 3461450
-5851726 -7150484
-2615608 4242828
-3389682 4361728
696 -3596300
-7553413 -833350
1256013 6827354
-9292878 5268614
-229818 -2337668
797432 7980611
-9485701 -8165825
-3215624 7518435
6826494 -5929662
1634834 -3009499
9408902 -3443395
2534408 -6844590
8521278 -673234
6085946 6682682
-6439237 -4094330
-5174278 5212616
-5620734 3561459
-7094834 -2727690
-7459076 5635279
-6702389 6128640
4109251 -5172542
-3338367 -3388604
6646183 -2860098
1210241 -4037639
2952863 3472677
2545635 -7154925
8516837 -5121883
4204883 -4919957
4279077 7038115
5460138 290829
-4496555 356192
-6082348 -9714140
-2441830 -7600937
550695 9339170
5467810 -7384554
-2557096 -3635342
2976054 -422939
6716963 4104538
2583251 -7861411
-1872381 -9556444
5804983 -4463886
414231 -9326746
-4246703 -3161828
6392640 7135466
9942647 2548726
-7095081 -5630870
-5345010 7962444
-9638492 -3177429
8678093 -5270487
-2655041 -6571445
-206787 -3337745
-1244332 -2695784
3925106 5285620
7424209 7988983
8432540 -3491643
-5439176 -4448172
-3774918 -3246125
-3891600 4975055
-5373126 -5505269
7043458 5017392
9386522 -5430479
5048318 9948377
9287300 6557864
-8712623 -2073822
1354733 481745
7144000 -8851311
-1547095 3664298
-1050082 -4100332
-6111349 -7621989
-1113632 8890480
6958660 4837543
-8408581 3447192
-9061400 5700095
-9805174 -9783829
5233563 -4434526
-7348653 -245364
-296987 4620085
1177949 7699665
8142195 -8493335
1988410 -5018321
-3869632 -503072
-6838773 -867590
5032078 4583273
6961284 -5372503
-6482023 1437082
-3725375 8364004
-5672451 -9523362
6176733 -9617604
-9401433 -4733851
-6652025 -1112089
8642548 -1651518
-7031433 8515674
-1268308 -9138087
-7631421 -3337131
-5839100 -3126113
-1112832 -3126659
-1477896 291268
-5125459 2048395
-807756 6070534
-2492384 4352177
-4767467 2710222
-4296788 3782242
4164638 -439918
4826231 4396297
-6715792 -2720442
5628040 690558
-793767 4443108
5305022 1112960
292181 454277
7328164 189953
-420354 4453081
-5255651 -3784668
780079 8101750
4172285 -7864758
-996229 9972324
-4801102 4196253
-2021505 4236304
-6203613 902110
7814759 4659486
4455396 1138970
4345881 -8901033
5542076 83436
3712748 6068466
-3477257 -6636550
-3930245 -5995071
8458010 6367259
5098944 5649401
-3732496 -6797641
7853953 -4120977
8367699 -9560211
4636042 -3142276
-8905971 6082949
9501411 5130890
-7693272 7406768
-8937910 7316170
931490 6762124
9361912 5407971
1476437 -3526434
-7646632 3074661
7079590 7999180
-3117208 -9060525
6588876 5537601
1256312 -8018264
-9622889 -7143620
5812521 -889734
-1515658 1261163
-2655888 -7035084
612158 -421629
