64 3691011 4374983
392
3422460 9083626
-653554 8237996
-3755481 5633543
3196897 5977154
1175194 -3265793
-659494 1688781
-1275705 -1565791
5089643 -7987279
8411538 -4299037
9282509 4201088
1656736 -4834417
-3299788 -5722185
-9080459 -118757
6304223 -3337857
-9646846 8526284
7609911 679206
-8566446 -3708034
-8074491 9472709
-2033785 -9805575
-3071368 5122406
9327539 9141410
-9908029 -1214510
798212 -1948165
3752798 5181615
-8100945 -8273898
-3108315 -4448341
-7654173 3555792
5953387 3591897
2770392 -6734632
4308004 -5226038
-2030480 -4360102
1931864 1917915
-6093023 -596925
-402500 -3626274
-8503868 -5610456
-6469046 -957515
7827975 3340024
-8608141 6139278
-6162755 -8857461
-7131358 -2338991
-4270979 -4263700
1808444 -239673
5868577 -1925152
-6143432 -2238169
-4947855 -8844679
-3204780 8164572
-7401160 3021666
-7575259 1243436
7617162 9022169
-6588287 -5461407
3581078 1629647
-5030329 9459020
5598298 -6074594
-4932055 8877882
9055243 9435543
-4828157 -9547061
213267 -5215736
-4624536 6980288
7258471 8598196
9753517 -8251616
9912957 -7689383
-2151365 9065089
308526 5028149
4050318 273376
-2671679 -9557960
2071687 7462031
6921051 3425752
7351158 -442290
-9048056 -4964299
6987596 4935455
5388395 -9992812
-5208548 -7840560
1656080 8118014
6716210 166917
1915301 -8569097
6257872 6469727
5534817 -5655390
1889111 -5893493
4379883 8359695
8801735 -4060571
5917813 4224557
-2349691 -6610225
-4536163 2838864
390918 -4998533
9936922 -3584218
-3577030 -2621486
-7945694 -2158331
-4040317 1214422
3897691 -3773262
-2342358 -7324107
9145621 8329345
5190307 -6084486
-1977978 -2803210
-4443515 -2920581
3018848 4918257
-857186 6874572
-9735653 -1063339
4291878 6793123
4310942 8244537
-5339681 7199148
-5422338 -3235783
4605886 1083289
4814063 9148321
-4624941 -9434430
5757815 -8771893
2073804 3032701
-535432 4903436
4616578 -2735889
-3140118 7486590
-5078801 -9826937
7047636 2395083
3848096 4064014
-6626511 -171665
-1927128 -9343674
7855474 200784
6965001 -4750457
-1150816 4949489
4097810 1570887
-5347191 -6336752
7407707 9472869
2505571 -9589375
-2169587 -8002137
-8221674 4486491
1973081 -7553008
5136407 -1361791
-8966708 6894280
-6525354 -5299605
4528731 4881388
-1945933 9364488
-434728 5117955
-9632501 -4090459
-9140970 -3469727
617512 -783317
-4603717 4956840
-3053938 -2213326
-9286349 5320342
7318205 1967985
-3545524 -1455936
-6492592 9096532
-2265259 943909
-9645459 1160168
5860563 -8715615
-1317875 -6170812
5710028 -7094354
8023602 6736192
-7354266 -4724700
-5678075 907453
-9875864 6021116
-6505691 4939437
5242463 8036772
3357114 440371
4924708 5956114
7016531 675320
-228148 -8620816
2323093 -9476061
-5799541 22945
1307330 2677634
-976826 -9938977
5483021 2505807
-758000 -5266798
-7475146 3506623
-5585924 1887734
-9574798 -3153221
4302569 7054565
-2392311 -6080489
-3123766 -454968
-4498853 -9035197
-5843525 -8199058
-6819874 -7482322
5557969 -3555321
6467624 -1980429
-9302794 2274781
2335804 -9708694
2797114 -7763268
9486287 -2181175
3841801 -7960886
-3556800 -7988859
-8625727 772229
-9656854 9384754
-6695734 5676842
7738226 -2049165
-1084361 180500
1981443 5755725
789755 3072114
2033146 -2322079
5697493 8864077
1138858 -1499230
-8691571 -1088949
-6335865 -6525338
-6190161 -3378105
-8822639 -6849578
-4838436 167992
-9059778 -9863087
9521667 -3464163
4729031 3799720
-8249444 -7174067
-4477214 -5016391
-9260665 -6817453
-1228987 20581
214854 1529090
393167 -9195841
-8178718 -4087653
-2660250 -8467975
7523039 -6870289
-7732042 -6479762
-3329340 3849231
-5982777 -6554681
-6417768 -5651424
-6599235 7473797
1273518 -6896101
8446185 646148
5629758 3024074
6206621 6485323
-3494096 6369093
-2101817 -5022366
8298146 -762890
-2334190 807703
-5143920 -9880572
-6750861 5005560
8525798 -7620880
-1255297 -4482903
-8521232 7712811
-7938613 2761926
-7247924 -4939000
-9318749 7978505
-1375347 4025594
9566020 1643788
-1870889 -5745589
-9376496 -1711007
-4217021 -2848633
6388478 -8961960
1845743 -5918875
-5799447 -5945712
1576200 -781825
-5886353 9966044
7999493 -7381649
-9668838 2858350
8136629 9478261
7055613 4908901
2887406 -9111295
-2569349 253217
-8102995 -8487940
-4233529 -3003329
-2197984 -7457531
-7789812 8906328
9944368 3584995
182473 8598666
5169306 -5693537
-3959010 -3100622
-3134577 9261859
-8119790 154638
-6987012 7381268
-624118 4727724
-363375 3665969
4554674 -3568505
-798936 5040384
6552444 -8014675
-8501652 1098070
-3843109 4835267
3741595 -8183284
-2081936 -1632921
9482098 -3797685
-6974870 8100537
7516267 4651404
3913263 -933879
9220759 6898042
4279311 -1690175
-6962451 4750099
-1583931 -6344807
-7396960 2674175
-2285441 -7029257
7472421 1804105
5418527 6783355
1618622 1487121
3303838 -8424582
-57503 7876570
6595237 -8778098
1838791 -8059053
6592352 9620368
-1313511 -644942
-3746899 -6978033
1331793 -9576400
5173699 3048764
-779691 4369342
9559869 -6410232
9076864 1823349
6143806 9790780
-909513 6549285
-9447242 1562333
-4345897 3225462
1102032 3856596
-2405150 -1887047
53900 -9786379
9833989 1949993
-8694948 -3353748
-7815428 -8963170
-8539570 -9925495
-4360379 -3967283
-9597941 6634130
-9776102 -2623718
9199631 2478281
-5214587 1817114
-1633601 -2140210
1938475 3875901
-2898637 -1080842
5292106 7592579
8221884 719747
933368 5403309
-2646698 -1724216
-2561611 767358
1804188 -8825294
3765563 -377039
5655678 3264619
-7584899 9405184
-3218534 -1425911
3568722 5155351
-3027534 8497450
8873592 8354136
2230037 5338865
6774375 812067
-9079002 1847752
-7432501 -5417166
9986143 9142882
9935019 3500867
6784577 9855797
-8969496 -2626592
-487279 -1411234
4369737 4796067
-3282396 7684751
8775192 6784838
1940189 -3984578
7029224 2343915
-6785597 8912655
-3232127 5902816
9231236 -2039208
9808544 6058600
3157786 -9847766
1811469 -7623957
-1606738 -4339719
-4483921 1746488
1636248 -4822160
3766606 -3453417
3859002 3665321
1350072 -9347305
7437533 3092958
9108381 125264
4985531 -8105926
3323082 6137605
2040422 8199934
-3839274 2607307
-8817741 1271658
-6059756 -4030730
-9138335 4340046
-9999673 -1731935
2530905 -745072
4432768 8032758
-5420659 -5832847
7832474 -9284274
-8631579 954696
-5952346 -8301102
1824163 1322306
3216380 -6843965
1809993 -3190306
7525981 9055814
1663121 -6149585
-2361575 6203059
-7827670 2845381
9701779 -5904979
2363087 5550347
-5194725 2218458
251217 -5106008
-8422502 1754395
2470121 -2653090
8301606 9409972
-8891129 3838542
7677200 4865613
538000 -4550614
-5224568 893581
-7534253 -7652007
8714760 -7698587
8504473 -3354779
2006954 -3646815
-7035441 3193155
-8740146 1708733
-6072809 5327646
2737990 -3934870
7819525 -3305240
4041671 4315488
-3758187 -7194001
-839107 -5140371
9725242 -2649316
-4683578 -3161906
