679 4111552 9477078
716
3824383 5838203
-969895 6427396
1630670 -556530
-7730623 2963888
8587178 7437536
3729166 1982807
6290084 -5527906
1245533 6265827
-3214537 1453991
422764 1465371
4320697 8739688
-248937 4110506
-3253952 -766376
-2493113 -2937693
3690211 7355115
3193318 -3016034
5927714 -9969054
-525584 4739775
-2296336 -9925264
7512273 -5739854
6242953 8807194
5795641 1241439
-9976382 -4950611
6503381 9557526
-6460751 -3190918
-4451230 9442497
3553003 7859946
9609922 -2183815
-2605155 2815403
170519 -2883190
-3382872 -8914944
-8883997 5880189
619965 -7455158
-7380421 -6893229
-2633083 839981
-7836473 -9868148
-6110357 -6390130
-1340740 475520
33046 -6086738
-6761304 7678993
-362158 3572295
-6051406 -8696182
-879996 5707197
-1477399 -6441484
675326 6514849
116257 1209472
9606013 7292454
2353649 1232260
-3144616 225978
3582311 4973228
-2378568 -3261347
-7135124 -1737809
8737711 -5972573
-9542959 -5959512
-8280519 -8712890
-2624243 -6304263
-5000444 -6126325
9580872 1324351
4882868 -3364088
-6849239 -9380175
1829297 8074546
5367001 3267018
7015631 1435311
4177641 -2279350
5210230 6387367
-6873980 -9723695
-1461504 -7168338
-3140911 -4009104
31384 -2723793
-8920331 -2683869
-6471780 -5732783
-9342756 -1544573
9779778 -8955872
-2319960 -9761883
-9142058 -2821002
-4746455 830801
6614172 -4796408
-844745 -9379454
-9142452 -3853845
-7466478 5849248
6125553 6067778
1415792 8175894
-5833209 7180401
6972961 8274881
8107364 -3285473
-6501903 8052630
-3491943 4151937
5196065 -5844659
6909810 -3712164
3466834 5392458
8739611 7767753
5487697 8720379
1857277 5353783
4016290 7159304
3008552 2714825
-8701045 6549812
-2757941 -8349542
8830859 2714747
-6494019 1408850
639729 -1679828
-3627197 -8386655
-1718366 -3345822
809520 2880860
1685048 5994052
1386510 -9764318
519787 -4848117
6388614 126121
-4520095 -3992516
5683140 -9237756
3477069 9496195
-1437640 -1308307
-7141497 -2707623
-9992876 5804419
9729621 4205714
-7474113 -6486895
7642803 -7114298
-460119 -1101310
4295902 -4075563
-8081511 2865753
3101435 -4019049
-6350814 3304999
5947473 -6378777
-7854941 2554152
3316396 -8572622
3439925 7828200
9036245 9309818
-3397805 4518637
-7160592 4411100
-8866834 -3390681
-7361223 5085381
7971084 -6340947
-4925905 -9718420
8722369 -9972683
-4590578 9369998
-4649051 3157211
8978562 8510857
4648432 -8483513
4070639 4926035
-1130235 -690156
9654396 -2612964
9213206 4826043
-655320 1206993
8134445 -4184599
-5058928 -5299559
9785822 9267611
-7073335 -2420151
-9622219 273258
300575 -9482888
9887110 1616503
-5226286 5709997
-3262793 7754411
9270898 -6247724
1194664 3901991
5728187 -4142110
3244926 -9935571
4890472 5382583
9105928 2458132
789885 6751505
-8548054 7240373
6507985 -1752691
5827159 3754120
6543731 1951002
2468114 -1278708
-9662205 9360658
5070656 2355225
-7374012 7627861
-8619862 4324215
-9257442 4413239
-9728871 2574802
-4844417 6470746
-5630319 -3967593
1006891 -9953944
-686087 -6524390
3232335 -8203224
44085 -6717789
7036331 -7743328
4207674 8387596
9625241 3580062
2940721 -3324211
1547366 9963036
107250 -9472271
-2631704 -3310294
-8897055 1487388
6578542 -9372794
7097952 -8625926
9922833 -8265875
4296533 3983986
-24052 929724
-4757148 -6389554
-3107343 -6791717
-4535044 5286938
-3809114 6445341
-7458245 9672630
8864771 8332479
811868 5482476
-1473443 -7071511
-381804 -9080882
2406506 -1588795
-961588 721141
-5388432 -8498600
5751877 8652716
2636702 -5465599
5464126 48411
-3824791 -7387350
8337286 -9293022
-1489732 3067867
-486792 6318594
5991224 -2782493
-4450014 -5428685
-9946208 -2627652
300837 6361854
7280972 -8903299
-7975741 2435385
5672879 -7796170
6221582 1062671
-7768261 -9715553
7335200 1973460
-7978129 4868442
-2556 -4684322
8539009 -9286568
3781299 -1665270
-5346676 9565629
9299488 5810859
-9617825 3160901
3049601 -5150525
3727681 2952319
-3434628 5866790
-1697824 -6474994
-4271164 -1410369
2168654 -6024945
6775854 -8049581
-3559769 -3083254
-8214812 -3372594
1943085 -9021546
-8308114 -5701016
2633715 -7001554
-7435925 -2010462
-6199603 -196609
5480644 -8136436
9229391 6698924
-7832405 -1469755
-5602964 2957072
-1001570 -1267032
-161049 -4784436
-8293029 -2756381
-8289610 4523958
-8559296 999177
7626583 -1849379
-870925 5742244
-9958772 -7913980
-4915534 820961
8810499 -4808705
-2488961 -9835106
-7971542 5127249
-5657475 -7008317
-5961719 3774201
-3268727 -3489879
-2240559 -1564683
-3832767 -1753944
5489675 114744
7155054 -2125796
8873381 7200065
-4649314 8595758
-3145646 -983684
1102337 -3003887
7817074 -3104417
-5396770 6186803
6351697 -856074
-5728825 2114269
5105953 896507
-5329292 -1386300
-2359827 9144234
-9904097 -6081666
2164390 5399614
-4485641 8779488
9170044 -9829583
7370482 5185765
3781524 8043425
9576093 5237520
-7766367 3152230
2564165 678430
9381586 2567059
4227337 7167396
-8201983 -1750365
9146143 8498512
9628565 6903970
-1435444 6333203
-9748463 9785090
5184705 -8823189
9956299 -5067721
-4897304 3215416
-1598819 9126343
-313880 4989530
227050 4699057
-9632360 -737786
2456996 -5022965
7544095 2931805
-7384447 1838582
-9911782 1771432
-7213703 -5586429
3833893 1750713
-1916084 4931214
4716304 -7601550
6091613 -9148194
-4215915 -7582639
-1850871 6047913
-2309392 -6596866
8392664 -933337
6282072 7376729
9155295 -8863933
-3886898 6649712
-7902130 1612291
5967226 -6342803
-2055018 -5286577
-873006 -1428204
-9677491 -6752369
8178845 -7039112
7875690 -9077223
-8225417 -4588499
-9654785 3967303
-7468432 -9924979
5994507 -8989304
77359 222177
-9884742 4387171
5523238 8875784
5525496 1786905
5915548 4152693
326242 139718
4853142 1882774
2970922 8271224
4035207 6496488
1973728 3293431
-3267439 2214052
141906 -150582
6333074 -8976504
-8901483 487121
-5985831 1380994
4119523 7093024
-6003452 4091529
-4516335 4234781
8538038 2036138
-3811169 3525513
-6334768 4453587
8852713 6515074
-2697350 8518374
5014862 1823636
7633419 -8662142
-3931738 -3011409
-645639 -5634020
-4610523 -1273480
9213641 8203787
-415218 9004346
-1386277 5744163
-164308 -6295695
455439 2610271
7162761 -2164291
-8638778 -1006523
5963416 -6648407
2383019 -4973546
6061180 4816130
-3360234 9685669
3539879 1076043
580986 6789537
3671870 9608142
-1665338 2451699
655487 1577699
582045 -9935344
5808819 2756621
6460926 1712120
6838743 8160863
8512924 9432717
-1573805 4001505
-130550 9874146
-5099399 -5610389
1722093 -7747531
4454490 -9038219
-5445824 878211
-2332251 -2005630
-9881136 -2348486
-9896786 -8660381
2917318 -9030122
3550886 -6724947
6031674 6015715
-9755812 -640295
-9963080 -4991048
-5558330 7082931
1084436 8549844
940343 2867865
-226172 -9046114
5722707 5840944
-680923 -8504078
2374133 177198
8171568 -3610394
-3442528 2558234
3897853 806784
1776662 -3339314
-7547909 9331523
-2136409 -4672451
-2796394 1000117
6009070 -1892221
-4809290 9756879
823075 -9549260
-4165043 -1208501
-7738263 -8236582
120714 -1874863
-378941 7984445
-9322005 1956144
8345750 4511545
-2930221 1365915
-7827301 -5096778
-5919739 3483985
-4668140 3949361
1793262 9048704
48822 -4288197
3819582 1513221
1270100 -3942108
9024984 1526645
2834496 -7906825
6372946 -5140059
2985078 -2387415
-4402970 9010012
966156 5122490
-7849613 8791377
157292 -8171742
9247833 -8263482
-2263145 2329991
8795705 -6671906
4893150 3068716
8780519 -6894681
4618540 -5058028
-6483784 -4883546
6643099 -4111360
-9501832 -7458800
9917493 -8006053
-393468 -612534
-1602522 -4581076
-9458586 -2280085
-3488708 9363635
-8808107 5208153
6944671 6668585
-1001424 -9560274
6284172 -5318473
266595 -9689367
-6584047 -6306325
-1364353 -8436534
-3320080 8034493
6439486 -5331784
9725768 5839371
7833318 6937654
-3674880 9643262
-4937814 -2560149
5159766 -2761050
-3397415 8119952
3328105 -8328942
855995 -9689169
-9249443 -7210872
-2529345 2370924
2681557 -448918
3244757 253602
1817069 -1386138
9164708 4396756
9064972 8496989
4336361 5604194
-4941800 8790741
950355 -5313969
2125882 -6100328
1138622 6012541
-3351155 9802000
3989411 7741208
8052039 2493302
5282430 -5154594
7216330 1318948
3386382 5269438
-4476960 -7585760
1028102 -3368861
-8972104 7340109
-1646549 192810
8313356 2609220
-6083687 -7310188
-2624157 -6628444
-2728772 4866668
879209 2018078
1820078 926203
-1332589 44406
-7462292 8325841
-6828752 9235802
-6928898 7820139
3089577 -9612422
5318170 6457485
-6911376 1128969
-1530921 -3653727
-944565 6632872
-8241555 6822530
2028694 -2631208
-6743300 -4325242
-9458573 1920889
6455319 527929
-8545868 -6063012
3981395 -9208250
9117591 -7362105
4390049 6519103
-3144406 -7711161
5192770 7461151
3918636 2461523
-6409507 -6972708
-626435 -476387
8672837 -5424076
-8601546 945353
830497 -9568718
8622393 -4056500
380741 4087197
-5384874 9163820
5617160 -3163939
-9855837 8585610
3739857 -401445
8634011 9261754
4066946 -1870094
-4408942 -4510395
467481 -8223932
-5196640 2026046
-8450341 4057974
8633898 -3306722
7638631 -9777503
3170131 2548704
8492204 -1530872
5072677 1792524
-6527304 -8610703
-9258290 2204156
789766 9089857
-8795236 -9114127
2663980 7045976
-4824118 9838775
7844733 -3269074
-1493006 -6716708
5309339 -1687786
-7629812 -4173294
2519984 6858998
-402153 3520438
-3930858 -7325033
-6339553 5284331
9593207 7077698
8466995 8733125
937281 -6934096
4672113 1725058
2610931 4243399
1289375 5876877
-1767995 7791263
-5477811 6465258
9748550 -3923262
-3094696 -4454465
1372242 5057889
-5566760 -8208156
5312282 6408578
9083546 -3452561
4348122 -8618576
8459122 -7256007
-8522882 3941330
-476414 -557531
-8832473 2414399
-3342201 -5804301
-9927424 -3705189
-5913926 463526
-3071216 -1695419
-3102329 -8875384
-3329849 9193687
-3232072 3802975
5594819 558745
-3032676 -6282480
264960 -6576547
-5195123 8567222
-8688785 -5386918
1070764 5780351
-4777179 5304686
-9764563 -9405650
-5209951 8906700
-4798489 9409588
-126885 7378978
8199911 -712414
-7071446 6801899
-1488062 -4902417
1416910 -401295
2673803 -2203781
1513739 9528082
-7048465 2157479
724701 4295051
1424486 -2243587
-6463236 2035916
9856954 -7504750
-6910399 -8724063
-9817362 -9907608
9501980 -9603998
7774980 -4615851
-2811913 -624905
8693347 5974892
-8927525 116641
2231699 -2794715
5001504 -4994263
-5466181 7421854
-420667 9031596
3326647 -2514645
5241768 -9695966
-5143698 -5248867
-2753616 1294884
2570822 -5286743
-5194351 -7147663
-6751661 2753460
653961 6823981
-3800923 3539672
-485436 358401
2991394 -5107576
-5385939 -6896609
-1890872 7739445
5161299 2131918
1163514 -4840700
2644655 -5259368
7561018 7006513
-8242353 -9597225
1697659 4933673
9646930 -8479617
6889072 6784833
-461707 6968931
3792912 2653763
-3806565 2708607
-6932992 2508341
-82883 -1775649
1327742 -1425246
-3685800 -2952469
9179449 1953223
7112523 -8524501
8732484 -7140685
2382180 -7726470
-7323695 -1190146
-6256473 -3343821
-1823438 4373964
1158798 5906809
-4607908 7581986
235750 3213443
-4077950 1701357
-5790302 -1054463
7169889 -8494590
-7403483 -3356832
3690699 -8986017
2967206 -1089283
-7097432 2870148
-1754185 -7403919
-5130389 4151404
5477611 -9372005
-2715825 -2454084
4436233 9221138
-2355700 -2022911
8075428 8111383
1324826 -4447256
7254101 -1688822
7256715 -236771
-6215009 3980152
-9376680 -3057044
-2043060 -3618492
-2191423 4314019
9700519 3440498
6036580 -6772502
7378902 -9537314
3607033 3422543
3484812 2856513
-5405996 3407560
-8615350 -9562603
8548780 -5245344
307400 9460078
-9712392 -126394
2153187 -9922146
4058006 60675
7003632 -1545469
4836039 -2802322
4028049 -5039428
8401070 5160969
8388467 -3755080
-3292394 -3045998
2892898 -1716279
3656587 2830991
-3761448 -3622290
9331459 8250591
5521599 -2376798
9599632 7880239
-9729803 -4171001
-4093147 2403592
-7535733 2423385
3394268 2481211
9678889 9467899
-5571529 -9253341
5907628 -3776710
2468210 5345894
4816248 -3187553
5096169 1692168
-5476840 -2290854
-3396792 -1247244
9519699 761712
901266 -4065333
6331258 5041298
-9129703 500898
-7095510 6601456
-8458807 9293503
1774714 -4631243
7353009 4935461
5682120 -6030044
193246 4297832
-356274 -5893899
918548 5177809
-3130023 6976327
7201825 -3985283
4767473 1393137
-7845151 -6194966
-7743947 -3196476
-8155178 3056115
6073365 1103664
-2294880 5231472
4524975 1494207
-620683 -8237335
