121 -7867996 -9674841
641
2943375 -3900886
1563598 9339262
-8824053 904429
7284126 5786403
-9133938 -3291805
-303001 -9775566
6070496 -7352784
-5362373 -5160148
-8569232 3623164
7953481 -8010720
7215994 -2151509
6717657 1977849
-7063094 -1902927
6773815 8818050
-9049945 -2840102
3259013 -384674
-1045411 -3590218
-169437 7338963
3125366 -7353112
-644916 -2885310
-2660876 -3492220
-8328652 9052083
6408287 5925973
-450863 -3691025
-9185393 7839055
8203898 -2497382
1996819 8030602
8644027 4921555
3739605 4933725
4609976 5417842
7549521 -2793988
-3867854 -9614659
7724304 -3495890
-8332650 5962710
5593752 -6633978
-126198 1022434
-7409131 5449228
1375201 1545151
370478 1515508
-8129085 -9075662
-9056692 1185086
-8267960 -9925187
-2487280 -4543520
2906557 -9623933
-1689739 -8747674
-9025310 -2483467
-2098126 -4140218
-5119756 -2893163
-6930453 8142530
-8491448 -3452405
86381 1179651
-3371121 -6101293
5443858 2677251
-5807241 520433
-6038877 8330688
-484226 8580027
8654840 -5095568
-7122736 -6235834
6656585 -3832439
9936239 5783821
5816707 -5033153
-6657019 -9089071
-1982234 6234933
4377464 -9260422
-2712827 -6396335
-2700332 5886016
9784723 -110094
-7432843 3928548
6965333 -2255067
-3924378 9276269
7856296 -9073544
8347240 -1892252
-5611733 -972512
5195049 -8775496
-475322 -8955148
8528051 -2352360
-1441430 -4658615
4092670 -8128967
-7389389 -907312
-4787294 -1529866
6872503 -7585864
2304042 2512374
8957274 -826422
-565136 -2612448
9180173 5922607
6849064 -1973162
-1349062 -447179
8580309 5196304
-1062839 3039205
-3399590 -3708289
3939351 8461839
6319576 -4871539
-3000506 5014273
6623314 412246
1398733 -7873543
7056945 4352372
-3135254 -9212412
-38834 -8122660
-735108 8338373
4260980 9396030
-2577132 -9038583
514238 -6373604
1339053 6073807
-8370636 -905453
-2097390 -9723786
1254405 -1770226
3358236 -8158038
-627413 -9909667
-6981069 2874082
-2483108 8512253
2864625 -3065984
-2278396 -5426163
-3548823 2245724
584097 7682771
-404847 -1767579
-806162 -5154923
-9012174 -465626
8124533 9708076
-8681024 2326879
-4880555 9753897
-2016328 -778414
-6420100 6373850
-1019465 3858260
9248694 2952488
-6018907 1999466
8933483 -3234414
1339424 6845719
-908557 9171439
-629438 306953
8539375 9675540
7036969 8965716
-1499910 -2266787
9957642 8024795
351674 9140975
8894872 -8723382
-6985444 5471119
-5638679 9394896
-4230492 -3405543
2063297 -4141792
374027 -4981797
1783789 6044390
2890109 -692490
-9004699 5639565
-4053481 4497904
4173444 365864
-668420 -5514106
-5264541 -6273234
-8248439 348022
-7994651 -5306899
8486071 -5380412
2607059 -9099779
2811470 -8499372
-1904915 -515267
5342941 8580978
6115533 -9841618
-1280876 -4283032
-2459170 -9584325
6055240 4125586
-1376510 -1463868
1418348 4518111
1520357 5313287
1556405 3266280
6130654 6255817
-9051082 3307966
443906 8136003
1552576 9434990
3451970 5567318
-4947949 -5635954
5461377 -8452945
4221789 2911344
1144665 1576910
-5491063 5457265
-417149 8685495
9737979 -9435822
-2401359 722694
-3964019 -6327321
6938959 9118999
5374816 108738
5933056 3069613
1205616 -1159914
-9208572 -3623037
4460633 -7241807
9638591 4243398
-1693195 9512684
-5059620 5099968
9193231 5044946
502212 6085045
-2713107 -6297832
6782698 -9914937
807757 9541224
-6786096 -5618660
6016691 -639910
9468828 -9847137
-4261171 1391507
2747945 5401885
4295200 6944445
2218990 3539374
-9700876 -1244167
-9215131 1857582
-3042450 -1394070
-6349124 8241601
-3157001 -3849219
-7630698 4153088
-3245496 4129892
-3812532 9152000
6049692 78613
1955056 -8082276
-7929412 2066383
5974242 -6059764
1858473 -9674231
7270214 -1277812
-7738438 -3846327
-2574142 -510795
-8653213 5077038
-6317032 -9272921
8968681 -9179311
9487823 9850197
4003285 -4188320
2457924 -8142875
3525477 3274141
5869107 1161744
3079469 -424830
4157905 -2175837
1764399 -2333591
-2007822 132148
8854336 -6377127
-7707102 7778744
-2732051 3632250
-1290712 -7764891
-7037812 -8868912
4468130 -5091391
-5241194 4447221
2775253 3955953
-1670570 1278443
-5447415 -4766823
-1088726 -8145093
-6053571 -9578308
-9237793 -8009257
-7826496 8104335
-9247165 -4957042
-8817817 165682
-2055574 9607171
-4244227 5991434
8226543 -2271272
-8623832 -3018587
1890022 3705083
-1847695 5844298
-7683397 6648828
-9556376 -9072442
8677088 646033
-4982707 7512561
450605 -9895286
-7904543 -1036278
9584409 1212812
6255770 -5731039
-3049005 -9662756
2460767 7437954
3429388 -2588227
5140501 8216540
-4802046 -5827717
7877366 -966978
7393672 7087976
-3746843 8546023
1989934 9710276
-7127339 -3303219
6725694 -6816626
-6711912 -9593694
-8113619 -2823701
8389111 7899897
4685210 -8529210
4324387 -2838767
7115539 -8363795
-8435670 -3214846
7518047 -6938721
-2766438 -778816
8254206 5232353
-5163319 7627281
-1310344 5647878
-2125494 1089838
302971 -9320410
-6137036 -6736480
-6330174 -2971335
-3278684 9667404
7567301 -4443793
9543350 -4889573
-5211987 -5231137
-3594932 3867737
3169243 -8096448
7481184 -9514249
-293065 687290
-4080357 7231098
4858379 -2038859
6125371 756325
4362515 -6451964
6743978 6516230
9779750 7181839
6726856 3123295
2790699 -6550424
-8477864 -6551827
-8925048 -7125647
-2356784 -8934514
-2550425 -4137035
-9717130 -3435363
-2949612 -9381182
1306109 7764054
4995152 6757323
7234816 -257896
3014781 -7630116
-4082080 3360187
-7607231 -2622703
-5440864 5178250
-1698455 -7827481
8138448 3802344
7250517 -8907755
-6033402 9660584
3242422 8325470
-5811565 -5873834
690803 -9308003
-8689185 6987657
4751711 7741191
-2985134 -4866724
-2608267 -7736784
-5366900 -5750318
126222 -9593486
-9699837 -6932628
8245622 2518991
-2792137 7375651
1177996 -3452832
-9844235 -4653689
7523247 -1571487
9270335 6638715
-9235119 -6717979
-6025982 -6541229
2962780 -6027963
-8286772 7801185
-7065538 -9769156
-7505940 -8755553
-4505871 -7157453
-6750939 9643512
-7289116 5620351
-9344305 6065577
3441228 3472858
2536378 -9620090
8242573 -5380776
-4435910 2692143
-669142 5765820
1564193 -5165575
-9190452 -7387908
-3415871 5538211
-4144252 3772329
4003173 -9186291
-7941844 -1209790
-5850891 -986415
-1342903 -9931362
-1794659 -2601829
-6536252 1367981
7357191 -1138964
-759054 -578672
-3443095 -106430
-7414287 -2516481
5765691 2120995
-528228 -5567076
9561368 -2670116
5384447 281321
6570002 8661849
9475558 -8759804
-7453242 573175
2103112 4050067
4118705 -3304132
-3389609 -9239791
-5355458 -7675954
-6298565 -7409509
2011819 -7998267
1895303 -4541267
-4541395 8568724
-6793929 4481017
1430293 -8775704
-8929467 2677844
-7040835 991661
-346490 -1028668
-7272120 2045519
-7381306 -8354580
5695487 7790991
-5513141 4721806
-2001633 -7669456
-5345409 -6386398
-3795907 2642909
4644642 -9127622
-3668889 732264
-8182659 -3460054
3537315 1789716
-4469635 -4976588
7701256 7483960
-9008027 9117250
-9395066 3176773
-4777708 645483
-5192745 -6667185
-8876194 -9642662
-2404504 3019095
5349639 8127017
-8259381 5593863
-9246876 2520582
3392960 -9538936
-6290320 5397767
4454065 2240424
6546492 -4472979
550434 -2008620
-4524660 -7923143
3710459 -9231958
-3538832 -3532687
-370852 4315394
164561 1683460
-5442849 -3047245
9971850 1288367
-8068264 2152647
-9737137 -2162158
-9641576 6188707
-833877 -8984013
-1069894 -3732263
8508161 2875803
8402825 -6615829
1375551 -2428995
-7835785 -8530389
-7762347 -632757
-1649092 5874674
-7293580 -1301179
2898634 7980056
7449164 2870981
6675700 7455785
-7875216 7421014
-4741144 1123788
-2687505 4903999
-1563661 8133633
6917722 6478618
-645578 7366445
-9249383 -2057765
5513240 -2242753
-8256790 -5357480
4009764 7677455
-3931518 -6019137
-4803963 4877024
2857081 -1225098
4162236 8094671
-1933192 -7177403
-9756389 837936
-8038275 -7292056
7611944 8018820
-1331195 -8209428
8269191 -3951717
-6585272 -4413473
3528762 -9860035
-9586436 6681697
-8675782 -8441646
9235810 -7843226
-3862363 -2149666
-7272642 -4695708
-3404454 -6149974
4461049 -1899209
923388 -9242218
1595719 -7472143
7752154 -6316648
4218524 -3926204
-2135632 5364098
3928733 -7112671
-9009792 8649911
8789876 -140187
-3458489 4518970
-1406324 1719792
3876566 -9617919
-1767585 -2170514
-4349870 2530556
6380582 -6523875
1576917 2245677
-4480189 841632
-4114159 5016657
8700009 -368118
5705678 -6362005
1518445 2918533
-1677786 6086399
-2747338 -4552822
5306992 -687578
6347744 8558891
278683 4364855
4746936 -5058579
-4712741 6671602
-797842 -7020649
-3544524 937390
5699419 8099092
-8542924 548745
-4434597 -8780770
-6632535 -2657082
-6502735 -5734588
-299702 1589495
-2324106 5015711
2979241 8022512
-2665065 -2555091
-3996200 -9197415
5167440 -6317321
-8859548 -1201165
-4529563 -85624
-4589921 -3572288
-118546 4672595
2771688 1865556
4930653 8097225
1832807 -3254884
4088034 -9503944
7277821 5200272
-3210232 101652
7633715 -3021881
7516983 -3017986
4426923 612956
-6068106 7368270
3567302 2947075
-8254089 9099334
-986289 4707754
3651818 -2783652
4405296 4423790
8805698 -6466728
-8369503 9693336
-3561548 -3747296
-3251240 3463305
-8820071 3042839
-6855509 6542933
6037404 -2030303
4951712 3294558
6423866 3554388
-6560990 -8105013
4842063 -9644240
9455095 7006312
-5769581 6587974
6320674 -9014842
5408948 7882237
-8584490 725970
419306 -3269001
2983703 5562359
-8457984 -625889
-7583050 2248815
-1208251 -7278054
-6792005 8077793
1372351 7345505
-6583755 8159707
-9945305 -2203783
-9331670 -3144744
-6138432 -2586890
-5998916 -9876575
-8891417 -1908013
8490577 2838110
-6435919 -966117
-1718766 9906087
-2015202 -3500261
5873850 -8735063
-3969895 -473185
2248761 807152
-1115055 -2661794
-5316289 5456756
-3867184 2773648
-9430134 -9383691
-2528435 8703863
-3883027 3754548
3877973 -6150515
-5542175 -7365591
5472519 -2497092
-946857 -7051598
-7145511 1552952
569044 7334378
1115667 -6644361
2882454 -3557106
-233601 7145772
7000330 7647567
-4379324 8651344
1424993 4200394
4816703 1753492
-7026293 -5488789
8265759 -7711732
8654105 -8392968
-5758559 -5339916
2162992 -6888070
-3939668 2230312
6299617 -8783865
1066865 -8568827
-5213187 -3131339
-4172093 -7817467
1844657 7669267
-2166813 5594306
-3237997 -1155012
-6954618 3453863
-4792645 8186996
5214559 7862085
2666705 -9302586
-7695554 3480318
656754 1320810
-3050907 -3454113
1292551 5336098
-931415 3009425
-3043049 -2407832
-3022819 -9864549
-7682016 1743764
-8070617 -4678559
-9084253 4162641
5523981 -237430
5732785 -9805898
8381098 1085715
-8535848 3456492
4153906 3595657
9592327 4130857
7968020 6458352
5520591 249081
8101531 -5082887
442890 -3186857
-3078337 -2829883
-2694432 7399841
-8340043 -3584803
1736638 -376448
6302545 -6410659
-4131737 -4831263
-4637160 1826527
-7087758 -8398951
5057541 6260290
-7627700 -5623605
1023604 -8272200
8186152 -8035373
-5269939 -8492024
-3574911 3706744
3036239 -7168408
1709 6867980
-3215827 2474254
8889451 -176371
9447181 -1555869
-5450176 -6857559
-1688821 -1733921
2608958 418087
-5464512 -3809629
-7549339 5521200
2413947 2109382
3837182 7339313
9303941 5953904
7461880 -5460314
8246430 6550354
1898298 6403322
-4212346 -6200979
6273276 4416360
