671 4948323 6704133
847
586502 8541174
-363500 -8101976
9771501 7593706
6461309 786309
5828198 809481
779957 -961534
-2800983 -1809794
3309083 2694265
-8615104 -4450457
-5586209 -1715315
5070500 7301706
1144053 -6766328
-9058952 -2116650
-3259121 3766619
-8768706 6207246
4748420 5961365
7859389 1817796
-588498 6901272
-2312418 147242
3473075 -4127189
-2572371 6032132
-5777661 6769384
-536351 4626647
2692542 7531422
8332460 848545
-9333396 -377315
-4627291 -4080688
-3680986 -5672991
8093628 -3686242
-7478996 3059893
-978742 1841274
-6340930 -214223
-3312951 9396999
-455759 3070572
8943383 4374631
-7076884 -6982684
9786700 8887365
3514012 -2854545
7193229 -8233299
2615247 8722906
-1654409 -1957959
3961353 -4201797
125212 -3765348
2548410 -9719633
-4143387 -9264807
2576467 -2414233
7371544 4877871
-3208777 6235538
-8177538 -5941407
949577 -1148184
1869133 3282198
2169563 3872693
3534500 -5827815
-4061113 8199927
-560815 -6755919
1286123 1070486
-614959 7784776
6535780 -4752524
8044196 9510253
2761798 -915809
6669958 -6099191
1295032 -4661734
4090156 -3442146
616447 8086255
-3061928 5912618
-805184 4082376
-9528579 1323557
-1987906 3880731
2080658 4005921
7250003 -3532667
54171 -8480157
1820971 -1463874
-3700046 9439212
1465818 -1643248
-42705 6860502
-9238689 6743968
-7917766 9143605
-4298541 -5427304
5175303 -1311258
7117713 -1165742
5432987 -7886625
-4046716 8828881
2709613 5904408
-7573318 -3518269
-4534584 7306623
1342819 2193037
-9270837 5519588
-2524848 5680142
6553246 9545469
-1077676 1457322
-1798709 9026893
8170498 -316365
-3227317 283525
1488620 -6128043
-4777432 -8052013
6577714 -1393667
-2564786 -9344445
-923685 -7469001
-8470918 2661179
-7515845 1502997
-6303966 -3005502
-7485914 3826974
-7976532 6941549
-996629 -7494409
3962913 8576715
7603608 7925695
-9874318 -7835796
-5035918 -1709541
-5321232 -3101634
-1153647 6452702
7575387 -98664
-6926757 -4575933
-9528582 7526953
188133 2149559
6168908 4516852
-8488649 2672288
9015614 9864943
-677156 6541789
9047380 -8960918
2132149 8326215
-1231738 3010294
-2309150 -7747890
542569 -1106055
5792311 2654932
-892366 5221337
7639026 7155016
5095435 9199373
6726327 3228621
7894532 -1916794
-7399942 -3085540
2103100 4063441
-3555264 6627761
3169551 1118714
2157796 5767580
-3389852 -5266717
259929 6806298
9058408 5378410
6788707 7950780
605712 -399023
7338666 2581018
-7747614 2229699
1429072 -2505956
-9277334 7347822
7947380 -1844601
-2413789 8617198
-4803009 3063790
-308448 9689311
-6675623 1641727
9925660 5377455
2627090 5482174
-5195176 9052160
4430570 -7112980
3354152 -6136768
-4019439 1219278
6316648 -6040136
-1294085 5835579
-6670376 8569035
-1566791 2651340
3323091 6568642
-2297808 8896941
1960731 -9090697
3114966 2899184
7057263 4168635
-453910 6439344
-5562130 6982923
6035083 -7826819
7576553 -757306
-4377722 -7017994
-3282364 930705
-2593079 -5880809
9954770 -6965716
4119671 -1370811
-8719471 5800746
2369388 5069232
-3517475 -2880028
-9454373 -9928419
-4512883 8443257
-4871756 3660594
-7383710 -7455620
2043656 4674335
-636132 9570512
-8670442 -1921261
-6422903 -3059579
387478 -3048164
1071027 294733
-4154630 7794399
-3576412 1025797
-3173456 9965041
-2449374 -9779531
-2659558 1712284
-5699783 4033151
-5007240 -2113931
4063015 -212666
2331715 121005
7311692 6679305
6249817 6891723
7486814 -3324440
-3867667 7579375
7047563 -8936088
-6125003 -963837
-3169438 -1881410
1660740 -279633
-7798239 -4229497
8507324 1003636
5232272 -247613
6301890 -4152234
-3749812 9532490
-680176 -8705349
-6067992 -9686797
-491139 4167891
1059614 -8756300
-9564388 8275030
-1629242 -1453571
-389659 9084297
-1879540 -4581679
-3946736 3485338
5722058 4951022
3237877 230356
3750344 7923819
-9807442 1745202
109320 -1017384
-1484894 6494448
305451 6359508
-810936 7834931
-5480826 -3246189
-2002489 8697925
-510693 5578789
6641570 -9050525
-9966228 7860065
-6721613 -3748089
2253601 -1845768
5621607 -8151997
2078359 -2024341
8415830 -1140516
3121038 -4171297
4811319 8608388
-2380811 -6769641
2106219 -6673574
3677709 7924640
-5321548 -8704717
2509560 713235
-3707976 -4807685
-3858209 -8001132
9858933 -7066406
-8298143 -3824437
4329796 5653672
7501675 -3528189
-3036178 -48597
1327239 -419966
-2074911 -4620347
6504393 -5551722
-9805011 5252761
1095539 -5876418
-7951777 2301208
3596492 -5226752
-1997165 9243027
6951694 8622404
-9378728 4294860
-255194 -6906515
-8214599 2996558
-1349770 -6036984
-7048821 -1368451
1099304 -3848094
-1751708 -84999
-2188994 -7573457
9391173 -1310266
-6057505 -5684600
-1561018 9586162
1887371 5038034
2327634 -6996443
4762936 8000215
6622619 -9669531
-2858319 1714631
-2675532 -239756
-7243198 6886488
3365856 -890131
257770 -6076616
-7408358 6317035
8748388 -8642926
6299970 839935
2046021 -3440605
874795 -1792505
-2206342 5988516
1026550 1830129
-2649961 2197381
-7286052 5870536
6201005 -7887025
3827606 1852919
4129515 -6657313
2745527 3668427
5294648 6886317
-9190298 8627735
4944770 -4447581
9425845 -6598656
-3242369 -3790490
2768905 5725815
-6066689 8803652
-2691480 6160052
-9493466 -5756679
-1042946 851422
-3278042 -2143427
-30452 -5812646
6040273 5439316
8782003 6313507
-18066 169789
9572458 -5956118
5187969 -4723418
-6654647 2898512
-1183791 132739
-1141399 -7228801
1013366 5573840
-3106155 -8372493
303911 -2536971
-5777298 -3281283
7570140 810445
8667018 3179756
7367110 6808450
2247766 -8847081
7466426 -4076264
6093525 -6453879
-9893645 9964712
7757646 -1817665
-8919152 5294324
7943415 3619352
6390551 -102943
7987249 -3197983
-9054124 9920269
9899651 7397446
6632516 1249787
4576585 -5877647
-181538 4202656
1011106 -4240045
-3087126 -2814428
-4374340 5775225
9321346 6895652
-623284 4235537
-7582127 9427702
-2761622 -2865637
3270067 6015073
8428482 -4818206
1983811 -7823030
-7902761 -1067917
-3670470 2929687
-5820526 -8003110
8635596 -7037954
-318946 1272411
7032367 -1545942
-1844018 3208512
-1016263 -6054759
3357246 3781643
-1982820 -9178564
2765490 -7266038
-7615323 -7048595
8966478 -9996132
-4814338 5654744
7831714 -88688
8843396 7169473
-7384488 2445306
-3041452 7689278
3167676 9311339
583750 -4405856
-3435446 5365082
-1426406 -2383883
-5922289 4720537
-8981468 73684
-6588528 -48691
2685271 -8447936
-5496530 6176962
6180830 -2413699
-6758955 5986300
8413965 3882845
-6431330 3589112
-3965582 7257361
4946639 -3815817
8011874 2992966
8587111 -9369333
5995749 -1404376
-1271906 -4848335
2388554 -5430657
-2840621 -4677843
5273466 3407086
-2524497 570851
-3252187 -2041263
5545038 -5504675
-9518375 5444996
-8155807 1302436
-5108452 1411942
-1330697 -4587137
-5886602 925966
-6081068 6132294
6762961 -7874728
-6762751 5022395
-9825939 -4724938
-7639242 1965343
7287500 -4921033
8486054 -479863
-9909011 2560966
3036055 -4038443
-7026766 9355154
-2683498 -1418906
9883530 -6545141
-2616846 -839305
-2910089 7291430
-1782604 6052457
-5298896 1203309
-4155066 -5347320
9675076 3980417
9255480 -917817
-8952474 2365489
7444456 -8383762
1136375 851378
-6587656 -1553138
-3075229 -6256284
5615223 6448399
7545845 -101995
-4130783 -7068275
-5391227 -54273
-2762843 3252371
-8178820 -5784964
-2065303 -2029095
2623586 -3477716
-9497298 3779631
5378166 2298662
7180503 9758182
-8625580 6425692
-2722930 4624959
5588174 -4972853
-8712784 -6794234
9654166 -7487055
2410951 6902439
2350516 -283637
9662091 796520
-5951109 -524359
3690677 -3100752
4870154 -4129929
-5091292 4141727
-2078642 -9989908
-5174894 -4588590
7685944 5815877
2241569 -7994391
-853080 1576716
-879785 2034992
-2242890 -5264906
-2751960 407431
-2690130 9927628
-356008 2175343
5488215 2176739
-8347620 -693917
-1278317 9537106
7923529 -2140590
-7998863 6108189
6118281 -7167763
-9240001 -7561153
8254724 -9056613
5465348 962295
5055363 -6987354
-2436010 -5387731
-652637 -5824421
4583010 5321100
5248729 -888245
3803450 4409233
-3414028 7409073
-3284844 -708335
-8654877 -1761648
6097762 -2046809
-5938619 1785005
-2866406 615251
3054099 2696014
-3844246 -9590054
1372241 1308823
4321469 -8378898
-3766629 8943957
-6880464 -8114541
-277088 -1902913
-274806 218898
-5371869 -5028359
-7619286 6044997
7853014 -6269545
-5514840 -8387778
-7918235 1714490
-6500505 3099274
-6285474 8659498
1355513 -6850559
-6440613 6768625
-9406200 27619
1648721 -2552019
-3608062 -2568378
-682919 398445
1011884 -7972174
2246724 9039993
6527986 3253430
-8185221 -608792
3121663 1425052
-4446374 9667794
-6101364 123175
-6777550 -9848256
8811242 9914483
-6936076 -3063024
6221953 -7316893
2710726 9139664
9103997 -667895
6763727 -5640552
-2725755 8012287
-9959887 -3919191
7637154 802481
-5944089 2286837
4194397 -3318507
622897 -4129309
8054837 9832413
-44412 6176524
6328268 4469825
4384308 3178038
2631366 5139510
338970 -35416
-895752 -8630329
701777 -6950304
9925496 -9275403
8736884 -2534496
-3937335 -2800259
518574 8776997
-6419813 -6300180
-7102335 4574486
2961529 7774584
7606997 3520562
-302914 -6467282
8002543 -2437414
3256976 8541706
-3802431 2386851
4867787 -4111657
9774366 6536539
2102587 -6027964
7212985 476143
458000 2028084
1744177 5949870
4726867 6520665
2736837 -7737248
-646410 823406
-1402009 5634502
-8328583 4831471
8364189 8721340
-3716074 -6115145
-7573438 -1116916
-8730065 2057255
461950 -8859517
7677022 -1345926
2626110 236316
3228812 -220391
4324045 -7644552
8305318 -6313188
-9792523 -3931777
-9152673 -4451463
6371944 -4539333
3611521 200917
7548740 -5030065
-6308725 5282938
9167794 5912929
-5203987 -7508446
4548809 4110708
5251191 8582300
-2763626 -4989241
-2236573 -4555435
-2259474 2378837
4734285 -9007761
-5320949 -7935428
-9350853 -4444045
1104492 7402881
-7136452 -8503526
-5786257 -2523564
2446371 6475069
-5725640 -8237517
7675412 -1346001
1145553 -6557846
69214 4987777
-3913571 8210714
5737825 -4679595
764970 -4160845
734344 -6498748
-5506508 1021848
3086420 7984981
-6459064 -827457
9091776 3735567
5232041 4645429
-7878135 -8044676
946746 9445784
-8791733 -2915411
5738588 -2262542
-6304036 1400031
8904160 9400493
127559 3765178
9085583 -5009411
-6653903 -4134616
-633364 -7633095
-4094895 4080441
2065423 -3623520
-1934624 8991526
2727093 5606359
-7231860 -2842848
-8371171 -9524513
2437623 -5109994
-5509053 2575575
-9686967 -3837757
7562274 2745887
-5337268 6525349
290527 -1017213
-3510272 4790291
3172027 -8107538
6775719 -164175
-6083733 -7461337
-8568504 -7319176
-8327650 5981690
1588049 -503128
6654024 -3084204
9907635 4356190
1762548 8282853
-6625220 2345258
8507501 6253495
-8484266 6204165
2729514 -1413872
7568915 -3821534
-9031243 -6979959
7428855 -5941357
3894469 -3342864
-8287849 4204574
6885399 327088
-3691222 -6856353
2640519 1074101
7989897 413179
7285721 -8189104
-9906251 7897532
-7240857 -8435379
334468 5984882
2189047 -8733356
-7630876 1850202
8028668 7434914
-9545045 2454391
6513035 1513777
8170913 400163
-5395263 -7076144
3250944 9883065
5543064 4006488
-4919410 2076074
-7510747 -1816416
-7489168 5586839
-3999276 9774975
3855948 -7395419
1105815 -1240133
-7457137 -5809583
6040619 -6705137
3246129 -5088012
7366379 4069288
8099417 3701084
-5898753 -3604234
-8164026 -1213317
-8813900 -8777663
5228825 -2396730
9679344 6729164
7429100 2825767
-1587393 -7831402
4459925 9939932
5060866 4413331
5689550 -1684127
2506290 -3833319
-8022104 8232413
5660753 -8936738
-2351098 5224025
-8558538 3027133
1939251 -4251681
4535002 8059061
1797750 3775226
-8621504 -1762546
-5033381 -2973424
9852343 -8942159
5742791 4912071
4852004 -9218698
5194633 -7280932
-6448707 -7570778
-8887745 884183
-8367051 -1426064
-362802 -6909848
830529 7293702
-7162813 7286100
5550771 -5211657
-7152595 4776439
-8931983 -7397874
839580 -2838493
4188083 -7553487
6020706 5806199
718271 -3443221
-2661919 -5720151
9515269 8086627
3032201 -7467285
-4066750 -6933437
-5843149 4144456
7234608 -9917449
-107394 3794049
-6403499 -9418510
-4630167 2729793
-9977416 9147272
-8250602 -9266410
-2104902 -8909399
6053467 2588979
-9088470 4599533
-8843688 2074173
-1129625 -5853847
4749132 -1505606
-6456539 -1614356
-6031441 -2218667
-8074210 -8006937
4591967 -1874590
4435811 1676750
2258240 -5515427
7214366 8032312
7179585 144426
-6605632 7236951
843904 1445335
-5965686 -6194182
8405352 -3102629
1487897 -5054155
-8391650 2078016
3088762 -9641728
-8739732 6357483
-5861184 6632223
1141639 7745180
8386942 -3935394
7741357 -4266394
-7265469 2822754
-6628582 -7484051
2660375 2465249
-297800 -9448997
1996339 -1428904
2376914 -9453895
9959828 -1452995
-3990798 -6701382
5376635 1447725
-5677651 -2382447
-6024964 -1534603
7613973 -4417382
5844150 -9369796
-3305189 -1244388
-2994430 4231092
-2946154 6952520
9468469 -7743547
4721702 425265
-6507380 -5354803
3216293 6940255
2712 -1994689
6552317 8109559
-8591822 -37460
-8589734 -7438481
-7304576 6784813
7766562 -4267385
-6168415 9186812
9817017 5380535
6652499 9675735
3906828 9028180
5980700 6174421
8430874 3477026
6418643 -2034479
2610718 -4331071
-7390816 9911264
-9567073 8343363
-1030725 2611896
-7425564 6985244
2063116 377453
9678618 6501054
4750022 -2725108
-3538295 -38468
7858420 8581607
8257343 -3721278
-4693098 4510919
-6798307 -5319477
673901 3803954
-8230525 4148919
9817848 -2907455
9520161 -3103454
7756261 4943384
-2444720 2469440
-8028963 -3274464
-380659 -7353931
1663475 4034153
3825397 -8185689
1775844 -3586503
-5004895 -9712898
9082176 -365736
6661535 5768800
2965675 6905430
709384 9863228
-3471500 6155928
5764825 2478860
9375406 8862700
3806085 5284986
-2245573 7131667
6373556 3877717
-959862 -274536
6275969 -4007103
-2192791 -9296386
9633463 -7382282
-7095179 2099405
4250021 -5371432
2913720 -8013003
8892428 911556
-6708863 8395747
4551676 -7881836
4597024 -180363
-1317663 316501
8117840 -3511218
6136802 5004774
-1117508 8388619
-9369565 2510358
1019607 7922630
1142596 -577244
2040474 1343168
-6557427 776060
-2079020 4945295
-551355 7692594
-8879497 -9165299
1746800 -9142575
-7024411 6927992
-3252371 8814828
-868670 88966
6577748 -2053682
5467445 9765522
8154141 -4769098
7741260 -5650063
4788919 8784576
-9276316 -8722780
2620388 -4068484
6707576 2764158
-9774194 6062962
-3728092 7144908
495961 -7809197
-6951772 9908763
6836755 -7757238
-8942410 8540169
-1370865 6100736
6563407 -7294728
-7529206 7723236
-7045862 2030852
6380789 3141287
-5557785 3211751
4488971 -6313940
-382424 -4834101
7930058 9625711
-1794975 8841504
5986413 672216
2863019 -3006714
-3097951 -3517626
