218 -2168355 -5348843
262
5762996 -262273
7058781 -9210213
-6181307 1305280
7048677 3771453
-6450132 3208409
3932560 1039429
-506710 2114199
-5323572 9419615
-814640 6539428
4338539 8616138
-9990660 -2325606
7485691 5729727
3899234 -6476979
850557 1531890
9363535 7638495
9892574 5501715
6291502 -2357117
8948163 -532292
5755513 2626547
8351309 -1486808
9552621 9305381
-6064068 2283869
1703485 -954088
8101692 -1387639
-2771501 3405197
-8920409 -5043417
-9313689 9754191
-6722787 8565282
-7386476 4585545
-5259607 -3355878
-7854163 4493411
-7863706 -5367033
4100675 953691
6096591 3600809
-7885998 -143811
-8322078 4447900
-3268231 -8333377
-6771113 -4386145
4226216 951606
-5643197 3846932
8803515 3971067
-3758390 7952746
6518028 9489826
-3408276 -7964825
-1320702 1647904
-3858685 -6151531
-1518564 825135
4295179 -1722391
-8121581 5098464
7471005 391770
7356022 -6007579
8175396 1665279
-204514 6604143
-2444250 -8595716
-2232432 -5978298
509121 -5571095
-7618348 -3428917
8577262 6750732
8785907 1416032
-6936063 -4831014
-982545 9981557
-6676955 -794748
-786 15243
7630059 7618224
-9473654 -5606015
-9097242 -2382584
9282696 7882368
4486511 9078154
2998790 -921818
-4383763 4558613
8987519 -9233642
-2662558 -1358290
7908794 -8630829
-4698445 -4085296
-6399958 -788946
-807389 -1634508
87097 -4866151
5149092 2515656
-7349768 2602663
6996648 -4704496
2912920 -6823422
3575298 7899406
-506088 -5288032
-3693497 -9421838
5136775 -7507297
5775413 -5560908
3080802 -3359354
-9473831 5629207
4060263 -6494051
2717003 -4172275
-3290431 7660305
-7205846 -8090386
-3058377 -686982
-8084319 459599
5755103 -408145
-4715214 8912329
-671913 -1331977
-4103656 8860084
1954598 8822000
3831055 2202847
6641939 -2908626
3732020 -393532
-4764324 -7760907
-4254958 4258190
2602267 9295939
-527403 8462045
2888012 9311836
-1375145 2266751
5242702 9829635
-8062158 540536
-8030782 997805
2182181 -2777372
8599065 1297305
-7364343 8078525
281372 553663
161389 6466712
-3926819 9439663
-8321244 6409762
-6815696 -6174791
-6878852 -2576201
8402196 5786571
-2385241 -4889903
7376849 1290208
-6363805 6239614
9296503 -4864097
6133709 8090390
-4686982 -8734279
-4920622 -1684110
8910767 6428435
9498451 -9768612
6698100 -8291509
-8851846 -7823808
8585954 5287633
9112842 -7173090
250709 4286610
73181 4750343
9860440 -1347094
2459466 204293
-3556093 -246359
4889545 6095662
-3297596 -4259590
9522483 -6460394
-5628152 2015422
-9039790 7118214
7349602 -6717385
-5008894 -9541339
-7365147 4047702
-8148312 -3860740
-8517478 3737160
-1976230 -9035470
-1768775 -5750416
-4581158 613304
-9182403 -1908334
361659 7878308
-3509678 9777856
-4481733 -4748796
-1209190 3192726
7724501 7557102
-2808332 3162658
-1038375 1201063
-5823924 -5458730
1105325 3952731
2608343 -3189071
3064441 2957013
-3562105 -3392782
856802 3604564
-5782132 4669121
5277139 6275644
-3329696 -4964535
-5186679 -4361202
-6593645 3160627
8869705 -7152060
2921395 -5286483
7876176 -889442
-9688379 -9886937
7170686 9354153
3306885 -5512303
-6185021 -9207637
3749376 8431580
-4961202 6879420
483984 2703623
9889096 -1588048
-5312404 -2781796
-5229979 -2317413
-4162262 -6125747
-448768 -7900305
7463987 -755907
3957610 -1579063
7531496 385382
-6985202 -5649862
-6295708 359469
4847167 -9814516
-9022153 -472471
-9524539 8662146
-1942082 -2756425
2463550 -4485740
-3557436 1058255
8276459 2352647
2551586 1130161
-2479234 5562833
7662528 8389324
-2366583 7071998
-4507065 5126515
8028250 4107380
973870 5540783
-4099747 -8956952
3744884 -2805486
6722043 -9252580
1925918 -2760917
4482658 -286143
-2255531 2500188
-6441557 -3053792
1815207 4187033
7833546 4351255
-85912 -5633206
-7243882 -4645688
-7573690 -2423384
5219483 -7094112
-470380 -9564402
5976381 3247733
4290781 -9496510
-9785643 4392986
-2343242 -9447983
-2208900 -547248
9166609 9582676
2082865 -7726242
-8263681 -3088922
-8901888 -1842340
5025267 -3932122
-7048976 8931658
-5714029 -5060645
-4967677 8223495
-8870617 9228633
9664231 2768159
-3984108 -6824645
6195197 5640613
-7450049 2823026
3375043 6409554
-4137693 206710
-7694262 3682496
-1527394 7545268
-5543653 -3095045
5062616 208925
-1206844 8070811
7002469 87883
-2456409 1744180
-32325 3804792
3033426 -4907734
7860425 -6386590
9305117 -4785991
3370974 6392670
-8267952 5500315
1909869 5920926
-3872364 5107091
-8694061 288528
-2166203 -1566626
5338330 -221454
9987471 -5193504
-7122693 -7082702
-4478467 -8703021
3041160 2396128
8717273 3065124
