17 3233310 -8936745
137
-9644502 -7940584
7557989 -2609537
-6728738 -1706476
4228222 1997534
-4151280 117814
9533422 8944039
-2904246 1813320
-8230685 -1595173
-8582443 -6576003
2519921 -9915791
-2181269 2913844
-9411554 9094796
4532128 2220453
-620554 9246178
-5004160 3740265
5799681 442702
7833165 7867690
-3838786 -4125978
7871556 -8895573
-6261407 2905788
1849828 6236628
-1950051 -6727985
-5806806 1461934
4885931 -7664384
-7580175 -4389249
8524595 9922204
9017001 -7245092
4975361 1629393
875571 -3934519
2322098 -5645192
-2686138 -1612237
-3744547 -1878221
-3487847 -4852973
8767806 -5066981
7838808 6900061
3136690 5022751
811118 -7795012
-3816726 3702991
6038607 5004312
-9384937 3585557
3507761 974784
3729692 9139659
769052 -4958886
1106596 -1294946
-4423786 4160976
5065091 -6571306
-5933174 2890076
553455 -8679455
8769916 578979
9995393 -8162387
6860364 -874924
-6153584 3132083
-3164926 -2328518
-7324206 29690
6131599 5390033
-3635183 5807209
4946868 -360639
-2803173 -9905491
-8684085 8232273
-5090399 8303423
4248470 -3107871
2298557 9974692
3811589 8315296
-8589373 5368364
7205977 2581506
4222934 3922372
-2945545 4066341
4254175 8069351
-9384607 -3594119
4312266 -553679
-4746469 6746993
8902706 -9322917
3287945 -9799601
949024 -3900467
6919309 4603860
4012342 5858625
-1650330 1167779
-8000573 8827251
4195616 -7838741
-2740883 5926406
-151221 1401593
7984287 3998404
2067755 -580414
-1658180 -5245186
4201136 -4800500
4462845 -7345914
-6668830 9454667
2171418 3365551
1981437 6619115
-6260673 -6879557
1495420 -1099254
2584877 7751669
6578921 9845090
4522702 -2899344
5543414 -6709111
4692482 -8218181
5780223 -4607807
-2671868 -4806879
-52064 -9635670
8080183 5669952
8324038 6665424
6120091 2543028
-4091420 4171560
790675 -1708491
-6071696 406369
1823467 4530003
-5201976 -2059923
-9698481 6924696
-5974648 3893297
7184186 4824221
-877607 9568766
7477312 -5606979
-7897506 7418968
299651 7321796
2991748 -5433218
-8767794 -1620166
-9077138 -6167862
8003699 7352297
8160159 9347794
-7729485 -8689274
-1642919 4604815
-7455108 4093982
1018678 3155106
9564755 -7153588
186985 -2439618
-2870851 6748942
3658315 1825730
-755301 7122813
4444609 5760809
-9672408 9544350
-9559464 9952709
-6215153 -8440202
1428448 3879750
3227545 -8211454
-6900727 -411393
6709774 5498060
-7891605 1456354
