108 -2420608 9105132
964
6767849 -1777098
4361286 8524734
4390603 4056411
-2600959 -5073653
-85647 -8915009
7706717 -9101013
4968780 -4307250
-5506901 3384257
1003977 -7424080
-7908629 -1653994
7778647 -5538979
9067902 4118108
-2412302 -9121316
-3873034 5240286
-7180321 -2985339
-2246085 -4767902
-6243168 2103880
-3839708 -7884799
9557900 663787
-5734870 -3924315
-3025328 -527746
5165004 -8028153
5356105 -8056548
7035724 2174455
-9479539 8876434
-6662545 1643448
8277908 8299108
1694144 4921710
-7321652 -4134394
-4603381 337462
-1914088 -4501973
7601908 3150534
-2217913 1842744
5022883 6278552
-7645763 -2660012
-671406 9288014
-8740139 -671091
-6211286 -5506402
-815595 -867682
-1991247 3340790
7500590 -7778781
3036679 1346208
8784270 -1705149
4160457 7247176
-2415362 -8537381
9476998 2073429
7740315 5670551
-9970353 -404742
8390162 -4477597
-4621257 -2431117
-3143103 -9255601
-7410339 4707337
1717287 -9366890
-234571 8894727
-5248131 3418044
5639263 7774182
-8363258 -7747540
547311 -1324057
-4076881 2937365
-3083664 7224120
-702451 -3975891
4211012 8909686
-1495055 9554217
-4923380 4240660
-8190457 9411459
-9844141 -7028285
7679052 -8817208
4332254 5261872
-3327049 -8087309
5330735 -5902317
4388217 1424820
-3806368 -6513649
2162294 -1458688
3995029 6740943
-3518584 601765
-857774 -9088635
9821051 -1704683
-2150466 -6646761
7593899 -9157652
-9746192 -4557494
-1585779 1919794
-4381062 2926019
-9295757 8609625
3038668 9951192
6565228 -2622806
8802014 -1630596
-5627893 -6530203
-5472539 -5004353
4252942 6534401
9652518 8522490
9433855 3250710
-8453972 -1205256
2147983 1771259
-4870041 -8088086
-2645579 -7741766
-3305620 7900119
826138 -1715006
-3105380 -5170330
7297215 -5953267
1423927 9933288
-9180956 3862443
-151408 -7257706
-2262059 -4808849
4241904 4376054
-4585104 4507235
-2242054 -3589226
5205519 7365104
-863637 -8179674
-6267760 9869854
-7871911 4266322
2166442 1086661
1888008 -8661179
-3831508 5508932
9555666 8782628
1232268 -6534293
-155498 -6504055
-3761761 -5432335
-7724832 2209446
9101852 -3507468
-9000232 -966575
5444199 -5483251
-8118147 -8725934
-6905608 649718
519573 -6465432
317242 9342984
-7054002 -4835986
9019187 -7516316
508969 4834006
-3867014 7704031
3686090 -7419013
-3923068 7365254
4449271 6046944
-1743609 2315172
1324056 6724440
-4242135 -2641757
-5608656 2323824
-3885758 3718416
-5631865 -3726803
-7675883 -8275014
-8932029 -2595940
-4915574 2641360
-2358604 -5986031
8847975 6619965
4323997 8150365
-9268648 -5019039
4862567 -1989913
-5942968 9324637
-5843839 -688161
8552631 -5170225
-5295630 5480217
-9679606 6826848
545264 -904285
-2114736 8950988
-9324025 -2570249
4833811 209382
-7149258 -8256054
-4242085 2434589
-945445 492138
-8841144 7122242
-7896797 -6621448
-6095009 4406560
-3752451 -517878
8793961 -2037977
-4691850 403710
8400280 -137056
-3310208 12521
1624588 1237026
188014 -248591
7181160 9509852
-7764414 863989
2607935 -5468676
6965913 7602680
-9388829 882202
-1995556 8536820
-8084628 -8229973
-1307061 -7376001
2106122 8336716
8815091 4940489
-4655801 -6583565
3279380 -5876758
4135763 6260831
-2502143 2485524
-7763067 8276703
302907 7685872
-1450139 1934446
6465770 2538494
-7342474 3674149
7072703 -4051965
-5515144 -6731303
7555076 7593500
-9782501 8916580
7253296 -3751984
-8811495 -5160027
-1743591 6068388
2707982 9049056
-2173760 4052141
-3462335 -3156255
7636800 5324097
3009969 -8709049
3225397 -2060293
-9521799 4076183
-9733316 -7792481
-1844446 -6864272
8920777 -144261
-2550761 -4843238
-5926657 6475854
5240222 -2333261
-4976936 3842991
-7572269 -1054921
-9489513 3279473
-2668386 5135713
4495810 -1663273
6177177 -3614368
-9807065 2132610
-9927682 -8296502
5779681 -4065316
-1857797 3066871
-1281049 -1437283
8418457 -1185891
3970872 -2360271
6631935 -4132304
-3949213 560567
-5596442 -5611491
3333588 1073852
6869677 9347642
4483355 3844075
4697155 6717644
5619628 -1020834
3628128 874332
2577830 5812563
-8252753 3700446
9283670 -9126136
-8047067 -110550
1219911 -1997379
-1841298 -9628610
8755439 -4809217
-1732298 7306989
-8304502 7322578
-9087218 -4812387
-5464745 5029086
-8610486 298812
-2983544 9018610
-9485872 -1396979
9477353 -7363916
8448647 -3341391
2875407 -5428465
7961751 2712246
5118048 2159077
2678051 9914685
2802427 -3662041
-5954905 -9163247
8143743 1557866
-8603203 2312797
7500410 2355593
9901032 4825931
-4875257 4552017
-3913020 3806898
-7590081 2141199
-2706365 -3398892
-4223931 4403624
1491511 8258634
970880 8651477
810554 -546737
-632052 -3911072
-5056760 -6511395
6841711 -7829625
-3755406 -1011665
3817484 -2498194
9857399 -9842257
4983674 1317895
8386264 2274783
-3918319 -9891582
-5234031 -5526756
-6409295 -8992048
-2072072 2059605
-7165409 -633226
-1981749 9419440
-1127297 3805472
2410752 8828806
4833763 757003
2927378 -129656
1375031 -5808174
1693632 9171972
9329715 -4807484
-973237 -5932616
6342167 -3170258
-3061840 -2586973
1886272 4940201
5948153 -5779519
6280086 5476977
-5156249 -6123918
5811874 1631030
-4563498 2862003
-5792839 -5315423
5441580 363606
2750303 1557276
5749103 -9114690
2573635 -5874666
-682150 9959087
-5973529 -5580298
1249444 8344613
8273993 2884991
-2174808 703956
4924438 160265
-4362758 6289697
2682131 -6279124
5351906 -7002655
-1624300 -1505995
-4305066 3304760
6184719 -4900787
6656490 -8863486
-7978175 -1064978
3060356 -5078055
-5118968 4595460
9015162 -7621793
3239172 -8576144
-3174801 264607
3484915 1513165
4189782 -2833257
5972792 -1590647
2130230 2343376
5340722 -1345076
7148929 -2517864
-9213103 -6283578
-8668012 -7156136
6496730 -512032
8422990 504830
5426775 1034907
-4369633 1483346
-3622095 2824159
-3235633 7161882
9942841 2133430
6162947 -3894082
3272661 3427756
-8162890 352730
-7303894 -754546
416730 -3516308
-3517820 553180
-3214045 -2434341
-7074125 9785429
-726603 -1882057
8622773 1938958
-7026135 -2303613
1696086 -3434100
9390059 -8879415
798819 590343
5240125 8670779
-5223303 741660
6685768 1403073
-8244197 565711
9811165 1039230
7522922 6968261
-2478558 227895
309906 -5994897
-6209468 -3176251
4941692 -4247866
7691092 -4419718
3276669 -3919183
2646717 3181309
4301894 7489107
-1920549 -5446872
-6776093 -4899287
-1641275 -6680424
4722649 -9483043
1082668 -4955506
-1399924 -1005196
8479418 -6589815
3638080 8639351
-7355546 8517212
-4659039 6464338
-7783528 8951338
-5468380 -9717347
8879822 2423916
-4394774 324642
-2186251 1526539
6079667 2423472
7524186 -1590448
1729129 1819927
2336884 -4117089
-6556243 8968130
-9520713 5935904
9346089 2043834
683185 1475057
-7731 -4499479
-8035141 -4156009
7311681 -2150418
-9351413 6697684
-8362048 4359654
-5315704 9528409
1054948 9759530
2183003 -4985603
3423950 9650967
1470894 -292811
-1893548 7669431
6637561 6324130
2260034 -5933438
-1373252 -366800
-8891743 1606123
7106644 1826285
7670276 -6383122
1466460 1587856
-9198108 -2501691
-8142037 2115047
1643456 -7560156
-7800625 9058611
-5926991 -7301596
-7650628 4382378
6605919 13311
-2317258 -3663382
-7339251 -5287629
-8704715 6836655
-3530144 4920783
9043259 -77967
-8251682 -9905535
6227696 -1333745
-9745889 1934946
9433256 -2305844
2325556 -8943997
6012200 3807571
2866183 -6030988
9183769 8211575
-4889695 -544456
9468855 4049493
2902463 -8283776
8944947 9667949
6504604 5563212
-6999652 -9759767
162266 5490812
-1898370 -7956393
709862 -5573063
6361883 -5670674
-5460166 -6519674
-5463671 5795139
-7880937 6865390
3350755 3064881
1276456 -2498402
6957142 2534524
9100369 -1096887
619337 -1057651
-8873350 2002832
-2433955 -7919363
4837222 7631254
-4361581 -6917255
-4873648 -5000512
-8057223 3740049
585727 -1647434
1832892 8304661
-3383848 5125561
1990952 -1114426
-8049545 -1264785
6236813 -4658293
392583 -4256736
4646377 -4289693
-2830992 -507048
4012136 7782067
9862704 -1704342
-4073087 4094533
7177278 4699926
2215766 -5918316
338085 4819982
-6827451 -3325104
-5020443 -9076188
-1434275 -2478207
6407367 1595709
2847277 -9443323
8414736 874175
6617439 -8399558
-2689250 -8676329
-6667025 -6219832
-8437765 4479758
-7224583 7345112
-6044003 3941291
-8842431 -8781318
-4699634 -8866724
5953258 -4110312
2564584 5638451
-921385 1642159
1680305 7544141
-8343798 7644340
8201018 -1912328
1478199 -2980169
-1379726 -867894
-7027870 -1904362
1875807 5931024
-7072866 -3694895
6166569 3438042
9895686 -4297449
9437585 -9877433
3772195 -8946745
-3057057 -5262049
2892754 -7758195
3883965 9507527
-431980 -8028631
9615710 -4435730
-3831706 -6259425
760406 333080
1981538 7646494
8258484 9380680
-2171944 4953668
3775126 134291
6088686 755191
-1025906 -58305
-7419386 -1499276
-446021 -1588320
-4334017 6352809
8594615 -986725
-8962846 1075090
3046459 -5005068
-6924446 605175
-3137898 -4821479
-1972047 -8239800
9406694 7622508
7003189 2525844
-2520488 181531
2832174 -5168755
-1897212 3770990
6229038 -1079140
7421584 7076883
-4511437 8809652
-2321186 9491916
-1494809 -6329102
4745988 8789781
-6215287 -457655
2663872 -9691200
-4512679 9376619
-8863181 9525974
-335165 -3968373
8557471 3059866
-6758603 9184376
6531973 8553335
2324326 6073571
7510784 -5365238
-8288355 -1446636
9879368 -2551280
-3059364 9716560
-6612542 -2441818
-3652037 -2037821
20877 649799
958599 -7350972
-7974353 5201101
4727076 -1037728
4993899 -6837533
6222333 6908263
6092639 3551370
2104706 1980082
-1946347 2624612
7259374 -5570968
-4501252 -4435563
3013158 1487371
-6279717 -4621884
-4547349 2470146
-9567674 9624094
273893 -5683034
9482347 -7030445
8170656 -8767508
194764 4024346
7186813 -4585916
-7677653 7705016
1256386 -4074502
7905580 8414986
-6444049 -6638908
-9693524 8475586
-5959977 3331677
-5180951 -4194776
-6300307 -430467
-7960320 -1460668
-1836574 -8331304
8502014 4988358
7957913 953671
2186163 500713
-5474940 6128569
4059006 4897280
2602296 4228225
-9846276 6381353
-2687308 6375034
9736127 575656
-948758 868643
-5799680 2558955
880532 -4392382
5177151 -8464279
75054 -2903423
-1234727 -266817
-5278459 754832
4224856 9783639
284353 5195806
-6159272 -3588981
3824651 4809413
-962362 7899734
-3202561 8943299
5318334 -8292286
-5200277 4110131
-5021226 -2429187
-9870232 -3632683
1974935 -8304553
-6768832 1010300
8106877 9668439
-598378 -4177426
6577407 9388502
1688494 -3360484
4351674 802263
-270366 -8027153
-701388 8192402
-1391512 6070638
5013937 852602
2560317 5405928
-483941 -7151377
419436 7360040
-6272643 -2988814
-1293367 -6934443
-3407791 -1781355
-2112916 1937801
7760376 7215439
-879707 -194942
-1039074 -3145865
172750 -9191213
5297986 -6687399
4021355 9902384
-1510626 -5403402
-2034447 -7370156
8035772 6019664
8868287 -9474130
402262 -9931817
-2920631 -8195924
7385985 -3354029
-2619032 -1697646
-9759844 -6021806
3709985 5268052
7589463 516884
7371019 -7169721
-6360934 -3449611
-137010 -2456231
9962505 1453405
-1433645 -6115654
9030542 -9031768
6987896 6531908
7057778 7066314
-349151 -1627465
-7307037 9976392
9138716 -753429
7548925 -9921052
-5942857 -3480316
4304089 7789081
-1694035 283480
3113759 1893552
8443941 8193336
8253457 -730822
-9277417 -9176716
7223982 732315
1700547 -711062
8337199 6254524
-4162810 -1311557
-422670 -2088671
-2112278 -1995609
7250962 2270294
2349242 -2973562
-3937526 4799888
2588969 -1077263
9206218 -9633437
2260115 3411287
-5879025 -5163671
4105507 -6779591
6560045 -7625567
3106748 -2655558
-850267 3784027
-7445097 -5192705
-3987910 -2513068
5398261 -9091555
-1087164 5589420
-9623934 5802335
5345125 8680151
3480039 -4758339
-3319250 -8592400
-8225837 8585360
1996647 -4113032
-6760350 -3449369
-228960 -1366025
1008408 7345157
7205952 8847437
-4852184 -5884844
-8561197 -3644315
-3641031 -9780929
-8872484 9967245
-1926983 4273582
75918 -7443296
-8763145 -1550916
3690745 7937395
1861347 4716894
-4181393 -9628505
8774816 3635511
2702494 7815254
-3550771 -7985534
1875975 4989886
3837323 -26011
-3394503 -8401721
-2046036 8985139
9204210 -1955700
-1988455 -3170715
-8897132 2848078
-2078866 -1399085
7049999 -6304862
-8367467 -842010
6391236 -6742904
6144943 3493881
9645744 -7790157
2541450 -2563889
-8033071 2348238
9854476 1507031
3997373 3842905
-2042464 3691799
-4806710 -9397130
-8836477 -1572147
5257138 6913852
-238070 -8308580
292335 6360006
2571496 7683064
9357406 -2657666
-6884218 -3279618
2730615 -1735005
-7008810 9260726
9213189 2376359
7240949 5532640
9556024 -8819881
-2460624 7095425
-6696424 3553397
-3327381 5496912
-6075235 -1503134
7927070 -2163858
-472437 9181904
-1941738 -2311000
7888416 9819898
9678585 3146111
9866493 -237825
8027170 -7205633
4571445 2597108
7489819 -8981640
-932647 -3699013
-2518894 -2752880
6858897 -8860271
-2790522 5020482
-6966254 2678825
-8824309 3882097
-8281760 -3041488
8656768 1619113
9308113 1245803
-6417947 9231382
2377493 -287119
9475056 -6739362
8571358 2243986
7357446 18578
-6446709 -4340845
1960142 -2636383
4610737 -4863004
-3723275 1957600
-3021918 -6014014
6664811 3486203
-2631700 11829
-513307 7840502
-8024033 -8397108
-4634953 -1856539
9891195 -8715920
-6486686 -1052899
-5275909 2268689
7029027 5504722
8039653 5811801
3987309 4386474
-8249909 -8407056
9246292 -4052549
7905052 -1122819
2863167 -4476983
1525572 7399486
9927667 -472021
9884833 1410224
3013117 -585640
74173 -8139199
5661233 894516
9841617 -34631
4750410 9174547
-2804378 7082061
-4589786 1779437
8682263 -4764725
9344571 9397523
7861327 2948707
-8174112 8590863
-5886120 5766379
-4317783 4689055
6733386 -1844196
9566028 8126237
-9943051 6618220
995373 -4904503
5990014 131123
2612844 -3343394
8347506 -1652017
7946396 9879606
1659043 -4456872
-6705245 -6643389
-7245866 341307
-6709986 -7360674
-8769811 -9384539
-1101808 7632254
-5162339 7860421
-3983775 4580410
-4777001 -8428952
705620 8098605
-6805897 -4720052
-2072577 -8299007
-1642401 1700469
-9951548 -9459733
2936225 9221457
-5235415 7994849
3867812 -5404731
-2547072 -1940660
-6784982 6621946
-246240 -6740706
-9108452 -5554793
4821980 8651952
-4251286 8245561
9816609 -9161795
8936811 971713
6251662 522229
-5260426 4647266
-3652265 -5820915
7235705 -4386474
-5165017 8912539
-576260 171930
-2716449 -400431
175261 -6708448
2429851 4736479
512125 3390280
351839 -7816389
-9164437 -6079975
-7834413 -4826180
8528377 9100630
72343 -8017804
-4979222 -18460
-5371194 8840357
5535795 -7723296
-2109770 -6507107
4921785 2771500
5459782 2725214
4841135 -5654475
-9846570 -7256666
-3835 -4983604
923028 2583281
4766892 -9491709
-5571684 -8725132
8965040 -1881193
9735789 9110255
3608804 7493417
-2525042 -7675515
-8835158 8629582
-9093714 -5379884
-9370638 6700637
-8011511 -8687131
4038083 5551147
9896672 7448272
-9808394 -1120782
-3588034 2566454
-4850265 -7295877
5728766 7334995
1126215 2432979
3068139 -9842917
1783690 91255
-9898976 2803928
5128413 -4607506
6538428 -9907666
-5287549 -1190392
-4489755 -38933
1273936 -4658187
-9107040 -9984913
7463359 -4687981
4191237 3305984
-4127561 171317
2875440 3119555
454550 -6461474
5971506 -1395793
-8722358 4097117
6704724 -8444003
4359925 3061332
970179 6805749
-585565 -7995309
814299 -2491393
7469674 4126886
1985051 6324544
6339631 -1256390
-3428019 -4605637
8700348 -3680658
6490659 3279570
-3600874 7089139
-9372335 -8117548
-6996989 -629972
-6532854 -884477
-6812128 6797005
-7625311 -9828130
-506029 7547798
9552489 3344868
-9146524 8908407
-4448355 366788
9207684 839502
2099465 7536697
5447412 -1936332
-3100638 8671446
1951017 -3335888
-6246749 5906374
7788826 8350143
-9763477 6897269
8529144 -9208163
105194 -6296331
6391892 -8282983
1781167 2479883
-4175248 8402215
7310622 -6149992
-3266852 -3321772
34082 5378620
-4568331 -4059168
-3479148 -7866453
-9195006 -9120919
-2456806 3420215
-673411 -4727637
-6377494 -6187203
3226418 9631767
2939956 -6140971
-9920949 1755563
-4011068 -6954850
5525033 6470943
-2610490 7770099
-8379893 -8650215
-9455635 7216485
2595105 -9130393
-3189561 578448
-4771653 543126
1422207 -4152356
1784211 -3966659
1305704 1481753
-2189097 3627152
-4224729 -2555438
-6180056 -8962679
-4690764 8715227
-8239623 -6101005
2886290 -6185480
4100971 -198238
-6332100 -9724200
8637 -1762570
-892963 -5787735
-2692935 -7396258
3146868 -1566171
4281473 2535413
1085106 7085428
-8916467 8582036
-5274460 4907163
-7648275 -1105564
-68242 500811
-783962 8688021
5103368 -2242654
1571867 -6507233
3294529 -9493990
3298163 -4327162
-3573379 6962429
3691047 -6693200
-4089457 5533658
-6032513 -9001888
-3950123 1573763
-8824457 765312
-652652 -348664
-5441501 -7740923
