819 -9802630 5045832
935
-9326764 -3602497
4407878 5387660
1704918 6846877
-2035090 -1893669
2303424 -1205244
-4213564 4747365
-2480979 -7511192
5667777 760954
-5417209 8604787
-1099796 -3956573
4619782 -3516299
-2336689 4758589
1428852 -546986
3606934 1408687
-5877591 6176138
-7426359 -8830881
-926869 -5204354
4158875 -502129
120555 -9221951
-427195 4640137
-8096146 -7576021
-5087213 -2124407
8636548 -577125
-9455986 3096916
9140343 5735691
-7780607 -555782
6719159 3760125
-6786860 -117296
3807743 -9335637
-643146 -663574
-6978103 446504
-2241498 1930495
3944719 2095029
2873078 4433729
-926134 -5934726
-3510747 4962236
-7162171 -6505928
-4566701 -6081608
7015308 3990729
-273579 -4022687
-2062116 6155651
-7567871 -5537834
-3138778 -5342957
7837759 -4354731
-2501953 -9331035
-6368179 -2805387
1641460 -6963703
-2352322 1390324
-4175947 -4413821
-348547 -9479244
5482992 -2585728
-6575304 -1342942
2575450 837174
7344255 -1142004
4835309 -409242
8262762 -2929324
-5950806 -7226807
9946589 -9305109
8856512 910416
-5904267 300700
7495313 8870911
-8092792 -2272445
1634231 -863227
-2760695 -445114
-7408005 -25364
7388908 6890758
-4452183 591339
3944865 -9186395
-328399 639619
2746730 1289121
876149 7023262
2312808 1009492
-5779265 4925344
-4164240 2259397
-7439903 -6922753
4464510 -7552154
175401 2571762
4224887 -1111929
8442957 -8190368
1784268 -8535808
871303 3551304
6658996 -8310471
5019486 -1064528
9575091 603861
-8107018 7207439
4230701 2321821
5847665 2769132
-9789172 -3456491
1319258 -9931600
5661999 8562940
-8989214 -3604293
1483821 126510
9014581 1186187
-4487829 -4291291
9689253 -26110
6041547 -187208
-5981327 560556
2012380 2700543
-6695596 9038159
6245598 1587472
6425645 -4802613
482871 -7007349
-463839 2273311
-5141937 693699
-8227009 -9144581
9767479 -9479937
-6837075 -7216222
-3513683 1251300
-523639 -7822494
-5332252 -5485159
4327633 -834385
2242523 -9290705
3409838 862658
-99183 -5745096
-1641272 6714243
4427982 8662767
-8344582 -5215627
-425964 7427205
-9362744 1191579
-5436649 4432100
-2531485 -7589753
-4805975 6847182
-1901518 631440
-4674702 1680343
-1288464 7574844
9256811 -6954
702342 -6960831
3901827 1499334
-1729410 6628532
-4140873 6318996
4981763 6629318
3930044 2803461
230666 -846467
-9654887 -6495920
452532 -6615726
-4205478 7424816
-3211650 7921047
-8931161 -6495101
5185242 4886832
-5021972 -3605863
6387184 -6103222
9452299 -5765161
-1749474 9605878
-1249238 -4129522
4705826 6521116
3150435 4609890
-2586649 -312411
1357475 9596831
-6899089 160370
3544644 1702588
-8356244 -3930204
-6009157 9339166
-7155934 -1567894
5835290 7576035
-6029828 545660
-3041209 -9186681
7564510 2873708
-5004062 8927442
7314273 8331388
4852505 3746701
-9127057 2020099
4224041 -9480708
-9883877 -9197354
-6520632 -4418484
-199544 5733386
-8196818 7024013
-1120469 -6039436
-5090978 8310378
5886413 -5760051
-2698038 -9255688
4073983 2372937
7762998 -3222895
8220899 -5845154
-7513766 -7241064
-978011 5535172
-9928376 7338739
374383 -7588716
5730283 4295665
2393533 490506
8740245 9209651
-1249984 4710341
8670905 -9456573
8853805 7629548
4385849 -6420073
6840591 -2743430
9629508 4204163
3497620 -6569073
-2414227 7392506
2667794 1718520
9770044 -7411641
2443451 -8310216
6617420 9841668
-3346315 -7182166
-4175307 2347703
1557355 1563570
-3726089 -5435062
-4891635 -9692629
453271 -5055184
-8958905 6478523
-6264907 7355473
1559636 7881687
3828966 -6635399
3273459 7573609
-707871 -8585261
-5996902 -4058746
-9852610 -8421475
3936546 6446549
1780736 6764810
-8371134 3106583
-5329846 7605429
4686719 3186221
-3990056 -6539583
-1594766 2311436
-1210041 -1020432
-3664959 -8037319
2360720 -4958595
-9077642 411029
-9499010 -3810314
-9879223 4195818
2653424 -206881
-6112003 6640228
3086777 2800814
-7918024 7824543
931126 7383865
4989294 6227194
-8070233 -1882368
1578050 -7807635
4503802 -2060288
-564368 2499636
-3021331 5810113
-9148482 -1712975
1214406 9339390
8045428 -8226123
-1513953 1715397
4024868 8166206
4806434 -8860529
-3543363 7912865
-1746240 -9590437
7793429 -8945035
7282160 1701239
9818871 -4700925
-2508559 9211927
9667991 -6086727
-1070739 4511595
321708 -8380025
-93000 5907931
5247321 1173227
-4536544 -8878593
2836804 3292749
-6024693 -3534145
-2394674 9378024
7290890 8781741
9191305 -3421685
-2366720 -4455350
-237759 -498914
4800161 7431792
-839928 -418887
-3989262 -7708398
-680451 -8655585
-7035609 4940000
847931 9641258
-6669163 2871391
-3490850 8611604
-5579295 -1205707
5260148 1862306
1240331 -1603987
-2822246 5381826
-8039859 -1468779
-3407777 8885411
-1613503 -7890227
2057918 6354465
8451930 5703011
510965 3734342
5078757 6979020
1919020 9830515
9471773 8043148
-6569108 -7233049
3894907 -7197390
1596903 -7543606
4318701 8315613
-3288374 9373403
4755229 8075384
9122957 -3594268
-4708856 -768278
-6142153 -4284820
4585997 -3806007
-8102996 -1567883
-7833541 -4445721
-7466700 2407970
2238485 7245217
-2195283 -3031328
-264376 -5773390
-2970780 -6248039
-3791644 6146883
4462496 1142475
515878 3043409
1118793 -8825878
-2420145 7787459
9535533 241750
-1526718 -4612649
1581344 -6606620
1825498 5575632
3646263 -4005299
919023 3991957
-6246474 -1304085
5664588 -6842492
-2615882 1558244
-2173443 7916564
4063447 -3070310
8072165 4034913
9594674 -1474056
-299934 -8895605
8891854 -6770181
3471569 -203727
-2300024 943739
-3146529 4461204
-7446812 1797673
7792374 8678969
-4812721 6199451
-5104633 -1288603
-5614743 -8542843
-4468247 3076307
992871 -5714273
1215417 3358311
9909576 -4943682
3582262 -712418
391977 9504251
-7265930 5798681
8111306 -8199817
2743922 -1278008
-6816804 -4188717
7608956 9597393
792715 8252736
4452187 -2082318
-854569 -1503654
-7530145 1863906
-5059787 3530688
7816415 -1998391
-8640080 5933084
3505755 -968168
835766 -8730504
3290099 9604369
-2080598 3744095
5544278 -1459478
7262514 -3969291
-5641656 -9195448
2918297 2962062
1214798 4483652
4917686 6227364
7240062 8183337
-7436404 -5936883
7593805 9709918
-2288473 -2496191
5953246 -2073428
6958404 -8412201
5373647 -540999
-8420278 -9689478
4054617 -1336253
7204269 -500875
-1953814 -7884753
5436151 -3016865
9945197 -5079118
1920886 -1645552
7098165 -6323653
-8140316 -3161428
901689 4338227
4048145 -5576720
-5556558 -1504506
6422066 4276024
5863823 2913040
4888393 -4103178
-3792656 1237471
2417570 6468115
8483592 2778313
4893560 -378161
6604974 9046130
-6032988 -7153937
1200511 -933477
-4740778 5887898
5242822 -9184972
5153256 9635258
6574891 -3855489
-2843643 -8282247
5993778 -8981667
3931373 6094775
4507949 -5626047
5611424 -8663882
7804233 3231645
-3990042 -1971006
167185 -1195822
-2149692 3419870
6265933 9288511
-9128614 -5666327
2737923 9982797
-9202175 -3869392
-4234133 -2019254
-3358391 -1532567
-7298461 -7659242
5875443 3797967
-7590906 1211669
5585622 -7676832
-6340714 6917044
148689 -6286601
-5741255 3979871
-7215951 -1325000
4611222 4425931
-3769206 634358
-2515617 877156
-6623695 9618533
-4250859 -9777694
-1796948 -5825870
-4842084 -5968640
-3627882 4844662
-8841019 -2140545
9071124 4763913
7087081 -6431925
3001471 -2826902
886497 3262719
-2757409 5666513
-5658487 -2338405
4603878 -7457008
-4306298 8952735
-7653757 -9165328
-9546795 3178085
3400392 -4277452
-7586969 8718699
-7249941 -8396556
-1035542 -9912701
-2053246 -8361470
6402443 123439
-3792133 9534230
-3292672 -3994123
9268596 1725690
-2607797 110178
7771773 9027539
-8429468 -5749932
5719156 2375651
-4273325 -2735766
-9557680 8065399
6304300 -3820119
7414932 3842712
-2037492 1233683
1320982 -9835009
4319873 -556681
9566758 1784088
-6165330 722317
-755454 8290977
16668 541998
3168528 -1486858
-9942966 -74777
4175292 -6543347
5832304 -8372434
-8591848 -105552
-9523801 -8441020
-9744787 -8149528
-1790464 -703149
-9469466 186497
351488 -1311603
8131716 -5632132
6151956 -5328638
-2089969 214826
-8977844 9986626
-6955023 7154577
8184071 1038824
3480399 -1270143
2186511 8241105
2385023 -2344309
66491 -1981185
-7905853 3793176
-1840000 542691
2355894 4865712
-4947791 -1114111
90638 -4597219
-229351 -2079950
-4892236 -1777646
953532 8438958
941936 3017795
-7311276 1975688
5530864 -3496735
5233123 -9127205
1630253 -988736
-816693 9935986
-9528847 -5984724
7808452 9249799
-7691158 -7434699
-52635 8484805
-2629306 4664736
2583869 -2484073
5435977 7461332
8200038 4870871
-4173819 -9456259
-3922112 -846430
3645611 6768117
5787735 -1233388
-7844241 -8307173
-6779557 -6462790
-6526804 3786012
7801289 2403751
1653550 -6055651
9026002 -1873907
9127250 -3521256
3659832 -8510280
-994353 9014296
6475628 -3756298
-8885427 6957976
18069 -2807982
-1138059 -3059246
6225223 6095957
7378921 5023904
6716731 -5470690
-1933480 9534680
-4162955 9937175
2340926 -5943932
-9483230 6154686
-5719221 6510828
5505924 9542772
3548844 5924382
4938678 -834244
-2074190 -7445509
2028819 -6069341
1122677 -959617
-1502511 -7953112
659197 2500970
-2475126 7239065
-8231625 -1961882
-9910849 -5758394
6695133 -165104
-3592684 -4073804
-7919118 -963941
8063239 -3075914
8983211 8878013
4802395 3569163
5251271 2532055
-2397101 -258926
3671733 -6822918
2217465 9631718
-8321393 7310762
-188267 3231307
470372 -5145844
2892275 7336607
4094565 2238747
4589995 2981426
1423974 789698
2342109 -9002688
-9562250 3504856
2382869 405348
6490863 9420961
1953017 9701617
-557309 1742135
4919217 9555916
1703986 5630776
-4542110 9653034
-4599307 -4101055
753102 5269623
-4877417 5871065
-9373835 6161729
-856845 9217148
6847 -2267488
-8753824 3083481
-3411663 -7651044
-4729343 -8316073
-8895112 1487558
1189175 -8238480
-3979993 -4425743
7646525 3148218
-8704654 3455576
-4375037 -649488
5249457 -3246763
4539212 1025656
9413074 8518911
4680640 9661795
8878944 -9960761
-9711897 6340147
-576372 -1114209
-6248901 -8465720
5734559 -1471683
-9984124 -8461892
5815981 6839447
-7586295 -6278597
-614026 -8164012
-2192083 2576582
-8072906 -6802328
-7532739 3432880
-5541464 -307096
-1788185 7006474
6668269 -6128390
6427201 -7107544
9232603 -1936435
-534292 -768343
765937 -8827416
-299099 3216808
4754916 -3499504
5856295 -7766871
8470885 570897
-5076762 786352
-6637065 -2143141
-6429117 2731155
8680387 -4709971
-2500715 -3961855
-6955381 -6861077
9526886 5711101
1119909 2229240
-9707194 -1529561
7702096 352512
-5958552 -241486
5491674 -9015615
-2515119 3742350
-1508169 -7237057
-4149808 5857529
-3356119 -3037284
-2664073 773430
6020937 6816
-2186802 906811
-538692 4701324
356600 5312483
-6460064 2505927
7251519 -116514
870277 4659845
7528710 7544325
9819192 -8911274
-7926889 -8429842
-2171140 5310866
8073809 -7925655
7931874 6320692
5799760 6440354
-2786216 -5424245
-2901076 -6864312
-3441149 -6765278
452398 -2571526
5257309 6020159
-8957562 -9191002
-6791164 8797246
-4026557 8293957
-1645365 4079114
-2315808 -6497847
-4927688 -9309821
6001045 -242697
1831648 -4582476
-8261784 -3408793
-6968439 -236478
-3144370 7537977
3190017 -7238303
8512771 -3529094
-3584268 9748868
5769027 -1034830
-7709480 4189393
2986639 6811465
-2378226 -4500643
2094823 8960083
4978588 -1507239
-817060 9779015
-7947330 -9949100
7984777 7700338
-5708455 3884319
6164193 9722993
-222678 9839458
5117507 -6980177
-7992919 -7032661
5232559 3630279
5111801 -9060835
5128559 1001586
-9670597 7402321
-7098322 -1884802
9591633 -9532470
-1039709 -2487147
9808220 4570222
-2862526 8143232
5843570 -8139109
5745210 -4877749
7361597 2651467
-4992723 -5574245
-2554421 9655271
-7377389 -9875216
3755063 -8030988
-7091822 7855170
-8626891 -8616784
8785538 8036737
8668287 4218864
4686394 4203568
4232774 776273
7862847 -6353314
4306270 4040994
5901885 7516673
5155277 -7333808
5317659 -5836553
-1410797 -4966774
-5311503 -9675064
2966072 -1448866
-6963502 9827460
198983 -3278864
-1895648 -4055324
6497765 1572092
-4209044 9406242
3609811 -2317595
975030 2993703
-843259 -2157415
4399931 -1162123
8870902 -6536989
-3870797 301817
-3018384 4026179
9059405 3963214
-3195498 5570819
6638305 6264255
6091715 9770574
9008062 9674804
8135832 -3709302
379142 9628767
9035009 4633598
4832355 -1313549
-8319846 -4838828
3003757 -4192615
-2838386 836895
-3183742 -2596311
221858 8548868
-4908600 -4538187
1941379 7203474
-4709354 6667157
2931412 8745881
8516455 -8071049
4120107 -976872
5313826 40870
-330363 2255940
9405890 8209321
-3104228 -1295354
3865819 4238245
2561982 -1424074
1929173 9385928
-3210383 2239948
788816 1261783
6723596 -472173
9247654 5880216
2547374 -8818673
9927208 -5461700
8983603 -4521214
-2981734 960015
-8999115 3103711
-4640349 4848445
3057766 670522
1891521 -5234459
1520138 9953538
-8954184 -4242660
-4856732 -5917880
6322068 2974989
-5763228 -5550762
3977065 -2889116
5507453 3476720
4658047 -4258929
279371 -1945173
-3950035 -2898393
577974 -8220673
-2600610 3068232
-2083323 -5904788
4765734 2759041
40934 -9025557
-9072019 9173607
-5069053 -8438928
8159544 -8026203
-2534862 -7409432
-2960194 -3002036
-3374800 -5781738
7694982 3533223
9274295 -7867347
-7296168 -5130619
-5512660 -7929982
6365697 -1246202
-8177970 -2418334
1676878 -6234913
-959520 -261293
-6770498 8958965
8132572 9081414
3158838 6673835
1163984 -6936480
8170440 -6165266
832698 8629122
-7152616 -4789754
1259821 7457899
2106904 3058718
444451 -6949532
7636839 4810737
-6435465 -2551857
5029809 4002536
7767624 7902917
-9842024 -3293312
8182005 9324456
8405871 -6612522
2577665 6314577
1894449 -5918939
-2084204 -6258351
4887123 64889
-2208513 1264846
-8760903 250859
5825929 9051309
4618129 3346002
-1843261 -3729620
-3765125 2254968
-3742495 1721274
-7859457 -8735316
-9512276 6541481
5865937 -7701481
-4314003 8669729
-2499341 -3211840
-6614426 780014
4521663 9395108
-540002 1301370
5082568 -591214
2175997 7251485
-1180854 6321666
-332332 -1998074
-3211342 -6562724
5692244 7824407
-7937967 3023533
-3195431 4466101
-6476066 6718928
9017447 -2707706
8478375 9389872
8694384 7219796
-2000190 -4020966
7890495 -7920042
-4102320 -7478527
-5553389 -2649507
7118330 -9019751
-181733 6622608
7140886 8453829
-8108895 9485935
-173306 -6070456
6953077 99701
7082155 -5594921
-8875993 -6242354
-6433708 -9393911
2512313 -9858546
-122398 4561020
-9459946 1206698
-4196992 7877412
2915237 8430549
8297394 1700689
-4802710 7361848
-3499192 -2067923
-3614094 5015557
4501492 -6358306
-9912410 -9206637
893064 6844538
-8750383 7040667
3314665 -2024781
-8902339 4889976
-2452218 -602690
-6041670 3609974
-5183328 7425384
5302796 7014736
5445286 619681
4836722 -1781967
8096233 -3740968
4191109 -9965988
5049569 7113393
3271439 -9422985
-8629622 -7932587
1428303 3359029
-7083952 -5220205
-4728634 -4805728
-9915752 6230713
8144375 -3630973
9979002 -9851618
7573766 -7897295
9117442 7312026
-9551941 2876562
3610947 -2920920
3338112 5284781
-2164855 -5776468
-8663075 -9954426
-9377411 5401066
-15169 4608364
-2032607 4509320
1805467 -8586866
-3392594 883441
9630506 -406815
5962213 9208006
9356388 291234
2393939 -1542433
8285945 -553494
4839420 -5972267
-6376835 8734005
-3464862 -1549633
2673899 6961278
-476796 4370284
-228650 -3472824
-8864460 145793
7171465 2272534
3685668 -8380715
2502726 -8506716
1086470 2809427
-5466215 -5350415
4940819 9565035
-9461046 6406526
-4146968 9851110
6395196 8824899
75256 -9307547
-8340828 -9981639
-504009 6610395
-6502969 4333072
-9139752 9019195
-8318659 -4215267
8057267 4512141
6131426 1369158
2862443 1742936
7068715 -8849495
8316442 6465265
-1453348 4118852
525378 -4226387
-4375277 -914394
-2089495 -1105237
-412784 4536271
4554633 502114
-2887491 1246388
8095812 6566976
5586172 609540
-1089375 1472413
8500906 -216135
-8846977 -3032107
1227181 4632332
5782837 -3468182
5513435 -1704104
4931100 4099279
9872892 -5939913
3145693 -4543521
-3132406 8013968
-4933409 3572551
-5925335 6454810
-9782450 2137576
-1295447 -6296474
-3170582 829715
4818480 6807077
-3409058 5740043
-7292064 3319386
-2048282 -9739683
-3207864 3935117
4747365 6250908
