124 -5191379 -7099682
192
-5980524 908574
9485841 3338649
-8716190 -2527864
2897538 9442319
6741580 -9018848
-4999210 1371710
1213244 -9521536
3264199 -942396
5405076 -6475056
8106099 -1091134
4774414 9016797
2760796 -906562
2872938 8088484
8073540 8655070
-6536309 -8693518
2215056 -9026142
4312508 9999519
9988008 -5782751
-6340432 -1887330
-8389825 -4598102
6773608 2917500
3395964 -3389035
-1815079 -2013147
-5971851 9176516
-1914618 -6410003
-7393205 4650600
6260390 -7140204
-9051719 5367591
4022661 -8350319
-7043837 1538173
-4971616 2704
-7481424 -2312429
1904820 1857244
9969914 -7493416
-2091518 -1919259
-9001759 -8419911
-1808945 7198442
7701647 -3089442
-3912926 6375976
9965974 -8270204
-1103252 4172456
-451395 5089121
-7026936 -4842861
-3193180 -6986762
-2932237 -487922
2031134 -237017
-33094 2096147
-6046609 4549710
7056294 -8128274
-7531181 6439658
8019747 7481128
-2804077 5983413
-7106029 8727154
5103131 -5102430
9143719 -8502603
5669853 -2414543
5190930 -9443181
-4286042 7734810
-9251952 680346
-9807576 2520778
4800113 -2184188
2428311 2223559
9289621 -5232981
9155098 -1101945
-4662287 6345916
-3656604 4140269
123682 5873812
4600967 -3944329
-6530406 -4465995
-2968598 -7779550
-7677741 5129665
5686484 5217608
2952418 29541
-9290113 -8599557
-3562427 -3783181
-3451017 3418664
-4357777 -8762313
8521058 8977294
-9608299 -5068156
3794112 192508
-5667222 8245766
4119579 2653861
1225884 -3027188
2506818 -8763102
-6542652 4695478
-174857 9538220
4755828 8295959
-1674500 -4488372
-3087929 -2291753
-3558582 -8448261
4970403 -4134004
9620035 2990401
1967695 3128978
577175 8141094
-1666398 -5124251
-6878485 6887639
-458500 -4817268
2155545 7241094
994344 -9232615
-2020785 -5337637
6716935 4451692
-4735997 7804359
-6684013 1472764
1697363 -3894145
-2342405 -7255590
-1389594 8138781
1129182 -7372002
5756977 -1769558
8887888 5613229
-9511022 -3665848
-6778209 9737842
-5079425 6126846
3367940 -4720356
8563381 7076120
-8261517 -5637715
1330329 -3457404
6863307 8455418
-7555466 -889315
5216540 2695646
5440056 -3341751
-5202970 -7125865
8018486 6566815
7313609 -1557436
6572146 -3708185
2625967 6201497
-1544309 -422524
-4295678 -1635890
-3839894 3376266
452386 9072263
5950900 -5276513
-6217564 -5292779
5678992 9797581
-1091734 -9354257
3341390 639878
7298128 6641159
2031646 -8702202
7864613 4611510
5570427 50132
6341947 -2305426
6412423 2142573
-8279951 -8515734
-7635271 -5131885
8244381 -2575628
9012987 -1475165
-4235325 -8786880
8436693 -2519761
9794172 -452889
-7290794 -3367963
7271916 -8781209
7859950 6050596
7348395 -2913604
-8302094 -108404
2458081 -2270640
-2059713 7268333
-8072742 -8683620
-7199353 -5647290
-779175 -6352692
-6411968 -4834624
-3793437 9981559
-8805321 -7398981
-7402390 1971238
-8481651 2147724
8779762 -7608218
-6389427 -5772444
2794504 -1431970
5654426 3986875
6394824 -7340749
388612 -131316
9653370 -1147095
169285 8328899
5197961 -8419372
7744288 -4513716
-6831988 -5581213
-5599654 -8667680
6449691 -625424
3862166 8111377
259101 9047301
3955436 5380516
2124424 -961137
7606893 7566009
-5930763 -5081072
-2421820 -4222329
5646356 -9535939
-683034 483144
-8671605 5299726
6880354 2002603
5240 6526356
3461495 4624643
-1526685 -4310396
-2419468 7861841
-1510430 -5076993
6486660 -8557301
