461 -2743731 -3155398
680
3004163 -6945928
-8516194 -7390073
-2855975 3805456
8168621 -6254080
8150229 73842
6324486 -38740
9436897 -1892787
7242772 7178864
-382470 -9976505
-1018943 4713589
-703473 -1416898
1023276 -1334045
2537617 5714270
7086161 7231985
7004606 -4646352
-1592279 6447115
1573394 -7474878
6330578 -7592121
-3846200 8717419
-8692386 4499200
-5539540 -5695971
-5072406 7632100
-2672684 6413709
-1046444 -7829634
-599692 6944847
-4472051 450965
9116920 8696835
4411105 -932423
-3700437 -5829111
-475462 -5986382
2977085 5820521
8345643 448611
2856490 -5449521
5784251 4676222
-8308226 9010290
5830672 7091865
4723965 8668586
-2401353 3274618
-2038663 -7948718
1512481 6552204
-2996831 7361645
6058480 -443218
8624359 8636442
5323683 -7014063
9515907 7440274
3260796 -5151779
-2186816 2492992
-440177 1606439
8799013 -9330325
2196317 7860426
4952291 -9509213
1675725 -9456659
3817960 -7807391
6760243 9274373
-1657071 -8220703
9140942 -9210924
345858 5346098
-3501108 5199422
701711 -8513431
8926844 -8177424
9187149 217618
5226962 -5296008
6310431 -2999666
-9813639 -5213215
-7352788 -2374203
-9367064 -5100970
-4557628 115855
2308464 2308662
-5900613 1776684
3555981 -8414941
4890487 2442316
-9695234 -4786725
2929049 -4763655
-3277085 -3196341
-8857413 -6369240
-3635270 8166111
-7129897 -9670264
-2669930 -8408308
-3621523 1696886
9322683 -9967217
-5068186 -8457959
1657897 9955620
-5219366 -7109462
4667222 6482713
8067773 -1119979
3838689 -9260445
-4047170 2958260
710958 -3340193
3463466 1398231
-2454657 -49775
-1883664 -2877595
-2547858 3910073
5501765 986439
5199677 -2701436
9847700 4396594
5938636 4522361
-3005667 -5220486
-9813596 -2403467
-5920754 1774967
3171340 4853626
-1890467 4663371
-9862016 9526381
-3813812 4062363
7976946 -6634706
3315519 2166007
9288412 -4477711
9432362 3948207
7450998 9256906
9071823 4934127
-669279 2650675
-2826964 8919523
6215389 -4730643
-4617758 4167369
8458688 6401793
1255419 -538511
6641212 1630028
1156409 9364952
-4056333 -704452
2660842 7342598
-491395 -6079387
-557098 -4023639
9924568 -8686631
-9429724 -8608384
-1157905 7375566
26242 9642099
8561622 8172816
5958526 -284370
-6117000 -2706637
-6304844 3857120
-6681391 4858040
-3511931 -2533073
9348231 2476174
-8228278 160830
-2496572 -4708102
-8271137 4432565
2925278 -471615
-6641893 -6311883
-4920267 -4633801
5258117 -6071617
6086834 3921828
-5389004 7800711
-2483658 -2835192
4458171 3085874
-3057005 -6084306
8773734 8153327
-4379746 -7222044
-2229518 7778155
-2061014 -5031515
-7223265 -457795
6491122 -2041234
3504 7021950
3226419 -8067248
-2701049 3361611
7289994 8306152
-5255668 -7442931
2874132 3376828
3057988 -8128320
-2526093 -9609526
6822520 -2483841
-4330514 4416902
-288790 -1887393
-4109238 -6193908
-8709071 7481693
-2976102 -3653900
4304867 6584016
3605966 6031372
7964124 -5691629
7669982 -3167615
7654889 -4736924
-9663503 -2523672
3369508 4915573
-696395 3210629
-3882544 -3572504
3943655 6777512
-6289234 -7060024
-6431065 2129493
-1548063 3421977
903670 -540302
5805798 -7740782
8843234 7927568
-3524708 -7372983
9451740 -5034448
-5685711 -5560584
-297508 7121722
7114402 4485530
-598897 -7444659
5765971 483910
-572242 1221060
-2001427 -8116573
7339755 -6628587
-1982742 1709339
-4868684 -9091309
-7115259 6469195
8728413 -1448662
-3521094 1206891
3833909 87999
5053551 2954198
-90033 3285649
-7076276 1884192
-3630278 9612459
4684153 2554478
-6961611 -1712823
9508238 450124
-5150097 -5017501
-1646087 -9976837
1732502 -7810342
-6901651 -1112477
7873071 -619829
7931509 8499442
-293666 -882164
9205836 6926768
-7602682 -6459757
-657756 -3224261
8659932 2307285
-5563903 -5217680
7336799 -4970346
-4166816 9120250
-7913274 2891540
7874039 -4658578
-4635415 -3063371
-873713 8744304
-2368172 -386561
8993610 -5259011
-6759569 8021251
-2860913 -558528
8884592 -4536883
-996640 8861275
-4362985 -8718090
-3894452 861957
5644277 6813299
4359305 541645
-7821753 2981076
-4127384 -9807511
8050263 -5735027
1201602 -6253344
5007312 -6585152
3028288 2844241
101582 -7360860
-9339609 -5461750
-3503926 -4141634
1321483 -9684169
9177106 -4619334
9178929 2841196
-6296847 7330473
4143772 -4715523
-1657526 1863782
7361211 -8980570
-8788081 -6962927
-2697954 -6766173
9496835 9262183
5193383 1020000
6380593 -2979500
-340360 -9261977
-4723726 -3517824
2340542 -7163616
5668567 -5711300
-330633 6178377
-8464075 4845673
2176147 -1151704
-3350875 -4760922
-380787 8836271
9855701 4991599
8028672 -3019576
-7269397 -8932379
2846156 7847070
-1132930 4743791
-8235709 -9444109
-8706085 7764015
-5753809 -6059717
9293019 9086541
-6624759 -896915
7797815 4961586
-192740 -4439040
4409256 9333740
7089171 4499759
3336030 -8941619
-1433668 -3291616
-3794840 3191732
-3224295 9111356
6958426 -1064237
-6320446 2138213
2694104 8341848
6105864 7960197
-8099519 3988019
-4409088 2868407
4487845 3709852
-1328561 -1033846
4527114 2285660
1619400 995051
-4505190 -8547277
5027456 -1291429
5416955 1347192
7055276 -6406211
5221497 4138467
-6925769 -6169019
-1514454 2179924
-6961876 9270137
7230335 3696003
-9799626 1660340
-5471252 1647168
-4642980 -4208713
4757441 9016593
1302253 -3455189
7539862 -8199093
-6746370 5438005
-5853423 5551024
-3101783 8281087
4391228 2079884
-3781648 -6046507
-9699173 -387275
4309001 -8191065
-8920928 -1213627
-7517624 -136522
-8476182 825759
-7527073 5199103
-9009610 8568918
7585511 -9653700
-3108889 5747831
7548738 -8595884
6842122 6947326
2498350 3318721
1599808 3505051
-4415065 1912919
5866413 8507388
-9363535 -5680361
-3871426 -1316408
-13683 -2538181
7325297 -2792353
8033406 -5014954
-9815851 1365467
-65614 3022686
-4114662 -8825461
-561278 -2480103
-8559634 -4707199
-7759873 -3012540
2822533 8282488
1787539 -2745170
9167749 -5577659
5446081 -111174
4208466 -2449486
-1249542 6082547
-6455634 -9662960
-9938961 8736776
-6278178 3386015
-5248518 610798
6149836 -6094029
-4919490 4685868
4722118 4551526
9844327 4519232
4023044 6162484
-3038676 4600807
-8144363 -3154422
-6215729 8748863
-8845959 3539738
3606605 1746705
-2170748 5362507
-1784100 -7642937
-8906161 -6110030
7275985 -9206709
-6079559 7332013
-8762016 4543819
-770312 -9929723
-2861845 8834846
-4129570 -6048194
2630642 -3017517
-8416710 9893475
9255405 9591966
857181 5955279
-7988631 5556028
-2697267 2011222
9890082 -1865674
491390 -2351663
1538307 -9377666
3931977 -5898419
-8566405 -8669356
5874464 7852419
439048 5187931
4022778 7620504
4088662 7577204
-5440313 9893208
2303035 -3280696
-3688730 8659329
-2869040 -5925208
9630821 -315197
-8303975 -857671
7276656 9449906
-2901756 4102459
4724793 -9715602
-5614021 1152903
-5000100 -1343229
9025542 8335926
3523858 -9125636
1011220 -535410
9558146 -9937012
2472548 -4900118
-5664462 -5882167
5293514 7291936
-8633272 646808
-9668389 -7575526
-5916844 3513901
2963808 4543988
-1353552 -8640188
-8355790 -9937948
-6268693 5887593
-5455636 8546541
6882468 -1268793
-7878077 -6430094
-4449151 -7077322
-7014334 3133143
749377 -4891005
-8256819 -2025434
-4733498 5084915
8248075 7036695
1977522 -3366769
-9852868 1096038
-4359973 6060678
7420490 -4372708
-4310656 -3197173
-7309580 1581052
-7356055 -579348
668211 9751137
5837395 9526413
4965443 2790135
-4076722 -8611756
-3502760 467461
8442028 -810992
-5726077 -1759579
7793468 -6291470
-7141887 5038351
-3865611 -229010
8348020 5521598
-8851110 -5709232
-6390053 -1715138
9865914 9354587
-8708409 -3699632
8567857 -7490140
4552625 1959802
-5250063 4405252
5793497 -7965579
2501882 -6810432
2378576 -7709263
-6952490 943910
-2831207 6652499
1690850 3357330
5644673 -7456742
8064856 341592
-2851288 3992693
-7722444 9213747
8568334 758660
-424620 4659822
-313966 9859925
-5663921 -1856763
-7451511 6755012
8789433 -913983
2275585 8341986
3149075 -6192333
-2732070 -5345839
3823012 -1287063
-7929732 4436723
-503667 8030215
-1628193 231293
-5776014 -2438810
9291289 5520519
8795531 9017894
-3805931 375975
-7247748 -1629089
6514148 -1603545
-4848533 -2911669
6174348 9062638
-79024 6457252
-9735080 -1550067
-4379554 5586404
-5700659 -2467150
4485925 9443459
7473674 8885961
-8366394 -6017742
-5940200 8361833
-3601296 -4142407
7391839 -6648911
3727064 -4805764
-3918501 6102260
-5501284 6479316
-6432352 -7404352
4174638 -7833465
8623788 2258348
3224634 -5904386
2198370 1405060
1454262 8845080
8288539 6497712
-2099975 8456539
4955149 -1721435
9156750 -466368
-2092423 9014950
-7633961 8071807
5782395 7815768
3918029 -1390544
7605124 -8136106
-5540458 933097
3099632 3689124
-4052527 8634180
5246147 -5760228
5644832 9172107
8017187 -2555483
6458581 9615446
8071985 -1177921
-383004 6874959
8924943 3027135
-5441563 -8709901
9361906 -3167480
7164640 -3075524
5533932 5144301
7008195 1082669
-7984234 -4344591
9344533 3984090
-4865378 -2368249
1871523 -4707994
-5535887 -9619231
-9658361 -9967292
2164506 4997653
6336084 -683428
-3808469 236492
5779979 8469432
9759531 -4883526
-5534654 -9661584
9779244 1637789
-3217910 -8370013
-4770992 -2170471
3484938 6306638
-7192920 9761127
-2607122 2829471
8121478 -2058298
-9161176 9264401
1813461 5101943
-7384052 -8819537
497035 -6022032
-3269188 1468384
-62183 -795081
4321393 5027143
-2118089 -7786300
3851490 8786740
2933079 -2338845
5490684 3149932
-543430 8162087
7923214 -8508026
4321446 2263650
2721705 -4683908
7096846 -5040724
2577571 3560529
4740992 -8573341
7920979 5193520
9178256 7754379
-3040702 -5348209
2195286 -883927
1329774 3797044
-4899864 -9922803
-2261647 7697616
847548 8033215
6195302 5745389
7237364 2820471
-4915879 -3365131
1950961 1558810
-965562 7805826
1366355 -8435841
-7009181 -8387991
-678119 8623699
-1105569 3428150
8079942 -1499862
132563 5853729
-349227 275228
-7131222 3978689
1676305 4750909
-4699524 607131
-3647480 5040206
-2139323 -8504221
-1869352 6106236
-9818602 2944798
-6733023 2597961
-3321527 -784164
-6655802 -2850316
8289736 -7814356
5613794 -4817569
3682569 -2815833
-6962104 -3789912
-998331 6331485
310174 -4794978
2472283 1870447
-7522422 4502832
-456962 289112
1784891 -8653550
-30961 7403715
-7135135 2431891
7546204 150437
1882626 8648194
-4202121 6741029
8926673 5226824
-9590745 -5912385
-6211866 -2943180
3266908 -3391823
5456014 9342382
-5452596 -7731423
4139024 8282540
2785372 -463960
9825152 -867046
-7004243 4844762
-5235171 -5873605
-925362 2964796
-6884767 -2370305
8794241 9137194
5878224 -2485789
-7258965 -5407880
-8803913 4804897
-8138283 5666643
4791172 -5015779
6842956 5128626
-86445 247186
-1470274 3906712
-6557248 6568932
-4298114 -8684901
-1323787 5784256
2427003 -8786005
4178791 3441043
3587090 -8498359
-9361164 -189623
7324588 2381331
-510196 6517060
-6161691 2581976
-1751381 -6797757
-9297183 8216379
-4138643 -6960209
3286977 7545773
1452485 5774912
2343844 4333055
5648154 4895238
-6804154 562083
1776078 6840720
281763 5622850
-359157 8471222
-1718401 6385205
-1233464 279679
9313091 -4393813
8188163 772692
3974936 -6848599
-8632220 8953134
4509277 4677753
2223526 -2770863
5520401 -9687394
4645662 -6323989
1087601 -9619402
942681 -7189832
9650888 4283448
-7577350 5235111
3706333 -7550997
1350560 2063493
-7656827 4504284
-9889528 -9882903
-6593859 4172616
-159631 814987
-7715526 7381077
2058830 -6275499
953638 6793751
7106358 6798708
-9525280 8990392
9370990 -5731628
-2921460 -5921327
8362121 -7169977
581486 9245781
-8305216 -9215229
2848265 6804172
1308456 3045345
-4321206 -2292210
-8119594 -6064720
4750268 -8398713
8982365 -5762872
-2038371 7034742
-3655155 -6442453
-9643744 1431620
422012 5967555
-9764073 3347328
7426001 -7690646
7655729 9830820
