561 -7182042 -6523116
962
-6483433 3718508
-2175915 -4342318
-3026973 -8228347
9737432 -9368192
6968674 1537093
9021370 1608539
-623280 2722882
8988752 2526818
935322 2330116
-4947175 -3708523
-2228949 4813106
-5790299 -7841315
3095589 -201782
-6796249 -8078507
7255803 6934551
-6830589 -3319365
-5145331 3288722
-2423272 993496
-5858344 -5655952
5881141 9830512
1439051 3626683
-3650435 4902511
9945681 3332123
8178591 -4661683
1629795 881004
8210462 -6768583
7906454 9400846
-8284584 4936516
6858009 1002044
-9547053 -5080833
-5883846 -3369836
9918886 -6377642
-2867794 -1029177
3314871 -2504386
-2673874 -6209785
7416898 -8287636
-868773 1281529
7130004 -6233537
-8378867 -923092
2474264 5308596
1056365 -4232720
-4831874 -6798921
8137595 -8520829
2481215 9399894
-5680939 -2488044
-3341528 -4549486
-8410776 -1564785
-77610 -3422642
-3410675 -8762217
-4972002 -6762739
7465977 -3568197
229685 4961248
8727711 -3402796
-1809536 9876041
-2299011 2865196
8632476 3181081
6382160 8757354
2752878 6316954
5716848 -2963893
-2935585 7750445
-6799040 -9964091
-1528876 3722887
2816597 7306536
8544319 8393514
4147127 9405922
8354078 6088669
1049917 1613104
726660 -8899885
-9023844 -7706019
-2324471 1433477
-5385442 -1322854
9950852 -3691994
-7375040 3513070
-9450823 2703730
454176 8341809
894070 -2386408
3852831 -3828512
-6521976 1881547
275061 -3330572
8591703 4538696
627365 6938541
-8932003 6945781
562248 4193635
-996032 1794658
-6771865 1538404
2731902 6679497
-7012497 -9640955
3872115 2682755
7902837 8128816
-1013023 4421292
4551236 -1642987
-2955147 2397399
-5721054 -1595933
-2410153 522878
7577926 -2929640
-5991099 -3818450
5643683 -9278357
4915278 -4923102
-612092 -3794069
7744336 6435598
3115096 -4867605
8007792 -7007410
5675345 -1381049
9264119 1879907
8817551 -3905465
-3032100 -1748904
-9351504 -4114861
-3194442 4012754
7051984 -5072558
-5485846 4395406
-9423044 4629910
5351553 -1476945
-3883694 -1263008
4942923 -7216816
9218782 -1979434
-4330686 -4796389
-1803798 -5149770
3469182 -6322894
5557014 6387899
-7517566 -4750347
3500750 -3109083
2776057 -549665
5979441 -3334402
-5890608 9581615
3977021 3031425
-9822313 -1376453
7146602 -2929670
5807322 5529240
828776 5779260
-6200173 750245
-1529791 -7436089
-2585859 -8014507
-4337401 6666411
3054310 3399675
1165681 -8780387
-9373117 -1946903
7503432 -5333569
-6151619 3402940
-4499093 3482873
9030650 -2042227
6581320 1994281
9064611 9208337
-2746071 -3755725
4539887 -2611715
654882 599058
3162969 856066
2841559 9125091
5791502 3093462
9009490 8504159
2240124 -8637835
-584738 175171
-2642046 2867007
8786299 9435046
2917919 1206335
9164108 -5712793
6281488 -5535079
-6326742 -1738219
-2977592 5346099
5250736 -6556461
4042597 -8437705
2418362 -4094382
-4969290 -2794434
2815381 7776273
6280432 3338564
4700729 -5658777
4516394 -8963091
3903916 6632343
6067389 4390700
-4402965 2690216
-506225 -8498340
-4033419 7277495
8055628 -4224737
3637714 -7843809
-4400269 -4921964
9156684 -1111550
4794068 9642328
9364247 -5908602
-8132329 2341130
-4320305 -5304020
-962797 664456
1701365 2896776
-470880 6069949
460649 8121633
811849 -4403491
9614522 6057684
-4148469 2821976
8597239 -4418897
-9746353 -6092840
-8498452 -5248695
3639755 -4146622
8012058 -9341768
7265982 -9049824
-4192342 -107343
4588637 9133654
-7685538 1487353
6900482 -6374160
9695789 4015827
2137460 8945954
7058815 156438
8730474 5465662
-1712362 6673337
4770793 7098358
3521870 9401230
-5847465 5024440
3394170 5023418
-1801997 308643
-6224829 1406228
-8701114 -4536015
7113991 -417171
3586535 5887523
2029716 9428453
-4039368 487017
-567029 1725505
4398296 8098093
-3919893 -3508214
5681476 -4354878
-7256520 4367745
3768975 452269
-4523291 6265350
-6194879 437863
-9253494 8870879
-7206541 2003124
-16539 -5478323
-3379142 -5907655
2496221 9613805
1558610 -9792607
-6789238 -5474063
-1232206 7519243
-1866312 2643733
1651872 5682442
-8672435 4213795
-1418460 -2666652
301969 -5928955
2852748 4866868
7821083 5778678
-2834091 6657869
-1339007 1083941
-1878030 -7524280
9084418 1160806
774611 4742828
4950222 1580639
-1377072 -7666778
9852465 8160984
-6678930 -92926
-4410483 -2013847
4716300 -2510706
-2661006 -3082918
-6495521 5814192
-6802588 7640963
-4064007 6357227
3015096 -8981505
2102436 -4381746
-1906026 4192441
-4646752 -9775594
-2516413 -2821608
1275383 6127859
977433 -7566191
3111145 9898311
-194614 -6653750
-6151245 -1051433
6437861 -2088745
4828337 8565055
4379248 -6223145
3934170 8332816
4690044 7576660
8595156 9870163
-4511583 -9778508
4413934 -6786056
5954703 -3901256
3277136 9767182
-1588607 -6561710
8388451 7068872
6967183 1905179
5251429 1499596
2964516 9288921
-2799824 1616537
181592 -8081271
8211937 4544865
-4605966 -5439160
4653853 2146107
-5467377 2600430
2821922 -4234639
-1020695 -7462608
-1363864 -2764144
9519390 -5065992
-9111350 4429625
1498497 -9552864
-5131333 9277101
-6706950 -9017968
2787306 2636448
-5747015 6257566
8176295 2503834
-2951300 4434578
1511770 6388232
-8949308 2442734
-4956836 -3834377
1930984 -4416685
-1879293 381438
133647 3426642
877002 -726804
-6297179 -7830611
5132877 1765653
1042754 5201318
6183350 -9998456
2637993 -3147844
-6890278 -1029344
-8525509 -592670
6358260 3802370
-7293046 -8960457
-4001371 -2129969
-3447994 6273998
-8142687 -6441855
3939583 999343
-5574015 -7505627
1767569 -5926770
-3757380 5302987
9584992 5470390
-6811940 3891849
3893394 627747
-3745 9371410
-9141581 9047739
-1544931 -4377670
9424700 4849262
-1594843 -5186670
-4800287 4648006
922005 4403786
7961931 1751719
-7248938 -4704330
-2209957 -5582134
-1508903 9693399
4996387 9557612
-2455646 -2749931
-8858082 4581379
7725478 732414
103825 -2448336
-3400597 -9761914
-4139584 -6521404
844210 -2429175
-5099493 7801468
2449474 9249367
-3830495 100220
4368291 5887831
-8816498 -5868564
-8934346 -364294
-670895 -8510103
-8952490 -7926897
-676828 6841844
-6060424 -1408136
9324279 -7018557
533107 4181406
4419492 -8055544
7939404 -351137
-263960 -9720092
597728 -1216386
-9450667 4636547
7253119 5563555
1451386 -3281162
-6633374 1621410
3773468 -4848760
-3358862 -5567720
-3494616 -6897426
2460770 -9795000
-8686784 -1655092
-6157297 -1083302
-6901895 3153847
5098303 4375811
6541026 33949
-7169790 -4445941
-3145975 -3722934
3429965 3427938
-1008507 -2596642
-3361452 683084
4820846 2959232
626824 5174
-3046193 -1405685
-5786759 7267962
-10686 -4024457
-3163197 -809637
8107062 1302531
-5543622 679507
7571670 3721519
6271820 2071034
7625093 4112696
2906114 9102030
-4953679 6995471
-5601171 -3663921
-464485 -3445834
2029750 1037378
3558904 -5643639
2950676 -7343425
2440889 3029063
9004606 -319731
8870633 -7569796
-3750913 -4158590
6520917 -505953
-6784434 -6778183
5292851 -3391061
-9278365 2003738
1105769 -4565703
-7570232 -3855899
2480180 -1331558
-2261040 9344949
-7101321 -7984305
8888408 9768711
4941638 6457584
-7997001 -5644563
4035706 -2617473
-7670917 3523958
9365368 -4577309
-2566910 -1421830
1799988 -1597363
5011576 648656
5168747 9609191
-4956512 -1750437
4393664 8790868
-2540690 9989608
9334558 9390196
3922243 -2285378
-2516667 4749589
1207173 -4672997
-317560 -7575029
-7676149 -4273475
9250483 6234499
4173542 -5347066
3231105 1132203
2051192 -8393367
-5228359 7547445
7156636 9579120
-2171317 9940388
8731256 4716477
4706085 4738699
-3354753 8706918
-3578459 -3443005
-8693415 -9432510
-4105507 3904874
-1153802 -4969890
756635 -1906714
-5672215 -6313599
-1660665 7118
-8860679 8501327
2624312 4086792
-5849411 3190513
2769633 7395954
7336342 -8692774
6023703 3114668
-9630281 6067599
4774517 -6753860
-7680512 -2985034
-2417544 3712410
-2382715 -6373927
-8827465 -4006698
4086588 -1020165
-4817412 1929171
4452641 930725
-8051596 -3961725
-9874932 -1891685
3815180 4572717
1968671 6792009
8099235 9101166
-5267814 -8178635
7888964 -3360710
-114569 -4898094
2116872 -4820166
8892244 -5278729
-1652656 2215681
8208983 9025881
-9477932 -7963769
3965402 -5188077
-1741000 8221008
-5740716 -9065604
-8440937 207404
-5219879 6900704
3692713 5374243
4475409 -734856
1086510 -5691699
947591 9207596
-5690498 -8508174
9188012 3349374
8070645 -1057274
-8841593 596609
-7861158 8934341
-9029427 1883742
-787983 5177263
3398271 -2547673
-1613277 7471017
-2321578 7657555
4558259 -54214
7836382 -5025105
-3243608 -1749027
2559274 2311791
-5964261 7842902
1851080 6023217
-627408 -9138407
-7679328 -6444555
4152054 9959589
8893931 5995431
-2120826 -1192752
-6015489 9864504
-2683169 -392457
-2921439 7382783
5040338 -1780093
682045 -2726665
2248230 -7885050
-7117725 -1481573
3346571 1520974
-8119772 -2042099
-6018882 -101338
-6723392 3731309
-196894 -4129938
-4170348 -4402720
-8407289 -6044840
2762408 -5276417
7104439 -8011763
1595781 -736728
-3353945 6937622
-4842471 8674342
8464029 4202745
-1165953 -1644073
-609294 712259
4749586 1716322
9674223 5253629
-4847708 6629814
361123 6171694
-7958244 -9054748
-3457468 -9835771
6635741 -2128592
-4888657 -9348405
-7360167 -8085498
1177774 -7784218
9153405 4235614
-4573692 340181
7059278 6827286
-4816787 -6109663
-2881052 -4106674
126000 4573920
-172451 -8131466
8498349 -7683424
8488270 -2503807
-1558555 -8624176
4056406 -9469974
-1598565 -2499671
-1848075 -6791501
-4876999 3512778
-1755087 791758
7543724 -1182873
1673660 -2601682
-5774396 5486384
1893073 -8750709
9658969 -591182
6499090 1528373
-4086740 -215031
2101545 8842991
8855537 -5588391
8303785 589815
-6363806 -2703018
4797312 2360191
-1914957 -5446019
583111 5465589
8773699 3208044
4541524 8828024
-3773658 -1166225
-5679841 -3784816
9980827 451947
2377117 -1270416
-9742043 9639796
-575234 -8607441
-9764450 -3828783
-6900822 4042663
7148831 9091087
8904422 3919316
8795859 -9214975
-4660994 -3781914
-8316325 -3119098
-9911053 5922117
4750142 -9542626
-708851 -2853177
-4121641 3492836
6461135 -3872340
4857244 -4140813
-4501017 -1161748
-7252837 -2368447
3802771 -2559899
-8517235 5499066
-2893495 -581699
-6662383 8631596
1932973 -3989073
-5254635 -7866523
-985621 7271979
-4289552 -3570960
9402766 -8380322
-1233499 2976942
-3530221 -8789733
-2662073 4644861
-9495952 -7069086
-5714481 4711523
4859429 8519383
-4040515 -2967318
-7468252 -1337800
596853 -2557750
8590198 -361746
-1834467 3934471
-1415700 523171
-2204850 2910899
1856291 7598679
9218358 -3978050
8998893 1259058
2469325 -9498789
5146072 -4531328
-1600414 2323605
9551480 -1833528
-3314144 2685105
9717788 4410909
5589461 2645341
2603943 4765888
-5595858 8702667
2637138 1194141
-8282688 -4913972
7996927 -8778562
1336469 -7971186
-1949236 -146782
-8887724 -6928821
-6427609 -2950343
-4965319 -3902046
937911 1234815
9401288 3434268
8635725 -6994257
-66995 8603496
-6234811 869865
-4364246 8038818
6741485 6369132
-9920375 -7443752
-2357724 -621377
-6883587 4313289
-1141545 8155555
-1991226 4452883
7524062 6909219
6475229 -8362598
-9748292 -8903547
-5152379 -8490090
-2539470 -6294029
-3288285 -5751091
5368757 -3903744
-517527 -838928
-2800110 9133946
-1980570 5118227
190828 -6058624
3319999 -9384593
4928696 349456
-1494988 -1047235
5922000 -6212849
3212722 -969862
-6816108 3446062
-2941132 -7795697
-6285786 -6564399
9657924 1906489
-1328250 -6308904
-7696296 8885991
-1952937 6556859
-1792843 1786178
9420757 5246954
1704682 6226587
-641654 -388415
2477394 7541033
-3506202 6803394
3106897 -9017594
-7471104 -7584202
-1621787 -3680381
-1476077 -4287212
-8335259 -2046567
2376274 -5245511
-1554415 -8677334
2725009 -8951976
121235 749290
5051820 -9227927
-1464621 8328392
-2928669 4472577
6600515 -9759939
7781094 6429677
3233071 -922091
-7423333 6791245
9207043 -3660032
-4824061 -4894437
-6665297 -9898392
-1944959 -3783786
-6512945 7515797
1354815 -9568685
3995691 1932641
5198283 -5920176
7368249 -5883074
-7554682 -7233545
7239032 -4096372
8660041 -483351
8462678 3839547
5433808 -1042512
-4251267 -5787899
-6931579 8010475
5632390 7472128
7573737 -1755639
-3023073 1483446
-1000757 -4371222
8576446 463983
4912976 -9645942
6950234 2572137
6689064 -7372389
-4605934 4318484
2738464 1650734
-8832616 -7366902
-1011002 -6085142
2872346 2146414
6358516 -5577194
4949634 1137431
-1390441 9426937
-9812350 582024
4581822 -3816704
-5671573 9680930
144913 -6418935
6451475 -7095127
5477010 -4942111
-2314500 -4081938
2752898 -5317574
6333161 3079566
-1770984 -4508638
-8077428 16897
-7836689 7218014
-8359179 -2688730
8448701 1038179
-7018531 6590455
9688831 -2941739
-4242091 -6830881
-7149951 4270654
368071 -7397312
-4492439 -4488686
569203 -3180453
2737609 3500924
8183350 771055
6366973 -4509493
-6501779 -2967137
-433888 -5404010
-8185996 7937146
-4751584 -5754224
5283955 5971177
2561632 -6302882
-6728269 8265424
3950896 -5233184
9037470 -8454008
-5851319 -682703
4828612 -594459
-1258560 -7827406
5673518 7914167
-8798425 3995401
2002260 -3626779
-4077564 7568548
-7835462 5500482
-4046020 5488549
9734325 -6021457
9949720 1202396
-2584134 -2465368
8316409 -4972295
-205479 -6796051
-5250058 -5216343
4100954 -8651657
-6729764 -8585025
-6412431 -8554082
1876438 -5471971
8523430 1777440
667013 3078013
646561 525691
8542525 6589449
-5405650 2811100
-694005 -5503495
-1784747 6845027
6896012 -8227933
9316124 5631120
8835069 5212421
9996078 -8373003
-7024660 6101363
7516338 -3386616
-9424345 8761929
-6710042 3620260
-4602300 2452093
8046458 4329740
-5144569 -1418935
7686866 -1306981
4020471 5914308
2927165 4797569
1642596 5842818
131238 -8857581
6773539 -8945040
-1216267 -552638
1074360 -1875040
-5773676 -1220189
-2090452 -3433948
-4672019 -8257338
-2120726 -1514797
3453648 -1382061
-7052320 -4206674
4374391 1500106
2709477 -9680537
-1249876 2061258
9375179 9246301
-2394529 -8322711
-7180292 -6465873
-5410912 7736709
-2815928 9593247
-2281792 3372821
4668985 8258432
-5175516 -5539116
-3796454 -7421467
-6419912 -7331182
-6196891 -3400827
2392499 -449912
3566546 9267141
9586605 -3233109
1344501 8792375
555028 -9146919
-7469630 719680
4253807 8160500
-1586439 -4649921
7459678 1359247
-5267931 5597633
-3627583 7694238
-7844878 9401054
4495939 -6286746
8898424 -9124979
-2525806 592379
2658819 -7298467
-8031325 2383045
9149936 -3774635
7534092 4071632
4924713 -6989211
-3753179 -1910879
8765973 7455083
5321514 3016981
-5623772 -2820466
-7222832 -4702455
5508135 -891703
-8974297 -8334063
7895543 7663258
1054631 -1962006
1146725 6793967
9495501 1045177
-6571778 -6194456
-7452739 -8535824
-1947840 5094511
621652 2597706
-9313173 -7023127
2948308 6868474
-114545 9452800
-3367666 -9213825
-3916280 4261683
5886333 -8074146
6108144 -8408145
1771465 -571612
-17265 4003687
-6685993 5342448
8903977 -8870540
7451357 -7190492
6790036 4848552
-56937 2514970
-4887324 -5157804
-9664579 -9435285
-50459 8315855
7768655 -4199919
-3413744 9834996
-3386968 6917342
1359548 2669976
-3221816 5015717
6960457 -2532308
-8528620 1066001
-3591550 -3056808
-9410995 7301739
-9888753 7828779
2677331 556714
5588036 -582365
-3223817 5136746
5701462 -9299287
1532920 -2888396
-4571963 8167355
8002352 -8182072
8735270 2014294
7200622 7131736
-5336195 94818
7562511 6495158
-2438840 -8375738
-1432545 1550243
-1148018 -3514038
-5685259 -8327188
2229526 -8520419
897216 6992073
2128819 -9666086
3550979 7673399
7301355 -9653367
8513989 -4916100
-3098172 -7270608
-2739962 -967307
8680781 -4362902
-1751732 -5539339
-9044181 -6655414
-5031152 8327131
-7606274 -1483021
-2480707 -3947345
-9758181 1245708
-4758359 1834035
-8657540 -5012303
-4678388 -1344791
8844960 -4012369
8850617 8872591
6472843 6146315
1392060 7364606
8913651 -6625329
-8471879 8652098
5629111 110784
3455370 -223610
-9380127 6584931
7618262 940570
-490422 -6986400
-3224340 7653908
-512057 -248603
4739095 2017302
-9327489 -6653245
-665614 -9939293
1449650 9517472
-1819861 -1814997
8065961 -2077506
1297165 2088551
-6742998 -504036
9606748 -4658361
-2365619 8886113
-2012604 -4421530
-964607 -1745746
1267854 8122011
5775919 8544971
-9187280 8043515
-7422831 7780214
3643321 5551815
-1871126 5766032
-2200144 5494059
-6320937 9578525
-9982629 -1503652
-9415101 4261376
6273693 1314536
-827473 6358253
-2239281 -1603207
-3508384 6806908
7577515 -1735533
-3613522 5527009
-3411668 -1154631
9405236 4678749
-5024685 -2598948
-7047132 4498757
264790 1134988
-3370952 -6401906
-6823381 8064646
-3439006 -7175537
-397809 -6806010
-2975121 9662246
-1463149 -4124116
-3210970 -1286242
-4479333 6297570
-5437962 3280646
-8675993 -6901818
-5540097 -6535132
