546 3156978 5604949
972
6557624 1514997
-6036834 -88524
1729774 -9202479
6478060 -2968605
-9503675 5814807
-3018288 -6519900
-7954075 8013094
3081731 -831207
5207131 -4353580
344081 -8714364
5116412 9804139
-5303689 3051496
-79376 -3113548
-9029600 5843945
-999076 1105595
-7379407 -908299
9003177 -4441452
-3643931 9100111
-3868494 -6750696
9064111 -7165870
8830582 -3372168
-5359074 8562175
-2269032 -9123492
9039280 239010
1524646 5454451
-2225058 -616638
4951210 9157410
-3956138 2471254
-1684801 -5128165
5977430 -2985737
6105964 7316123
5391024 1114375
214486 5109142
874798 -8252907
7097575 6345993
5490177 -7544739
-8982564 5928158
-678982 -9868897
-7113535 -8735243
6719208 -1639702
260012 4411111
-3915127 7010503
-518243 -4788777
-7400590 2128736
1659351 313308
-9854216 1093192
-7792432 -9718333
-2092839 5536808
-199747 -5061594
3800751 8781959
-8762780 -3102171
5342339 -709072
-8061616 -7745343
6035766 -5336643
-4459993 -5175151
9235961 2754974
-234523 -1683628
-3956053 7837186
-34078 1763586
4593247 -1356643
9736549 4141625
4423293 -2744617
5308543 4460469
9398876 -7669546
-8887586 -4891204
-5477023 3199627
5006908 -7650366
7120643 9865316
7045025 6945292
-8229859 3156409
8427736 -7414967
901405 3522454
1359641 -9290435
-5010496 6945352
8105061 3841915
-2016459 9582751
9354486 7841610
-5181568 -7593166
7253640 4663029
9771825 6733660
-7550361 8366054
3232041 -5705197
6676471 7456547
4401839 352684
6025446 3721497
-1177118 6171981
-7789213 4453182
-2320901 2240639
-814009 3570428
-2587656 2668603
-5232294 9807404
7649014 -2087763
-7164577 -5877808
1301573 4983798
1717458 -9910937
971470 -6410249
-9599094 4167098
1623645 -5796489
-2927453 7077377
-6684774 8541837
-2769830 -6902007
67527 2138108
-5621253 -559043
-6988614 7746627
-7068418 -3918910
-4111506 -7059918
-6631329 -9784359
-5662167 6053861
1037659 -3795906
8809509 -1844241
1745510 5271470
-8045080 -219021
3984490 2146416
-776207 -3905083
-5363246 -8942962
6671383 2539020
7193480 1866924
-8692118 -3261089
7001890 4088580
-9830330 6835620
2292054 2449824
2665465 8574517
-2855270 5660725
4381171 -480349
7675410 8182389
-4029789 3190680
-7028340 -579080
-8432664 -2074869
4020049 -527498
529540 791129
5846501 1173155
5556432 9717276
8972539 -4443666
9644914 6864314
-3783714 -1509219
-9059395 2330936
905453 1024692
-3314583 3606071
-6874278 8050183
-1251075 3582940
-3226380 -9198868
222052 -2764512
5160620 -7738368
1734135 -5694260
-2386779 -8302979
-4613472 4780027
4497303 -6540277
-983943 -9057040
323626 -4013806
4476975 -8822677
3508259 6539912
-9919044 5417581
-976348 6930065
4980248 -3233627
-9650687 -5334274
7983210 6245525
-6518986 9639286
-8099082 -9278386
-4972646 1157986
-4628641 -3848595
-9068567 2640575
6100298 757887
1700848 -2054912
3931283 7632707
8810030 4540826
-6402909 -1591742
6342191 -5165358
-8235293 -6321953
444421 -4634157
-7452079 6744955
-4493167 -6689914
5465724 -9468869
-8747255 -8495801
2662185 -117005
6034400 -3719901
1437027 8033544
-8692217 -517815
-56374 -9946323
7686385 -4475017
-9934190 6391261
-5200481 -987233
3847409 -6337099
-2659052 3658063
1540258 5612116
-5126576 301721
-3871840 4088180
4619311 -7103391
-5599192 4110236
-6006769 -1611591
-2815140 7062993
-2387111 2543984
4542521 8621887
8675565 -1079328
-3037992 -5513853
-9122592 -1121698
407421 -2972182
690719 8193280
1851343 -5745169
2383299 548019
3366093 -6608399
-3867 -226925
2669684 9494253
3604489 7131797
-4479794 7070492
-3350163 114073
-7341943 -4778582
-6156694 -3220922
-1783897 7200578
4203078 5035223
6429877 5178111
-7794071 5080486
-4209882 -3162702
-6391519 -4587000
-1522629 7641461
3549415 -1491867
8281208 -8156536
-8662283 -6454452
-9322655 -6532755
3054089 -2541441
7572632 8713903
-6064678 2220279
8999357 -9769311
-52381 -9705020
-2153445 -2784540
-7606429 -5849303
1747536 -5723568
-6369918 7115852
-7471148 7537654
-2304532 -2761436
-1736951 -6477424
-4633960 -8755117
7306783 9060609
-7472146 9220110
-3321331 500481
-8269264 -1901704
-9681425 -5748699
6998342 -4333942
8477390 9317932
9049745 -3054039
-6386989 -3676055
-6883271 -8556684
1075521 5360547
2898201 9263164
9018080 -3879275
-356699 3110021
-3128744 -2718871
-3658262 5009342
4229452 -5821960
-2805127 -8614055
-515759 3424473
7675774 -1074391
-2891980 -7680832
-8362900 -2809532
-3347219 -4414590
-5574292 3203197
4646514 265792
-4373661 -9941211
9321953 -4277965
-5640888 1040893
-5849086 8340033
8137514 4002414
-988244 -6461477
-2283437 -5520747
8381550 5757560
-817967 -2572212
6353397 -9617857
-7298689 9374159
-3435373 5977769
4079532 6854763
57961 3217408
5999553 1021592
1080381 -5295525
-7057138 4142244
7699489 -7081313
3775072 -2698026
3820740 4366756
7905279 1912587
-1091808 -7167504
1106408 8138194
-4434018 9806094
-9811763 2804793
2178952 4435731
413501 -7110452
9744311 1259931
-5522660 7009385
-1969023 -197728
-2976901 2993245
-2864511 9111358
4546397 -7517687
-215712 -5165021
9201735 -1678530
2750409 6121380
1470229 7107014
5245208 4174953
3981047 -7423363
5381431 3327542
-2236727 4169284
7058832 -9923265
1336667 693126
-2297489 -680505
9121768 -1669641
-8676396 5733488
-2638801 -3855133
-1372819 -1540907
-4189576 -8092404
-7254582 927821
-2950799 -4987841
4635525 -1987821
-7812868 8519430
3612420 -7602915
5724627 6168179
-7146185 -8489797
-8413062 6004253
-3302621 9912647
-8251505 2923605
3770316 -3083757
5166083 -9129737
9531482 5093920
6069366 -7472718
6951231 -9324985
1602836 -8120210
9408302 2213001
-9774819 1168390
-7795828 4043827
6440913 -7587687
1096845 5816592
-156853 -5318108
-9313855 3950660
-3620340 1430086
6870043 9899877
-3183880 -1871845
-8485230 640360
-4265720 -8017797
7025838 -8953748
-8278732 4319998
6199789 -3506579
8706422 -4159544
-474802 5608091
-7831730 8931603
3860269 1729371
-9937685 1125535
5807428 -5042886
1424126 -94537
3851901 6493573
6393450 320138
964645 721944
-8637696 5725922
224478 2479415
3525668 9612937
-3550713 -2749684
-3739911 -2236712
3603744 -7350924
773519 -5033489
6414467 5645295
-2625334 -4541858
6583677 274736
-2251798 9953333
-7624852 2391105
-8598969 1688680
-7991181 6227049
-3051006 7794481
3520404 2973464
7969232 -9172350
2956939 -6255118
-6488450 -5988748
1774540 9406227
4571655 -228361
-2745498 7894636
3539931 7861527
-6680331 -6331031
-3539943 3430949
3384283 9903346
-5189196 -3275389
8413292 5759431
-5497167 -3788165
-5993684 2938463
-4088073 1451827
-5204171 43072
-3695694 6397511
-9591237 269121
-324652 -7667792
2103847 -5300345
5110644 6763355
4624882 1874702
-1939977 -1349425
4597877 7944551
364250 4520081
-8755308 -9501488
-1225705 5175054
3903241 9657984
2596447 3277128
7245307 7909557
-9531018 1024727
9938590 4557489
-5173390 9289640
-8378151 -9652646
7563361 -2981690
-6218335 -3757952
8116750 2674005
3840933 8406548
-1132549 -3823226
3213207 -9044838
-8546326 9231701
-3076893 4457899
-3367764 -7255679
6021450 -9173652
1252258 1745035
5286114 -4216891
-9659402 -5762408
-6472768 5224705
-1911589 -4832792
2185518 -4850919
1391130 -4348228
842130 -1516464
-3109916 -7975768
-1798994 7199415
8154577 -1726113
-9978059 3930565
-1611535 9608251
-7647428 -3054952
-2228603 -2462947
9282088 890374
6673484 1540007
5777599 -2915445
-7690740 7014082
4697643 9304831
6970265 -7085977
-8917853 -3116839
5366697 -1638605
-7098021 1924277
-876308 4773133
-6952979 -6380662
7549903 9794621
9402872 -6931038
-7469638 8454720
-4008227 4271797
7678523 -7181889
4358118 7790214
-5125231 4352007
-6117558 -7347931
4473253 -2815971
-7385596 8580085
7979598 1443518
2321265 -6303449
5620829 -4137352
3152133 5223244
8842582 7260873
7055495 -1284494
-5699180 -1091162
-2636442 -1025281
5762868 -3168817
-7834354 3355332
-6338102 3441392
-9690249 -959883
1692186 -1463333
-1762952 6708545
-2195018 -3834561
7608957 851452
4548003 -4215419
-5836419 -7553426
7669819 -7314816
9946058 7315714
8547573 -971247
7937591 -482095
8492624 -7151607
-7804072 -4698850
1172834 4255493
-9786763 -5638425
3401692 4834732
5887751 3039340
-252114 -4906122
-6224330 6641151
-2507397 7552868
5853801 3900979
6347554 4556958
7242143 2533734
-150551 -3466275
5562478 -295447
1738810 -9086626
-6238233 -3983578
-6166076 231434
7003279 -4042304
319271 5006758
-7642158 -267132
-7227791 6237315
-8668807 761945
-2596904 -4963553
5105667 7623215
1524195 4895699
-8030991 -6524179
6009555 -9611899
-3078174 1727504
3948409 8375356
9288730 5000656
-8982922 -4312781
-1564994 5566850
-8475454 -5148998
2374112 -4561715
-2312494 -5639831
-9402516 -2751694
8010251 -7023933
-1987486 4445029
2068245 -4586653
2825398 5634533
9110354 6108792
6496893 4794408
9038264 -2363738
-3988382 5935071
-6547921 2986674
8673893 7816701
3383551 6985510
4352864 9625251
7579889 4908097
1784618 -3273023
-3508365 -4732605
-1756538 2382102
9343483 -5498113
-84766 -1227672
6923213 1411728
-9963128 5256985
51393 6033568
6186182 -949883
-5014812 -8393991
4592683 4714152
2530853 -1562732
7939130 -4217071
-4591820 -4085596
3338853 2291994
1535323 -7011931
-9228184 7639823
21925 8026959
-7471154 -984722
303958 -8118239
3293489 -5039568
-9782583 -2772828
5777092 -4153286
4896831 -7214838
-5608828 -5520374
9193778 9882020
-9164360 1500207
7283136 1724632
155388 8774770
-6416884 5207669
8195738 6010594
3650417 5118440
3145399 8967555
-9500815 6188695
8070456 5674245
3151029 -6680504
-6936980 -6119703
-272989 3368447
-1330039 1356464
5836090 -5376157
7022215 3061133
-5438659 5029868
9270852 374207
-8334671 4360829
-431502 -573759
7953187 -4751555
-9633115 -9719411
9248144 1603604
-9691349 3512284
-8297119 2263681
-1900471 895459
4775757 -2629737
-9261290 1162549
-7480987 7019120
4159315 -591329
4986157 871455
-4098676 1181530
4072089 2063850
-3575321 -4827824
-2885231 5737418
-9014136 5993178
6273767 -4932044
6671561 3869101
9897738 -1961737
2818296 -503436
-9607976 4116971
-8512766 -9082174
-5403273 -2315867
-5296747 -7774056
-5849032 -2884259
7987196 8862569
-7439549 1653477
-6282673 6404872
-8422951 6632541
2369959 142006
8651536 -1308182
-3723873 -4127825
9741277 -2558345
-2003730 -7052312
-5039396 9639015
3755986 -9185433
-8267607 -4647372
-4446887 -2240427
-14483 -3670880
-4038787 256367
-8364712 -3347163
8306314 6464762
-4614014 -5804261
-9171720 -7976359
-5318000 -3036965
-1828794 3198240
9070415 5849888
-6708456 4447333
-88627 1328044
-6516589 -6195834
-5381267 -2611671
2740958 -244250
7515323 8867478
7712951 810423
-8933210 -9982808
-3329970 6190516
-4828370 -7297922
-3102182 7492696
2032690 557617
7520652 -9757550
3440690 -768958
-4919070 8208210
-4828105 -4972542
-1128146 -9111174
-5307007 5083268
-7528402 2355266
-7888984 -8171922
-9304443 -2271092
8539331 2142691
2159883 8408508
-2884624 2122474
-2659096 8829913
-1161038 2287007
-7155376 4238722
-3002475 -9128348
102694 2881628
1089839 -9561785
7982025 -2300024
-1411197 -1221914
-6138645 9370232
1725498 3281796
5109874 8849305
9094565 -3647134
8495557 -1678217
9246643 150248
4789074 -6828208
4518058 -3637980
1165379 -7870021
-1114947 -6642980
-5771328 4010003
-3108369 5882578
-1162854 -3152282
4547694 497822
9275909 9335523
8705755 -6863503
-1065355 5653616
-2980727 431253
-699529 6560872
7399007 8630190
-1219562 -9687620
-6515827 6645651
5524023 -6430487
8215844 8002231
-8640749 -3310598
-9300595 -2899103
-7016524 8104275
-5048007 -9892612
-6878437 -5663026
-6327503 9499687
5152537 4913824
-6916208 -7621747
-4674142 -5912818
3164406 103065
-1266745 4626330
-2544938 563414
9725417 30045
-3884090 939235
-1058534 5249440
-8061158 -5668246
-6050996 -7182931
-9078656 5154599
-2221661 -3067520
-6214194 8389689
7889377 899902
8330078 -2541697
-163444 -4441734
-354552 -8586130
1516935 -2321233
4821449 5326207
-4110379 2766542
5312940 -7723489
3215747 -4384962
3380830 3945202
8276957 4673565
6987 5319672
-7009377 -7774039
-8325207 928331
-681979 -6714686
4185217 -4539401
-4564746 9723750
-4717984 -4968353
-3554482 -2211837
5466930 -2556184
-7229977 478805
5761700 288379
2564890 -8824004
9307386 1074640
-4980158 8296989
-4513093 2688216
-9475760 5813151
555464 5493894
8938577 6031215
9316530 -5253391
-7276440 -9227050
-9503300 -3981901
1049746 -1841185
5946978 8295068
-4261115 7495264
-9509578 1413908
4218639 -8974740
4717609 6252122
9843114 9299881
113223 4024995
9229564 7379308
-4291188 5600130
-6389624 9753804
5785020 6264276
3527238 -7451047
5838256 5101550
3636001 -1232850
6925965 -1148692
-2853623 -5314253
4697364 -4610705
-680445 -4598386
-3573126 5187786
-6043740 -6461806
5354428 -8855517
-2314169 6315726
3695034 -4532349
-8932219 -3084605
9185551 1920198
-9299173 7194509
2259814 -2513077
5104825 4228065
-7004785 -1901930
6949379 -1259174
3426574 2437533
7826828 6612108
-7986278 -9359710
5828076 9662736
-6799070 -1559404
-7898568 2300688
-1383586 8555358
6539361 -7696385
-8264638 4827800
-3252001 123494
-2681997 -9079087
-9075811 -2551174
4193243 9577818
-9807760 -1454634
7286193 -295190
-7857657 -342029
-3729921 -6770881
-6130591 2485524
2148260 -1716199
-759250 2213837
7030877 -2134458
-3579099 1342182
-3837851 8163643
2991443 5476614
-4399891 -2102489
-8665224 2255794
2220972 2918112
-4987718 -7741035
804332 8930567
-1364622 -4795477
4862494 -9393123
-6164004 777721
-6736755 3648926
-8067273 -9778243
-5048054 -2072143
5793400 1173477
5032011 -8017177
-9853534 4730653
207267 -8805840
-8391977 -4345739
426408 5807376
-1274511 -7057200
7718117 -7352620
-8422052 -3745877
1458646 -8961199
4162030 -7270322
-3976249 8837493
2486419 514378
736135 -713003
-268794 -3064502
8108976 5688081
187256 -4475394
-9744741 -4342661
9367852 333722
-1495664 -7021121
8786255 -9024125
6435027 8930744
4094476 -9971904
-3717780 4153145
-2291702 -1811224
918454 257218
-8388937 -8129671
2384707 6942206
8745555 -3386166
3549333 5637195
-6158372 -1523239
-3482280 -5825339
-168000 4028885
6878959 9289331
-7731790 -800148
-7307920 -4616705
6830391 -8945534
3598914 9127107
-4203396 924868
9113644 2397486
-7345295 -3978745
-2108416 -7451549
9490657 6782120
-6604045 2792643
-1570162 752564
1745677 6945288
-8880051 2271467
8816704 8263397
7552729 -6531699
-4815494 5695663
3595311 9820939
3391757 -9607062
9520045 425702
3866922 -3009328
9388158 7833002
6370609 2980567
-1954630 4559215
1341336 6778545
-428812 -9947621
804943 4737291
-5801069 517379
5305198 -7449380
-9185982 7835232
3819885 4121902
-182435 883099
704038 9004391
9397329 5929228
-3645069 6612148
6119172 1433727
-8216919 -9778147
-4281228 5507330
-7417102 8153690
4932235 -3719506
-3667127 3924234
-8822123 -5496577
-2462846 7137816
2204789 7893160
5728392 -7157648
6964254 -4464841
6418258 -451723
-8930979 9298172
5227400 9638648
-1232852 2982702
-5583571 4098683
4320537 -5113680
-9606349 8715862
6869552 2555661
8836156 5492901
-582865 1801787
-1178437 7685381
-2660450 -6888636
-8995476 6358717
1717422 9544339
7595850 -750732
1313897 -1318324
-2020152 -3469540
8685460 2382918
-4634379 5723601
-177716 -2547391
2338929 -7701598
-8985735 6659173
-785165 -4751068
-9258167 400169
-7798043 -9432657
8252724 -7324680
8303036 -6460128
2414941 -4407726
7652965 9307560
-8926820 -5867637
2814040 5248815
-8220725 2387078
-5230004 3310240
-966159 -9535264
-9566303 -7348031
7466724 1372478
-1968349 2772626
537911 8480989
-1118842 7246486
330181 1279744
-3528583 -6400533
9655691 -1417094
4175180 -5225547
6598366 2070633
-1280652 1828146
9593313 7671546
-7425024 4049740
-2640019 3888941
-3129971 -2655027
-7486706 -1089826
-9717348 -2696274
2592704 9980018
977359 -9169344
8077142 -6869385
-3073288 2374870
-1509311 -1592676
-493418 -4085519
-6794714 -1853619
2733366 6198114
-1973740 9803652
-8449 -8547286
5502455 -9864074
4024867 -4917121
-5055796 5378788
6805314 -9105104
-1801378 -2542501
9953869 -395681
434975 3307678
6438294 -6552419
5822451 -8971531
-8047855 5881358
-8204161 6829492
7492225 1458727
-2343158 -4998875
7321130 225591
-5805342 -1800546
-9148268 9829033
-5088088 2213465
-9891395 4876599
-1712153 -143883
-170032 6913919
9034590 -997179
-7689500 -7699811
-4252230 -530435
-6985613 1265146
-2853496 4086573
916066 -5033468
-1058388 -1057657
-3540180 -1591709
1150235 -885194
-169388 -6219050
6126335 5344893
-9925290 682345
8075296 -8961752
-6589283 -9816685
-386414 -3636856
-2117683 -4242963
-1942774 -1351823
634094 192817
-8542037 3804997
-2108430 -3835167
-6352282 -1395533
63162 8807636
9732280 2589330
4220488 6522983
2820285 882515
8743760 6567452
-2750203 -1053379
-7498779 8818470
1518137 7841446
6720942 8428290
-5814673 -8868277
-7703748 -5396741
4796077 2242553
