19 -6615796 -1215209
131
-3246479 6358033
-8324626 4606220
1389323 3439787
-180148 5942999
-9154658 6568525
7622075 6602689
1353396 1955405
1516545 9168359
3640896 -6943505
-3590535 4209467
-8009233 9742711
6323240 9025391
4362677 -434629
-9592928 -7751674
-4367470 -7808193
1066192 -808137
6314435 2386051
8342190 -4742082
-8799082 -2296241
6788636 -9321606
7281083 4562612
-3481983 -3072937
-3904577 -1365520
-5792673 8034562
-5239619 9736319
9479030 616792
-7841464 9267500
-1167129 -1681377
566949 6521213
1229373 -8243705
948159 -1284169
3618235 4811917
-9930164 9778946
9999057 -5523223
-4844828 3787106
-1650282 6787693
-6285243 -7563745
1070735 -2615913
7935001 -7673468
-7937149 5278062
8411207 5211734
4479234 4058234
-7623143 -9430257
-392692 5828458
7584753 -4539842
-3307659 3353033
-9318697 -8950736
-9171789 -9689424
-5212646 -9248861
-2945403 -9172732
131314 -57474
-5104867 5404315
5304754 -3637577
-1311045 -1517779
6276635 -4243893
-9032159 -6731842
7326392 -2795806
-2226063 5447075
1275533 9703249
7679759 -102402
5766983 -8623361
-7574097 -5627899
7199029 6448286
-284223 5770466
-885913 4502735
-5554739 6770374
-5308959 9245401
-4392176 -8143253
338968 2512147
8268254 -3186869
81289 -3384397
3819798 9236095
-2800477 -2592318
9627283 4110087
6524037 991408
2368047 -176605
4195496 2291021
-8744341 -2689697
5597121 -6089123
8413613 971437
-9741837 -5288792
-6043391 5375226
7231973 -5050795
7461352 -7919215
-8589732 -2429059
4186545 -1754041
-2517946 1491558
1415592 -1993657
4632782 -2802071
8189338 -6440773
3382622 1156820
-6552159 557385
384040 -9905530
-5994652 7219852
-1808711 -4018838
692370 -7581039
7794187 -9034195
-4084990 -2834668
-8237531 5026161
-7402898 5892714
6655025 -6827262
4664296 -700001
-177306 -5862920
-6148639 8596240
-7844533 -5544523
5612297 -7959301
-4885563 5538090
5632560 1576490
-1203658 5498477
-8520361 2154260
4573221 -496016
469789 -5311638
-5629954 2367409
-2606430 -1098849
-5206135 -3867485
-694747 -7492976
-5676624 3965243
618675 6485901
-2401507 4146070
8601547 4470036
6510736 -246039
7808403 -3269804
8306686 -8374827
7123650 -4042685
8111576 9619381
-876635 1119642
-1675644 2684797
7568558 9593154
-8989343 2694402
8826917 7478480
9985505 8320874
