296 6803835 8825271
394
9373044 -5751418
5618102 365855
7041506 -9245775
8322355 -53651
-9907302 -7573876
7367311 8744432
-3336252 -2383572
917667 -4915386
8783498 1895023
-6949804 4097316
-4401400 -9602618
5014301 -5955536
4822670 5847244
-7732889 -4732565
-7928730 -2394936
-5630002 -8907618
1458238 -8555686
-7801460 2504452
-7549199 -8983904
-6557780 -9479105
1781679 -7456500
-7323720 -9190469
-4105855 8445427
-7143198 3593947
-9792385 7193995
7591378 -4093001
-7532185 -4193785
4169811 2605679
389466 7290486
-5104450 6436922
45657 2460737
3905051 -734452
-8230000 4020247
-2447305 -1380057
-8342810 -5779198
9280654 -6488733
6837150 3438869
-5599352 -8043066
-1932767 5247647
2441642 9773803
8197154 -1725152
-3402585 -7450628
-2328597 -9335031
7955455 3283578
-279500 8060870
-6962041 -7148995
-5367095 2282509
-3697244 6943010
8079306 8919258
5656412 -3628197
-116930 9736496
-4308282 4937066
-589648 -3279780
-8032133 -7391282
-7617479 -6063
785137 -3074138
-524766 -9420325
-8755355 7382552
666130 7146638
-2276140 1716452
4567458 2902982
7701844 761819
-9778819 1716715
635973 -5995400
-7107244 8300487
553336 -3707615
3745803 2775826
2012399 -1238594
1370124 -6843845
-4333556 3980266
3422480 -3731002
9365025 6451581
-3649515 -7102285
2560705 3126022
-5157525 -467033
-7564050 2800917
-6437264 1926285
-6357000 -9862206
6658746 6300269
-2882891 4278974
3087711 9551502
-5156319 7670445
-3568149 -3166485
-7493978 6856080
-6647302 318327
6587325 -1827533
7140400 6775179
9672894 -1531297
-8405275 -6509114
3023853 -5250049
7550868 -3562800
8363485 -2023845
-9369699 3629956
-69775 4522838
-1198188 7289048
-643098 7047334
-2765869 4405875
3755742 4200583
1056663 -3817666
6500662 6261765
6950584 -3074286
-6299107 -4395661
-3410606 4090984
98222 5890139
-9359910 -1815880
4621320 -6877924
1098231 707310
-5662734 -4498842
-9976004 1728533
-8466067 -3216157
6347530 -8657840
5748035 890835
7607771 -6418339
-7719652 -496222
8281895 -8819214
-1893500 1297362
-581947 -2251169
-8160185 1807393
-9786116 6007448
-5808432 -5545610
-2423534 -9146026
-5922364 1329240
6830398 1191049
-7080418 -9068746
-9768550 6854394
712906 6969867
-9622945 6578980
2676993 -3539058
-1518928 7984826
1681964 4957341
8771055 -3237033
-2971850 9788465
-5887790 -1810891
-5803443 -8615683
-4161293 -5673905
7696421 -9095523
2233717 3415173
-5393777 4290410
5221664 -8419532
951214 -9957843
-471623 5453114
-5451554 -8335879
-9358585 -94568
-9593390 7225440
-5300867 -8361161
-9081842 2088574
-5606609 5986541
-5824350 -2053692
-669375 -8978046
7864401 -9111441
4309388 5169333
-8899142 -1922826
-7632416 9059457
-9360075 8223433
8265591 7589249
-4441285 -5892508
8287965 -9689680
215752 107162
9848954 8929380
-9431781 -6861286
5227288 -5451913
-9465372 4002729
-8050963 2137032
3158986 7226630
631541 1279662
-3551005 1023387
9100561 -5059071
-5999613 -2450146
8289639 -8531854
1573747 7156664
-8735844 6555230
-618098 7132462
-2760376 2068473
-6485795 2114006
5252720 -2911422
-5846982 6598776
601505 480009
-7382959 7203998
-3053019 2550542
-6169795 -1707621
9315766 7578522
-7480548 -7204448
-7138242 932679
-5082823 9036191
6192855 -8848602
222980 6490924
-3860261 -26636
-7958163 9604883
1718889 3379363
2984294 8072395
4671171 9487962
-32029 -346336
9374014 -4727323
7823219 -4898636
-4089905 -3679005
6415870 4169776
-518319 -4774139
-1325108 1451674
487865 2343439
-3988811 3592070
-7400654 9197072
-8313212 -1249478
-1644595 -1260915
4634801 6244978
4317373 2590646
2078608 -2380905
-210889 -1011456
-3222427 4562931
2180647 -836875
-1999527 -5399207
1286921 8090742
5832955 -5583657
5868017 -9231398
-4371606 7024200
616270 8872234
8069306 1639583
-9609895 3215616
-8045298 9756095
-1482575 -8738138
-3631139 6589503
6724950 -7165202
1823342 963821
8043105 9030413
-9290110 8600916
5718061 223752
-9169153 -1289637
-4356942 9521334
-9710063 -819846
-3795646 4027427
-4583987 8434683
-7409382 -663024
-7447407 6001672
-1725881 5497076
6758938 7023647
-3870498 6791544
9626342 5644151
-3392027 5370804
4401217 -6033964
-7433048 7167430
9907534 5111107
6337823 801365
322700 -9261619
-7565112 4497233
-1475339 -6871011
-8436328 -8844406
492571 -3542974
-7541302 -5845710
9651366 -4438484
-7414837 732817
-2475639 -1073343
-5429192 -8768983
6601821 -2849297
-6366908 -6304867
-9137437 1003038
8630497 8716396
-482238 3286450
4024831 4968320
-534446 2356814
5485803 -1023929
131666 506567
-520055 -434173
3720117 -9375763
-3814247 1938644
-7328539 -4112164
-2669155 -8712732
-7481715 -7287825
-7620770 -5581995
-9370509 1636458
-7360504 -3987678
-5271281 4008406
-2705144 3786345
-8728982 -3237167
9119647 -8680312
-7187889 -6747076
3759491 4605450
6687629 2943777
-3915634 -6760564
-2305568 407746
-1188066 2270119
-3926261 -7117754
-4405579 6142779
3077137 -1407976
2744834 -9509997
-3497674 3706628
-2284966 -2099318
-8312972 -6252603
510230 5009891
-1154069 -7041954
-3789030 -370123
6751679 1658042
-5398180 2486813
-1757399 3439308
6363406 686186
5472658 5937034
8819280 7691693
-3649176 -8453603
-7345226 6930053
7420056 9427961
3134589 5399608
-6699709 6438734
-9813869 -9150376
5859515 7503671
-9538283 696361
2842590 -5294554
6363488 9189039
1675852 -405731
5549929 3481660
6684199 2434805
-1628161 1913336
-7878619 2156857
-3780394 9707471
-846124 -1527795
-2099833 -8609268
-693307 9090285
5529019 -8965244
-8115620 2606984
-7372993 5715151
-3588488 260247
4965693 5605076
4794115 9254103
-8635276 -6154466
-156454 8986319
1421124 6914654
-8655658 -3472255
1200954 2309316
-5466861 -6534277
-5545720 -63087
1327645 3687016
-4706347 2354447
3389204 -9365662
-4242326 -9177328
6537823 -2210064
8050184 -1615319
-6010243 5465688
-2763857 -4467771
-622237 1300224
286543 -8882781
548225 1737662
8265407 4224020
-3466664 1892567
-2125358 -8017286
1919627 -6417173
-213805 2328923
7199722 5763624
6397963 5079848
5902521 588926
895215 -7844363
-6943329 -5043304
2938736 -8538249
-3006020 9562780
863005 -9825121
-8707901 -1111904
-9374242 3665900
-2110080 -5643324
-1234404 1407517
3390231 -3060392
522436 6640238
-8514487 7826210
3589835 2824983
-2095168 8685236
-8209486 -7495850
-5340213 6323705
-8719599 -4797919
-3336168 -9767190
9795591 -3264510
-3089631 3657813
5062261 -6825052
6840848 -9281180
-4924503 5688019
-2904464 -5269231
1670377 3841093
-7002317 3002120
-6655318 4709165
-2465851 6999549
-1798863 6934517
9438667 -2044667
-5720962 -7491997
-2289915 6614807
-636031 8075791
-5188719 -3109731
-9451918 -840440
2334508 -5761997
7473175 5610343
-6185286 -824643
-3577522 5065024
-8577531 -6573397
6428723 609207
7834725 -5579847
3936054 9773405
-775725 7885226
-4159441 -7862809
7161546 -8820706
7794101 -7364051
3228092 7387983
