88 50927 -1185243
294
9730444 -1080212
-2153572 -8828277
-3285600 -4609096
-1634203 9701299
1603437 1422696
-2748372 -1113538
9986213 -2500675
1743832 573095
5782084 2056475
6716250 1150906
-950259 7651210
3855844 -3816126
-3149620 -3791658
-2184222 -6862271
-4294992 7210026
-3870186 6630535
318610 -4564548
-6657292 -3507405
8710246 7033011
-1544293 1708505
3111320 -7169965
329360 -1776312
8796783 3097533
-4845991 -7926808
-4259550 -2904781
-5253571 4386611
3086837 -2693457
3514885 8602274
4256355 2453570
-336404 -8669337
477551 9961364
7913168 -1690238
4802357 -9203839
345524 -8744123
-4519266 3512603
-1141010 1317584
9541272 8592054
1689588 9188350
3777895 8338055
7949627 -640051
-6253440 9518345
9341241 5212408
3814682 -650250
-8196680 -4627522
9219494 -9412610
3065106 -6016732
2293030 -302955
-6990442 978274
-5249497 -2904612
3124343 3355083
-5327333 231238
-1176708 -8016666
3688036 -5786061
5068346 -9487120
-127171 -2534069
9500629 3017973
-1769618 -3864258
5485492 1358222
6730700 4561416
-2334842 -194836
3788432 5950194
-4352761 -9269736
-5775109 -3918538
-4306798 -8826850
4528233 -1024606
9206632 1333898
-4166416 1717252
-1552457 -9453723
-8940843 9521620
9503904 6032241
-8433433 -6551661
-7899567 1520885
-7120893 -7686699
6874717 7585925
9907441 9609807
5560002 7056228
302844 3695873
2293687 3723593
4896743 4527735
6019482 7986890
-8162860 -8058672
-3825068 -2257534
-1711257 -2329276
-2807656 4622475
-6828931 -8135747
-4687408 9212600
733485 -5262364
-2949063 9929377
31654 3612592
-4261248 6442006
3498234 -60905
6151320 3815106
-2461301 -6198921
845166 -1554993
8948249 4951795
-590525 -3135352
4607115 -9214611
-1543887 5584408
-7276765 -7104142
7276463 -1835190
-2622590 8410656
-6851708 5105407
5034784 627248
-5760160 199229
-3358764 -4933562
5005533 -7505056
6310050 2655822
-1026747 1156853
2118213 6365102
1316897 2334772
9199420 1066462
1851852 3242724
-8656516 -3677113
-8264902 -9692035
-9010873 -5933280
-7522624 9011561
4116969 -1633462
8993786 8142021
-1658750 -848247
-3265456 5749978
8244923 -2501162
2671013 -8259923
-4586717 -2928675
-6563573 -8355734
3979038 7531496
-1402042 -2730324
3028753 -4305189
-5465950 2966162
-4209520 4372237
955309 -3730852
7797062 -3220393
5146145 -4050962
-5908941 1914031
3582136 -3343717
-7593738 -5051339
-5036148 2833032
4573110 3167537
2755214 7634865
1795483 2502745
34241 -1292006
-1505978 8290874
6502037 1148551
-5885286 -8477225
5895013 -8963913
9821588 -94806
6684801 -3149678
2799360 7618650
-7950967 -5652701
1003582 -593229
4355433 -1852479
-9019446 -4073804
1610085 9319285
-529498 -1929984
-9427239 -5634700
-4410354 3782337
2073211 607002
-8244447 4083668
5606444 -8908400
-7872312 8386619
-1708187 1501457
8351779 -8050724
9567926 -5023385
-8159734 -6332508
3074263 4133311
-7719168 2843848
1286397 -2570304
9265333 -6738614
1331402 -7103518
9778134 -8747813
5034525 -5579485
5027517 -4632220
9451449 -2892264
-1800663 -700577
-9797606 5057893
-3440650 -7156623
7309005 -1505792
-4012825 7427481
-8905027 6876931
-6473406 -2172559
3187641 -3314411
-3368363 -4192574
-931187 -5525962
-2629479 -4103029
-2850842 2916567
7337083 -2851345
-4967212 4700035
4324124 -5119048
-3303273 -5515763
9542130 -7476539
7883190 -3100878
5393330 8617832
6045313 5192195
-5414522 3896857
-8275702 -343361
-1141420 -1887928
3919498 4911939
1902330 5490217
3903540 5504663
-9062417 9272851
8937858 3569051
-1730914 8274666
-6844382 -6029354
-9028765 -7406790
7633023 -147654
-732180 3029717
1647549 5516213
-6775240 -5338850
1074359 -9790785
-7617794 -9673410
-1561338 2798657
-9773052 1240786
-3268997 4874513
-7104472 2129278
-6081519 3150896
-3280053 -6166889
-7892223 -7143660
9343338 4989033
98596 7779748
-9851554 2830926
-4139357 -2268381
5764185 -583734
-3406232 7508193
233760 1505297
1831888 7668127
-7016864 2615966
-6143248 2786902
-9822233 -6789916
5339363 -6895893
6255003 -6926704
-3093593 1774196
4630536 5491302
-7003312 -8469463
1826637 -3509773
9321153 3095284
3343255 1975083
3907701 -4818204
5206341 -8376208
3129090 3017821
-6797700 -4559899
572419 7477330
264232 -3814564
-8088128 4429171
49631 442000
-3968352 7251235
-8458216 8820986
4312289 2938055
-3015056 -1311328
5178899 -174671
5436965 8811581
-6696984 -2983596
-5285447 -1219780
-7079635 7210717
-7255110 2437246
393700 -1434193
-3956863 -4052810
2132626 -9033881
5395291 -1176279
1782073 4044499
-6187914 7961274
6782260 7813721
-6731871 -4646130
4042543 -6389099
3436230 253073
-8418993 -8262206
-8729449 -1126805
169768 -5115977
4611093 -4014896
938702 3090133
-8344060 7355983
-6696826 -8667598
-7701478 -9784571
-960850 5435800
-8003349 210165
-1828561 -9178776
1151297 -4191262
-6321040 7470051
3597305 4419426
7188852 7721503
9459298 -2966465
-1576917 8769859
-6346118 3246201
9231305 1109203
6715688 781327
-1862689 170007
-5981238 8371628
1103409 1440485
9392637 -3682716
6527449 -9857441
3480135 -8610711
-2801973 7215240
4685291 7147785
1567211 876987
-8885157 -1717404
-2167516 -8727585
