127 2013617 -8328436
333
5660692 -8939014
8214883 -9366214
2386337 -4936437
5556453 1691720
-7251609 1497547
-3057645 6325111
-2105216 -8224949
-8936733 -781500
-5977158 6043098
1778862 -7311262
-5294481 1831336
-3781336 -6221833
-2593104 8823166
-9913332 -655951
-8642333 -8490420
-7429434 4274585
4908371 7018359
4598275 3301801
-5006478 -2705292
8792255 154728
8996191 -2258087
-7966684 8250962
9985814 9407327
5450425 5612936
818026 6525008
-9127304 9745639
-6476194 5523545
-3136936 -2908640
-1048238 -6552946
7472986 9466084
3740669 309429
9844140 -9956447
3345354 -1350960
-1539899 4442415
7113495 855228
1113493 9768708
536023 6109686
5517013 -4336838
3792450 -6961811
2079550 -6516210
-6770571 -5389524
2650374 2952246
2559959 9269587
5232993 9513438
8979522 -8488279
1821150 2705980
-4734115 -4763456
-3598064 1665290
8624058 1127591
4499172 -2621611
9663450 -1746095
-5636408 -4387335
-6207821 199473
-4245986 2396957
5880748 7584629
4711458 7833564
785811 1626529
896117 -2638168
9391622 -6654230
-5142509 8645462
1351442 8371144
6124040 -805007
3376635 -866321
-9738729 -7474023
-95634 -5482955
2770951 4760443
2889460 -432184
2283641 7134543
-7952148 6681640
-3217379 8037656
-1612428 7928600
-7928518 -8505921
-8627737 9173383
5035505 -4516049
-5870587 -9236115
1651382 2409348
4120693 -2002792
7130887 -2224578
301399 -2502671
2014374 7392158
-5331047 2722118
4806286 -5214675
4436220 7558414
-3243594 -2910072
7643936 -999575
-3070975 -3944621
-9934189 8547860
237596 -8483141
-2999190 -8561926
4718312 -4726899
198802 1130224
9127432 -3630306
-3338532 -5680505
1816824 6258319
-3833170 -520780
-7798662 6347551
3649228 -6647865
3426901 -476024
6613904 -9398199
-397774 2699659
8755039 -3225808
7838405 6531251
8048111 1337202
-4708372 -1923999
3349102 7565273
-1304503 -9990060
-3620366 -6452096
-2132600 -9660719
-886047 -4442545
5036675 2200576
-1451873 5280783
1149270 7238013
-3238011 4713708
5315509 -5423828
-207817 5892246
5182790 -5082265
3965338 -1452778
2400776 3021195
-8902804 -5470199
-7904925 7692405
7702345 -3037349
-6973093 790572
1129854 6598332
-7844213 -6589341
-1872412 -9756193
-1959058 7192462
-3053173 6675715
-6094225 1706564
-1200912 -3774832
-7882586 9221284
-5860981 8591272
9654846 -183443
5354104 620710
5150511 2055623
-251972 6451301
5930304 7245586
-9447489 -2549627
6565057 1473563
4884223 -5801283
6958876 8720844
-1570342 -6988189
2203878 7516170
-777266 5376485
-8398346 6109654
-2152710 8021823
6613095 6235420
-3948023 1986310
5123372 6267941
-9160084 -8593918
373735 273883
-9964178 587944
554670 8820391
293954 -9411667
7303402 -2880273
8356924 7694529
-9293660 4262278
-5705200 -3213418
-7836932 -4573429
4052577 3517534
-5944291 6281074
2516494 -8100133
-3597471 3185156
-8030550 1084824
2490906 -8474099
1799785 -7190634
3397311 5380993
4201384 -5648041
-5059708 -6048019
1071708 7011690
4706220 4760046
-977676 -571368
-1268433 -2071088
3355483 3317124
9351010 -6589013
9692061 9924412
-8175720 -6593280
-891772 -5275093
5809731 -1773191
-7730937 1077678
3887045 -9183011
-1285666 4068848
937159 9800708
-6247311 -7084282
2443761 5877451
-6846151 -2659251
-714266 -2850019
5078893 -5307475
8009649 8017301
-8571712 -9049271
-9124859 -122989
-4199917 3636701
8361608 5215773
-6557417 4908312
-4014010 -3312308
-2495319 8227998
2296846 2389387
2190095 6219016
1651086 -6765995
1627808 -1540864
-1683762 -5905153
-6238820 -2701991
1990534 7601972
-1864375 8840074
2307155 -7483465
2393546 -7919735
5716966 -4301352
-9085578 709982
-4381706 -3405074
3282618 6873357
5101355 -5879364
-973624 3303652
-7960980 9914553
5664910 -8783529
-7808040 3690106
301306 -2707282
4590727 508198
-9373478 4062486
-4581088 9097613
-8385852 -1237853
842412 7726067
-6575284 4007694
-5282324 9075730
8187008 -5660862
-8787505 -7147678
9489311 -6014021
7289631 6313850
-1255245 -1484313
-7751490 9328651
-4464891 -5590335
-5781265 -5559530
-2534980 -1647233
-7584746 1325814
423427 -1908458
6853689 -2165834
8076586 2037575
-3954731 -9787547
1804535 -8498698
8356792 -6720702
8647972 -8456
3977523 2085639
-9084159 8137283
-3347030 -6216494
5628509 -339404
4070261 -8582167
-4141697 -8836382
-7967262 8288996
-385190 -4160324
3931218 -5552008
-5201490 -9961763
2075812 784908
-6486287 -7124904
6892750 637433
-3566917 5318249
7826145 -2234106
9851533 -4918944
-6781661 1803668
5587174 3283726
-7055678 -7612338
-6194505 1215683
-5104347 7014583
-2180069 -7819850
-1980174 9444743
-6107265 7434741
-10670 4467397
7768657 -8792402
6599046 4581494
-4781072 -8717630
-883029 -3991851
3774043 1652011
-750581 -3056884
8746784 -3858071
9425655 -5015889
-2628227 -3149690
582345 4886330
-5582735 -6306380
8390122 -2005649
-2560906 2237197
-7811710 8926301
3393698 -6151818
-4944220 -5306027
9275467 1162355
-5038923 4171178
-9820673 -5505605
-1337241 4078049
-8978835 -3530277
-4871996 428530
5412641 2284302
1650964 7070011
1956341 5300766
8994386 -7766690
227661 6373607
-8872844 -99139
-1172838 183107
4031289 5831798
-9474229 4737212
-4100433 1603421
-4225400 9801239
6811986 -6623004
7455045 8470279
-5059998 7991097
-1580372 992563
5793217 68006
9654370 -6167731
9133036 -2555819
-7806157 1610711
-9499330 643774
-9455365 -5062144
5120964 4144178
-24023 -8111851
6625361 -847747
-9244325 501748
-7180661 5041280
934629 9046627
7516906 9631326
7622423 -1610326
1898589 -7543091
-4958733 -3957949
-7609327 -2308194
-2347660 7211989
-1177299 -8476291
-5316165 -153817
4784040 -8160277
5983902 7744823
9632972 -7578644
-5910039 8476231
-8505669 -1225314
6332318 -5154364
6408615 -5686329
6461349 -2733053
-1827026 3925522
-1101217 4083772
2642176 -9928437
-9720278 -3543598
