154 -5096158 -7437565
370
5439282 -8992506
-6105761 1650382
5580951 -5620302
-2656951 -8476785
6863945 1195106
-4632112 -5505208
9977589 -1966160
9209948 6241356
-652093 9081477
3601913 4181422
-5948610 8881362
7961534 1825672
-9520218 5946096
559534 8716137
6136331 3795151
4802646 3121969
7288703 -5908035
-1528337 1213237
2736452 -4613993
6581113 -1668936
2825857 -399603
150590 4465353
-6776938 2803446
-5598725 -639462
-6458039 2570969
1452331 8003188
-7654787 -9890297
-1427849 -8069783
3162707 -7175005
6620146 9131685
-5229994 -700962
3391004 -6060856
-2331267 -7941290
-2555283 4379019
-7289916 -9594815
-7478065 6542182
1007536 5535941
-9144261 2672525
4549415 4230598
9317919 7773366
-1707093 607728
717431 -6713397
-4783180 -6845528
-4020533 9289583
937620 8379527
-9805082 5115965
1571462 5707627
7766337 -3897726
-9518707 9240195
2161733 7727406
4269588 -6808623
1243670 4683668
9872545 7793476
2024074 -5384239
-7610872 -3061688
7546041 -6141654
-2855051 682035
-3647141 -9220176
2585759 -5121879
5774001 2332326
9964643 -6476620
1747359 5968919
-7928807 -5947543
-6707347 -486304
9757454 5068838
8260216 -2029262
5170758 4027042
1820519 -7979762
-3364000 -2440345
4497967 6360945
2735643 -974872
2223515 2044008
-4659815 9880592
-5241286 8576374
-6574948 7925944
3965676 -9467285
-982014 5906047
9958505 -4286965
-2256917 -6394469
8674369 5767510
-6261752 -2499463
4043932 -549063
-6012472 8909006
-3531339 8380803
-2741900 623528
2165008 3482980
8043341 9993744
9874336 6904875
5481249 -6616474
3825822 7149402
198469 1422653
-2671300 -2208501
3504534 1732807
5338338 9803557
5571067 -8752382
-1251845 -3470940
-1503651 1825667
-6748975 5308439
3689242 2483877
5623757 -7763962
5719019 -9052657
-9058913 -2211235
-5306360 3762360
-337762 3331775
-7002470 2691241
-5886106 -6511940
1279559 -4287649
7445159 -6041053
-6237496 -5215906
8548064 -4700151
-5654739 1849924
-6324409 -2703781
5121011 -4642037
358192 -3073383
-837345 -1189747
-242404 -4018050
3770715 7398026
1160386 -6784965
-936837 980708
-6328051 3338976
6827037 2060693
289396 -9697804
-5738857 -1893404
-4592958 -9749093
-4449243 -9460001
-5093725 -6044894
-6232322 -7587630
-2229667 -1418133
-1975164 8888689
-9784706 8128526
-5889524 -296157
-2898130 -27109
-4295722 397543
-8621749 778608
-5882415 4767441
9344486 7566553
7868749 -9055378
-8432430 -366117
-115210 4646244
-2297405 -3025387
-6553929 -2048101
364270 2608871
3707090 9730101
8618790 650955
-1220519 4248278
-6047879 8834085
-8676672 -4593691
-1679795 1053991
-8167400 -2972394
4311400 -301544
9781361 -4049815
9411159 -3827762
5806121 166462
7329058 -9021271
-9530306 8207264
-3840837 -4968346
156877 -6084234
-6354133 -960215
9690741 6380319
628597 4781010
-3868553 -9013426
-3607116 4580718
8151062 -2545225
-3001267 4713089
6927897 9983662
8450199 3826485
9998724 -774389
9392073 7861358
1356439 -1678803
9044813 -762516
-3214510 1826134
-1741748 7720329
-3239886 6942367
-4160962 -5579529
1717833 8967207
9953782 6467635
-6435295 7849280
7820407 8863018
-3907541 -8284233
-8300571 7335493
-6321670 5536708
-5237681 2665980
-6956310 -6322946
-5485396 6670745
-4091771 4400130
8742616 -6440583
-8720254 2693719
-7847562 9517220
6454043 -9443787
9523420 -2008524
6975463 -1828123
8537509 1993554
856572 -9459832
-7744064 6357917
-3790238 6949031
-4997908 6471717
-862302 -111908
-3918501 -235589
-3564844 -5302260
9097870 596103
4155520 -5140263
7553456 356838
-7609590 -2048381
-1492168 9705894
-9786278 8844454
-2983669 -9452396
2541159 7189185
7729354 8070192
4428109 -6602269
2863115 2501642
-1026641 -9362129
-6957684 7865207
-9854030 627409
5325150 -876185
9719918 9097479
-6042784 -3060628
-187437 -3608210
-3140239 4027025
-3750729 2202973
-6436221 5367593
-1568450 -3537006
6168531 -6903538
-8833345 -9027291
-5629560 -3585763
8915879 5594764
-1251012 -250093
-9868534 -9594409
1033000 -5692344
3431471 -9722563
9374916 8874502
8330227 -4332259
-5424117 5848484
-124491 -1857210
2862115 1435645
9319590 -1358867
-2379521 6425895
9522357 -2248860
-1276151 -6210990
203248 -9310988
-1199871 -4389358
-2123099 -8364521
-7958930 65469
4373125 -1991632
-1714195 -4409577
-5535075 -2195404
3472337 -9822927
-1458091 5311504
-6545706 564572
4516569 8417419
9574904 6316410
2742305 -3647488
4103652 -2804617
984393 -5218986
-4529973 5343854
3470848 3703993
5339473 4270156
-5664375 -8652251
-8127531 7380543
5487318 1225102
9029698 -7325374
-7148301 9952244
-2219900 -4981613
5582959 1393609
-7672620 1234395
-9932843 -7384119
-1031607 -8097716
-902333 -4674186
106828 5588397
932251 2598412
-3697594 -1906793
-7636637 6919451
783553 -8358121
1538774 9215340
440442 2656022
5330649 -2973907
9494689 -8013508
9521231 698700
4608661 -2725211
1025536 -2379457
236424 6936041
1354677 1092693
6418507 9204817
4793214 2968696
-4432891 9041688
-2865105 8241818
-2322379 1869515
3511394 -7985389
3746303 8461174
-6366451 7566520
-5407387 6703098
8689590 1480550
-7820750 -5912698
1362092 8210822
-4168635 6787912
-3759695 -7612372
-4003326 -1415859
-2211042 7594983
563679 4931533
3973221 5098524
3340342 6130788
-9483345 3624469
5639080 -8982036
1995490 4028049
1594570 -8098265
8604833 5629039
-2890411 -1296465
2790838 -189224
-9462050 -8194808
8593104 6669282
1573262 8885667
-2530192 -5166591
4944744 86288
-4982178 -2224882
-7126358 8024776
4155564 1507395
-4868136 -1269663
-251699 4672220
-8783379 3287296
5189032 4260143
-7594465 -4672457
-3452569 3793865
6120993 -484876
1320316 9338269
-1476097 6658943
5544610 -7570228
9779534 2613517
-7300194 -6985582
789536 4724278
-4734594 -9766020
1741375 -3820469
4909868 9420971
-3390457 6873240
-7323112 7174521
1434664 -9657484
8186412 7865920
-5823862 3840199
5871676 -5266157
6588464 -9702869
-527573 9708344
-7861883 -4887633
242236 -4982963
-9452192 4434003
-8325367 2942042
3176022 -6146304
33227 -3059960
8877363 7433750
-3176658 7459447
4633968 -4513094
8345774 -499770
9882503 8584985
2425184 6532186
-8733971 -5941359
6872124 -9186788
-9478443 7854493
5483212 -3655449
-6122059 5176026
-389971 -4274551
1183843 6942101
-9204203 -6198986
741054 6876218
4309968 -6654623
-9195176 -381583
-2378325 -8866690
633540 -2044855
-3459870 -4032550
-7500364 -6967605
-2908964 1481666
2294879 6282018
-3347137 6479513
5340416 2816436
