384 2009924 -6137917
739
5224646 -6627302
7477317 7433842
4366440 -4218163
-4094164 1083080
-1098184 5032350
-9120594 -9372800
5686638 -987660
8078752 6862692
4992970 -2875988
9051823 3087118
-1742027 -8924179
-5731280 -4837383
2896517 3581006
-2322643 5779923
-9693801 2315607
-1795343 -5944208
4005986 -1952802
3829035 8198326
-718594 -1627574
-6595224 9734872
2878424 699574
9711915 -5715817
-8853125 -1434938
-1794574 7790667
877785 -1343802
-267981 -2742751
-5063782 1652111
7749469 -3482909
4813367 7832735
-7335306 -4573174
-8001030 5119566
-6833236 869351
-932322 6004957
6893735 -487848
-8236624 8349084
-951341 -9701488
7099047 4641800
5723214 -8723074
1583945 762274
9418472 6444992
6218593 4978083
9146546 -8333157
-1816065 -8845189
8987546 6896015
4839193 -7002698
633220 -8347760
-4962057 6838163
-4640528 3799985
5828489 4105621
-5028942 -7746792
5068072 7591865
-5249983 -3463931
-2187005 -5316529
5445745 2989583
-565425 9396940
-3108625 -2619430
-952587 -4346832
-3192021 -3962079
-7066064 -252300
-4738646 8311877
2480469 289481
-2872355 5894575
-7789088 7518412
1624034 -4996531
9773029 8039401
-1852382 -888556
5647513 -2642547
2040924 -4586013
8403570 5976860
-2109848 -2513330
4867240 -9645503
-3992335 4781528
-9180551 6431005
-3821294 -4668004
6160225 6269738
-3440781 1440060
9850987 -1359306
-3840894 -3796784
1206686 -7938101
-9898700 299492
1927288 -6503933
853521 -9234730
-3820743 -2425199
-6448339 -7105555
-7102533 -5417173
7453676 1441814
8739694 281059
9228417 -6538659
-8690311 9559143
5828881 -4592877
-636465 7469914
-3889392 -7611899
-1408683 -785477
-6207226 -5213933
-2398089 2314355
-1673225 6410427
7175697 9529200
9620353 9180296
4591093 -6645045
-9545866 -6827985
-2869819 4913
-9714028 424163
3885504 -4130125
7945370 9514389
7437864 -2288454
-4818540 3774252
-1321295 9317752
-8951373 -6191579
-8889160 -213626
4617082 -5158599
-8748172 -1287249
-9241697 -7056143
-7875847 943878
-3184815 -9621343
6067024 -768402
9236511 9785671
209834 -6802795
-8416568 9522484
1553225 -5904661
1806885 9528802
-4180594 -8492558
-9174806 -495303
3313118 4498111
6800838 4390173
9231574 4423958
5653062 1417920
4361777 2999755
-6056367 6411365
6790022 6485930
8233880 758818
544489 2857046
-1429397 7470392
6992876 -9245676
7366015 154035
-7800810 -8937547
-7430105 -8310748
-6289699 -1981404
5033060 5911441
301614 7023420
-6036270 1833898
5768170 -7950459
5049296 9616792
-1455490 129947
9132229 1509281
-7731901 -4665468
707931 7366109
4836501 -4671060
8599616 9278534
-8051078 -5654271
-4591817 -1518017
-7312413 6664464
7199412 -9505570
6405872 -3602111
5937661 2232472
6582722 9223838
-8726621 9901391
2034536 2350892
4997191 -1160973
-9651692 -9420954
8429930 4129420
1495530 5132759
2978052 -8345787
3449100 8848383
-6805887 -5905980
2576004 -2085626
-5421162 -8881352
-8386922 -2220057
-3305816 -8221750
-3472925 535302
-7724507 -7368155
5049589 5626149
-9506606 -6451128
2387900 9600477
2695875 5490585
-379994 -4747440
2901672 -6357843
-4703629 3631888
-5003377 -4120276
-26256 8745471
-3340155 -9292912
-8174264 5066100
-7153956 1238683
-4466715 5955167
9006821 -459772
-5311574 2060360
-2313490 -8717686
7347539 9738015
1854844 -1820096
6186841 -264561
-2495649 -5449281
-1807124 -4193153
1955087 -9593977
-3714253 3489247
-5248930 -531937
175151 -1224156
-6158056 -6072733
5165950 2000888
-9527593 9204340
-8739079 3215588
-4724052 9479228
3277895 -4050653
8203714 -4521190
-3824934 625434
2877225 -7425090
-2874371 -7638092
-9314893 -9618424
3303952 -2165143
3840457 -4843453
4624610 2106051
-9118105 8591527
-7481205 -5200239
-682999 7240192
-1039116 201097
-6583315 -7694240
4301341 221805
-1312496 -8791014
9204148 -2420764
721022 9407570
-8017520 7895567
-9742525 -6401753
6496175 -8375539
-540681 3458934
8615481 -199873
-8093821 5816128
4407655 -4243557
-6927443 5304426
-4939030 -557198
2160252 2389558
-2788329 4021855
6760012 5576937
-697725 -8486988
-907752 7963869
-112209 -8977224
8918343 9813270
5927869 -5613376
-3988915 1692170
-4848896 2424044
4740524 -2013244
6319236 6282938
-7960619 -836945
-5532519 726892
2686046 7628290
17849 -7955196
-1416989 -5153702
2939588 7229520
1258884 7859375
5823244 4758215
5780991 -9648868
2680754 8227388
-7385988 -2784314
8907856 -8875025
3549019 -8858551
-8355442 6575313
2858251 -1710457
-31050 7963794
-8792962 -2586016
-4957725 4436432
-1002412 3893085
8739383 -2423524
7322348 7580599
-2043674 -5804677
8953539 -1418768
-8551284 6295923
4523311 4734530
-8049783 -3354178
-2229203 7137323
795124 -9141927
-50262 3836168
4642064 2439682
403477 -7192011
-7261674 -5388986
1563798 1610515
8019952 -9703047
-9610219 -9438614
658337 -724312
3471011 7712129
8809713 8614664
-2573061 2424550
-2840919 -9741571
9420603 -8049750
1603925 -8374350
5000075 -2808600
3543920 -7600951
-2644916 -5050186
-9725845 -1814016
2796999 7758561
-8114572 -6987519
5825786 -5639203
7438536 2421733
-8302579 6215567
3927696 -9386775
1744241 5168432
-2407017 2737409
-4487810 9171180
3637782 4752064
6377714 -5067207
-5359455 -4758293
-9842891 1377789
-1156045 8184466
-3629550 -2487807
7787106 -881889
2130592 1683801
-1439049 2188886
-5389381 -2043621
-5828054 -4000513
9129064 -3691960
-8523527 615995
5869756 873306
-7439162 -930544
6337872 -8618053
-3685260 6198621
-8559672 -4768062
-873921 955286
-8343896 4113789
-8374018 7970035
-2911854 -1973446
2226708 1929440
-5881673 1735090
2207821 -9212341
9303498 -1271054
5036987 6379768
9512115 8432562
-8177780 -970188
8099268 5381871
6763818 -5616941
-9418320 -3046508
2185430 5594911
9066549 4538360
-1347850 -8688491
1797896 -9277347
-8734441 -7205516
4723925 8886042
621133 3492267
-3203722 8842252
-9912450 -7171046
1725074 -3900224
7048691 -2359111
6670701 -6246459
9135413 8870911
5770322 -2713679
-3243835 -1584417
6526846 -1131646
-6593285 8941595
2769457 5593395
-1167600 -5424783
9886053 -5432647
-6546604 -7385688
-1377069 4609978
-4031418 -3409119
-8063813 5419210
4035338 -3943867
-3786626 -3822386
-68845 1084029
-7528707 5400428
5203101 -8417080
-7485144 757967
9626322 -8040733
-9099138 9041702
-2848550 5549389
2640958 -3813329
754025 -1499798
1114514 2527011
-2863010 -3276227
3314654 9737446
-2326992 -4378076
-5805591 -2232807
3944807 -8291654
-4691272 407784
8324564 6392315
491587 -9703627
1054340 3527665
5486932 3006443
-5435502 -6802986
1262755 -1095853
5090818 1715948
2732502 -6096287
6430725 8361195
-4915032 -6152983
6100815 6084067
-8294009 915974
8683168 -6226177
7998521 -4099599
-1175463 -4855673
4052994 5823601
6119974 -2850899
-9323234 -5455418
67377 9690667
5404033 -1319949
7584198 4631875
8864175 -3333211
570502 2675016
-6447436 1596678
-2039953 9517579
5601646 -1362468
9553507 -5939138
-9648963 7307638
5724391 753027
-1586294 8349558
-3310488 7065280
-5785619 4983053
2043987 5325838
5016505 7407499
-3912450 -7888636
-740408 -7063109
-396320 -6328252
-1136883 -9359881
-5246851 2690534
2208114 2415681
3569565 2713196
-709590 -2190240
7633750 -4360576
6392451 -358553
-9492642 -4125507
-7060227 7322510
2305563 -2803130
-7477292 9670506
7078006 -5650450
8977266 55566
-4491191 -6834444
9353657 -9246790
-8606670 5112489
-9680625 -9266874
-4334841 -3853521
1376028 -4956159
-4630046 9234724
-5125851 -9333562
-7175762 -6996296
-8605450 3782952
-6378186 5847948
5561170 -5665677
-5995170 5927377
2793279 8083878
-9344204 3599188
-718904 -5713102
-4959892 -3835395
3793446 -8848895
-8115769 8949790
-4903730 -3370826
1673015 -9934258
1816819 -1011350
-344912 7042969
2563026 6690968
-7009728 -5004322
-9156374 3957576
808251 -3387913
5055816 6404796
-2994973 -2670567
-9071379 -9634552
-5347654 -2339177
-3658219 -7273930
-6122825 -7791194
-8841403 2651579
9280753 8277759
859853 8771219
-2240131 -6529879
-9486910 -7323328
9367640 7414957
-7589364 -4407532
9550044 4874265
4002704 -6745738
2175411 -7125352
204081 -941480
-8059680 9180438
-3158739 -6350945
-3624875 -3407334
-8682175 -4300606
867326 -7231348
-8953589 -7523578
-8752359 -7335569
-3865448 1906265
4582937 -992490
8938819 9163995
-5243537 -3533070
3857547 3865807
-363578 6822860
9697508 -2139749
-564877 -8188167
-9007729 -98411
3550644 1375444
484462 -9650116
8565631 9925769
5210774 1802287
-3204939 -567043
2097388 6257185
-9320198 -1957298
-433436 8231941
-87712 -2220908
4246022 -8978264
4887543 4668751
1491611 -9380079
-1519828 7040317
8852150 1189119
3607061 7915295
-709261 2360773
2710658 -2842295
9599827 2291554
-5906159 -6207359
3225598 4810601
-6415862 888903
1447957 -4677014
6071279 6780293
-5440615 3530874
4552610 -4016433
3168671 1321759
1941680 -8043495
8996823 7176634
-9117894 -9578148
853499 365325
-7273901 4489167
4163224 -9855761
2435793 -2046891
1745750 -3720597
-8909996 -954014
2451241 7487700
5327038 7190495
3970788 -6100801
-53575 1398318
-101763 8530173
-148068 -5500965
8971892 5583260
2759895 4309964
4731816 485067
-9149607 3642001
-1868832 -4414685
8245906 6092844
6562305 4810744
-8909852 -6801949
-5239610 -9175593
8312107 4696504
1886999 7211631
3627182 3639145
7553815 8374139
6904312 -6426393
-9411006 9968405
5551665 9272596
3582560 9560887
45954 -9172088
4469913 -9169272
8932396 -6587301
2021895 5117433
-71822 7178302
2892706 -8899448
-8075041 -6465322
8231182 7653096
4864727 -9762934
-3607436 118182
-8991327 -8991738
-5418131 -6053621
-6085216 7912986
-298066 -4829136
7248103 1982802
2810714 5800847
-852073 9810409
5739461 9796980
4914413 -1919677
7774978 -2238644
-1138091 7358943
-9106379 667684
-9162868 -6696780
-6459713 9124804
-8240662 5701859
-773527 -7550797
-3604418 -7231989
3197349 3808343
1495559 -7173281
-2674127 5415636
-6267165 -8739986
3586775 -9863413
9933567 2880762
-9038914 -673764
-396055 -2635667
-5276724 1252416
-8079900 982206
4285426 8133250
7258054 5273584
975443 342065
2791268 9017392
4301755 2718269
-3473388 1703203
-2953726 -2500895
-7085259 538523
-5685111 4372147
-2974914 -3352424
2044690 7901664
-2772099 -3041346
-3160661 -4477872
6774544 6831846
-2185948 1562615
-7787783 1210996
-3515420 4615830
-5042104 9470271
1004015 -23624
-7305355 265516
-8031281 7822123
-4678772 -8262391
-5207516 -985007
5903492 -9247679
9916249 -892627
-2990963 -7071421
-7596415 -5522709
-580 4236938
-6414864 -757076
3321891 -3226036
501313 -6084460
1047723 5534109
-2479268 -497755
9478621 6005619
-3728865 8524748
6346871 4689618
6427227 -9243793
-7712448 4184451
-2546876 3736063
-7156564 8191045
-8880376 9885725
-5636984 -147526
6605764 6039561
-4717515 4362436
3652753 2707253
-860855 1120728
-3345163 -5845934
3656311 -9813132
-1291161 4175570
-4783330 -4348715
-9659097 -2503673
-1747466 4079893
-9219304 -715517
-6979454 540086
-8752517 -1766180
-9364103 8380335
-9250839 -7632893
923020 -5001087
9361350 -128723
-7421470 6205505
-2673766 3014103
-315479 -5765972
-5579104 -3502577
3189345 5857184
-8491531 3129736
3142415 922367
7518612 4365725
6166560 -8605051
-5548613 8299308
9049480 9187106
83793 -4301129
-9417670 9685377
-5315709 832954
-9295768 1505351
-2289144 6561993
-7907552 -6717238
-2483210 -2446558
-3432782 1776969
-9849495 -5545961
100127 9756563
-6804717 4175327
-1458948 -6757458
7153843 -9286105
1529556 -5292388
6411070 -8394770
-2695899 579036
-7219234 -3505136
7327818 -2113568
9391783 -2534943
6543402 8032050
3831165 9618991
9688786 8635850
-7070829 3864307
834698 -3743996
8528919 -6920324
7255003 -9065175
6693719 -8275798
-7561902 8312407
-6979981 3847562
5452793 3967654
7063042 1947442
958658 5273246
-6840322 9843808
9825217 -1713524
8834879 5067813
-2796843 6368619
5004469 -4817604
9046703 -3108057
-4335701 7933640
3529669 -7602246
5848931 -5806782
-4082579 784672
-8386568 2542651
-3609787 -9128129
-2644123 -5366549
-902755 4359358
-367395 -5581081
6779080 -9944097
-9141268 -4691365
2892801 6604297
-4510731 9693611
7392359 -9904042
9504253 -9506262
943731 -1044586
1353168 -4831448
-638230 6989752
-9709224 -2797900
9744751 -2204457
-8816234 -8095792
9054012 8651316
-4472973 -8944005
-4525085 -1848743
-1792839 -2324016
2984619 4770347
1374644 -934107
-8724144 -4122580
8489730 -619735
-125996 8668215
-2376371 7993983
-6837465 3334087
323839 8976798
8695250 -4959342
-4647447 614615
-4964824 956353
-7875979 9052672
-9891333 -5910812
2240445 -2348952
5327032 8099934
2870281 2963958
4546203 -9171996
-3294576 6761278
-3858457 5822059
4490274 -4804845
5705490 -1468101
-8134014 4630256
-3876594 1384378
-1058612 -5293823
-2162855 -5181344
5775009 4293941
-4137035 2872321
-522139 7899030
8066431 -4028367
-5928433 -8281694
4682265 3393463
4221467 6941849
-3780521 -771532
