714 7460489 -2901760
752
-5133229 -6825303
8902001 1472041
-740080 -7736004
-3304585 -895993
6759 137964
-4928957 6428748
3403437 7948287
8656135 -2024227
7316295 -616819
-7903564 7825314
3537265 4714143
-183579 6781666
-9863562 7171314
6552077 2550976
-7472183 -5988811
9702238 6166670
-9844937 -2605411
-7825063 8604240
-9775401 -585016
2069300 -8613296
331804 231359
-9304002 7140343
7632469 -6264758
-4365225 1868485
-306201 -2534884
-7820740 -2268788
-5487122 5747416
2918731 1995681
7063009 7165669
3693210 -8012840
8153830 9590827
9501768 3395449
-5483959 8308894
-9759770 -8323295
5579762 -5259360
4971999 2309530
-8033774 -4088434
-353192 -1815650
-9947165 9598695
-2936189 5281584
5529148 -7737013
8010403 -8240577
-3728544 2558378
-275953 -6554514
-4567353 -6665534
5441645 -6582742
6812707 -6413523
4411723 4943413
-863530 -8671252
8585740 4651953
9477836 -5283768
-6855849 -3925908
4258442 -8555938
3559109 2790959
-9411105 -3172371
-909384 3139272
4898696 6118043
-8807226 9617372
-6937142 3686504
7020970 916821
4334079 -8988143
7114687 2462615
9922380 -6336862
7508238 1526410
8694716 -941149
-3708565 6093979
-7831929 8172552
2132966 -564414
4742898 -1057135
5770494 -4307925
1347699 -2151855
6482541 7377463
-488813 8762747
2449252 7675315
-1407864 2574045
-3897745 -529778
4449190 5442568
9105706 -6783058
4743352 -3112078
-1536875 6613945
-4775724 -4045580
6643324 4754561
6706499 9908699
-1148436 -1223710
-3015283 -6034251
1813895 7138410
-2967775 8332417
7095164 -9187212
8488103 6543412
-8366190 -455584
1530991 -2919761
5039159 -2263935
953007 8496533
-4615545 4144866
-6724837 8212711
-5832868 3847581
-8881506 -1500561
-9075510 -9189544
-7896901 341345
4307095 -223946
9430816 -912184
9936585 8637342
1966482 -3536958
-6993546 -451898
1608870 454585
51176 7156616
-5107319 -6860139
-8363606 -4909664
1751554 -1637960
9091104 9537202
-4098865 5026717
6042508 5774588
6585044 -2980371
-122674 6966998
9259404 1204495
2808664 6700773
-2145533 8690220
7669614 2745249
4809703 9820949
275534 3192421
349037 -3581426
-7925213 2843063
7933399 5241719
6120111 -6288818
5764736 -315047
7228022 5211215
985803 -8334129
-8798148 3270530
-7246120 -9912800
-6191953 1079178
-9703696 -7986716
3219856 6616711
-8121687 -1849229
-2028279 889471
-5918108 6688016
5622942 763607
-6393330 -3052719
-7811000 7697730
3925264 4056421
6257726 825464
-3963321 -310000
-6127777 3485748
9272630 -461165
-7857613 -4925925
-1330395 -7973490
-5960206 -4049566
-7432854 -1034091
-366967 7259651
-9334526 -5554541
3649827 121106
-9115287 7263718
-5789001 -727230
-3029500 7007736
-6419491 8916352
-258184 -9104236
585764 9838236
-4159664 -1705153
7833682 -3025661
2048414 -4887033
-2860523 2492421
8442856 3234371
4716633 -6304376
3471627 -8989998
7971813 -5650334
4470772 4137101
-6082829 1621640
-9105590 -2128163
-5120427 -1871830
-2955478 -2135090
-8722974 -1539917
-9185329 -697310
7597538 -5620858
1353481 -3344993
1767974 -2052428
-9560006 5918247
-847381 1423804
5119428 8882850
2409204 6385604
-9264730 -8892593
-2239140 381017
-7997343 -2277606
-1889417 1678031
9806201 5413420
5794682 2990157
3966592 9367076
-1330234 7071709
3967203 4781263
3952622 8783656
9247581 -4679315
-8761068 -4279403
-339247 2203927
-6396871 -7092097
9293507 7296533
8403940 6012333
8909702 2545129
2783875 -3835200
7842831 3428711
-1157869 -9105541
-3599032 165384
-467540 7153166
-3258773 -9632440
-2334825 718579
-7981413 -9291570
-3970885 -8382203
9854746 -8733832
-4013553 9784400
-7307697 -7968149
9328384 -410424
8118261 -8014189
4530940 7732324
-6102876 -455685
-7026973 -2685184
-9274373 4256307
-5578308 -5668490
-8515324 -2873405
-2505845 -3529496
7189083 -1774097
-8549314 -2324318
-8190169 9207671
2990191 -2520199
9780553 -8335422
-6303571 1492991
-8917433 -7527143
-5541332 5541166
3273490 1717181
-8738504 1505960
1337128 -313033
-6056726 -5765477
-1433966 2062755
9189350 -9118682
-2648177 -7432938
-6690682 9199857
-3124461 7057258
-1218719 -5239996
-5243843 -1314629
-7133699 4287825
-4219184 -5463289
-2990432 9079082
4620248 9379735
1096916 -6015412
-1993100 -9589909
97058 -5125235
-8374360 9344029
1406784 -3443316
-2561997 -7291974
-4724911 -6887513
-7687656 -2693822
-5636564 -8899241
-4139237 -8295764
-7094041 3144718
-2567457 616920
-2330017 8288612
-115954 -4270289
-4890554 4679551
1180491 -5495705
7430738 -1277285
3597480 9187392
8531421 -2472204
4084480 5223120
447499 -7545443
-4432956 4038835
-8654987 5722588
6823347 -9604259
4616329 -4291550
1369520 5200462
-4182618 7522288
-1672748 1318415
7048126 -3996282
-9316731 8211298
5231945 -7842428
880287 1863761
1051153 2662683
-9809521 6994119
2217240 -7901074
-5446517 -3208688
-9169853 -7335261
903679 -7363120
5548973 4691513
2916315 -9756622
5443840 -7318346
2720294 -5714165
-1879398 3777574
9781292 -8952454
9258844 -4831272
9842652 2980914
7361027 4490790
9669825 -6760708
-9766589 -1587820
-6972542 9860305
9167969 -5032997
-9851906 -9902707
5250525 2514468
-2794019 1051773
-6188497 -6684150
-4002496 2638648
-559165 9255343
-4450730 8717798
9765344 7561437
5246517 -4669438
8311476 1540541
8547683 5089170
844814 -1811145
-882613 8217508
594165 1078225
6045229 2144845
2242139 -237866
4792955 6193323
9761449 -9990984
-6675133 4515288
-2846063 -6427048
-7171704 -677629
-1959830 6594772
-3327438 -9106082
-3775520 -9678134
1862407 -8080921
-475399 7052309
-4758836 410090
-8856049 -9630585
-6036007 4358552
9019749 1738116
4016603 -9990778
-1281103 -6221760
-6212743 -1190442
-6675154 -1519654
2053299 9628476
-1049153 478783
9589908 -2602053
-1708135 -492631
-170764 -3737530
-1818451 -2967303
6601358 4207995
-5381914 222503
-6891730 4358875
-1282573 -4237963
16505 -2927737
-2918515 -9746472
-5968231 -5966892
2842666 -1683265
6797081 -9664622
9963854 6167513
9162648 -8633268
-8718969 -8568947
938423 8752556
-4984974 -427104
-878054 3284011
-2507994 -4287072
5935431 -4276696
-9917821 -5373556
-7095167 9043701
8632317 -8684042
4085839 2921339
6954447 -4286198
4030537 8117608
969338 -7686534
997331 -6656029
-5289297 933192
-5119403 159979
-1087464 -4008265
-1919017 5819020
-8380617 -3556086
2156842 -280719
5442586 -8372258
-3745814 -9391375
2168679 -1958883
-8126572 -8324628
-2886937 800996
-968850 5959267
4076875 6583862
8897328 5578040
8922011 7562565
-1504243 -105341
-9945361 6149066
4657153 -4107294
4228079 -8516473
-2072559 5254489
-5026230 5847462
-8444 2600636
-4274387 2932708
-9026174 -1237905
437467 7894292
-8788360 -7152746
8806521 7550530
4134392 242791
-4179169 -4600252
-7037687 -4451927
5442732 7259194
-4075388 -6025578
-132872 -1986277
-502750 -9418234
5836255 -5904793
2459022 -58956
5058032 3326377
-3740914 -7549422
1212673 -9216355
1194290 -2767088
-7403482 4166492
1717022 2405930
-7351279 -8596961
9319139 8367767
-6084160 -9014096
761450 -7718548
8772226 1874924
2405000 6686063
7267829 -1360646
-4749086 -8097750
-5640354 -4379564
1463165 226288
2676866 1934030
2717676 7722251
7471515 6405892
572384 -6088034
-1165752 -9931967
3987424 4805759
-4310122 -6000678
7501578 3306563
5588015 -7877930
3996994 -1736971
-5050908 4360241
5515948 -3598006
-9179403 4733273
2870061 3283214
-6490498 7696595
-369374 -5666774
4571830 -1297280
7624964 4864654
1292972 2043345
2111379 -1802651
5519460 -9872780
6642894 -3901197
9405367 -8790662
-6668592 4144473
-7592498 -2490266
4386328 -155246
-1236899 9872946
-2877429 -7581372
5701842 -7899950
2312997 9992632
6842210 1727696
-9569584 4459975
-675371 1414040
-6542614 8055381
8769082 3133953
3261174 -1914883
-3299728 -3195106
-1985768 -7579580
6564893 8621991
-3868274 -6138008
-3776902 1488747
-6121955 3034406
5453034 4986199
-397399 1000616
993248 -6328772
-2084724 -8084401
6375574 -2164541
1765851 -9137956
1433777 8216556
1350509 5223237
5824706 202859
7007753 7128035
9548456 -7475021
-8853030 7538337
-8599671 -1370299
2634801 9795048
-4654194 -9860220
-2357669 6512846
-2486537 3315192
-497228 7244933
1676884 1023063
8858522 7418048
8280093 -9431190
8785366 -6859274
880315 -286130
2433082 135876
9780263 -3294978
-769999 -559165
9495525 9328719
-9525227 -7106677
5204724 3412206
3551986 3109574
-377580 -9449470
-3617925 -8805682
955603 7135883
-1841053 5884847
3302896 -7367513
-6798703 9533821
-7325453 1582989
3813211 4503016
-5361108 3554863
2776237 -3753707
-1796519 6935507
-1219421 4522590
-67735 -2300994
-8888788 -744648
-7635074 -4863011
8203872 4663199
5857517 -5496302
4155934 -5414053
2987146 -3186880
-8038041 -7685119
4365054 -3709958
389383 -4836744
9666272 -444046
5627169 -5797405
-7034760 6821516
3757024 -1596594
5442348 1168721
8867727 -7462397
-5690693 -4625387
511603 9978940
-2841509 9190585
-6305717 -8768173
8334126 -6983992
-7654520 7850217
2681450 1321272
7611315 -5692561
-8012953 9562857
-881189 -9482950
7235997 4169672
-6492460 7262332
8182090 -9798762
1369959 -219084
-5165129 3624438
1515403 237687
-7267021 -855822
-9148885 -7972994
5775185 -108530
-4576170 -5454601
4911968 4109311
-4569416 -9714338
7109453 -2406581
9672628 5558251
6075301 9096500
-4217476 -8692209
8570123 3311299
-3971111 -8193583
1587333 -731435
5409355 7398848
-9847113 -1061443
8082735 -3075242
-8531883 5402218
-4706312 8933851
5995602 7243302
1352614 -6766130
-6480468 907570
1017341 6783198
2341449 -9371015
2241838 -6793679
-5485888 -9066898
4244401 540714
2347131 5600587
-5130848 2789642
188491 -6065535
2873022 -9721493
9719618 -7142270
8259949 -6527891
4922312 -8812265
8431037 6069989
9303860 -6565734
4341837 -216349
9083201 -7176608
-6547622 7875530
-8918148 1424650
2357753 -1789432
8751282 8112316
3712904 9118506
1908149 1098414
-2450769 1098408
-6106732 4612992
7470722 2938605
-1072934 -6387114
-5199379 -1752977
-5682987 -6150621
-2716355 -6768342
-4468338 -6379127
-3555735 4141834
-5466283 -5385137
6039514 -7587005
623563 8131921
6244237 -9086381
2548477 -8108802
2989612 -42859
-8944450 6972978
1585970 3055195
-4006200 7465170
-8921944 -8426955
-7663580 4920866
1286597 -4121323
-8373313 -3346567
274306 1086595
7744781 -2841651
1773213 -765076
-5835729 -7721502
-9589581 -9670921
-8757302 4787835
6679033 6654657
9128150 -3692473
-6719494 -7815003
5240192 2700052
165222 -2617172
-8527775 -8766008
-1328790 1243278
-361693 -6191354
462079 9957808
-6439245 1264995
8423344 3252738
5004014 -8694464
6100387 -7287091
-6958012 9168285
3956120 6510806
-4318185 6801038
-6891434 -6848495
-4663498 -5190034
26370 8905424
8804604 3093046
-3156610 -9808407
-6048777 -9723170
6601828 5514601
-2011239 -3894117
7370878 9580259
2832997 1549516
-4628596 -1689426
-6460164 -2162989
-2994703 -8528209
498950 -3418176
-6617137 3477769
-854373 6180765
3507083 9007781
7913205 -3001519
-9908472 -6466546
6241399 6717809
-489009 -3065082
4965871 -9807378
-3701495 -3887181
-4306921 5470984
-2979500 6185735
7012662 1042428
1395792 -5091743
-3619952 -9447502
-2865678 917441
-5604790 6878998
-4423884 -6966463
-7958682 3540837
3055671 9083199
5133005 2470875
-8294963 3147199
2598469 -6109244
-5916621 1216028
-154800 -9919307
5551677 -7101764
1600324 5538279
9097059 5088530
9996787 -1387014
-8318164 492851
-8589708 -3623165
5772186 -1183842
-5633952 8321855
-5620956 3864654
-4535795 8923718
-6089054 7434715
-6901734 -9402789
-5512033 -4384017
-651637 -1786912
-1706219 -8912302
6502287 9193563
-2751806 -6154542
8933988 -1897389
-768051 -3654746
-645543 8930775
7823963 913785
2246295 -6718898
-8397043 -3887499
9977155 -871305
-1947586 -4017999
5933069 7957712
1071275 1963360
95695 9031335
9760775 -1924405
-836707 9444058
8637622 -1945444
1900015 8181932
8800895 -4114184
-5252578 -6649645
-7718869 -1967156
1462981 -3381768
-100666 2621446
1250299 -6290723
2837972 1502291
644 1227454
-8298482 3406738
7886450 8450065
-2247 2772794
-9151611 -2017855
-2573796 -241472
7813085 -7471966
-9290033 8580178
6982346 -7770548
-4420193 9510862
-9939941 -8270231
-1651999 -9622710
-4484912 1523040
-2251331 763687
-7734022 6765387
-9490807 3102994
-3490268 -5217026
5749392 -7789288
4983506 -5603817
-5105320 -4252855
5505673 5831895
8359929 2320884
901062 -4164890
-9419086 9069896
1097111 -2116591
-7870470 -3839278
9054364 1157170
5196562 -7006117
3757570 -5430547
-8665160 -7054768
6048226 -1460100
-4160774 4360386
6571098 5074310
1986845 -8411382
9852115 1554604
9902851 6881526
-797590 5357789
3709251 779132
-7634619 2619825
3019586 4290166
2967240 3462492
7136014 -2334532
659351 2021604
-892591 2332576
5277808 6933273
7989525 442250
7318988 -6157614
8916697 -6171249
7933722 3890086
7961042 903542
-9698580 7785837
-4340022 380245
-8840623 -7979817
4640008 9369230
3659396 -6475242
6987250 -9824054
-2158586 9142988
1164592 -3360384
8972193 1017117
-2049610 -9727998
-6769396 -3233647
-6874908 -4060085
-7714982 -9450408
-3043970 4558141
7978035 -9781260
