138 1899744 -5959958
494
-1917888 8279556
5628322 -8062347
-6724151 -4101214
-3961893 -3562616
-7692311 -5449743
-6028478 -7697788
3141679 -8330687
9745607 5404455
-7147875 5871612
5922009 4910726
7539798 -5034426
4471798 4392297
2334668 -6464244
4094653 -4974361
-558265 7061161
5340718 8134695
-9927651 7523848
-6577366 -6514608
-77224 5864550
-9585193 -539259
1762953 -5253183
8932482 -5613671
2307137 -5095367
3292597 8678089
-3894833 5159262
2641188 -8269041
6123256 6161318
2213426 -2887014
2138626 -9025724
8035438 -3691921
-5557225 4096713
1620561 -4107492
-8105748 7031476
2896026 5043195
7020288 -5666620
-919803 3310833
213515 -8700406
8720579 -1987320
9207121 -7479348
196266 2013176
3744135 -4687711
3989959 -7162545
-7533207 -132608
841668 -3796615
2511465 -2878229
-8781515 -8606542
9802318 6954240
3985716 2839046
-9601406 -8303430
8546302 -3118258
2708927 -64766
1234828 -2373500
-1844468 -7077558
7959446 -44593
4484936 -2637347
-4808706 -1844287
-6490480 -1770929
612815 9181253
-4615361 -4023687
3098085 3970836
-2119354 412456
-2633304 -3167078
9671968 -9800683
4412239 3868764
3266858 2586914
-7477851 2958542
-9414958 8492137
-8585420 -3726671
6228737 -8743074
-1380421 1890378
2562443 713673
1459096 -3672774
-4491521 -1411685
4564629 4588264
-1440900 -6590530
-3661722 -9820934
-2988012 -1043902
-844585 -3778674
-9909910 9200308
1787223 -6432345
6526197 -4126700
-5634562 -3174276
3099053 -372409
884517 8296370
186748 -672210
2557815 2020448
8347674 5265544
-6146141 6533264
1121528 6372506
2298328 934840
-6369742 2196980
3669430 8636607
-5142067 642246
-7641093 -7175154
-3607499 7464376
-6662324 4146130
3488206 5435050
-4937359 -9780534
8515836 -3412741
-1568598 -1536490
3000310 -8781063
6484481 3505569
38833 1347985
-9763157 2854692
-6210467 3676713
8390045 -4948477
-6311870 -2580209
578390 2059476
4884322 -8937584
8526792 2937297
9599779 3793175
-771775 4380820
4600287 3087985
2191596 -3192782
-2212920 -4367525
-3148588 -9377002
4128568 -9212610
-5348273 -6664107
-1293062 6683753
360467 -5111430
-59906 2496471
2432614 -8733136
3326340 -3855424
-2793008 5527356
-9018995 -9272986
4520189 8250136
-4852691 -9419216
-3814879 6264766
5588336 2263948
7896423 8376718
1516068 -6624584
-5837193 -5252164
-9399919 8160988
4844742 -1185466
-3780543 -692981
4319842 7721561
8988425 6159551
-7695873 9268809
4796165 2314766
3041780 -7972528
2793960 5777171
-1125693 -9921678
6343088 7941269
205217 -2424219
-4047501 -5552223
-2176807 -9382007
-4634171 -15081
-1854092 1986000
3316887 8482262
-2210718 -7009350
3228563 9536344
5695895 4625476
3894285 2216988
7048106 516374
-4939802 -1309549
6983974 89887
-7315439 7854159
-1688220 -4141719
3434062 1544001
5991778 1033350
1651343 1902913
4404185 -6185028
-1682676 -466476
-1984214 -7449907
8057095 -8365789
-8829445 -1678580
-7053103 1285658
6018998 -617198
9899177 6841182
-4468367 3067105
5673344 7475727
5329886 5031959
-9109759 8357905
-7581742 6158019
-2808631 -3159345
1259921 8410037
4741361 1359064
-9107412 -4335894
-1785801 -6941315
7209249 -8575274
-253853 8787646
-7410344 8379804
-2237393 2693044
-7949422 8608654
1675759 -9821864
7653863 -9901436
5130523 9865455
739712 -4499898
4174473 -1462884
5377772 3157971
-5915640 -8634158
-4758742 -3362307
-5181849 8825721
4400758 8650198
-9925076 -4451298
-5663652 1610007
-10188 -7662577
-2453181 -3073996
8051010 268771
446907 -402602
-7787686 -273230
-7891423 -9382878
-3882776 7342837
-4120046 2848290
-3993739 -9708303
4173891 3774078
2928123 -7393027
-8567306 1931501
581699 7746274
-6705024 -1650196
9959812 -6827024
8026751 -9852324
-2926320 -7534024
2734747 -4426429
-2312679 -4875310
-2632188 5698006
-1168520 -100365
9758824 -8007258
4841032 4948705
-2243246 -4361222
1929208 3363645
5970618 4446998
8894851 -5142669
-7396395 -80336
8269468 -523449
-4834121 8414933
8562609 745632
3211608 5708982
3798905 8152641
5793684 8462707
-3322935 -8513774
-6097787 -6838504
-4845762 5508546
-7026397 -6338962
-8183832 2511622
-4124733 730357
7693707 3745377
1119060 -8154115
1765549 6588559
8581462 -3760982
-5346049 -7448630
3297002 6263693
1972675 5732913
3885554 -3491389
7487670 -4228419
9774159 -320762
-4642913 -5835264
9673282 6192725
9853763 -6972323
5539300 -7353115
-4106406 4186283
-9551988 -8585433
5776805 6103654
2692213 1567073
7806091 -9941294
-7389924 -6209973
-9946280 4976394
-6774341 5907079
4932042 -5457253
314328 7111214
9306804 2419712
6584448 -7395160
8797565 -5336109
-9792079 -1225918
-6062681 1167680
-4646037 5747221
-321860 -169086
8450920 8318328
-114599 7971297
8030004 -6340515
-2550488 -9792156
-2299410 3156432
-936489 -9980416
-5437669 926250
-9446184 -6004447
-1068382 -2606988
-2148 9860620
7040864 -4483934
-3193499 -8688231
2479449 7248785
-4487642 743820
3091086 349764
-1331908 -2293150
-4321852 1542006
5201491 1069845
-6205959 6224504
-619064 -7348997
5186939 1494632
4937234 960800
-2527295 9749271
-2857717 5491050
-2131978 6404323
4436742 -343513
968256 7425238
4674023 -8756757
1987063 -6552295
-3686179 2702733
-9590416 -4921850
-863492 4981914
8568111 -3912268
4828588 -5662000
9505355 -7637847
-3626863 -5790476
-2313324 4692295
-3042082 3826723
-8165875 5159382
1563705 4100201
6273040 -297853
-2872614 -3999553
-2756310 -2758704
-6794647 4317761
-2979505 1747106
-658392 -480826
7017440 9946431
8550515 8478116
-7183884 5585552
464057 3379103
104979 4837824
-469881 -646454
-6819731 7791656
2951038 6488037
-6895410 7530746
-2767107 7031095
-6968457 9377630
9135278 -3123369
3710745 -7208415
4538691 -7659369
1859805 3247592
3194023 -6119701
4874768 -8606402
-504498 1744538
-4876359 207236
-4954940 9959559
-8170543 -2255028
-4463372 -2908469
6095920 7526078
5056824 1004018
-1964886 9200510
1094492 4806069
4199053 1066657
-3625406 229770
-4913247 -2090202
-8842610 -9086714
7309937 6946559
856509 -3132235
1128655 2184705
-7608058 -9647989
-9688430 6252296
6513620 -2562998
-2955114 4657379
2183457 -7949751
3054267 -6859194
4857669 -2759719
-7953650 -8910619
-5327610 -4047839
-1301716 6245403
6671553 1046985
-5523377 3785037
-6752052 345295
7213060 -8213440
-3512382 4104457
4456468 -1658285
7110363 -8604088
-8650734 -2715610
-8058231 3623984
-1809415 -1605848
1534959 4125226
3881859 -8755148
4850586 -3607372
-5138859 -1555438
-5310035 2039328
-6913687 3559425
-2655537 3877871
-5776834 -9920712
-8134151 592411
-5303131 3952579
4810646 -9130181
-7734269 1669689
8954080 -5562638
8061346 -6385003
-5474498 3412201
-9946220 8768283
2529487 6060461
4969441 3935639
-7619799 -2619927
9419402 9830582
3390008 9586519
-4019258 5022067
5101356 3250823
-6156766 203908
6672839 -516443
-7130272 -8943545
2726145 1483486
5920848 -4864541
-8733192 -5803423
125130 -3501454
-4733171 -4207690
4369123 178910
6630902 7796316
7692742 -661436
-8314501 1527455
1113974 -371504
7166915 -2408141
-9157318 -388932
9814977 2268271
4268180 7202268
8258724 -995832
-9512346 7137908
4789719 -6498779
-9785850 -1075146
-2060248 6056528
4365190 339280
3034543 3206581
-6480750 -8749334
-6894418 -334555
-8807100 3728344
5873192 -5208919
-5100708 -5176773
4434295 3040107
7824731 -4258026
5460595 -3234376
5769793 2092911
-8252828 3719319
-263108 -1226201
215006 -946757
-4890229 -48958
2806674 8154758
-6122308 1991314
3241980 -4158783
-1976986 9913294
3641638 6347562
3654996 -8267733
9071846 -485170
-7445063 8554288
6812615 -3977507
-4695530 2896020
-5011068 2273210
8508881 -8925737
-7635586 9252456
-1694301 -1754227
713167 -4904228
-6749469 -4068177
439489 6036193
4393763 -2871777
-2958483 -6318531
2545383 -7583223
-5850956 3199507
-7285663 8716731
7271020 5737242
-8240264 7785626
681647 -3400013
8873197 -2935794
-9345179 -1813069
9955739 7382078
8144203 5535587
-9368640 -1738562
-3290387 -8626278
7409915 -6118109
-6473534 7149102
-9169429 -5679970
-3263192 -6915665
6283842 -4107693
-5390962 -6597796
1655799 1514531
-8183491 4396410
-9003603 3415535
-9520259 2498156
3201439 9869594
-231976 3650914
-813499 3157178
3934969 -9571421
-8197699 -182139
-3783896 -9355418
7793685 1728569
-1435049 -257430
2826905 1140608
7032915 5301759
1220316 -8372901
3141630 -8358046
6038364 -7123885
-1191998 4958140
9972648 -448886
-579292 -712257
5455009 3174088
8847618 1705085
2133664 -5358490
4459372 2782587
3427170 -3547682
697239 3191828
-7065601 -6262793
4877815 9262190
-2919698 -1722344
-95244 1910731
-3930963 816970
