282 -4452635 -4931892
581
-5711797 1910231
-3911488 -6882054
2832872 -760221
2689785 -8247729
-9066275 5823243
-8240597 -9210515
8101141 -5303746
7171637 367131
4868964 -5777513
2162481 1242763
-2012905 -8016240
6177476 -9053226
3995219 -360129
-4786900 8972928
7036646 -6820200
5090031 281208
-4084494 -8675151
-6919020 -8821456
5447167 1264730
-2912027 5770765
-923398 6380893
3593499 -1152624
1730860 -2822257
-6083417 -6718512
4524251 9116176
-8900064 -1404584
-457810 -7488653
-5332430 -206235
-8716955 6053762
9233562 -119330
2678230 836043
-5322756 -3160055
-9465159 8593737
-141533 -2241776
6045341 5982009
-5120746 -537207
826521 -4878057
2299687 8472753
-8245759 5073733
4189910 -1267378
7328038 -1205156
1306191 -2193802
116315 9386581
5440343 5973761
8370783 1399361
4751756 4673905
-8486150 1049014
-7840897 9429001
-2812775 -7951308
547053 -5466078
-3486933 5748919
-9129138 -2057341
-3584588 -144059
-5070326 -4313099
4419523 -9313995
-519151 9119584
9442135 1747562
1134143 3303393
-8206494 -441550
3474163 9090838
3764743 2680642
-6270344 -1774080
-2345079 -2205055
-7640011 8405111
5455385 -2641502
-6892583 -4576606
3366053 -8031547
1824394 6494632
4697885 2297817
-4499826 -729580
-1609995 -8366239
3381323 -2502624
-9199231 -2167860
-93058 7031818
6122656 5110627
-2208731 -6618894
1607026 -7596249
-7284952 -5962723
-7557612 1778299
1653149 7591390
-6985216 7897774
2382579 4760567
-6228449 6380838
-8804993 6723325
-4006255 985788
2619549 -3304818
4192558 -3099898
-2751406 -3999128
5549042 4993327
-7379694 7155537
-9463357 -5811950
-3408199 411576
4448853 -5339979
6438320 -8176798
9414592 -592406
9821720 -1908531
5368388 -7570624
1326566 2204299
-1072376 1656291
-7357920 2521574
9216756 -2562279
4337824 5261629
3778854 3409314
-9081007 -8413582
8741955 -672104
-3967701 -6460701
3950875 1794950
6454971 2624100
-3036346 -9083919
323675 2893291
3501113 -3621754
-8676025 145395
4866046 -1130499
-9474207 2650541
-4827885 6310022
-6252257 5684225
945854 6905223
314537 8085567
2188338 7241060
-3431043 -6250118
-2710818 -6553355
5241596 -4882392
7741708 3756409
-2811158 -5787081
-377437 7221715
-6400039 28869
2690616 -6876324
-5490471 7440288
90830 -2443338
-6133316 -4964678
3235899 -2220703
-5315479 -9869220
8216347 -5818246
-8577186 -2484590
1265293 -7078963
-3632317 -9491877
-4374269 1070827
7343588 4125631
8338550 5883792
3105507 -5467569
-2922348 -9522535
-6398859 -778180
-3337891 9768269
-2675069 -1889329
-4337655 -730709
-435060 -6292032
-6161252 8898245
5596351 4249461
4281224 4571447
7492485 -464483
-7440007 8062869
-8349952 6376520
-6981497 -1814276
6585868 8993636
6042419 3873405
4350871 -7792273
-6054100 -6879928
5404693 7952012
8579035 -6875639
-5089996 -7270376
8953944 6757733
-1827670 4474944
-8759242 -7207308
-119508 -6231319
-4179450 5521982
3584851 -2627023
6265849 -1619457
-917380 -2248749
-3255113 9284352
3157757 8184840
-9607432 5303659
940083 -2491372
7976993 6854820
9979181 -3655224
-8409248 -927620
-4169887 -5110815
9364129 -9455303
5853741 4002443
287476 -9395113
-1356779 -4265767
-4376438 6108027
-5511430 4744424
-7504325 -8110589
3690115 -3912458
-5727617 -8243085
-423074 9364225
-3127147 -5335049
4036123 -9482991
-3138215 7366198
-3561421 4015304
1420841 -1547463
-8486414 -5214956
8787488 -6698678
6422562 7367328
5617913 -925036
7699343 -4934217
2326560 -8758524
5647239 -7812086
-1724544 4822235
-904498 -662645
-8782068 2547839
-270858 8672428
9189437 -9392863
7973336 -6234735
296921 8567574
9536464 6928267
-8286689 -8282238
7535437 -8949950
933730 -9499201
-7907884 3957999
1540134 -3448356
-2206880 9791459
4495725 -6133306
8688930 5956711
-4705934 5287534
-9648275 -2215568
-3543139 9028350
9635488 -7402780
-3637515 8162650
6730225 7608824
-2946557 -824241
-6590127 6266689
-166909 -1233246
-8216094 -9054690
-2580339 -9233178
-2681534 6392374
6183833 8959796
-7173510 -2372062
-6415351 -6804089
8483445 4031772
-8183795 -8604932
-9576582 1351522
3948742 -9210582
1468420 -9941094
184082 -9688772
-7996661 -1801355
6981686 7237525
-3995720 -4586788
-3641477 9331130
-9902048 -9695462
6696912 3778184
-4745668 9932770
-2439292 2880745
-1406992 -1919177
-7887405 1145357
2540425 9592805
944328 6445152
-249078 2963844
-4460898 -5106930
-4795702 -8780657
-8065660 5723185
2960710 9723989
-4862798 1432379
763509 1481342
1785880 -5987923
306613 -6622187
-6689417 -1517208
3879890 5560946
-6358231 871291
4533000 -7527102
-7934296 8270716
4715869 -2926574
2553622 3010032
419454 -5533209
8202486 8092724
-3667739 -1859895
-2135906 2653179
-5914442 9292972
774314 3001296
7013373 -2634581
743232 5076547
-6440661 9836339
5397285 4053815
7441458 -44419
-5055168 1555406
-173878 1974458
1564236 -2989464
2536920 7058343
4041487 -5882142
4726935 -7043626
1096479 2243973
-5102848 -8940804
2868520 8960574
-5521778 -8500938
-1135519 6159187
1235734 4007948
3844287 9607713
-3822120 -2688575
7267007 -758428
-9203022 -6380662
-1889851 -7788161
-8261273 -6860548
-9802204 9674385
6308596 -3208001
-7735275 4239283
-3516744 1035531
-5388921 -4122443
7354483 -6103239
-4604177 -4048
8671491 -8167295
5840653 -3223343
-3615630 -92775
-264998 -7798708
1442864 -4921397
-1302059 9518361
-8269800 -5243806
-2104353 -675558
-1001172 5985279
-7222722 -1906557
-7667274 -4692576
-1140693 7558356
-6564087 -8667666
7745447 -4013262
-1500958 -9209604
-7376899 -6858729
-7565720 -2829467
-405890 980107
3181399 -1181350
3897253 9329113
8847474 7140616
-8103190 5111547
-5564011 3094027
-920694 -7691191
402252 -4048831
-6225055 -5627063
-8068707 -4748670
9100017 2634252
1137343 -4632794
-3842398 6845464
2503087 9636385
-3193081 -8702945
2277162 4937367
6272370 -1082619
-1753506 7974914
5115530 -7314025
313874 9610321
2704348 -471308
1837502 4749864
3217385 4300006
1189295 4756106
-9992563 6992331
-7857065 3120588
1004146 1623806
-1530730 3280278
-4566984 -321900
975156 3488710
-1573923 -5243713
3673668 5768670
3743584 7214799
9900775 4436515
4046836 -8624534
904159 214649
7480865 -3248816
3567542 5258013
14119 698251
-9793066 -5243162
7877426 -7462092
4161714 -7650131
5630148 -8602075
1076025 5147337
-1363953 3579516
8335803 -7948819
336204 -421524
-3206724 2009471
-3554014 6596140
7971607 9210403
-574948 3009174
2276710 -8607882
6650131 9422270
-7363127 -4155747
601091 -3335750
-797841 -7156193
-4806324 -9005131
4909146 5880225
1027562 3340176
-3080308 -4014828
-9447295 9663609
-757914 -4744505
-218681 888909
-9998598 -1448286
-2237883 -1256343
-8247168 489361
1881479 -296479
-874209 4029542
9873795 -8952038
-9771436 1762664
4606471 -7008762
6502460 -8052925
7827301 2316500
-4343324 1411606
7396778 -1145137
-8965175 2576369
7831864 465836
3871097 276911
1344977 -9870465
-1126807 3872499
-5638140 9107094
-1189385 626025
7171919 -1240309
-192347 452759
-7784577 7045715
2553305 36218
1983293 -661753
-8345253 -944235
2983724 -7673054
1181810 9827775
2404144 -7103146
3362690 2216635
5009898 -7247639
-7118104 -2766212
3622639 -3645125
7978321 -5728559
-2586182 7984500
-3255809 9305288
-241953 -5414262
4147805 -931803
9104415 -5510177
-3655578 -3298890
-1726772 -6395940
-4068993 -9484479
-9656704 3773304
6670158 -370831
4362156 2747441
-1983846 -7450799
-7700659 -8111594
-1756719 -6585598
-2314156 5921980
-3577168 8737954
8043242 5099662
2201752 -4316624
4751573 -9682358
-5192535 -3650443
-4432980 -3627660
-7507248 -6331761
-5816240 3840248
-9870096 -9059889
569280 -5472944
-209151 6800062
1865615 -5068564
-3180158 7807003
3737758 4164956
86937 -2420525
8833781 -8576398
-960384 -973879
4709497 -606624
-288982 -8758631
-9892722 -8022578
-9133886 -2965165
703074 -4325702
2030898 -6641133
-5701022 -2596814
1930242 2160802
-8522783 -2615389
-5167601 4237444
-5439201 3342832
-2492211 -5831406
-5735579 8298557
9722159 111078
1653551 -6901797
2491579 -8721872
5035849 -3636951
-9143177 4718949
4270136 5143127
-9182574 -8277062
-4918195 -5026790
2376396 2848324
7525479 -8102865
-718254 6822990
1060434 9002696
2345528 -3369502
799092 5621234
3919791 2369669
4997099 -2420135
678068 -3841697
9952783 -3349349
-4469948 5685999
-7078700 4988632
131759 -3613125
-1890187 7191436
4680998 -6534463
-1169786 3191618
-2394894 9573746
6396737 -3644307
-4641611 -596796
6033702 9973523
-1888891 220269
5106291 9349146
-3070988 4547253
3221908 103390
6754041 123432
-4190568 3174691
-9320325 -7715907
-1329031 -8752916
8438521 -6672214
-3206676 -702866
5005105 3119519
-4790382 5623538
-8020769 -7389789
2013415 -8393645
4096230 9853972
-7409407 -9436530
2428968 -7792660
6754593 7696884
-2199725 1874332
-8002235 -23499
5667544 7070668
1871114 -9676451
-8429367 6347219
9675005 3058435
-7644431 2525506
8161378 -3531671
4608219 7360674
9970885 -6629004
-5022649 -896198
-8525874 -5499347
7580475 9073581
3797273 -5935280
4277956 -7474205
4400128 551866
3044719 -7921769
1665252 6397893
6721442 -1287737
-4940518 -6463634
-888847 808427
-6666066 7250840
6235521 1466722
-1172603 -8504688
-5133692 843741
2463895 -8685366
8331639 -7639989
3949944 3938022
519094 5912114
8437910 -2252782
815436 -5202950
9391634 2838038
-8247717 -6139844
-4911229 1056886
-2890396 990077
-8201496 148254
9915446 6220757
-2312521 -4867562
9144102 6150967
-3005292 -968772
345863 6526762
8886773 1974956
-4087022 -8806146
7105969 -4646930
-4383360 -1051576
3745474 -1939769
3414621 6432076
2808584 3137108
6710346 5166904
-3843019 413708
3078314 -6180050
2557059 -9528163
8120628 2993760
-855273 -9755461
-8207881 7264730
3791493 -1344212
-9369256 -5345666
-4151811 -4805382
547688 9060074
-1991502 5470510
6047093 -1319320
7629109 -8246028
-2592567 -538286
7144970 -7045955
3367753 -5882221
-9545918 5818303
6290140 -3553933
9439827 3011141
-4227968 4410768
-5808149 -1415445
-243305 -2435848
-5265162 499696
5694314 387439
-552487 583027
8569889 8758355
-2560965 7456011
1726335 4616982
6595048 -4931856
