288 271611 -1847244
482
-6757498 2289692
-4926897 4140126
-2943754 323151
704362 -9059291
3801594 749148
1165367 3342454
6134808 8311125
-8445468 -6001238
-1200878 9957684
8662712 -81364
3634011 -5574967
-7613735 5535312
-2506876 -8763988
3041272 563677
3351640 -1555395
-9265703 -8805971
-2149493 6594142
-3082707 8323752
1780813 -2576895
688606 138007
5996813 -4417593
-6106468 -8146027
-4147265 2131622
-5394342 7964416
-9600595 4651858
1593243 -6731630
8803682 4033416
-2214219 3979508
-5456815 8813158
9774115 3343405
-2946214 7894825
-2994681 3024764
-6135131 4904294
4843751 -3561036
6576972 5645682
3744442 -4467643
-2613670 2573785
7221759 154326
-1881257 -4244582
2923628 -8172583
-4904213 -1481852
5067916 -5483129
8496379 6415822
-2254668 -7146303
6197103 5555917
-4032906 -2480552
-9455788 -6749111
671535 2972414
1927730 -5590919
2571116 -4484713
-6436004 -1495298
3594840 -3684442
6469884 -6533321
-777903 816599
-4839631 7104979
-4376873 4662077
9178948 -7227492
9188330 -9308956
-6455259 191679
8263948 -3066337
-3030537 2258196
-1974562 -5768957
-280191 -2486325
-5560891 1213325
6728612 -8352461
-7331406 -473423
5842135 2808961
6275640 -1220214
2112737 -5171629
-8066649 -4502263
-9840186 7273106
-9954385 -9927170
-9236126 1855114
-7953207 1750297
1200312 6824968
-8400484 -9689258
7058137 8169775
8199803 -7858694
3354632 -3222054
-9058163 -7361088
2165489 -7400404
5408557 6126783
-5093431 -9476024
7868699 1684197
-301714 7019307
4292413 2318402
2391233 -7625548
4229566 -3145620
8604678 -4328541
5012779 -1207288
-8380194 -195010
-9508882 6612296
8753602 8677943
7972241 8690921
3846185 2108234
-2775817 8914078
-2442786 -3988326
9052002 -7367260
4316938 2463783
-516910 -562947
4271808 6531576
8906029 6291856
5662588 -3336959
-5149148 3135595
-8071693 4267266
6588609 9863632
-1007720 -6451887
4742408 7079727
5770648 -2254118
2370469 2714649
-5854920 -7866815
-9338789 2111004
4743744 1702294
-5833923 9713213
-8333382 -8422966
8108611 -3834480
4973728 5938426
5117819 7014640
-7333413 636316
7419935 9968672
2348656 7111247
3175712 4008544
-6395377 -8659064
-8396830 -9565527
3149122 1891623
4024808 -3510009
8600995 -189446
-8487152 4686019
-3084416 3344740
-2561874 8195278
6877150 -1417798
7036981 8063089
-2405919 1850878
-7512806 2154800
-5360176 260669
9888268 9907129
-3567975 6988480
845768 -4419668
-3985195 -7447000
4444623 -5034709
1455282 1680280
-8509166 -1530569
5671802 56278
5917370 5520035
3715313 -7412614
-6314059 -6644504
-8581414 592463
4959693 -9277078
-4605926 -987333
1789688 -36761
-7613279 33899
9538731 -5805692
-225359 -1181254
1371747 -7099148
-2133857 5789446
9986078 8332722
-3197846 9321425
-8105945 -8523087
6996948 4990308
94047 327777
3683274 -6771387
-3662572 3779988
-2980738 -2381788
-852769 -8702879
1260360 2413336
4963587 3453272
7647580 3647081
4982180 -2981329
-80477 9938573
-1755628 -3646073
-5313351 302018
-376557 -1769550
-292637 -5994845
1511816 -5966149
4361628 9220663
-7550724 -8394137
5385851 -9438746
-9304182 -8696944
-7399823 -7594887
-2665199 -156950
5812674 -3623110
-9976029 4814741
-8166588 -4023394
-4084820 5006151
3876430 -5730713
4571305 4159552
4906354 1079432
-2399061 6711100
-9255049 7130070
6350733 9112755
-9281382 5106580
5667834 1316362
2619418 -1379179
-6457714 -1119995
1239407 -2264052
4112838 877088
-4308171 -2947919
3028687 4136809
-8340687 -9958407
-5689120 1460219
8136123 -1947905
9131527 8882185
5593285 3042478
172548 -3267533
8361574 -1145411
-6038831 9039633
355995 9080193
-2298986 2145355
-8974640 5491766
-6772286 1243301
4636741 2264767
1833200 -143096
-6006287 2844922
2886515 7378240
-1161541 8169378
-3778526 7197395
-1404068 -3025417
2533413 7869353
7118172 6705569
-4439842 -7294039
-8254406 5479747
4559940 -7962321
4183035 -5382058
2626060 4777306
8536959 -2275253
2505867 -1629874
8227030 -4309948
8534974 6855419
4233659 4737095
2906474 -6062159
-8864764 5588471
5079406 1644300
-7969995 -7752480
8953090 -2387181
-7164868 9148178
4627925 7029600
9067280 7097078
-8284980 -8295783
6481523 -4233333
-3992234 -3142568
5227558 5018483
-9291465 8513633
-2114595 3454588
-1808316 1759862
5697703 4635416
223887 3614510
7775162 -650708
1596812 -4696707
-4567536 9805167
8953345 -6933746
-9904145 -1732404
-4635325 3581270
-2198161 1679487
7446154 9596047
-3546520 -5716637
1818198 -6546080
4483906 4197390
-2348021 -4956915
6802947 -7630689
7004727 -1639985
4490877 -4982997
4366295 9744967
7564612 2266039
-5412442 8479459
4062066 -7002923
-6218975 6057256
-7845122 -3325727
8353760 -854300
-8741900 -43282
4240081 5799914
9253834 -9772068
4425322 -3941721
-6382284 -3745908
-8860245 -7922699
-7046332 2937016
7954019 660835
405802 7444545
-7773064 2320314
-6683875 -9513234
-6516157 9330847
5388103 7378191
-5947536 9781221
-8556727 7542981
-2500301 -7593776
722490 -7298627
-7070695 4256132
2830763 -7507323
-1253231 -129020
1948281 6448480
-614504 -113475
3063712 -2581698
7379199 -2660485
2176181 -6530486
6472632 2122488
1453335 5492306
-4613150 2472828
2254049 -3158562
6900771 -8044334
-5638109 3697322
-1084952 -5599529
8656603 -2399267
93410 -5639295
4231685 1487367
-9547801 1356532
3759409 8696319
-3885379 -162305
-306438 -3176879
-7191013 6010172
-1867340 4386095
-7605247 9281619
1754447 9585995
8943785 -2218397
-262730 -5991504
222171 5844557
-9754972 -3384487
4216246 1653571
6014276 1417983
5421702 6826009
-1817459 -7237686
-8541367 5873901
8227948 -8058050
-1234929 -9910394
6099778 -9562138
4823957 1574058
-6627971 -5767561
6334786 7218711
-4999686 5126477
1651325 5278572
1123129 -2746064
-3614199 4389848
-3956581 -6115491
5302492 -9397952
-55591 4574048
-147286 -6759453
9114448 8126950
2585252 1311347
-6082695 -141251
296611 -8649677
-4559267 2533435
-717774 -4879431
4855632 -8670886
6455591 -4382987
3411937 2372298
9626235 -9376731
5013117 7051418
-9064073 -3987964
9130436 3572889
-9336711 -1245229
1995318 -8408803
9718147 516003
4343702 -6373881
-3998780 2303399
-3829926 8261007
794442 6297831
3934752 -5872841
-4543726 2593021
726386 -1209616
-8837317 4428217
5051486 -5861677
-8810259 3305270
1833658 -7419044
-1329803 4642020
-6603209 -6519553
-4928356 -666514
9849489 -2091538
-5949067 7306144
-390457 4193191
-5029450 52153
8866336 -1704030
2423129 5764992
-9125635 2801089
4107825 395755
-5176027 1600751
5739074 -2213140
-8907870 2391811
4972767 -554833
-5912813 2925789
-1077412 -6357036
-4507198 -9999669
-9574855 3994232
1300376 -4657709
2051834 6992430
9560935 3426272
-8277758 7022384
-4696271 8427271
-6255288 -3338277
-426169 -3821906
7778846 7852538
-4360602 4397804
9305967 -3965728
5479440 9247881
-5309978 4278735
438051 2082979
-5400338 3612610
-2393158 5930854
3789497 7541159
4533589 1423571
-5150157 -4158668
-7136284 4094524
2521796 9088437
8266512 -1832555
4345540 6266508
-3364602 -2159657
4754499 -5359262
675010 -5208851
-5960970 4060467
-9144446 8670802
-6729866 -1270948
-7658338 -6190043
9740811 -2130204
-4589044 -7535144
3888427 3530309
1887993 9944545
-3444578 1254622
343059 4751709
-7080845 9077218
-2139922 -8874076
-1033733 -218953
-3061863 -2988171
1802978 6237119
-7186062 7613147
-1199698 -1641640
-396236 -6330508
-2520551 2070436
2456584 1945426
-3073366 9736613
-4216726 7867540
328438 -9184938
-5413964 7671267
2422976 6883860
-1522570 4929096
-1428628 -2141517
155882 -1146140
-1617959 53991
-3708890 7094019
-2776481 2701371
-8940269 -894952
-4709108 -1459827
-9389391 663495
5125273 2770342
2506955 -4416455
-6548914 -7948092
5383322 806581
-1522152 -3704124
5696088 9969358
-2585194 3417176
3792012 6689870
8060082 5986178
8556522 -6052106
3558266 -3557876
9143495 -5152368
-3530967 3298137
-8161690 -9796773
-6616926 1759925
7046619 4965271
-9451184 8508348
3076608 -7930074
2876507 6516254
5328482 -1540070
-9054360 3870707
-2712116 1024570
-9769208 -9123201
-620671 -8920104
7544142 8290875
-5267001 -2064149
-4700164 1102408
-5599455 -6123506
6596073 1768869
6045146 8755207
3720478 9979148
8487496 -4391882
-2321956 -3214353
-6698099 -5919544
-4943262 3070904
-3058389 8630384
-7828694 -3997622
9395529 -3254153
-2174257 -7597901
-9307026 -8708789
-772938 -4630114
-1011354 7942325
-8181181 -2956750
