56 -3549320 3834224
357
-7241137 -1292363
-1254457 -828461
8788379 -5591686
8161510 -3112079
-2488546 -7737382
-6881363 -7422683
-8266288 -8580788
-1553449 -4186818
-7736100 -1903492
3016313 4571563
3368387 755226
-2678484 4544614
-9898111 -3493783
-972973 9867400
-3681920 7393597
-3898766 -7138748
-5450857 -923056
-3998390 -2636871
4251050 5853874
8116493 -5836880
-3259562 -8237496
5698069 3751482
9564664 -9009498
-912990 -5855380
8716183 4344916
7616494 -7896677
-835710 2084571
1107140 -5061989
7321763 -8217469
9176128 2650520
-1971876 -6360157
-4766861 7793715
-4843156 -4906381
-9052506 1234749
-2085778 1924247
-3796897 1580339
-4668179 -2828988
-9322134 -8098828
-3954207 7412838
1757754 -7718771
6900904 7278328
-8120749 -625751
-3171388 -3934806
-2152275 -4497256
8153264 -5849625
-9693430 -2976146
7333921 -3818612
1275007 8056062
-8192837 -7509235
4415012 2222501
-6197160 -278615
-591251 3134468
5035640 -8348986
9063852 86616
2367845 3597785
-6607534 -6662042
-4771441 -8214899
-2149704 -4728283
774461 -5426477
-1276102 5698021
5238227 -1072275
-2374535 -969531
9602883 2572148
-2420734 1416825
6155678 -8589954
-6352216 4510630
-2354902 2474871
4125885 3056533
5659501 5197091
-1205124 -4293911
-8439601 -9456302
-7671200 2187342
-24588 9305311
-6121166 179096
8393469 -9250127
-7806049 -4880915
4149554 -3851951
8720197 -7664232
3752593 -3731211
-2321165 -3700537
3326446 -91728
4899495 1326619
-5616847 -9028456
6168635 -8458268
9764173 2559006
3102705 -5036488
-332794 -8675428
3146235 -2052143
643305 9642618
-9607508 7025070
-7855845 -963226
5184823 5102795
7438563 -1189939
5078850 -3578627
-4762812 -6292491
-3867867 -7242315
-3399343 8563634
9535179 -8968372
-7426640 983810
6059168 -1779834
-4299970 -7662467
6178457 -838127
-373918 5367237
5009855 -675307
8866115 -9730613
-8177486 -2081301
5537846 3526622
-7663317 7007337
5945062 -4507238
-799729 -68115
-4794078 -8817749
9745885 5332404
-1119616 1806579
5306741 1797416
-9982417 1453744
-3692371 1365910
3044135 -4282387
3601202 5002438
6843483 -7329782
5455957 -1388942
-953891 -1774050
-8247428 7278471
4285809 7100308
-7406930 6605607
-3462508 -7252777
-6070526 1793341
9642097 -5740233
6066346 6191712
-9494520 -1477519
2492577 -6110560
5255350 -9476937
8757029 1316558
-3681004 -1700515
-6513945 2358231
3485641 5678832
6421134 8942013
6220484 5048103
2148411 8173707
-2704334 -6977355
-4230131 4741481
-3465178 -3650489
609278 -7784305
8407407 -3823081
-2784248 9191976
-6918584 8912888
1952303 9708329
1024887 8336766
9152604 709332
5583916 -139765
8055419 5155011
-3386624 -930443
6634012 4476554
-4833387 -7166139
8372858 -1217577
-6476096 2462279
8811790 6659079
8874775 -7424922
-8731651 -578932
-1386955 -201466
-8772226 -1515899
-1807570 -5789187
-7452420 3180078
6405762 1733669
4110257 4216536
-628453 -5493970
-3908060 2165676
9158582 5984924
1335137 -7274048
1508376 -5674805
6787475 -292005
8883427 -2451368
123711 5599265
7536686 7758202
-9926912 -6091588
2392514 8666083
-7123104 -8699137
-3002707 3101296
7351318 -4575524
2157364 -6596945
-9574562 1461575
6143603 -8471088
30188 -3482622
-756670 5302186
9627381 -8634675
-6410328 3268058
3333043 -1068792
-5469526 -7526901
2747653 -6543246
9881518 4583512
3249595 2820742
4121605 2274032
7891681 6126491
4067320 -8881102
7038305 5242999
9220926 -3775316
-9730052 7463743
6497473 -2119119
-6816933 300136
-5818187 -4259196
1525214 5326801
-5741991 -9712162
-7239063 -5141743
-9168637 -8695165
-1595301 5508591
-1670667 -9287118
-4496734 -8345706
297138 4967290
-1397460 -6605053
1154298 6880810
-6894506 -4359155
5620941 -7108424
772458 5891795
8708283 2118414
7859218 -3528123
4315030 -7109903
-6822065 -8099215
-3240958 1089392
2394227 8455224
-3519833 -9893242
-9180360 3315279
4969573 -2674148
-7706858 8839258
-7765794 7783063
4663873 895682
-947120 -4095144
-8687215 7769368
-3822485 -5326179
6792235 2085243
1073472 -5114202
-9707753 -2832194
-931409 -4611497
6477895 5986534
4441759 -1656015
-1549257 -8611526
4703753 -9078074
-1752221 -8213265
-9374006 -7810321
9972742 -6942727
-3530692 5376552
-8718592 4636616
-5077664 5522188
-9803991 -7405807
-2804212 1099851
-1497999 6988244
-5843950 8269261
6174116 -1205751
-5219217 3224641
4084979 2652011
-3443163 1738894
2660821 -7464278
-5677542 -8739409
5966622 3424952
-1001423 7464804
2841356 5939364
-6907668 5467885
990073 -3360884
-766690 -1985332
9114519 1186082
-1825673 -1054550
9731063 -9867127
-1072878 2330377
8071371 5905179
-8926458 3707905
7963152 2156350
-2791576 -2369620
-8592677 623973
6565277 -5952766
-8487962 7373945
-4170339 -4436146
-8968260 4353394
-9007489 -1078006
6936662 2021813
-6792104 -7257827
-5796025 -1432466
-1299593 -6101425
-1254696 -6064961
9840218 7627529
-6148214 -3183325
1489377 3430113
-8939507 -8185062
-5044737 8697802
-7254964 4984168
2358113 4036892
9600747 6773427
1126821 704126
9626120 3148839
-4829348 -5364316
-2622143 -920865
7646669 -9105100
-5206525 1581833
5516872 8863428
-992691 -3944868
-4611841 -2126558
-8696445 -4624553
9706738 6877537
-1908309 4880400
-135432 -5337999
1215246 -6646921
-9873494 4739033
-4556840 815993
-6035168 -6230320
-1594636 -4930720
4148415 -8348164
-7453263 -1700426
9881407 -5688564
-6825136 9856564
8428048 -2085369
-1695575 -5301475
73973 -6183792
3210097 -7875667
7004733 -219289
-3040936 -8698212
7171219 9385654
4124687 8174310
-8493345 -185922
3583758 9567847
7153480 7987839
9639676 -8010878
288696 -6181753
-9353964 4702765
-2924319 -7313545
-6882562 6337252
-8964222 -4496270
-680062 1421864
-3937451 1109751
3406814 -7469965
6348175 -6932718
4969288 2882230
1056541 -3964254
5849824 -906024
-8821825 -4920452
-6932612 -566418
-6060943 848007
4666255 -7292936
7409829 4227753
-569439 5312291
1649543 7001862
-7494408 2547999
6486215 -4798327
6311424 -5658118
9388269 -7451236
8132399 -7765410
5116821 -1747204
4288543 3101687
4712015 8689714
-6230738 138367
9571950 -1593457
9254550 -3163350
-456286 -6488993
255112 3920805
-8250552 9469895
-1011890 2202025
-5249975 -4084656
1117017 1493702
-1648063 3752592
-1182291 9944794
-7820616 -9743442
