76 2165898 -8809179
481
111448 -9789808
-4450516 151948
-3209999 -7855471
5051986 3713271
3576803 -286828
-4084259 3726965
6179453 -7592604
2885249 -8646115
-3215400 -7736326
6840588 4650272
-9436355 -5333236
725893 3155181
6536753 8664542
-4834517 3333996
-4500105 -4679415
-4469223 8872657
-975395 5611343
272225 1080261
7309884 -1669041
8044131 7840563
1567528 886687
-4189564 6476224
7830110 -9736667
-7472993 1212037
-4137690 -5385290
-8202173 9367596
-4960871 8942307
123202 -4959928
8374069 4092234
9412819 -2194963
-3322306 -6126036
9485307 7459948
-8943439 -1781348
6549611 -242468
-2401905 8366445
-8230516 -2889906
-6413681 1681975
1945308 -2420080
8791958 -8583571
8547491 -3011332
-3643736 7170620
6112927 -9654682
-4614609 -6088255
8003979 -3763871
4041167 6275812
-9850224 -66850
-2606902 -9281139
-8546135 9635083
-8091032 -1550341
-3183896 8003476
7629923 -7976585
-3778257 -8898060
-1318139 -8783758
5149023 683403
7672071 -2526181
-5355561 -3787134
-3441815 6544687
-9543568 3273718
9509848 -5540072
-9264260 976763
-9090087 -3932633
9302580 3401868
-4446697 -9180637
-730978 -9243554
1276274 -2537729
-7997961 -1398522
-296581 -1093803
122439 -1776218
1423537 901632
8375451 7787814
-5999319 -904391
-4359704 5536242
-8673688 -6924782
-9948502 8613081
-410156 3352512
9419879 3303590
-3294542 -6983890
6351825 1238812
-5488390 -5224887
2237385 -4379152
-3261322 5787884
-5305918 -3244224
-2504090 -1041551
9860081 -2667127
7637040 8919447
-1984944 751884
8804478 4154073
7229291 3655353
-5215214 -9869209
3483303 -202859
-6899269 -3109018
-7576556 -4580465
6658347 -7677459
-2902346 8775270
6912470 -8830043
-525807 1851391
1123519 -6348852
2609598 4168275
4017501 8619429
7538877 2469679
5737916 -5829107
8324966 8070285
-5758010 4542394
4673185 5554257
7867750 -973224
5917759 -1843511
-3907624 3484833
-1676274 8341203
7116473 -7249277
6437032 -2062268
9789124 4028943
196444 -4088775
2595853 912643
-7951575 5322394
-9691575 9129706
-6699401 2103654
173939 6046341
588736 -8374435
-303826 4415930
5959058 -4738079
-4065238 -2436076
3565109 -5606831
-7265627 2027138
-2705787 -8111165
-173433 2367198
8912494 -6268755
-7841177 -7867957
3044687 -8374710
6947684 -2728972
-3599266 -2390536
9713118 7256109
3302451 -7782315
6359602 -112943
6819339 -6108813
-8330540 -3944224
-3863948 2778398
-312081 -2395777
9631361 9701161
4106348 2422292
7305843 -3074425
-6826828 -6067085
-3935041 -1265311
359979 7848347
-4880625 1625998
9235462 9824015
7080124 -5963539
-3745854 1464932
-8648011 -7101073
9306466 -7386252
-8814124 687681
5982431 -9024073
-1419850 9838280
2055793 -4329650
608995 -9272137
-9830210 -3837859
-7388591 -9568810
-834121 5859315
3707662 -1323632
2818718 2042210
1866225 1343390
5379851 2054180
-6480888 -8537299
6877981 -8366002
6764098 7387453
-9408514 6184447
7160374 466327
304607 6573917
4760620 8256876
1501092 -7639599
-8961106 -4630385
-4199195 1670882
-9953451 -6349697
-5156977 -2516964
2041598 3754212
-4902398 7661741
-7767727 6424175
403228 2993805
4627803 8267737
5655191 -2718791
-6534343 -6091746
4374581 6246677
-4663053 3142383
1399260 7195540
2072293 -9902433
7983534 -7099648
-2912414 -4372460
-722157 6300691
-6216273 -2865864
3404700 4120867
-5701040 5825325
-5234148 1018654
-5987541 -3468766
-5201029 5169080
-7549710 1156615
-2418779 2970514
-8266456 8432299
1574682 4472154
1667694 -2929509
9684410 -7026058
8390646 6256340
-8116120 7667944
3968635 7994585
7645073 -6321925
7798942 268714
8610391 1049773
-7931573 4614255
-8854511 -6623757
8545323 8597238
-246147 -4055540
1431327 3511965
1944264 -148574
-5676420 3164871
-9764638 -6481053
9009241 5991275
-5236033 9919772
104068 -83760
-2089175 -3352153
325922 -5927297
-3142231 -4444102
-877977 -9358783
5255472 -4531840
-8639245 -6293198
-7695960 -1082687
-2621875 9906078
-4065604 -5425754
4425672 8809452
1974323 7878660
-8602393 8749253
-2743120 -5273963
7162161 2923201
-7160559 2020847
1185046 -2733771
-6144716 750266
-1177484 4027320
-2815111 713053
-1302435 7944539
-8348659 4956713
-6125974 58320
-7519249 -6044619
-8954021 -6231496
-7422044 -1584853
-3706193 5471652
-3262743 -2931368
1794669 -9792233
3130968 -3489511
8531336 -1043169
6223060 5970409
9237027 -7767266
6260054 2594697
-6692250 -1940457
-3995918 -6555056
8401657 -5478332
4579988 -2344577
-5872844 4792036
8560540 -422909
7992238 -4826864
3161140 -8861504
-1792872 6802398
7010165 9898397
8925238 2518150
-8525019 141133
8627894 -27074
2205660 214393
-7190910 7864921
-4075536 -9017934
-5572990 8633193
-6845139 -5555102
2100321 5345020
-7346592 251201
9828293 -1256171
3916965 -8786052
4868796 7820531
4622929 9594457
2009206 5592277
-1889573 -5850554
-3193069 934444
-9092630 -7898240
2316153 -4565175
5816098 3113030
-3388551 5125244
-3725211 4256914
8701812 -6445189
8899831 -570350
2197203 -6681515
2062315 -8446761
5283539 2025496
-7637620 8495632
606442 152336
-4255387 -498339
3651108 -7384352
3550093 -3628608
-1526848 2974391
8409217 -3026185
2603198 -9210695
-1569099 -3258333
3514934 9214647
-7230542 4705690
6651692 2216746
-1948416 4185642
-1744767 -1151104
3390744 2630251
-6357765 -6461227
3691109 5753124
-4745214 4248677
6864326 1952074
8323466 1422246
6912989 -7069229
-95414 -3203382
-2414077 -2161442
4580226 5024136
4238783 -1466823
-6761133 -1904840
2828258 -475406
-6289764 2406912
-8744192 -9120158
-3973555 1965469
5504242 4646552
-7083971 -331319
-6082642 -8288297
3663777 -9312833
-5374235 3298036
6228807 -5496405
1300213 -8461246
-622687 8649746
3673882 1402489
9935666 -6042461
-5430949 -9570982
-46388 5690885
-9385851 7397309
793504 -3819800
8145669 -8130043
-967138 6819949
-3511370 -3833736
-9605681 1948891
-4847590 -7077659
6220377 -3425551
1078044 -221825
1316929 -5034463
6131635 4894610
-3702901 -9305758
7168133 -7678131
-7249113 8749117
-3043646 -8262816
1650846 -4779149
1401051 -2429496
-8043187 -7555650
1780651 -7936927
-1770663 989675
5454918 785634
3707975 -1376344
5198105 -9392672
385503 -7555296
-2589759 8792502
3687112 4218785
4913027 -6458124
8380098 9984211
1249680 -5402487
-3665303 -8869015
8868189 722386
8292890 501895
2946245 269240
2332313 2766056
6272083 -5273103
5512531 3078002
-8298341 1727002
-5149318 -8263142
-5818438 -583884
-1791382 -2247462
-8028677 1591804
-2349968 -8104270
4396293 -599298
3998215 8546482
9677468 8162325
-8598936 2849265
-6648840 8545657
-8668751 2210306
-5023638 6297406
3540655 -3820085
9257917 -8751554
-4508200 -8430462
-6693604 -9040424
-7107955 342482
8095020 -9995690
-5887534 -6382985
8029098 -9933657
-532954 -5721149
-7174667 -5058257
5620421 -6534739
-1169122 -7497199
3564810 7021485
-768209 2182039
-9004203 -2587588
3592327 4208154
5456600 4536452
-1377658 2850244
-3673827 -9051600
-6192766 -5554910
-5550600 -8265430
-4648415 -8097745
4484950 -1438133
2840718 -6619317
-9161221 -6048004
9933610 5666051
685205 6459200
3480685 -1235512
3462879 6766367
-5821221 -7287524
-563018 4458676
-1004872 287458
-6862297 7409934
874686 133822
4578912 -8019772
-6285202 4681921
6584176 9028313
-2409820 -8417265
7479771 -6414522
-2462525 -9569102
-1386699 8318550
4777750 9987437
-8731723 9298506
-1418774 -9225213
6003615 4731157
-810167 2760005
5563816 -4559402
-7149468 701314
-9164864 8701519
3198099 3725219
-9076508 5414049
4442362 -570751
1011984 24020
3609498 4548894
-2503856 -1508245
9326657 3663325
3650762 6109445
-2075696 4104407
-2604454 -2564608
-7833451 6505530
-8218113 -6600838
-1160240 -6127266
4574048 7345703
-1436426 -5793356
448215 -2074463
5855938 -8238327
1190922 1371707
-8604273 -7185348
7363546 4719259
-6788986 5005226
-1331449 7376042
3485487 5054024
-8325217 4835666
-7728942 3926143
431673 -929670
2469492 6953959
-9173307 -5270087
-7924384 3825604
8032248 -2082906
5842631 639191
-5082784 -9003184
2368523 1698569
-2970427 -1375509
-6656250 -3719397
3802181 -5606881
4285513 9071116
4125140 4987084
-177250 -2229000
4213496 5799924
-5129746 -5389840
-8435881 7161521
-8108566 -143902
-6318298 4907165
-7175741 -6032949
-2877406 4230302
5227118 1183242
5398163 2039810
3180653 -9888006
-3607403 -7572264
9337207 6524403
5595520 -9805222
5181862 3622720
3910072 -7762988
8036936 7520965
