308 3465470 -3599479
578
554844 -2601815
-3736198 -8896413
-7150782 7938571
3439204 -9280516
-3220860 -1424392
2860448 -7676661
5969386 9411852
634181 4946862
6090435 9458623
2541074 4293852
-8777340 2481453
-5631299 -4497050
-7521831 7727903
-3090520 6527505
-7490672 8609098
8523635 3310002
4413589 3064172
1002743 -5212563
-4493078 -220841
871120 -5558053
9281639 -5197586
6730619 -6268432
1194782 -2232623
-2774000 9881152
4175004 9801569
-5200626 2283427
7786377 5397664
-4358080 -8315573
8211933 2780898
1389996 2551400
-4138598 -9278739
-3698215 -7570017
-2782579 2791343
5086855 -179120
-3220821 -4759305
-7440539 -4042025
-7794105 -3939182
-3655452 9290080
1687584 3400677
-4281402 -3913100
8370327 -4137411
3776605 517973
2202400 6156705
-1062397 9418525
-5513722 -7069315
6168298 2843952
5273935 347680
5655376 -7529917
2290963 5007708
2764755 742231
6700206 9070143
7647313 -2159431
9647001 1422453
7339482 6508213
-7404886 1334586
7197175 -6941920
3576053 -9034559
-361502 973780
392306 8294806
-8774509 1092454
-6063594 4878584
7742616 7393790
9863873 1726693
9250754 3397992
6656575 -5328811
6257684 -5468139
2372430 -4126867
7295586 -3578651
-7070437 2019432
-6645982 4635068
7693149 -4475323
9006470 3067545
-5958675 -6214446
-7919640 -1355031
9737423 -3050017
4344919 -6694148
-9300358 6190181
-9566774 -5396112
518232 3079867
7751056 9683980
6732194 -2825192
3047941 4008740
-9569910 -8379024
3640408 -7140120
7494948 5876005
-8599318 -489222
5094675 -2295551
1490004 -9592848
-8431527 9136001
8602336 -3913284
-607432 -8694104
7496077 2947256
67496 -7391438
-1795218 445656
-7354012 -9414272
-2239464 -4044162
2480931 9378182
-9000841 3324830
6184710 -4572627
3819730 -2844081
-816950 -3803990
-3583188 5220412
-1856084 -5722275
5930078 423168
6509884 -7771258
-6465362 4532415
9996023 8418805
3543719 3547068
-6007276 63519
649247 -8251499
-9779308 -3361288
8533247 926136
6767318 -4782025
-6838300 2048758
9204677 -4531620
1664390 6981430
-5281806 -9095921
-4818195 8081202
-8979278 -4621538
-2392796 -8888117
-1839350 7530607
5949412 1141843
7205263 -1843327
736544 -7990517
-6242015 3714339
-9646949 -8614208
-5171720 -6021323
-8286996 1402650
-6548592 -8404402
-2936022 -5125296
-8143866 -7343914
6076517 1244720
-8157725 -3425672
1952790 -8741678
4886558 -7137003
-9606396 9559995
-6781810 5563560
-6279766 -1140632
868852 2939805
-3345856 4456778
-1641078 -2856811
1121866 9523547
926198 -4296446
-2700848 2834870
7709574 4377606
-449956 4363130
8124203 2082060
8656388 -4373438
9401236 9966478
-7170525 -6874470
5201877 -3195854
-7632293 5739432
-5401200 936419
-6123776 8604293
-4422577 -2015996
5127193 -6953280
-7429732 3936346
2156252 8765411
1600281 -3987182
-9609576 9455405
-3665113 -8173793
-3575381 -7543179
-9400265 -5540910
-5574432 7597359
3239242 2517323
9321470 9771396
5510828 -1558881
1893891 4205529
2809822 2625980
-9390015 -1713533
1333188 8387245
-5160057 5737178
4502590 -3580192
2432626 6996196
6451601 8619223
2961783 -4660598
-2203777 5302840
9761931 1902754
-499886 -9087690
3429634 6703851
6475247 -7260644
-6303173 -4732544
9472985 1986075
-5387944 5590718
-6122814 2282807
-6813596 7738393
3475571 -2273274
-3337114 -1973652
-4977456 -9505487
1630089 9095512
6951266 3990497
-8190311 7108224
-989022 7263842
8176152 -8428380
8275472 8511092
-8749552 -5877862
-610406 -2732929
9253147 7463628
3054346 -1137421
3661738 6381555
4119948 -552116
-309038 6848143
-5125509 -9888129
3122737 6353848
-2034288 -7586613
-1079764 -5247174
-8138950 -5083021
-7819179 729925
-5182102 872028
-8100527 -9643027
-5520888 5609722
-7123207 5666273
3129901 -3614942
5247638 -7870060
1027847 8700600
-1851516 -1090624
-4242481 7664147
7776019 355799
-3290353 -6851638
-4438251 -6584892
-1832066 -2808288
2108691 -3001663
7728263 -7454664
-4066284 4289512
-2837163 5062513
672235 -2166811
6015815 -5841699
543360 3549028
-1804679 -854284
-2153684 -4209002
-2783274 9223168
-596332 -1488847
8866952 -4509402
-1361040 -2820313
-6888853 8092951
-4715337 -3282938
3715399 1279081
-3659231 -90294
-5800782 -6039986
9022527 -5209163
2624027 -6121592
-1963291 -305238
5760143 -8843806
-7181738 8580069
6887419 -6044536
5694984 -6819069
1692084 -5895854
-7888904 -4901348
-5205309 -6924612
3684691 750056
7467118 -2094162
1701271 1485707
-8604587 -6301130
-2341116 8042040
-7167122 8110984
-8010608 9197764
-8591122 -2026743
-870549 26101
-8877477 7169021
-8875515 -5535935
-2355004 8009942
4630440 6819470
-8081878 9337080
4928820 6741536
-9992055 9229166
-2864996 -1386488
2615571 7475063
3690285 8836276
-605332 4010984
2121968 -8650830
3063286 -5256102
2717155 -3372288
6653814 4472164
1641186 4362958
8827024 292689
-9181017 2765671
-7898507 -3527980
8325453 5449424
-5292688 6535968
5765134 -4229375
-3099511 -5284743
4706673 -7099862
4252766 9516060
-3956603 -1603042
-7737520 -6352565
-1608667 8165365
-5206922 5325766
-7685717 3624841
-9495849 3963244
-5744067 3955469
-3278860 1847527
8319548 7591268
3040692 -8661014
7874954 -838647
4931978 264357
-2504034 3640088
-943422 4348820
3864880 4718991
5632302 -6690655
9473132 9908277
589995 411134
8253253 -9619183
-3477990 -2100575
4379021 -9432464
4523005 -2973838
8873689 1151306
-1257426 3760497
5099483 -290411
1387294 4299619
-5436024 2974437
9130877 8835625
3184445 -5423706
9295286 -1812544
-5986847 -2950675
9473955 4927588
-4661278 6002637
-1100194 63950
7963375 6108327
6675863 5421817
4964331 2342396
6010054 1198868
-5040634 -3645628
-1419686 -5247372
9052247 2575201
8065991 9967608
8803233 -6383777
-1807482 7196868
7900676 1987678
1553356 -9995844
-2551904 4430181
-7050830 1027311
3607613 -4696830
-8588502 1848977
9787146 -5912660
-1053912 8087361
-713770 -2732171
3622201 -5043858
-291230 -3238052
9337149 -7797485
-7829876 -1238982
-5106407 -80508
-2883639 3489709
7993740 -4397537
-4393381 7533389
1963571 -452904
3090759 3054715
8357886 4912741
9278070 9214724
-6697936 9769384
373097 1581568
8849397 2248152
7204294 9659327
8937627 -5012049
-2809534 9429416
-1809566 791129
-9289379 -8123058
5366652 -4399620
1202843 -9656666
7876724 -4123256
5423840 -674185
-7619470 -159705
7269388 -8969049
-9754325 3254768
-4459496 -936189
3161731 6064091
-1687757 5913602
-1910719 2011129
6999080 8032889
-21343 -2973091
7818038 6705898
8582841 685444
6285824 1045011
1388346 -3534155
2342589 -2511333
6814482 -734930
1621717 -9717219
3830084 1711365
-5033867 -8592543
471268 -3407889
-7343798 506638
8936592 -6367000
-1839519 968445
-8482314 -2974127
4052782 7675913
4381811 1496343
-7818213 -5612828
5432184 -4518996
1946849 983963
8472631 9336882
-1398048 6805790
-395077 -2196535
2031182 2740021
4147478 -6564993
27118 -486332
2536658 7135099
3284451 -4800328
6168117 1473250
8499123 -8555068
9120845 202155
4214851 2551906
-544570 -3980992
1500013 6396638
-2619398 -5112386
6740848 5963214
-4714643 8369585
8689402 -4657200
8082821 4890280
841640 -6763063
2750605 -5253348
-8118249 3385110
8584783 -4712737
6760513 5166202
-872514 -2730748
-12240 5259636
-9672106 -9235317
-3216309 -5797389
3115601 -216675
-2812709 800056
9279623 3012555
-6101508 -6071860
-8212708 -5435020
1971612 -7412105
8341184 2386466
7133118 5329604
-1285285 1091789
-1104596 9014869
-3302577 9815850
9601454 -4344083
3431905 5824909
-894056 -410786
3791825 -3723848
-1424171 -1594013
1722396 9423779
2436334 -1720528
-5276036 1002019
-1916649 6334827
1439074 -3488743
8897723 -9945037
-2099080 -219742
-9127953 6030841
-2437938 -868013
-1052163 -7716197
-2060280 -3224163
5117098 -1450709
654858 3887977
2680481 -5776958
-4854619 6963035
6386814 3772662
-7947865 6867777
-2130204 -1176851
-4842024 -3223901
3287356 -1530501
-8959185 -886598
8893660 -5298569
3248624 -1058265
8073722 2282059
4565862 3327038
-9897125 9537911
-9396446 5021934
-8573737 5219973
1959367 1258412
-1778552 4106745
-2120593 7104749
3972526 -5391738
-4052237 -68458
-776006 4358675
5344526 -6377909
2735493 -7488650
9729134 6385341
-4672924 1629153
-6088788 2977758
-3695203 5917150
5455061 8477074
3499008 8924024
4143998 6058616
-2682972 -2558376
-8451631 8619717
-1759182 -1945172
-4820557 -8055872
1875671 -7786655
-911628 1127206
4749298 3616017
6127367 -5567102
-9181760 -9998857
1630297 -1627147
-8649388 8661668
-2904829 -1942139
9051288 -9828239
9095785 -7449768
1125200 -4933352
2508272 -4243865
-5624147 958581
9013409 -3427007
-1482878 2616671
-2653632 6709204
-2163589 2909145
-3474838 -1048908
-4099657 5102061
5103204 5168881
-6458265 9234935
7896603 9249853
9824067 -5107653
7580460 -5008226
-9941641 1391707
6458355 6676245
-7567619 1183559
4658492 -8517020
-1944027 9324586
-5542391 -3811746
-7102542 6573095
-517760 -5679670
3271422 -6749779
8352282 6007402
1176284 9171765
8406700 -4028161
7738044 4718019
2126718 -1180344
-3672218 78463
-8529830 -292822
8899775 8902493
-7397595 7928526
9411506 3848508
3173094 7260897
-6550849 -2532521
6556927 147056
4467386 8862962
-7886817 -3960833
4562922 -9744840
1943278 2981818
8953657 8255558
-4510071 349978
1685986 -791947
9286517 132999
9840177 530121
-8051034 -9243313
1201565 1256304
-4895187 -5448629
4328621 -6870577
-6886745 794259
-9058685 294124
-842914 9670182
8225701 -2074947
-1819786 1270270
-5747912 -4695025
-6439467 -9876508
-7010178 5722097
7446502 -949538
9183461 -2807839
238634 6733019
6059 1539990
-7203705 2187600
-744676 -8792376
-5662952 -9582540
1211719 -6416055
-3605579 -2549697
9636837 -5330613
2594440 5551508
9338130 7862538
-6832486 3291006
-4069150 6106570
-5654981 9244399
-9188786 -1079327
-1370814 -8208479
1040893 9994675
-5948982 8867820
1055420 -8953048
4770928 9363665
9781125 -9689256
6411041 1624328
1590983 992844
-1821417 -7194537
873323 -6255828
-8393289 -9226976
-3419618 -7272195
1350727 7290577
-948672 2511233
-8568094 5695746
3619 -137458
