12 4554681 2910628
78
-1087708 -6891236
7123046 5889619
2013922 3238744
-8227109 833620
-7930957 5224517
4243139 -4789568
1602779 -6044085
6937365 5056163
-397737 -5123683
-5293511 -3284560
-923675 -5629442
-241154 7260673
728364 -7131149
-9638332 -4025962
3045072 -6366207
9258909 3272296
-838084 -8042636
5196108 6381955
9731928 -8824162
6400355 -514649
-2787865 4317323
8273238 -6840154
8216009 8814914
-6308768 -2273045
-3041253 -9665375
-5294817 -1602279
8174746 -1448576
-6063373 -3019619
2954420 -8580537
-4946744 -5701705
86944 -4000508
-2043144 -5687834
3210473 9248860
2941050 5669316
7671019 2942401
-2740276 -8142243
7533956 -5116846
-6301931 8049314
-4223731 5749965
-1399058 9905653
-9180274 -4748631
3802793 3306126
-9713493 1510825
2930288 7739421
-7962284 -4242721
1756771 499896
-2671586 2124660
-6110128 2229979
-2100705 -9461112
3481289 -652726
-6278616 8086666
-7030179 -9258986
1306680 -8744660
7005305 9184242
1606247 7082950
-7665681 8122600
1428726 2425973
-6063202 -1346536
-3607115 -5768415
-11135 -616562
9883335 -9053046
-4412034 -8254364
3975616 -2788251
-2249363 -8005809
1341465 4391263
-5005718 3748279
-2994355 5062849
6318189 -9519545
9664697 8312325
-2088373 -4160153
-6037553 1270944
6213269 -7237702
1415763 -2092475
2139110 -9849932
-7950142 325000
1271954 4644327
6389964 -8066807
-8338705 -623727
