376 4690067 -3332493
693
-4955063 19817
5313044 -9768144
-2889091 4300440
8441642 9791642
-9424415 9625212
-8428295 8669475
8677546 -9500064
9626576 5356400
-5142535 -2649196
-7548396 -7697368
347320 7552293
416712 -6909793
-8877738 -6419436
-4693849 -5932466
1273953 -9107693
912124 -5509990
7238219 -1164757
-6864317 8741521
1049515 6865480
-992956 -8422675
-9753199 1625100
-5358612 578749
8451501 8924347
8791503 6784317
9086949 5825318
3377612 -8756892
6849667 -565730
-4468814 -6205676
-9621790 7971930
1380589 -6646311
-9639948 -5831484
3003759 4809065
3550586 114623
-3019897 6139442
233119 -5399898
-1258446 -1496500
9082249 479920
-8079380 3382943
167260 50103
-4124579 -9287877
4471583 -8229439
1204831 1769385
5563709 -6162397
-8190467 -747630
2606059 -1541728
2626788 -4293526
-9484461 -4517537
5597086 8146899
4286341 4066126
1182580 5093542
-6402958 -5480540
-2484267 9924134
-4176571 5195643
-4754254 -8047295
5181180 -1492959
277603 -6362480
5406905 -347236
3490367 3998786
-6748844 -6513033
-5538409 -2183748
3522726 -1626432
-3627617 7088379
-2248370 4038265
-9379257 -8030530
7063012 -7962029
9073783 1803323
-5756190 3176406
-9111599 9105868
-8941427 -7416409
-6393015 -3865852
-7711980 6239754
8408870 -3599060
2916078 211277
-3785404 -5584411
2231841 -1316413
7057155 676187
-9719082 8270919
-5174464 -6570462
7915360 -1967452
-7413129 -4553720
-234045 -2505276
3187482 4177007
3282875 -3473883
-8373939 4075884
2726384 -3142199
5613907 -4766954
-5849662 5014404
-4774319 -3460871
954718 7066416
-4249997 -6043370
4632817 5702911
3973830 5323510
1269401 -2569912
5462636 8799366
6761998 -815239
-804162 8049508
2226515 -3472046
-4429577 -7616680
6459204 8025742
7399895 -2803516
-5054118 -814412
6716344 3013802
9552931 -903780
8678989 4458378
8415008 -6975999
8726912 -5571008
9752503 -4435823
2994265 2700742
-5983539 1021904
2723017 -1543098
9022762 -9221541
9822765 4435207
6818528 -6234371
-8208629 -4606811
-4893975 -4205916
4979673 9191267
-5278579 51908
1664480 -5787631
8670747 6790705
9814706 343469
4772462 7085755
-7350067 8541619
-6241287 -2958683
579573 5644198
6617452 -9708474
-8930014 5818942
254150 5640214
1922195 3409103
1318644 -2927322
-4616886 3713567
-4578814 6424670
8992930 -9637213
7091509 -7341041
9449664 657410
3517232 5762256
-4635636 1780723
322342 -9193954
-2152637 -1985703
6174847 -3402593
-3111066 943288
-3237770 2792300
-9051134 -9524728
-3599273 7016380
6605410 2871062
9100981 7719372
-3339606 4504877
-2615984 7038519
2213830 -4346676
-1172914 -5524475
-9762218 1663495
5960570 -7655682
-6849636 -4397854
-3867205 8799264
-4603329 -6485921
4457367 -7692358
-2383706 -5198043
7793581 3735950
-6731318 -8918487
-3531073 -5805691
4430033 2390445
-3104678 8086260
5124779 -8909573
9260103 4279338
8754864 -2661391
1518456 -1912811
-7052140 8992646
7111144 -2520974
-3721710 8614576
-7871344 -6756061
8067933 -5808686
-8490377 -897625
5354677 -4315772
9282093 9303205
6013866 8623360
-6469843 -4248980
-6162720 443899
-5949322 425479
7221169 1478411
8817020 -6689219
1397970 5976033
-2514969 -7148171
-7152793 -3137818
-4523241 7112527
-9643534 -8358150
-4166836 -9878233
-775858 8424400
6624980 -2657213
9162344 7095172
-1765116 5907073
-8341907 5176210
8136461 1765041
4706872 8011725
-509864 -7812861
-4502080 1928041
-2095925 -9176492
-6324663 -587757
6274425 -2094542
-4982014 -3477455
-9319253 4267536
4389303 7890804
-1168444 -3486089
-3626950 6129798
3224970 -4543464
3879961 8051747
3227957 -8540146
3224895 -1945594
-3933869 -6119229
-3932090 -9551881
2376160 5556267
6379776 -5917817
-3989222 2796587
-9297954 2571465
1610362 -7714797
6552740 8236384
-1356460 2291109
1321372 -6541605
9588193 7475097
5447985 7694423
-1737478 2813163
-3210631 -8155701
-101295 4006831
7887602 2530616
2978735 5964837
-5962544 6471865
-9445952 -4645104
8151483 -9582768
2988698 -3435174
-8633619 1369881
-7877383 7115412
-593478 435473
3893869 766158
-9242393 -9272106
938669 3482062
8811578 -1278056
566243 9201191
3208023 -4399053
647916 -9535051
-1053862 -6388023
-9916158 -6373349
-1018453 2983594
-4082821 3154242
2235420 9649383
-6464384 1422229
-1462359 3601802
6553627 -4341766
-1059256 7944163
1188410 -7036152
6445911 -7785297
936647 -7872921
3844623 -2226159
-4108860 -8497109
-8032160 9568998
-6819025 6539056
-9834292 913978
6413924 5781170
-1064588 -8336393
3829342 -7668897
3753332 -8829167
-2711013 7364959
5539545 -7709026
2751489 6358966
9322815 6996641
9211344 -6060101
-3933021 -1714922
6058919 147991
1650882 2427954
1996952 -8049941
1005468 -3864926
-434596 5177927
959097 1171176
-4648865 -4020671
-1689568 2410862
3581695 9180478
-938211 4580117
-612557 3387034
-254000 -5398666
-8402025 -7861068
8595184 -8414833
-129755 -9190681
-6526338 7178515
-393531 -4070836
-9604424 5124545
3775971 -8396579
6781348 -6082604
5088572 -6658624
-8162943 -9743202
2667660 2956059
2136537 -7336159
7243958 8765707
-5330907 -8801674
8316012 9147753
-8713314 4415093
-1483387 9913987
3239658 9881870
-423263 8386858
6832375 6713321
-5645782 9183206
-9213373 -255697
3661699 8130189
-8528435 84327
-7142523 -1249729
4222682 5824974
8488816 5525137
-3192804 8875572
-9926102 -1750874
-2603120 1476289
8407735 906263
820250 -8800082
3598140 -3075652
7827558 -5940091
3289582 -6825123
-7641917 4659933
-5595764 7643800
5773989 -6855290
-4254611 8065935
9332558 -238093
-4413119 -1397133
6644356 3555241
2430813 -5924303
2324824 5967905
-2555806 -4978937
5927326 9721704
-9078378 8368281
7808981 9263929
5840190 4519762
210991 5636540
296473 -870228
-3226428 2569074
-1769864 4700710
-4717003 -7452439
-5174180 3975525
5094744 -5384444
687149 412702
-2995249 1739101
-9776642 5634314
3171729 1845927
1567631 -9816096
8552186 -900944
-9120663 -4994395
2041719 -1122481
-5485941 6719527
8365651 -7747290
-2661864 4810533
-7972405 7655575
2719488 5568272
-456202 9826944
6958852 7545309
-2041989 7154894
-8589653 -2353999
-6719685 -2520886
9325042 -8366295
-8182390 6452045
8067453 -6590975
-9069017 2886148
-8236333 1463142
-9300979 2972702
-2258235 -3722273
3604612 9064672
6720247 5079901
648174 -1851441
-2024497 -560265
9501396 2708324
-136782 -5065644
-4903291 9975759
-2545126 1273566
-4576377 -1622975
7345422 -3220084
188941 -2758767
-9872619 -2070773
1908721 1119924
6608979 -8108951
-9314872 2607742
-5811234 6867096
1946997 4289740
-7561701 3425365
5381452 5111523
-9663801 -7069846
-2135490 4882849
4858608 -7284230
-3494312 2961220
3854597 -7686518
-8390250 1929311
9170545 -6283629
-5838050 -5684956
-2048680 1814278
-3778321 6070671
-1321587 -5439701
-8572605 -3093193
3712899 -4616469
8808896 -4109255
3518620 -1332450
1597705 4190348
-926803 3854820
-913058 1978567
7456139 6448158
8761640 5592630
-2478059 -6172912
-9940189 2887743
7202787 9208838
-6460531 -5778239
2808784 -4845893
-7769241 -238852
-815692 4003549
9387080 -6341846
-7934749 -7102793
-5918890 8195976
-5097323 -1899776
4471396 5678815
-9826266 -3507774
-7059616 -6441662
9150968 7629874
3973314 4218377
-2893880 9189261
914452 4033126
771239 -5691093
-8020634 4453921
-5784931 6096376
99925 -5789875
-9615368 -4084271
-8670711 -7996642
2715686 4966235
-6933541 -4589601
3605566 7618363
-5889410 7537855
3612545 3779300
-6074474 -2949026
-8730649 -4720135
-5530873 415193
-5551681 -9108177
-4799270 5383579
-7646148 -2264090
-6167714 9696449
-6093426 9085273
-4998997 -3551436
-1548078 6807558
1773794 -3669708
1740691 -8832392
1302324 4840253
-5105539 7862609
1641909 -2070734
4980240 8507006
-6213128 -1916212
8498981 -1234056
-342233 -9227649
6155930 5463652
5715914 -2625150
9587651 1026134
111407 9548201
-4003235 -6505775
-9698216 5112410
3959054 -3034961
-9351001 -5408070
9432183 8216097
6078706 1951323
9880589 -5673356
5350003 -9763032
-1679244 -2622818
-1340522 9136875
9909226 9336089
-2683907 833597
724799 -1418492
9607642 -6967993
-7419792 312450
-3676972 -7764599
7347812 -8906675
-9425284 9141164
-6266906 -6176782
-7960684 -8776284
-4308609 -6834723
-9991726 8118022
8354990 8088333
-4534485 -2125371
9527856 9192098
1044539 -3358655
7474942 1953434
-9465058 8360632
-8607360 -9283906
1028544 2658936
-2589311 6489200
98878 7351572
-990912 7274853
-8901928 673594
-5586338 2742182
-1576188 -6862612
-8744590 105054
-1806613 -9051562
-1176933 2126753
-6164797 -3824746
2816599 -1649077
2820709 4879743
3240375 -7192107
-6476013 -4127997
8530939 4633015
-6361432 -2931116
6936808 8457980
5732834 3737446
-5588960 -4054103
8688079 6830906
9968294 -8658945
1446109 9628243
-9423319 3740056
8383161 9639496
8331102 -8083900
-7216625 -7781635
-385540 1147701
-3528054 5604084
-8523913 -7145165
4203 -4066
-418830 2523378
981359 3642771
9896569 -3482022
2463875 -3285807
6061451 6823961
8165016 -6331693
5812902 6029745
-7713847 -388875
-8233027 -1094064
822036 -9330685
5404032 2614427
-6237872 -3878236
-8274152 -4981508
-9610321 -7249573
-4737287 5718288
-9241982 393882
6553005 4843883
-8638139 1739377
969922 6449574
-4210112 -3657911
-7473252 -2968627
5577470 -6045096
-3917618 856002
9761938 7863624
1049291 -9634293
2980135 583975
-777909 -3546677
-6011833 -741385
2009042 -6535709
9182579 -5622154
-2711919 7271755
-5368010 2456950
6712679 -6158914
2807013 -4006148
-5147707 -2317398
-2769673 8596901
5068157 9895393
751395 -7192202
3187774 -8849461
-8483753 513334
3613661 -5762935
-6793260 4496382
-6245003 5352104
8816395 9711259
-5910895 -1719608
-4447853 515327
-7027723 -6106462
-9749023 184138
-1305658 9684956
9883910 -4425658
-5828757 -3937013
8474732 -2885762
-7561612 1755752
2906292 -8257521
2255813 5626162
2379579 4422539
-8564727 8385826
3737930 -1897329
-2186070 7706622
-4012986 -4929322
5586005 -5580613
-1687074 -5944486
-3243996 8558282
759590 -8919745
-3345403 -2033302
-3453963 643501
7757739 -6657808
5097944 -4979231
-3236752 -9803873
-1661359 -1995764
4943127 1535414
-7562408 -9281780
-1179109 -1105248
-3398625 -1308125
3762553 6634821
-8945792 -4895259
-839745 -651442
-9576808 -8116514
-7036259 5916259
6399309 1182782
-8173717 -7865310
-4523118 -7054654
-2033885 2100374
2296501 -9425173
-8904585 -2754284
1297482 3151494
3869714 -1445105
7449647 3735074
-7573051 -7309395
1841778 6567374
-8327884 -1294146
8054412 -4587661
9812177 832371
9264983 8477604
-7823261 5292271
7426961 -1819356
1125991 6519374
-1380251 -7096156
5995023 1608458
8854174 3432602
-3415903 -393210
8161685 -7331992
6403083 -9546189
5660769 5611333
2178707 1346384
-9947761 -9981101
-4568762 -3632825
-284101 8106651
-899392 -4756584
3052039 -1019118
7161526 -6206301
-9686927 479000
-4100804 -9196131
2412328 -1067178
-7634575 -8105781
1501010 -6217146
-3549137 -8534126
-8080315 -7820953
306732 5370298
-3283318 96806
115706 5001792
-8631033 -3231079
7391925 -1936704
3306712 1084866
2582100 9008885
5318936 -3641249
-645896 -7740021
-6936152 5632009
7081184 5253300
-336128 -2007472
-5708265 1962961
3428835 3681234
5860281 -6741050
8629248 -2135128
7961679 -3832986
-8831194 7862282
7147556 -9406263
-1342967 -7462227
-3861008 -2944167
8581070 4480098
3355201 8721092
-9018929 3900006
-7951633 -7290695
478958 6561272
-5446200 9129551
-6391136 -9857170
3824064 -8638113
-5379163 7037699
7418924 -315655
-1632289 5766437
3628720 -2103045
-1509308 -463483
-5409357 776276
7832109 7147725
1627823 729635
-549273 -1070469
-7170463 7499377
-9791318 -7051849
9509423 7394256
-959840 687640
-6653178 6579575
7941463 2649024
-7796924 7170886
9371584 5078652
845090 9622000
-2481045 -9744353
-207835 -5526190
-2233562 -1474001
-4326276 -3100840
145147 8114899
-2955570 -182100
-2682723 2112226
5060377 -7609681
9784575 -9957689
-6753696 -2913848
6182080 -1175265
3990112 -3406874
6280365 -3360105
-8281453 6193188
-1668460 -1831699
-9059700 2563637
-446201 5850495
-5623506 -6751183
147977 -163411
-2048512 -7433430
