504 1251544 -5059218
704
-5959652 2366804
-8021618 -8281969
-5771816 -9513639
-1933813 2735340
-5248891 4936462
5393914 2749641
8138508 2297459
-4676316 -4198107
-4277643 -3091329
-9523848 370327
4089921 -6409642
8569084 8703604
9072705 8032814
2742875 -7986064
3265481 -7768592
4598212 200010
-5565607 7305829
308542 6576594
-8171714 -1337423
6115391 8374729
1124370 -3420605
1393206 1509305
7311199 -8220769
-1312098 6716890
9603569 5549908
1656618 -8319594
-9615990 -3790158
-5757343 225703
-5244009 1973067
4204475 -498116
2218246 8021472
-2156347 -8680961
7895633 6652639
7831568 8152195
6526925 2240271
8819666 3946960
7972617 -9832353
-8053122 212872
9446115 -2199832
-6649923 -6848868
-5168462 9049684
-4740473 5006695
7748750 7731901
-295032 -7981464
1520420 -7495258
3042566 6425796
7744835 6255019
2907658 -9113780
1554767 -1843179
-9602908 -6744421
7202539 -9401956
-9234308 9216759
-8054017 5175156
-7024675 5228922
8380055 -8607902
2958135 8841754
-3635199 5727945
-4023802 8217662
2752550 -5886448
9134646 -1802481
-5376685 6789322
3044341 2177212
-4420216 4884502
-6958677 8468352
-8276069 -349096
248948 -6561584
5171527 1442822
-3382022 -6469008
8759915 -366138
1025961 -7890345
-9048591 -343678
7900619 6500448
-2765538 -2683789
-6053885 6393170
-5409311 9987012
6776334 5597113
-9709323 -8269644
-868790 -7662972
-9194620 -4129538
5521366 2172534
-1872698 -7470689
3972133 8286666
-8182341 -6701171
2932691 3106463
-2267529 3093926
5266600 6475004
-4508196 -1316120
-1483557 3167219
-7923259 2726266
2713278 -5021090
-9423977 9183782
-9085862 -7994035
-5657007 3383053
9253515 45349
4734235 -4851627
-9805964 -2708767
8094251 -7138463
8676718 -3317479
9788984 9911910
-4477812 -5874239
3117118 -2478545
-1278312 -9211212
-3527640 8608922
-6148459 -245517
-2750254 -1450899
-2267116 -918829
1087136 -9657879
3725174 -8836626
-6274925 5430129
3094854 -4504959
-4697374 975662
3837199 3288890
2487763 -6603122
5825140 -4969731
-8327617 -5206900
-5169093 -8652671
-7863883 -2694147
8431127 3552595
5823431 -8875171
-326069 -7717332
1363840 5589529
5931650 -76833
-6397107 -7549024
397458 -343175
-2331782 -2672031
8303631 6008664
-8186093 2970845
6367723 -5342817
-7796196 4301670
9094770 2192863
-3943456 -6123813
1182040 -6074322
-5375 -1807338
-8166157 -386832
-5587812 -4181944
3923937 1507774
3947293 5776028
743357 -144412
2028765 7550187
-5121844 3657167
-334169 9696983
-4815820 5698139
-9644678 1479738
-4218591 -8448097
-3738881 5075479
8951666 7392531
-8681791 -5165985
3026677 -7349941
-5220421 -6170813
-7836405 -2623127
8884647 -808233
7484148 6087533
-4056879 2831941
-7101520 -9256143
4401024 7971886
185221 -2223364
5991127 -5933145
-1937054 5369402
-562343 -1137198
-6061719 -3639293
-6246762 -1784872
3049144 5406299
8056358 7587800
-8583013 8592173
-4030954 5352289
7060409 -6419418
9668115 7370046
-7281661 4544557
5288414 8127588
-1384174 -4383181
-4090193 -7794210
-3727355 1317400
-3313198 -8099066
-6719912 -3148057
3212650 -1359189
6855940 -2781631
-7375331 6965889
-2929959 -7578564
-8986391 3197379
-1450331 -1512972
-5416038 9499008
6869054 8126430
2670987 6768430
4896018 9587393
7720564 -9524247
-7318457 -6488155
4829245 -6369629
8047657 -8529460
-1677516 4032399
-7326790 -8672254
-1453885 4051486
-6466273 2045502
-3016710 -6312864
-599132 603768
9090796 -9486748
-9987740 7950537
6076967 6191111
2959541 -602334
-8498589 -8735694
4256411 -2144441
-6116244 9221975
-7147654 6937954
924846 1229353
-4738248 -9099997
-7772251 1763682
-4184831 -9548685
-4986831 -6709783
9493705 -651104
9952665 1996460
2509712 -1105427
9361462 1559813
-2249076 -4961676
4435990 5438429
-780913 3226817
-8917623 5937401
5159376 -6524502
2929804 7482485
-1288161 528074
-6055571 6371003
-1865315 3973591
-3058742 8688531
-8021252 -3533794
-1668545 -5529220
6467240 3988805
-7116621 -9199528
-5123363 -8506696
-3468372 -7755159
199623 -4856086
8370731 3483970
-578629 9418710
5410561 9453108
6935594 7097099
-9858475 -9143283
7227720 8163785
-5346272 -5914046
5290837 7878758
6861316 1594987
6065767 -214063
-6225257 7709123
8509595 -4950641
-3457337 -3341878
-8580685 -6613767
-1469853 -4409357
1590965 1618938
-6445999 9417230
1386691 -8987664
625787 8964562
2337631 -9161363
9002422 -6716336
9885970 -7918296
2476814 -6343850
-2232511 5176808
-5037255 -661870
-2952746 6349608
-8601033 -1262512
-2088038 8073201
-8540566 -9542018
8564977 -668722
-9049784 -7494067
4439516 155942
-6315370 7020569
-1498517 -4173793
-3335156 -3173231
110433 -9160885
-7079181 8183618
-8160232 -3596
-4826788 5397633
7252115 -392742
-4043134 -7347691
-6093850 6815721
4888923 9872186
-9669832 1818112
-8850610 -1135291
-6113005 8895146
-8432560 4615959
1636528 8326511
6669070 -4747929
2078840 -9861988
-9022873 5850266
4033884 -7810726
-5297970 6414298
-5671717 5873652
7997262 -7608406
-4956097 4096750
912472 6470481
6342667 -1049947
-9231834 8317747
9698808 -810813
-9399315 4433908
-8433781 -6414197
4428666 -7831874
-2579803 3202748
3340760 1097736
9464354 2015389
-3278985 -3165761
5764889 3498238
-628109 1423045
3814639 2609524
-3293726 9885505
6355986 1374895
-9675052 135098
-1547155 -4784995
-3079455 3609466
-9440273 -1848346
-5746191 -2478770
-7794292 -7874054
-2154954 1198828
4812916 -7857743
4157647 -8814194
-9463603 4277271
-2224491 -9121338
-5181940 -1182362
-8572838 -336248
-450742 8632699
-7476054 -9350211
784887 8421596
6152954 5365247
-8508935 1754085
9905739 -6926501
-6888919 -7949208
6693091 6675900
-2125272 7833142
9975399 -5461863
8240296 -7312355
6964916 -3350602
-9955587 8776693
-9889316 7256777
-3079470 -5137527
6011524 -8462154
-7812365 -1013860
9924088 8535471
3900718 -4511125
7242960 6077042
1666893 5391783
-41072 -334949
-3659049 -2705673
7643821 -3347981
1190156 -3267968
-580323 7619220
6784971 -569548
-9276502 8900945
6157722 -654264
4208209 -9165818
4888380 -6921748
2064392 -7263915
-8728444 -407632
5081243 -5495167
-9418125 -2311374
5596762 2324203
4505606 -5234879
2059448 -4444310
-5275939 -9153443
-2421411 -7780379
9838841 5914217
7861022 -485382
-1584437 -859836
8485900 8584520
1935054 7089638
-9832110 -4789539
-2053453 -3176566
-1067846 -5251365
-8230180 -8265545
-8060566 -5986603
-1146048 -7648305
9633168 7536196
5608238 -6640442
6722468 -5791032
-3571411 2848651
-8720780 6817409
-3667972 8783783
-2076053 9140242
241114 -2736057
-5646419 8926200
-5863339 -7823832
-8484045 7037824
4302811 -5400440
8850368 448109
-3022141 6072631
940678 -9210198
842350 -1651837
1707722 573847
4782815 -3549412
9299239 -9053458
7763951 -8788595
2511540 -9421541
2235054 6612331
6392627 -9564513
1878039 -7523832
7168689 -9253792
300384 6014701
3130613 1200996
4165457 7119547
-4291470 1980981
2770783 -8856684
-508520 6649209
9739408 -6386867
-7419927 3715554
-2821552 -2961425
-9233668 4395664
-2509524 -5057601
4071083 3277872
-3770288 2241882
4718050 463710
-6273730 8107751
-3361196 -5596909
5604087 4026655
-6337446 9769418
-5733249 -230455
-6570787 -628915
8536646 7037535
3167020 -4562955
1668951 792406
7830981 -1736554
5175462 8847399
6306151 1113666
-5608462 -7334062
4907820 377234
-9159056 621250
-1270998 -7857777
-3454686 -5432786
1110221 5367806
-2346424 4665754
-5564701 -2710872
6660213 1920328
-8525785 -9619136
-4182090 -2286789
8505617 -2842413
-2062615 7486861
-1149387 -1147050
9966616 -6887152
-4221214 -4843236
-1949650 -5641845
-2504243 3202959
-2138466 -8592354
-4025140 6224759
-5891082 4406848
-8411046 -398566
6890562 -5721154
-1284474 8540605
8921470 -3932873
3780338 189741
-136319 7255732
4742593 -5197693
3655257 7801066
-9086086 6109558
-8733678 3621874
496381 9209053
-5071636 -8166976
-6759330 7992138
-3266750 2789898
-2803254 -8268117
1333317 842168
-2362634 -8697947
9842658 -9259769
-3192642 6352893
9058986 8764128
6019860 3104048
422707 -1077333
9240086 -6721194
9388364 -5922036
216190 -9846000
9363053 3171039
-2479585 -9287429
1221062 -5708583
-402333 761086
2492969 7954312
-8687168 -689234
612819 6342638
7082869 -1049802
7819443 455477
-780394 6406579
-7973021 6878430
8317449 7755818
-8965376 2449686
-955998 7557535
7711536 2939341
8626732 1776545
-4994532 -409059
-3601289 -3852853
6908233 6226530
-3302806 5996378
-4692856 -598798
8260192 -1989974
-523423 5919963
8891793 5343061
-5734008 -2703980
6690802 -1888601
-4132783 -3707029
1259009 5008252
2565787 9418194
-5126113 2819364
-5404091 -7206325
2384617 -6499381
-352234 -398623
-4172092 1299680
-2703942 9072352
-9010094 2525102
3051481 -4880445
3555870 9250099
-2890488 5044410
-7659570 2447663
3075414 1375505
184828 1547585
-3444163 1458984
877178 3960190
-3220446 9121624
-8084700 -1732583
1768036 1375463
3493192 -3183731
8115949 3932154
3004506 9321100
-5637445 7928359
5564266 3994413
-4239136 -69612
-5025202 -8363511
4084152 2870376
-5754119 9831580
1379165 9675919
1134903 -3052938
-9092748 7935002
-427021 4528433
-7204150 -9796842
1578621 -5995369
820900 4563886
-8987608 7588165
6909266 -8546799
1897912 4016899
-9472336 3788173
6234913 9978531
-8384980 8804880
1675256 -8790289
3557643 -1784476
-2108557 -1562510
-2099096 -5063191
5388163 9026346
-3928869 -1191844
-988686 -5038858
-8517875 -1133019
5947219 3106287
694452 -5180623
8788930 6959612
-6507137 -9879930
-3575405 686843
-6818274 6536879
5341759 5175860
6385571 7313098
-4471378 9533367
-9512791 -7540433
-2603624 -4063582
7479116 -1611887
7196269 5300891
-9737966 -6449752
2417229 8723935
-5653426 -8255841
9079889 -1635551
7840413 -2442621
-9806199 7868819
-8927986 3849628
386507 -3381603
-8205743 -5746260
-8433162 8244618
294337 696181
-4327900 9611813
-4451769 781547
9169660 3068476
-1630633 5543699
9093947 -1117718
-2393783 -8852247
5408265 1511177
2391978 -5530856
2026523 4488154
2356973 -7251257
6598371 -5263324
-6128575 3428988
199080 9501230
262200 8182035
-1121784 -5717729
6410436 -9443463
1338084 4550316
-9864856 4475019
18718 507745
9390027 -8979137
4684969 -887334
3140195 9512596
6498092 -7390414
-385908 8048525
-9202732 -1475385
3261292 4487417
-9567243 -88009
-586779 7132717
-2168896 631838
-2569539 2191773
2748310 6709320
-6224012 -6159103
8315916 6602747
9626844 6427484
-35300 -1665366
-36348 1533223
1045819 7166021
9775607 -6896153
-8847628 -2456088
-1415121 -610301
6393468 4465992
-5622017 4362523
-5988407 6826226
9974416 -3692444
8499329 1842697
-8931630 -2595123
-6237874 -6236008
-9633261 7360710
-3695453 -7921958
-7070972 9993583
-5956842 6269247
3435268 -4590967
-8970768 5088977
5149241 -4272773
-2366722 -7818395
-836051 6250473
-6870652 -5973254
3369324 3541933
2365841 -2859059
1499991 3343740
-9251383 865171
-2854485 2568361
-7554577 7027095
1621489 -2487746
-9977811 -1250030
7535569 4550518
2475903 -5934653
1670676 970837
-785584 3505135
5686740 9336270
5586743 6847694
3390793 7367042
908975 8716091
8373385 -3239883
-9896142 5791168
-3343661 -126624
4958089 3368827
395923 3801854
3830460 7403512
8669835 -7982588
-915718 -3630999
434348 6205404
9692594 -8439815
5065321 4621377
3957647 -1092990
8271057 -6731587
-9364545 -455610
-9223167 1661850
8421967 -5939218
9851951 9150218
-8460054 1042177
6927357 9024642
-4657151 6498035
-3582100 -2676720
-8142956 1689661
8058663 -4912265
3809491 941327
-4982136 -8990637
5630740 3502085
4925448 2599537
-1615697 -411613
9132777 3196505
7374707 -8463890
8113245 2425963
-5907467 -1686974
9355204 481548
-493810 -4367520
4646867 6282561
6122193 -2634609
9055053 -8935233
8668854 7979237
-8563084 -369932
639431 -5005302
8496783 8971133
1570670 -3729828
5858559 -4061417
9135088 2471325
4007436 -2492311
9933652 -973853
7339174 2120681
-7397771 -5973815
-7824983 -789270
-4506709 -5375229
-5493485 6821885
403004 4131836
-5372575 6077920
-4292012 -8411789
-3417091 -3935658
7551827 6347419
5133943 7596044
-6465372 -8361151
4110175 992503
1016544 -7330284
-5787784 -1882389
-9761708 -6533452
-9990915 -8448610
762120 5356873
9981644 -7815897
1522340 -1228237
-7096401 7004511
3082431 -8074656
6029907 -2468976
