81 8882735 6459922
112
-8494552 -3073612
-8297008 -9572490
1011176 -9242575
6989188 9513648
5563154 1376219
-8439279 -7250098
-5939530 -1119629
-1891351 6386754
5005494 6964206
7494940 8072985
8711723 7858071
-2448977 2921491
-5127558 3781821
2744037 -514822
-1632087 -7384095
-457707 -796040
-7852178 -7610287
5663490 -6238363
-6724715 3158998
-5464783 -4830969
-2081067 1354792
-9764837 -3904062
4999045 1979403
-8540039 -9139836
1449501 4539
-9621038 8954901
-5607256 161224
6459398 -2070015
7415163 -734813
-5602556 -796565
8407395 8299428
3205493 3939738
217727 -9444783
-3769433 -1131016
-3445633 3493013
7364157 -6717864
-621925 4473300
8969055 115672
975836 6893472
9414363 -9570984
1900269 4941690
-4897086 9793325
-9760337 6293014
8074553 4078664
-6717900 171178
-9013041 -7528003
6411735 4205847
-2722583 4192452
5577788 9145815
-4844820 3507984
6790121 -7867845
6605455 -7480663
2635009 8684548
-1905628 -1909138
-1480122 6127197
1068887 -2491265
9818412 -9579852
6713162 -1311846
-7233182 -9941925
229254 -2695933
-223936 8565270
2771118 1216213
-4591335 8704152
7849967 -9951465
-3927129 3502806
-1848687 -6994853
-4475516 -7137008
-8452460 -5243231
-4636017 675845
-3196958 -358088
-333001 3883862
-3179638 388282
1592788 -514588
-456513 6049876
-6646057 4359606
-4558771 9772741
-6494694 3130007
1834159 8212347
777234 -8569676
4933130 -315874
-4794375 6850105
9713098 -6915557
-9642436 -6753539
3922306 3776990
5935255 -4278452
2121762 3241701
6146335 -4397746
-2395982 8942124
4992000 -2260877
4615081 7147506
-563401 862295
-6007698 -9943690
785009 -4541742
-3111418 5826462
8026940 -8437757
8412349 4338064
7422507 5748918
8995379 641799
6935141 296424
-1465676 2917686
8675739 -4613252
989003 3172438
2114562 4822074
-7438803 1109373
-1743121 9622914
-6998439 7176278
-251059 209831
5668089 -3006137
5336677 -9466050
-7903806 5073023
-588913 -4120030
-8371112 3024895
