231 6426553 5240738
407
8938412 -7901756
-9373025 4773808
131962 -8800002
-7718638 887873
7560447 -4026462
6531751 -6231812
-9958526 -116066
1751997 5700861
-8997064 -1077376
-9111234 -7834241
-6139368 -6360407
-7912666 -4635343
3181451 -2701741
7035379 5756174
2182727 182209
2280453 2276117
-2950074 -6362509
-5162511 2907428
6311654 -301760
5671778 9635204
-6596608 3872101
-6243965 2203529
-9579258 5961218
7400194 -1975616
190144 -8576322
7579624 8288961
6169970 -3432872
3865387 2183310
-2060516 -8132226
2049983 900767
5693236 2638563
6276055 -5669563
-245783 5259514
-5042246 3629896
-4218548 -3934129
2454324 -9370468
-4650586 -8298803
7662415 6210359
-5765256 8286508
9710187 -2421038
-4132077 -3058760
3508368 -193837
-8010527 -7962107
6422019 9890107
790874 -7554691
-2399776 -1527997
-4681208 9000463
4259977 6392631
-7461120 -2410639
-3828415 9217732
2363616 -1679668
21529 8625909
-2647379 229382
-1484109 -9799703
-2220741 -5896283
1044957 -9257570
548593 3647182
-1798573 7069677
6959784 -4945582
-9983921 -5376553
-4388198 -9732989
9267474 -2383697
-5991065 -6553054
-6447341 3527451
-4738465 9064167
-2615501 -275756
-9133494 7625152
-2145466 7406029
7606326 -9264521
-5160804 6370425
-370793 7901937
1549119 -1599495
7986534 -9822200
7748570 2266898
-593303 4946318
-2270319 7764649
7897305 -2465149
981797 -3002845
3040959 4422592
3486759 4534457
6775053 8302494
-1556002 -9128742
793639 157911
893390 6298533
-4814690 -9083683
8818254 -1751062
6649443 4814518
-2491330 -7116275
5150624 4635977
-7901352 -4742759
5538242 7073673
-5391475 -171671
-658163 3435547
-2141861 5590322
-7358869 -7617204
3201642 -8655102
4732509 1932537
-7909552 -8354359
460526 -4473852
8958818 -4499809
3749129 -1837812
5493058 7777072
3177150 -7085075
7550902 -6998271
-9224678 -9155874
7917799 2165902
-8005768 6313564
-250888 5042676
-6850649 1336069
-3764783 7607251
8952150 -4209518
239371 1953211
3598852 -3798989
1727159 2329820
346363 6575730
-5262081 685977
-9020598 -5904508
-2989583 -9769023
5749058 -3327096
-2482970 7077672
-756426 6524380
2837945 7951181
2993858 -6245842
5090227 -7412943
2710660 6143209
4450043 3841796
-4204992 -5820838
380173 7205767
-7948061 1910212
-1514057 4623685
7826014 2398302
6493794 -4259786
-4028809 1321768
7994672 6020564
-4385412 -8279750
760982 8028054
5979236 4858162
8612321 -6401073
8702336 -8510554
149007 -3781100
2577049 1412997
-1891489 7115402
4321169 8372057
-7201379 8488685
3112370 6373108
-1228590 1284564
-458870 -6545264
4776505 7781557
-3681527 5512322
-251076 2771177
799232 1933061
-3208777 -9490094
6625186 9294820
-9215734 7919896
-5861203 5327522
9256871 -6550375
-9434973 -767802
-2395745 -2634617
8370420 4886197
-6224343 -7080772
-3279855 -6000858
-2546122 2547068
-7155023 6261275
1773597 -7769617
-2482087 -836550
-8903489 4038873
4548780 8317145
128317 -9595914
8323983 -6309682
9017840 912583
-3121440 4979132
-5788670 791064
672799 -2556413
4846136 -5668063
9767517 -956781
-4441287 8621794
-6314786 -3512338
-7251062 3012591
-2240673 9046543
-1790007 -2961113
-8922239 5277240
-3889263 -8177144
4743294 -1857107
1833211 6239054
9667989 -4416371
-9437239 -6632597
4158467 9062901
-3493512 7290443
4138732 -5168734
-3609163 3868977
-4992877 3906250
-9606088 1949550
7478494 -1307663
-9744768 -6857150
-7301910 7754173
-4452235 -9018423
-7195567 -6224149
1918744 1658502
-9586092 64079
5647709 6268307
9635710 2598249
1661150 -1273178
-3982734 3794178
1141796 683990
-5447033 2672350
9094952 7532634
-8001464 -439910
768779 2005217
-2335581 1993382
-252445 1024011
2005588 362509
4138360 5295320
9470174 -2673627
7390453 8573456
4841763 2400434
7515035 3038162
-8235016 4477474
-9211996 -823815
9860176 -9701398
-4512695 1929800
-8021214 6929495
9005938 -5417743
6587474 -6022677
-1512943 -225283
3315081 -5748106
4614403 8234613
-3953715 7837021
-4836605 -8730884
9842572 8032812
433246 5070200
-1891638 4684336
-8321838 -2051718
-359181 -7610302
5204653 4982518
-3087682 -7982653
8946843 -9308042
7790567 -8592543
7901132 469133
-9756150 -3105606
1146288 -3611811
-5377198 3558931
-6087695 8277043
9546159 -6814560
-8781748 -924300
-5854100 9388732
-3410580 -5832150
2116132 -5229386
9676664 -9216066
5766452 4273304
6290651 -2602331
-9394021 5195122
6602579 -2246154
8222979 8396547
-4709059 4503711
-9108099 983182
7058465 -1046419
-2769376 8031055
-8783505 -9029230
-7437178 9293136
1198220 4951099
9118950 -3291278
-6004312 7787640
8571574 -6248566
8024738 6188705
-6413626 -3145622
-7950500 -3168258
-2898060 6708706
5105253 8652080
3155791 -4675080
-1175546 2912546
4382479 -3435956
7111452 -4117081
-3146310 4129455
3422591 8327947
3279047 -583488
-1358413 -5379189
4924803 -5085651
-1334217 -4846373
3858684 -3987271
2867107 9206874
-3961384 -38589
-3329883 -2567040
-3914960 3140556
981828 4291722
9720620 1757183
837580 9806282
-4310798 4103099
-1767446 -2050968
-3723021 -4940756
-3007892 4171498
1308661 2072378
-496921 5633695
3303675 -3766535
-5237454 8168863
-107911 -2837641
-359878 146006
7578966 5930705
-8412387 6310239
601961 -6335994
-2062459 2569442
-5107924 -7161067
6942032 8775121
-3275847 -6902370
-1843126 7690939
-5621211 -4482515
106215 5148983
-6700970 5687450
4437267 2125647
-7189138 -880943
-1202231 9199814
-8137828 2702951
-8849992 8437891
4748131 9441138
-6894856 -7262379
-2176585 7866444
-9294622 -6440963
-7665841 -4768156
-1670526 163762
-9628947 -8425336
9608501 -997299
-5848316 -5250158
2953645 -7768931
4356716 9967066
-8397524 9907264
9107078 7167578
-129471 400245
-1161864 -9030750
2926740 1020537
-3725490 6102619
3969064 -1451764
2107274 -3385722
1846122 -2809206
-129092 -3042215
-1467551 -9824404
-821703 -7241686
-9975492 -9342697
-7111628 -4153667
8329752 2978153
2885418 7245088
4412666 9932228
-7151175 -5491152
7994451 6799547
-9663564 1686961
-9694067 921191
9469428 -3389054
3225224 -3208651
-3501505 -5906946
1050839 -4928654
7763295 6369403
9127717 2099640
2756943 9457944
-4695722 1668578
-5353269 -1838333
-4593245 6150382
6082610 48501
-2926298 2335773
-864680 1447787
-6865252 -4931847
-1494304 -8011892
-1400945 5957033
-7251618 -9508524
-5415470 4340631
1928330 -753123
8132633 5635369
-9748638 -308375
-850431 -223298
-8554720 3008305
-8830027 -3029801
-6879419 8608364
-8826783 9093080
1428854 1719543
-6832670 -1753081
-4168576 3080526
5068635 8818431
4775464 -3146527
-2655051 6184042
524673 40199
9287076 1929480
-9918799 4969355
-5339020 7419709
-2803588 -9667437
-4142779 -3673098
-4186547 -8841956
9766408 9543546
8636626 -1065965
3169930 -9060374
-8297103 -7418168
5662359 6337261
-2327956 -2465678
4387795 -6752654
1947740 4963860
-4995941 4249096
-3821424 -7527587
7441769 -5708864
4227197 8776130
1625045 4619101
3462355 3939961
-2385642 7482266
7025812 9275809
-1790156 -2619234
-9163256 5662439
8244271 3896126
233387 -7460358
-7409684 -3577018
-7813320 421783
-4614356 -505537
-6256441 4134420
