259 -2319997 -3870050
702
3033680 -62658
-5349437 -3510915
-8625214 -2445881
5249913 -8149220
8727631 -1044211
9064785 -3670580
8223152 -2452231
2884435 5535582
2658556 9565727
1367939 -2310640
471006 -3541690
-767488 1550749
3860599 3389601
-3677888 8476493
-3843503 1497653
-8565005 2452062
1457500 9190177
9260648 -3914442
-2063662 2832286
4304428 4510561
3356333 9180321
9244442 3369213
-8578853 1579485
-6338436 2128878
2334590 -3403944
3054366 5029503
9096604 -7194404
6195197 4803231
3279724 2957203
-5545144 5033662
-2514276 9436221
1142750 8406204
-5508238 1459576
6808215 403398
7430311 -5055547
6641126 1112643
-5518144 786644
4882481 5885569
-9469201 8419355
7531763 8544045
-3910100 2865389
5670985 586130
-4610639 -4813496
660060 -5617466
9416196 1185437
621659 -2368732
-3962528 9418273
877849 -8235591
-5315840 -6954413
-2009960 -2313936
8798707 -7885529
-4582532 7147518
3033087 5796915
4216271 2816301
1360347 3563886
-3570725 1748034
4850516 7450247
5153104 4616612
8999147 2756229
-6058333 -4186836
-4039216 931695
349968 -2920322
-1155913 1998257
5043844 -8772182
-1086118 -3955401
-9324577 5550236
2697754 -2287410
-6490495 -3907109
8909192 -4269158
1811080 242128
4506515 -7214109
2752491 756708
-4626680 -642969
4629613 -9578053
8751463 6888819
-2179485 8571280
-4349042 -5287753
6710504 8170483
1914653 -2988603
-4427651 1754348
9820936 -9171464
-8942522 -3752228
2340663 2518691
765885 7083335
-2674536 -6233793
9068451 -7423035
3333673 4348331
6221714 -5662706
-5240759 1223346
-9371483 851327
-577393 -6489296
-1777049 -1550968
9135868 -2410083
-2882333 -5066544
-795844 1050521
-5604591 2690016
8937788 -974907
4060136 -4547113
-7463777 -6205197
-9922638 7342373
9919338 -7621961
6726370 9145813
-6516893 -4230636
-490938 2948084
6315764 -1757652
-5730596 137579
1102964 -4261629
-4155359 2492356
-57836 -7244816
3805705 2962308
-4347676 9146320
-9312235 8201115
6170354 7106464
-9098733 -2735747
-5393374 8706577
3600968 -9021371
2640795 7042317
5328033 327338
5791775 -1359746
6882603 -5162905
-2508974 2107539
362262 -8847993
-3839285 8593990
-8650826 -1276745
-8314437 6102879
-2234448 -2328768
8388699 9854239
-522945 -9030331
-1766077 4559053
-4218017 378322
-6126696 -4643099
-7600782 9382951
-7773358 6514099
-4845647 7727251
5080698 534769
-7357692 4553308
-1778332 -7428275
3682067 -4479078
4244178 -3101265
-6998385 -2452406
5218826 -1553907
-9183315 -6716481
-5746812 3607525
-9317070 293740
3188415 -4996537
360365 -3535087
8364217 7061719
-3907830 -4724065
5519539 3107211
-6358020 -6237125
832536 -6883411
8204666 -3715712
-5678438 1570556
8469291 1886734
9434328 1082092
9528186 3987258
7270777 -2830494
3293383 2861223
5671315 4040318
1560133 -3507335
-4526069 -1140270
8437801 -8079502
9712786 -6161852
6945359 7046323
3325551 -2251323
865266 -9412661
9387979 -5841913
-1755005 -930067
3473019 6225893
-2692014 -3285714
-9298455 -4576301
2593205 9352524
2213747 488674
-5471008 8402940
-5104395 -9598586
-8222503 6089126
525976 369536
-3275964 -9784702
-222026 -7244886
503791 6185747
-710562 -6896475
9777964 3885410
5471695 -8806231
7419663 -1977041
4737245 -1055286
-3115235 -5272351
6596525 -2044858
8443817 1994322
397262 -8673376
-8271962 5489161
-5905361 -2190781
695108 -6494465
6237186 -2863032
-7591566 7419144
3604892 -3984840
-8364963 -4571422
9313988 5410682
6604452 -8586999
-8047688 4785683
6246749 4024115
1268116 6689557
7161052 -6868486
-2357812 -2135359
-8292383 -1878779
6126734 8039450
8365021 -6564345
9457543 -9778626
9874694 -939871
-3520726 5694729
4226241 -7716872
-2288294 2600518
-1988800 5861278
-209369 9542046
-3155919 -5384348
1156119 1742943
-9051148 5607182
1255048 -7575765
-7194772 626256
8747477 8897236
6936686 -5487155
-9535147 4874212
-2388062 -2181940
6878189 9922396
-1866523 -2513368
-7713888 -6642537
-1525667 -7640282
737348 -2181
-7943783 -998114
3617538 3044331
7303626 -1099701
-5492519 7290010
2230597 8252478
-8604913 5762530
4659766 5035826
9548671 -9857436
-2466872 -5887195
1930865 -9986476
2452272 5145066
5148050 -8674594
7199222 -9414251
-7054533 7434163
9948334 -4326445
4675441 -3800833
9243498 -7995449
904850 -9190668
8099342 6547124
-2684045 -2071316
6207566 -7153709
7882117 -1288958
-8630042 -6616316
-2503511 -52859
-7522983 -1096913
6564505 1943706
3269113 4929290
5515039 1712556
-853281 468335
-1341758 976859
-307622 -904947
1099604 5850036
6659368 -8547771
515705 4520807
4965843 -2724938
121353 348012
9059054 1173409
4557093 -9480177
466964 2945365
4364804 4569935
9029993 -4539667
-9610377 929309
-7358135 2299106
5283793 -1578985
1914226 1788584
3399989 6458388
2308424 -8393396
5575185 7015946
1536753 -8515856
-8724442 -3909109
6438903 9018948
192357 1396911
-5566914 -1985690
-9040325 7265802
1835737 4900050
-9639616 5324479
8770140 865731
5681189 3266359
4203726 -8587994
-4283058 -6518665
9939723 -3882048
-9759091 9116932
6132878 2248147
3732291 5816094
4423337 -9814017
9204931 5007849
8921112 862241
8876551 -8086360
9179442 -6645801
770601 2352578
-9806591 1015180
-8119089 -6352663
-569951 8963549
2891907 78452
3559787 -6366225
-7731920 8608850
7725782 3499510
-4252343 5025341
-6642213 -3624988
-3439005 1996300
9520501 7781125
-1356634 8282278
-9804082 957966
-3171483 -9963731
2388847 9375360
390540 115470
3762808 2582256
-5937843 -5212197
4866256 5709209
9342984 6954065
5562915 -1573957
-8074446 4127416
-847243 -4194951
2180061 -9810437
-5297784 2510545
291670 8741056
7023334 6739069
-9786613 8935036
1487657 7219252
-889036 9558256
-326273 -6123496
-1024888 2017857
6805660 5952887
1662096 -4446379
-7492314 -5811732
-4869336 -6478568
7648849 586953
6392002 9572570
2278485 -3198394
1828503 -1427937
9829471 6980701
-3763877 -7879827
3571561 6852805
-3411591 8965862
8524119 -4940782
-8547926 -1784274
-9766417 -9285802
6667085 -7056462
-1502840 7039243
3743864 -9154467
6883317 1004846
-8408200 8874528
8447098 4532166
3850125 500154
9072218 725583
-9777363 -4321372
-9684846 1418041
-1729153 8975112
7940974 -3596933
1462286 -2624392
5591334 -1018555
-304357 -4569288
-1625749 -1658731
-4619487 8879080
9724613 6871411
-9607391 1640729
515257 -875717
-6343551 -8015591
-4999084 -8521293
2204290 22926
-1782093 -5926866
5491175 -5056721
6434743 -1466939
-2547520 6278374
6170335 4375718
5873515 8914766
6861831 -5721979
2619291 8085511
6964591 -4763918
-7892507 516156
-7843115 -794443
8329840 -7499898
7000864 -4811506
-3332799 4502641
-5474432 -7998220
8591266 1387843
-1152525 -4740173
-3690760 -3401207
-7122832 -4717782
2174288 3761720
-4807161 1563855
5841876 -1952196
-3866685 -7945330
-2709248 -9022481
1493675 5614258
-5180185 -8085403
6931051 -3833088
1355406 5666007
168649 3931915
-1549953 538959
4443155 -2789431
2470396 -2958687
-3843541 -6709370
-1427152 1295988
-4942292 -8450021
3113834 3263489
-8688707 -7233101
-5178431 -8527938
-7550418 9960960
5575218 -5371327
-3456730 -3540391
-4857126 2911386
-1422607 5990674
-7561059 6498280
9553592 1262394
8472963 888989
446654 -3486901
-196271 -6540289
-2727949 6603113
8153092 892929
-5843582 -5153888
-2386989 -6216722
-4744659 7984063
461375 2434581
7063254 -9778725
9197236 8552946
1464332 6122877
2113551 -5659890
3354743 2558077
-6179528 -2931156
7957833 2908335
9421434 4809787
785851 -9079160
40305 -8258485
-4849204 8057902
-7095986 -9290250
-5506972 -8176433
2323982 517026
5467959 -7735279
5002348 -7214642
-8661696 -4952435
3686794 4199585
8539695 2802636
7877065 8316697
-4614458 -5589210
7319125 -8302463
-976323 -6656625
6780567 -743089
-6485222 9809528
7867430 -3179127
-9953025 -8818073
-6994506 3287797
6321175 -5459997
-3195275 5329476
8114834 1789134
-646949 4323425
-1476990 1969490
7288478 -6960154
-8643457 9579058
-6010152 5165544
6863081 -3257915
-7398187 3825326
5598589 -4113242
8212638 9382380
8719605 9113368
-9704705 -1403579
-8115782 8766580
5822936 5817141
1146617 8205393
-7489121 5144013
-532562 -8222196
3747294 1863930
4903776 7990449
85859 1035773
-3798683 -1223328
5518757 4075707
-2098967 5580750
-8532491 8120570
19303 -6500377
5129343 2196499
-9207080 -8744740
2538193 -2059010
-6241869 -7322862
3398883 -1638871
-6494858 4904748
6682552 -1573886
2806397 -4511068
5995733 429847
3981972 -9773475
-996803 -3918408
-9842700 -9816711
5764039 -5478045
5158877 -1941667
-5925692 -252100
-8055600 7694532
8949793 9203651
-2855359 5253672
7930811 1487986
2365467 -6580876
8323873 -6153954
-5211487 5870609
3875893 -2477223
468976 7594910
7821435 -128373
5953219 -5549052
-5365763 -3175367
-6137060 6110519
6685205 2914629
5178881 9021817
6716350 3275865
-5004131 -360367
-5106694 -1817505
2186833 -5343138
-1924013 5340469
1702867 -5447700
2939261 -3600140
-3561011 6491380
-3397358 -3184846
6686781 6907966
-8641086 -5575922
-6234937 2640001
-8733128 8509504
-6059515 -2371997
9166172 468429
-6255705 1635718
-8724648 5882522
6581369 -1259836
3397026 8685010
-3458169 -1231798
3320502 -8526987
-9610775 8244698
-2747569 -3740237
-4408730 -3171785
6252533 3855073
795503 -7721949
-2565596 127799
-1362697 4560566
-7811431 -8782371
1686058 -4905860
6729859 -8645258
-246384 -2053295
6686869 521563
-8277075 -3665014
-2380460 -7399752
6589613 -9218892
1542158 3456395
2232510 6978839
6323406 8794589
-4833985 7823780
2618184 2575939
-7296262 5961518
522085 2568940
3786569 -6142606
-1048466 -4772994
9098100 7988980
8452037 8197745
-8764340 -8631931
-9780593 5138907
255507 5474937
6256045 -2161053
-8704658 -3154880
-6176041 -2201796
-3407207 3527853
-6132015 2663717
-4760344 -5724840
-9763321 6486169
-8428538 -9540253
-5682859 -6724884
-8981526 -2125617
-4136637 -4214973
6499125 -9883425
-8515356 -5684599
1970660 251137
-4273925 -8295949
-7940650 -7773833
-8412361 -8017880
-219676 5871045
-8084750 -4588401
8075316 -1110530
3164630 -4216765
4785757 5831325
-1192576 -4082339
-807223 6357219
-5768398 -4359083
-6057704 211252
-7155821 -7388682
9443071 -9558579
-6791089 6845175
1065578 -6069917
8672602 -1065014
-6566542 3124928
-8487675 -9739759
-4328160 -4269865
4619605 -6572425
-789189 6263509
-5388814 -9699413
-3781751 -6003432
2870139 3418610
1575879 -2072622
654982 7101741
2229411 5518175
5959597 -3984487
-7139312 1672482
-1881083 1684860
-9380154 3926266
9567547 -3208481
-2948239 6569656
-7700209 -8920128
7023800 -4760047
4019814 6919396
-263664 -3765389
-7252469 8631000
-5434038 5954585
6398315 5617670
-4764237 6141841
1660017 -2946702
-4414837 7465175
-8345991 -9864034
-5662822 -1554148
4888470 -227073
6564446 -5042976
-8473320 -3027631
-1947758 6132559
-8627487 6342824
3262220 7592394
-6172995 -2091321
-3460320 5514908
-6014155 9090888
4708558 -6378006
2280188 -9615839
9953811 2460673
-7557800 6456557
-891125 -4461026
-3498822 -5903790
-3614511 3446053
8403077 -8610351
-1637982 5466287
-5884801 2446109
-8694715 -1069388
-3476994 -4512288
3396391 4567506
-7401234 -7133637
-8042749 2452423
-1409230 -3415388
-3031227 -817839
-8357165 -9129042
7327515 9438936
-5022090 -5914965
-9302403 -3563610
2398795 -6004559
-4614910 9599438
-2417922 -6681776
-1719315 -3736540
5194073 1697277
-298659 -414029
-5846523 4233431
-383853 -6902268
-1933492 9268595
-4146793 1573398
3271912 -826370
44588 2821980
-5222732 4914747
1516134 9888455
8841197 -244821
-3733028 -5269916
6845874 1239992
4558216 1652062
7915522 -5572048
6125229 -7161099
2424872 -4374053
2375731 8342922
-8559345 -905299
-1636703 -8008122
3565276 -7976485
1197145 -3267144
9554837 9353540
4268287 3758085
3646540 -5667895
-3396364 8300774
5547210 -4995911
-1239567 -4613040
7039022 2393084
-662611 5835001
1190254 -2529103
-4386804 7978970
6321893 -6384873
-4773820 7988927
9980805 278900
2302415 -3894171
2838686 -3937566
-4584026 6015912
-226003 -5090125
-8241668 2200614
-6982260 5936889
3457330 -9121679
-3734719 1081302
-6525614 -7782237
8052764 5820656
-6708447 -4671873
-6692902 -8240630
-4625503 -1095251
9410029 9628991
-7575757 -6882970
-8260789 1907186
485972 4726658
