495 -8787911 8369797
842
-209599 4910187
6586350 5111246
9681032 -4116815
-3711797 -6534414
-5973445 9603484
-1408303 6331654
-7716693 7515122
-3246599 9161848
-3696844 -4487103
2913094 7973888
8939587 -2665220
-4288968 6384949
649921 -4929116
-2457549 -7172854
6555587 7086114
1996301 8428600
3539847 -3654012
-5254475 -1417349
-5435411 3220879
-4659284 1033728
9881735 -1408856
-3893734 3932413
-4389387 -7834958
-9805709 -4623981
-6650093 -5569879
-5718747 3107385
-7991314 -7710505
9876731 -7715
-4664217 -4825041
-7738927 -2580818
-4152218 -8108630
-9246289 4257375
-7159974 1903981
7641213 -4500764
-950683 9920968
-1487888 -7018071
-569306 -1068948
-6387554 -2865269
-4972898 5041307
1987780 -6193263
6914122 -1622990
-6817143 6269034
8777671 1439160
6614120 5575940
-7004878 -5886545
-3995175 8875193
-4351080 -8640744
-4220410 -3241464
-5225875 -8994701
-9073733 -6579197
-3597268 3823442
5270846 -561621
-910538 5833426
-6608915 8883292
-7309971 4116565
5009927 -2104783
6680603 2120503
-6440337 709136
-3714924 5458275
9571730 -9826217
1565329 -719802
-6844194 -4423445
-5148556 7214249
8219548 -1064604
-5127449 -7858079
5965363 9145815
-8899453 1275283
9625061 1236209
-7364147 190009
6822926 5532498
-6572284 -4674118
-37263 1832853
-7458011 -9891681
-1917054 3522400
-3787464 -1172935
623615 -2345324
-4252416 7777865
-2491534 -3704226
-2252478 -6884620
-4742699 -4271985
-5126170 2620074
-6104643 -8777336
-5024775 -4025623
-1319261 6036771
-5914379 -2388922
-4546688 -4496335
-147129 -2486663
-9861991 -2067599
3971153 -5088788
-3745370 -1779045
-1608016 -9816311
477906 -605403
5690371 -3344080
-228700 7986373
6230740 -6562106
6057968 5028601
-1232383 -8895430
9595300 2469677
-1493552 -3740806
-3613376 -1723961
-3703944 2592070
2621759 -5643712
2288689 -1334721
3576492 -4723880
-3986572 -3740158
8959884 9831122
-774281 -3078236
3577684 -562210
9940515 7432443
-9129663 -6651016
8377585 6171255
-207822 -555343
-8085666 9661554
-4079252 -8096170
179869 -7062865
-1954443 2307372
6663660 -1007723
7657557 3183668
976141 -8531299
-2271457 1234049
-6418477 6989569
-6088667 -3311573
-1357430 -4676406
-7243963 7489017
3354353 -8900563
-212955 6142726
-4412617 1731938
-6090156 9579223
-8516947 -9981930
5471557 -169408
4654316 -5820726
-4312097 -6482886
-782866 -6165672
-4696971 -6654540
-2904139 -9806725
-300804 -4452076
2236352 -6806264
-1482669 3610529
-6384102 3395274
4494711 1273368
9932447 6970251
-8781459 -5718244
6377331 -4480170
8054252 -4871615
-2524671 7860384
4556010 3525809
-440725 4645997
996677 -9756086
6105726 1292762
1486037 -1183942
4363983 5717940
8911676 -8814766
-2687885 9116687
2511961 -2570993
1218728 928014
-9585383 9523024
6321133 -6332473
-812643 -8366841
9277896 2698464
-6924799 9757962
-4199877 -3246774
3915575 7631211
391477 5359399
9168513 -5087747
3728311 -3502796
4731496 654550
-5643864 -9391354
9725333 3643172
3588532 1668252
5112618 -5246354
-5723329 7323612
-9008861 -1956413
-323254 -9402196
-4187380 -7305152
-7547190 -8529005
-9259427 -1112179
9035385 -9230714
-1354963 4656148
2084753 -8056786
-1559582 -2186450
8468100 8329417
8938063 5688266
-668561 5340589
9525193 1179749
5933395 5436323
2759935 -2845837
5197750 2726418
3324222 -3732574
-1037726 7390849
8861844 9136843
-9458984 -6068563
-5299277 9602417
-3225083 2092753
4035968 3345760
-8840690 1376023
-294560 4992738
681005 2143762
-9999297 -8840145
2339604 -9987556
-2034881 9525896
-3319941 -1727000
-9000582 -9274946
-3007520 4394162
1785011 -3160007
8493188 -1528894
2402543 -6836793
5281976 1550556
-6356690 -380382
5481730 -7943107
-4050732 7679278
2672016 -842608
-8698845 5654708
6814564 -6646979
5881817 -8698142
3344107 -8329480
-56480 -6153064
-5428010 2540518
-3065320 -6540709
-7184364 -5919178
2551929 1236043
4399250 -8691176
2859380 7470824
9606795 -318774
-5745528 -980958
-3301680 5088525
-5754082 -7279908
8374801 9370337
-7276642 8063425
1881635 -2294283
-623763 8605176
-7547888 -4774258
282613 1836110
5295401 9540455
6137629 7217293
-9030311 627389
-5547435 -1310442
8676735 5368939
7566518 7311945
-3669012 8283530
-4111593 4337342
7057434 -4454340
-5084003 -7349323
-9285898 -2051413
5654304 -2360644
8760884 2595738
337832 7546894
-616996 3729348
-4213845 3136797
354091 7194757
-2177854 -8076215
613343 -6159868
1725423 2274711
-7896992 -8193570
2606312 -8191707
-1338013 -9049652
-3503991 8494720
-8854603 -4280578
-3815639 -6071642
-5915934 4375852
9487942 4355018
1901912 -7155050
-909349 -174226
-7037428 3801268
996025 4876806
6800591 -4166985
-7810501 1334523
6125586 9930287
-8263283 3914922
5723216 744946
-5788353 -3140618
-4645898 -5614797
-7379023 707656
4636014 9015851
3391703 -1194661
-6839643 8720081
4081383 -4604003
5221772 -2421379
-8620111 -6827966
565193 700696
-949937 -5107734
-1256859 -2634216
-2703929 -6244086
7670836 -5131273
-1869975 -8450859
-1591477 -4089596
295608 2341672
5565680 -3721023
7811180 -4567063
-3245372 -7281953
-8561872 -6280764
-884767 -7568663
9958 -1964137
-6275750 6853357
-9929595 -6093801
-1201535 4289443
-8344773 -8363180
-4607266 57958
-2556963 -8532349
5533144 5579923
-8509673 5573063
-9568913 6458019
5253348 -5697713
-264775 5996768
8714815 -4419120
-699884 6489853
8921191 2669295
-9294842 931702
-9698589 -8552499
-4646299 -5570592
1235203 -9628183
4524989 -3331482
-757171 -4593217
9390786 2434076
-1986001 6685866
2258929 4923930
-6101699 -7979322
-3677034 2690017
-8796863 9151649
-5267471 -1425457
7580748 9917952
2587247 -3451002
-2948 -981709
465793 -4191243
-7245482 298463
-6813368 -1664154
-2479284 3989721
9396504 7711622
-7337950 6763545
3449412 1303642
-3772428 676049
2696727 8224693
-6568938 -7357775
-8206126 1536045
2626940 -5365801
7068503 9042756
8108106 207689
9225980 -344250
-2019140 -1894842
919973 -7791875
-6939677 735378
-5274901 4106606
-5665420 -6902608
9860937 6637956
-2058402 -3003370
7672679 -4173299
6567747 -3314477
-8155900 -7114242
-3061844 2515161
-334287 6154327
5197083 9565096
-227215 -3265784
-1093681 -4178459
3926699 -8484882
6239595 6887179
-2377443 -5153328
1469630 9299919
-7602689 -5135992
-8498036 5804210
-7199160 4774600
3117654 -8040085
-8838210 2989871
-1608018 -314599
-7799438 -6994110
9160217 5330138
-2588414 1866275
8600492 -3126348
2695193 -299276
1215842 -9976837
6910342 9138244
6501269 9971789
1788060 -5467101
-8086741 -2029101
6291462 -3298277
-8523676 -6584776
7891491 9092302
-5401474 4593978
6795731 1569633
4575523 2990508
-9163002 8996293
-6621079 -3747907
-4357903 -1751416
7949308 4495765
4518928 853643
-8113 -8318498
-8346708 1429270
-1521479 9009508
-3019592 3441352
2659428 391780
-3676644 -6728130
4880524 4135752
-8753918 6731199
-1699168 9479050
-5014090 8041813
-445542 5392708
4161153 -4177092
4071493 2933379
-2570856 9803250
656893 2020801
-3781344 4464424
8410046 3165133
2174641 -2128052
3829652 -3111433
-203300 1671401
4943271 -3510920
3141184 -1363592
-4632392 -7659852
4335550 -3096382
7461783 -3815208
4093852 9321461
7660721 -2983758
2465973 -1744995
-1941744 1732214
6269368 2411470
-3124106 1231501
-5603366 -7511976
-7123676 -4714059
-5309140 6571276
-1757323 6705976
5711409 -2996088
5640321 5702301
558801 -1147407
5756212 3524281
2225425 -5105649
6732164 -4265653
2750589 -3680722
4574283 4392886
8641452 7732915
144385 5148891
-3619607 4910820
-84804 -463369
-2661076 -6706621
9864655 -4692128
4530201 2029785
9033697 -9376315
-1157662 241610
1610555 -2809630
3231003 9401139
6811842 9883119
-4382533 -4543571
-5707941 3544007
-2063107 884408
-1382677 1382694
-3468414 9094697
4005518 1278060
-9185308 -4571669
-8761938 6437066
-8255061 -1846384
2699753 3619070
4242755 -1208508
9033102 -5750197
1440173 -6914907
5002584 -6839991
5559481 -5328823
-7356042 1814426
-4641567 -8823052
-5422292 -3063983
8318711 -4188322
-5093624 3195032
-5526908 7366649
5311332 1428246
-9618336 7804136
8474105 6549395
168465 -7873397
-6565553 1173858
5423661 6927572
-9987335 4983901
8143911 9380187
6567716 5015249
9346027 3703392
-2603308 9211674
8664043 -5295539
-6967509 1974400
7685784 -500894
-3134244 -9544781
1883465 4675229
-5004283 4693440
1242835 2265130
-3091915 -6530178
-2839967 3927652
855224 342533
-4673566 -7416306
4480233 -6615759
915842 5986697
-7793559 1047949
-7224025 261870
-2517317 -7880515
-3389762 -8559982
-6544523 515174
970394 -5703978
1487603 -7162415
7531025 5370211
-2364659 6483321
9953143 -8709787
5217865 -2940221
7402312 9629528
-7786777 -3926910
-542669 5245098
-6251852 -790192
-9742242 -9626826
-6848604 8470941
-9409573 -6966267
6990104 634079
-8850747 -2799335
-5986961 2961933
5799518 -5364001
-9993789 -1983005
-5499684 -4153105
-2862892 -9842096
-2782317 6969811
6599340 -7645026
-9055584 7136347
-5102202 1328915
-9461277 -7081901
5807625 -1354054
-2883113 -9203519
6346567 8959021
-7890548 -9776334
9940683 -4146977
1331308 5775058
-9588943 -6046277
1970718 -2869174
2977721 2933620
-4392123 -1012614
-4042803 -9885170
4986156 2825560
-38092 5072889
-3598196 -1553076
-6118625 4859706
6022004 9456880
2769713 2205353
-6319274 5655243
5878910 -8367368
-2514345 -4209821
-8434763 5819593
9773316 8816963
8464141 4492646
9942619 -5739614
-4235876 1441863
-5926955 -4449504
8376056 -5762326
9310563 1575553
2538829 -9145684
-1769626 8228720
7685600 6420204
-8858091 -5747622
9907622 455313
2087946 -5177364
612815 -1697116
-5877523 2089953
-6576731 -5305596
9187050 6412146
-9327468 -8112590
-4154375 9129669
7196517 8953009
-6809317 -7564978
-3473073 5572574
-1056758 -7498754
3246318 9065756
-1997687 7173617
3942347 931918
3903584 -855778
-3516790 -3633679
4669205 -4008470
597835 7096025
4306781 1308035
-2279819 -3462544
-9058781 -3989816
7656205 -9090935
9862074 9303196
-8261781 4852723
425297 -6947243
8070356 -9218502
9847255 1884891
-941492 1316674
4764945 -9634080
-7973506 5517208
4399881 -1331471
-2823589 -1490295
8122082 -8414561
2893474 290598
6828055 2428864
955400 -9386345
-8477280 7769274
7072470 -1388395
-6535672 3901147
-529744 1327041
2108540 -3594023
8290869 -9943036
-6110009 -5527853
-5161933 9865729
-2100711 8654936
9839817 9380913
-2109382 -7700829
-6115390 9532580
-176822 8529053
-6525731 -705564
-91909 -3348767
6936859 4429669
-6958726 -6052837
364662 4009330
7852723 9021955
-4572068 9834919
9891883 -38737
4433410 -6281199
6100883 -6218126
4953162 1787829
-6314905 -5999828
8815695 4792979
4325559 1575713
-7378882 -7299695
1994741 6665090
-6683677 8611739
3041408 4419184
882700 2769535
9295217 -1400965
-9862658 -8752638
-8917719 7147940
9625556 -4434726
-8199572 3490517
7272391 -3424682
8363148 417663
4417835 -5258094
9534885 -7951757
-3859692 3233531
-1549812 -3623203
-6958113 -8722221
9889518 2961282
-2619534 8874562
1644097 -4552721
-3437334 8263166
9510529 939314
-9396393 -3299992
-5218366 3109162
-3400321 -9770837
-3195519 -3417938
6999725 6388423
-8869671 7683981
2248576 -6066087
-316204 3181566
9558363 905237
2183016 8133984
1095266 5116602
3991165 -5411114
-7447483 992085
-8228397 8151614
-8392719 -8368465
-1668457 -8717868
-3092353 -7789112
4956403 -4370470
-5272056 -3976322
-7587899 -8239116
1961218 4244022
8177935 6058782
-759651 -5790206
5115031 -2138269
8512067 -8684936
-1051981 9814399
6919638 -392666
3115771 -7060816
3607150 1988507
3620043 4887374
-1314141 5214431
-58329 -8048414
-2418884 5593506
-8382816 -5101926
-3341041 -5174587
9069435 6545638
2604420 1136529
5346323 7247370
7625453 4361121
-1807462 -7022293
5308458 6137520
8261206 7140557
2596093 -5255552
6732956 1376977
-3735648 -3796757
3934027 352999
-5179063 4950211
-6939931 -6124302
-8709875 -5081594
-256181 -5322747
3739243 -9534564
1601965 -1186746
-3939376 -3656336
3221137 -3051712
-7557653 6202429
2339949 -8586325
8554232 7750806
5011606 -6882492
4494485 1150325
-130079 1744562
-7902439 3275189
-1774600 -6196052
-9804002 -3081501
1836905 -6198179
-1520925 -8513877
-8048441 4097076
-7089670 -7781682
-8921666 3553524
3018165 -8512694
7689735 4299472
5713147 -2023136
8244022 29684
3147192 -3216268
450409 3255629
-4999809 -9841970
3433219 -9679670
6640630 9614105
-3467396 4174972
7976793 6836629
839104 885861
-5017063 8972220
3706891 2790664
8860540 -2106733
-8103075 4785225
-8398951 -5604943
2371922 9586660
-7867304 -169451
6614281 -6867704
6387925 -2203759
-2045729 9581042
9901373 3904469
3518574 3903842
-1921186 6542003
3378632 2567530
-6546609 8571960
60532 -5782263
-475247 -9047320
-8637701 -6232577
1069001 -9098355
-4703297 -6740776
-7154116 -4813598
5016951 184977
-4166375 -5021420
2774821 -5852416
-6271373 -7778449
6126020 3245444
-2850713 -6370000
2688355 -7839054
4728476 -2255547
8832765 8583340
5317429 8181867
1650899 -1106702
-4822927 7358534
8260179 3013198
-1211226 6246074
-8567523 6073234
8774563 1634658
-870410 6449428
3113365 -5391811
-3170260 4420764
-9817440 -641656
2988344 5472112
7633058 -2668153
-2407347 8193051
6776391 2361534
-6940247 8941770
-2164932 2093820
-8031294 -2772996
-9759798 3012142
-8225432 -9771114
-1181528 -971024
3179986 -6792955
2172826 -2406964
2201225 4825928
-753308 -4713809
-2839113 1547317
9535781 -570747
-722548 -9850769
858634 -314809
4563077 -613543
-1671772 -9848622
2245198 139182
7366186 -1320352
4208142 -3269743
-3040857 122740
1668068 5982711
9189756 5777615
5887003 -5151946
2190334 -6121066
-8318523 -9395420
2151897 -8562973
-6617368 -1157636
-8492053 -5795970
3889221 -4823564
-2920754 2366582
2517960 -1547702
8591480 5407474
6603474 7279510
-5990233 5957666
8596758 811617
-3205672 -6514738
9262878 264826
5112880 8500436
4895723 -2333767
-1729186 -2696785
-8743406 6577200
-4580435 -9577289
7143094 7155578
-7667986 9443864
1810446 1032315
2000966 -8072388
-148562 6844758
-3359379 -6891202
1582817 -3545087
-217118 650388
4135651 179575
-9555598 -906438
-9889650 -4085119
3581114 -1926366
-2106799 5006073
1583274 -8148072
4790992 -8333853
8821725 -480809
-1036945 -5549562
-2000895 3670092
5597704 3289854
134612 -9999929
5625222 -4550857
-5579592 6775233
9941974 -2791961
-96034 4203290
-6703148 -3406023
-4974790 348368
938355 -6592798
8413276 1122676
2974605 1347908
3014056 -7487098
2032093 -9718051
-5267613 -5647867
8022225 3511500
-3198646 -4752156
-4752084 -3863718
-5898223 -547681
8743904 -9126862
-9402471 -1477815
-7274525 8685878
7796207 501495
3366216 8538679
-8054119 -7178583
3944094 6820923
-1831169 2875509
