206 -3146266 -9533009
465
3112000 7646363
-8305192 2940544
8112595 8966714
5903656 2075739
-6041341 894067
5754889 -12484
2633440 -3239305
-3034958 -7166222
8779734 2701704
4196516 -2402178
-4494862 2526682
5844531 4341697
490882 -9769730
8964089 -7500298
-646563 1698698
-654939 9431080
-5112023 4981789
-3535144 -6443778
5631961 5516924
-3589009 4884864
-5127620 2106972
8867667 -7834119
7516011 7505820
-7276123 8349062
8463236 -1187903
-8661221 6920393
-6221558 -6031626
-5801356 -300337
2199365 -3214324
8484375 5679085
5110166 4069154
-8432704 -9654212
-6097990 2514495
-1968581 -1967848
-7082984 2050323
6673647 4442411
-875356 -2210604
-4704784 -1942333
8923081 -3359345
-2030895 -1980907
7455838 7386317
-8645309 -692116
9007547 3750632
3052661 8069687
3748772 -6276735
7792419 1537036
-5600824 -8624710
3889785 9359715
9908219 -9182461
-4615786 4437557
-8603680 -7174765
614631 -7942138
-7368119 520964
-322029 -1573800
-1038355 -8445038
8941279 7647076
-3045039 8933836
-4799180 2812322
882009 8478860
-7797875 8253481
-209483 7147133
8522424 2510897
-5613036 -3293954
-2476415 -5071439
1882470 -5704816
-2879581 2907799
-2517987 3278790
6316106 251403
1193955 113894
1668856 -4005922
6157506 -9844400
1605788 -6873513
5938809 5628819
4107680 6806609
5060090 9337170
6484304 -1173843
-8662946 7366960
-5926994 -2476920
-5032007 -4275981
19203 -5887057
7020742 6850464
129254 -344026
2423729 -5497244
4616650 8961713
-5044209 -6382316
6289637 8801859
-8071654 3629649
-741531 -2104575
-5297966 7867156
-279322 5882501
-5291342 2278477
-7838211 -3795018
-3755586 8562065
6802436 -3765205
-7135910 1212408
-1937128 9337991
-1006035 9884832
6903940 708478
-329809 -8582305
7551731 1520591
322450 -2857666
-9228016 3841368
-8263206 -5232852
-7365696 -7453195
945658 8955180
1233657 2354983
1076317 -1829332
-3267267 3395446
2146593 7320732
-8950508 6051521
5389512 -2472965
-2588132 -887636
2337194 6899830
833877 -5684192
-1647249 -7992614
-8333928 -1614392
-7773023 1191553
5958702 4954408
7501213 6480123
5435303 1109358
5980693 -1553129
6617540 9185313
-4902889 9573363
6894095 5866625
1918147 -239943
7287092 459939
2088655 9824011
6723841 -5301040
-8468879 -5574151
8949587 -2442282
5943327 -7599776
-3891870 -9384340
5570068 686656
-2833221 4583184
8208894 3071282
4034505 -7397918
-8212605 4189588
3762951 -6831603
1551375 9400859
-839084 -6826602
3633337 -6530478
-6706467 -3551992
-6336679 -4278008
-7335807 2533727
-9908555 7710794
-9888982 -8386219
-7770559 -1448876
9237780 8735500
-4164964 315861
5903495 -3595441
-8477006 -5956069
8233519 -61999
-4377250 5826741
5227600 -5487178
-9797428 7174125
3159999 -5611484
-6647123 -3647739
-5409395 -1030115
-8496388 -2983802
-5273008 -2745202
-1131421 -8404943
146182 7354362
6089863 -6385628
3930234 -8099686
-9178774 -8075101
-4031170 -166271
2288082 -7655780
687313 6718701
3747875 7910833
-2398690 8431266
-7180218 3950447
-9697292 -9238690
-268805 -3827341
-4294791 -5106687
-5335536 1234807
-4653784 432201
-2213436 -3950605
-7819880 -1991250
-90935 6392779
834030 6110354
8460435 -6753357
-4409137 6802861
-3962086 -6735130
3692055 -1205472
-2774206 2302142
-3747411 -8706635
4571027 -7438071
-8749060 9071650
6481315 6818574
-1946619 -3043850
-95297 -8854221
9711527 -4084050
3924700 7691267
-3399602 -8108353
518353 6350117
9596760 7434429
-3246358 -1021212
-5239990 7703975
-3501496 -4692092
7610050 8452065
2261783 -3759350
-1197421 6378992
5450642 -3167190
-6348615 53520
-473978 -5551691
-4405911 -5778882
137068 9430725
-361655 7821968
9713615 6578121
2928238 6238743
3673172 231968
1727108 2524999
-7254674 -9573186
8251075 6487119
4939184 -8239818
-1999167 5861125
2240117 9717319
-3449870 -680236
1889636 -2309241
-5344579 -7282133
9455337 -8584342
-9153616 249510
-9412170 -407594
8686879 -6998919
9239824 -9698555
533413 1615117
6656468 -4570651
8372515 -7739479
1263992 9401795
3678329 6623590
2484716 8719529
8436848 -8320838
998927 -5275167
-5068055 7503330
-9778803 5404915
6820574 -412634
2353228 9676535
-8214707 183310
3184391 2941058
-4241145 -9527828
-5396359 2424215
369916 6292268
1069141 -8739890
3178257 -1257568
-4633978 -7666866
3569015 9372938
-8947899 7850738
5091924 2005863
-490806 -5432620
9972295 2540221
-7872413 -7753257
4439630 -690779
2008883 -3002833
9938225 -1258725
-8270201 -4806726
133842 -4302920
4505700 -3666559
-9890097 -9496242
-753810 8091193
2940679 -4195488
-4822550 -2871435
-5020697 -3490306
1031910 8745903
-6686717 2587579
-4872200 3057456
-2179449 5801931
7627504 -2744613
-3231094 -7739818
-6482191 -363612
-2653986 9223483
7436915 -4752391
1581050 7479856
499967 1942615
-7449839 -5792695
11817 2262509
9391074 5490840
4516887 5189267
3935171 6886730
-525691 -4451203
8606253 -235194
8083089 4602110
4373849 -3573196
-8796662 5710594
7863334 -8857244
2882591 -5278852
-7514891 -4790652
5205557 319507
4778474 4066159
789816 -4294476
484385 7328635
-4664172 -9198367
5990900 -124540
-3237810 9852715
-4598488 -7557577
-5276418 -1247149
-6645039 -5992235
-7049079 -7193329
1033617 245163
-6095729 -5845740
-8608240 -8586697
-3377348 6786862
-2893631 -6123131
459380 4344561
2566437 -8115156
1729831 -8750804
-7949171 -6949178
-4557366 7065659
6918374 558081
-4483143 -5278824
3474028 -7680114
8844003 240439
-4436538 -654659
9590504 4311277
981889 -886568
526735 6011127
2797990 2373649
-1233130 -334261
-5989700 2420711
-3178093 9226250
2991798 -906911
2143912 8551739
5617398 5042627
8117060 102898
4824075 -4947875
9888363 6150269
-3609292 -1701897
159796 1248719
-4440004 1954171
-8932397 -249699
-4238572 6541885
-1084466 -5889310
3776430 1075770
-6503518 198756
-574994 303082
9396172 318389
-8613520 -7583196
-24217 -5943564
4159334 -479769
4572356 -9390805
6759465 -8500239
-202136 -3022929
8225790 5666525
-9862952 2474013
-7775686 -6214214
2844023 3721003
7831694 -9497906
-5905783 4275909
-5525335 1608124
4427558 -2409301
425440 -3583977
-1167173 3823730
396518 -5671727
3848504 1324962
-5549490 -5444147
-3944386 -9062788
-2085717 3726327
-607148 -1630169
-9156156 8656426
-7557788 -470099
-6749096 5584510
-1397044 5286236
-437855 3598950
7723426 2697173
2804224 4036811
-9547166 2150985
8491067 5746017
2590642 -8197986
-4356672 -1112414
3443439 -3560854
9892710 -7389810
6336517 2015405
2901588 -9676655
8979771 -4270630
-2224377 -3738216
4362646 -8578016
-775428 -6457121
7141830 5481955
-1820872 1303069
7856232 4865256
9532593 3499705
-8237926 825419
2627433 8023661
-3088753 4352716
3308214 787113
3397304 2871038
7402795 3200924
-3959379 -7749827
-9504105 304384
-917480 -4979607
8958729 -1728482
-5669250 -6554833
8927122 -1816699
9486370 -8527420
-1145812 9622602
-4361341 7342603
-1831978 -1613218
-3589557 9917085
-3213847 3311807
6615272 -4161958
8709080 -9905633
-4188357 -7471072
-5220898 -1371773
8932611 1852265
6872658 7791349
8579220 -9468516
-6023349 5831387
6531040 -7090030
6898902 5420125
-2440921 -1466238
8392717 -4246910
-3343776 3197739
-4368824 -3439261
2388898 -4416981
1421061 2417330
2511697 -8479477
-5950549 -7353507
1274721 839693
5208310 -8655095
1652607 -7276316
5771520 2080968
-9571293 231827
3141797 9748171
-2315352 -523901
8009861 40699
-1689859 5243728
-9042181 6402579
5479670 4966366
3065737 -3411005
9006325 -9615079
-8094556 -5513201
9649644 -5965625
4874068 8471247
2332505 -6559283
8680754 82378
4679698 -6014888
-3266709 4452274
-3283202 -2375243
7100856 2391440
-7567861 4401446
-7838474 -2372931
-5970352 -6741368
741350 5635697
-7775307 9509319
2410592 -6192912
-9189761 3747370
7781745 4316036
-4696365 -9540117
6416953 -4827835
-2229105 152492
-3346044 5097707
-450019 4966945
5108054 3387247
-4221313 6266779
-6815422 2208910
9835980 -9272822
-6014189 7862456
3498154 6381980
-1592349 -2756487
1050601 5722847
-8013431 -9181757
-2349369 1860840
-5162924 9768315
7456832 -4529381
5623111 3770381
-1131912 7744080
