24 -5245166 8966265
777
-1800438 9457572
-8573731 1326367
-8498400 -894445
-2204729 3109866
3787947 1720413
7901462 -6941402
417476 237718
-358838 -3446336
-6344163 -1565786
8656303 8930570
-6309143 3865800
-2207351 5607897
-6505411 -6757628
8350277 3867428
1138615 -1156635
-1699063 -167106
-8840739 9338177
-9039916 -7756441
-2130223 -7339138
-3102373 -8728293
-5669695 -8342276
1895442 -5200911
-6130894 -2735867
-1785301 4052956
2983526 -9958705
3907095 -3128997
-7521100 -809264
2433108 4216097
-9400123 -4026511
-2666794 -6700262
3132632 1738492
-6406979 -1849504
-7089593 -3191754
-8014540 -5446895
-4175188 780184
2437908 -1116913
-3801472 -7328530
-64397 6849702
-6580990 -7416014
-7374718 666655
7537658 6402537
-4406727 6532377
-6735174 2532910
1022752 542733
3842471 -6135296
-1880452 8355958
9022806 9491456
8816054 1712570
6265675 -8066787
2713397 -9198486
-7799047 4606840
-205338 7667657
-2966289 -1600519
983468 9730265
-7086728 452722
9371611 -3874898
5173831 -9549070
-4499807 7481236
-9459679 8438658
4819714 6522945
4878903 4382793
-3609399 -7060738
4651832 -3581938
-1648725 -4793345
8524521 -6566140
557052 3581025
-6234966 3241826
4157659 -9648286
2598331 798746
3767820 7657479
-6217419 5511604
-1521114 -4344217
5653371 8956413
-88577 3979079
502024 6193692
-6907163 -5268863
-9813249 7897280
-5684658 -8000210
9722797 -2645064
-6694852 2666617
8763994 8247318
1489144 3862200
4213914 -7470971
-4155873 -4353196
-6695717 9328597
4840201 2128299
7784082 9603217
8559630 -6680912
-185481 -4046195
4663849 -1528947
-4281458 -9683456
730176 7756687
2272829 -4094707
3260229 -2438130
-9771513 1995627
242945 6565377
-7056071 1508834
4037863 4248442
2411598 -325805
-997207 9881990
2010289 -1767767
-2164550 6359346
2194786 -7689277
-9219120 8911432
-2617515 -7990694
4842202 5444729
3201416 3101027
1522673 -4427622
3134248 7990598
-13775 -5217098
3864632 -4120913
-95727 2745522
-3006036 6808561
-3517243 -6057864
6340478 1921914
-9845852 -1998098
-5638752 -9132881
5694194 -9494050
9417383 6556035
8565341 6475074
1919804 9316220
-5066400 -4076105
-5987375 7637572
5628170 6456273
-8760825 7146873
5542312 -4385605
8359918 -2379841
-5571279 -4553414
-8094926 7870234
-207851 -6572170
1429732 8245553
1629024 -7537351
5484951 5790980
-5136633 -2676781
-6201707 -2581314
-3265093 -6571292
-8131045 5718097
3355670 1668507
-1875220 -4118420
-6971547 -1016160
-2885412 -8119693
-499533 1087118
-949944 -4525494
-6655260 -3554460
-7610278 -6528518
-8282965 -4346759
-1884110 -3664194
4643138 3346060
3185631 6117194
-6464120 9506506
5451566 6983924
2702022 270787
-8060706 7320522
-6797898 8574044
-9925764 -7419574
-5539266 8746908
-7649622 -2811176
2663330 -3522447
-4560555 1400434
4871916 -1475577
4177664 -9654481
-3318675 -894696
4967716 4809907
927101 -8675537
3347321 -1846653
-4862729 4462981
-5266231 -1201112
-3880590 355645
-8553959 9189415
-8230158 -8162136
-9415228 -8479722
-1290898 8746928
7740833 5451502
-3148064 -8627567
-7586792 5696630
-1441499 4240205
5861861 6590872
1400779 5239826
-919359 829577
1499276 4844232
-692786 4944315
-6256797 -847101
2024897 -3442665
-4253250 -7621035
6733181 3470938
4991216 -9967056
1296224 -165694
-4714192 -6299681
7589104 -8446591
-233609 2137745
8894302 -9997688
-890464 8324892
-3918930 4756163
8102092 3026668
-2129100 -2321936
-7377621 -7882280
-6213029 7178114
6251801 8881934
3777251 5811868
-717193 4514904
4547848 510432
2861090 6790375
-9509306 8360425
2430186 8146899
-7199004 596150
598462 -7803422
-9478530 -8304702
-1032187 2224351
-4748981 9118893
-3203043 9586257
-8296023 3121919
-7183614 -8064312
-9182378 -4509052
3819169 9068187
3583091 -2888775
138009 -6898024
2408703 -9352708
1524069 -7000900
-8854001 2899398
6011900 -6045745
-3849167 -6053005
8158645 9126715
1351066 9188656
8307549 9642810
9229067 6602085
-275996 -4895494
9556546 3449396
1456696 -4943258
6641282 2890520
-9998255 7792217
-9105807 224373
-6611983 139754
-4344794 -4180751
8718647 4912086
1382694 -3198795
-6735448 4730547
3857262 7533527
-761465 3939549
3582359 7724680
4326765 -2453916
-4833058 -4672222
1293526 6567122
-8376136 -5276512
7614008 5266575
3058792 781498
3522224 132105
-9728140 -3530662
2288587 6910241
-5661320 8443418
-4755376 -6476414
770485 5721374
-4228747 -8974472
4965078 7144100
4868780 5009789
-7444127 -8936211
8907920 -804454
8279020 -9760832
7479008 201446
-4531979 2419236
-6799265 5093017
-4774878 1043166
7512504 6722959
-3850448 8013334
6456753 -198909
-4158971 488232
8725958 4217729
-2240391 6611514
3755614 -5502788
2023353 -7275313
6304829 -1375605
336293 -2904422
-2665254 5212749
7930547 -1384687
-8965451 -5186245
2423124 5914921
-3041913 6751636
3474595 164598
-9305715 6986943
9304386 9624148
-7371268 7151038
-6114881 -4854585
-8243071 -8645309
8368255 1644728
-3114232 -1971104
6653291 391608
7487186 5706949
919698 9505936
-1878751 7338285
4668392 -8633403
7281518 -8327850
8423787 -2908484
7256114 -5760395
-8773452 -5585266
-5961118 7950399
-2382211 -9469066
8192701 -3332385
-9461342 -5980740
5663989 9949631
-2021473 8906913
-8185127 5066109
773058 7148170
-829542 9302059
-843304 4209108
5575705 -191941
1480209 -6174912
916604 2857224
-386819 -7579652
-3164917 -9310929
1155822 -6643918
6403368 -6609683
-7425716 8773612
5309224 4596070
4545701 5629294
4536207 -6510435
8555674 5040580
-5294898 -1132568
-9314156 -8154916
6054192 3875560
-6316381 -157460
3667629 -5853750
-480174 -2319820
-7383119 7100585
7789656 9133007
-7510911 -8031684
-4641367 -8538169
2751795 8892458
-3995120 -9550730
6078564 -1938981
1550585 -9449419
-1892487 -6868876
1998556 -7377389
-5532304 -4671033
1720879 2684400
-7473059 3038240
-299158 -2079150
-1882618 -1289078
-4188493 9220668
8353676 734263
2702579 6117516
95699 3359117
-5232073 577565
1026835 -7152506
908513 772807
-6160260 -2894601
236523 4975450
7598062 -5536395
-7691076 -7764920
4919480 4582110
-2379650 4029803
-8049347 -37227
8673695 7321193
6541861 68036
3318651 7001555
-4364577 -2588111
3287359 -3978769
6598796 5731122
8578616 8055286
-8655554 -9858017
-2752618 -7996519
6978932 -4815814
-7835856 258
-5248310 4576994
-840896 -5526932
8502872 2187522
-7849704 -704194
9133351 2969877
5554265 3340343
341898 5675213
5603454 -1127083
-2589500 5977321
1708443 -8592835
1978804 6525648
6667631 -7196589
-5193107 3323250
1023788 6431365
-3568377 -8214175
-1120829 3187932
177353 1183313
-6629164 554627
2366785 -8803423
4166454 8037484
1377827 1500137
9691702 -7762928
-6373659 4236078
213399 5295156
6702322 1036841
-9921159 4438195
-242042 -1318874
4520728 6746472
-4305811 4564851
-1132972 -4455484
1248801 2125813
5825478 262551
-9182822 -8573846
-7377269 1712666
-249850 3183964
7200453 -694463
-5941039 -8872022
-2119592 6892155
-5296337 -2314698
1238495 8093807
-4951646 -8594015
-7396537 1317336
-9419840 4806313
-8112484 -359457
-2298588 -3725650
916515 754545
-8982904 8950213
2892719 9258345
971012 4350627
-9949057 -1968198
-146309 3237514
-3118156 7251396
4143551 3912653
-8402045 4762252
-4627588 8847214
2769552 -4647197
6670139 420766
7743431 -2110633
7529911 -233348
-1442646 9630948
-7098155 7747675
6697888 1990221
1248566 6435293
785920 -7893041
-7344887 4735930
-2026555 -6646785
-9395389 2508804
8937809 4855289
-382458 -2735486
8628081 -9464235
-4111432 4989954
7927072 1397633
1803352 5075059
7358063 5670504
-2182196 -666737
-2919062 -4084583
7905638 -6763999
9671294 6295178
918489 -8329443
6406487 -7026433
-3673218 -3910046
8598759 -5620068
1751574 9447746
-3287740 7536568
588685 -8630884
-1124578 -4659659
-745674 -1006395
6585017 -3197506
4989350 -8942321
-7092706 3943080
9858498 5323506
8559507 -7495415
1316115 280488
-5532603 8230802
3720721 -7765395
-1675441 -9126115
7770169 -9952497
9495249 9439670
-507409 -478257
890859 -3792490
-5935797 2597628
-8408766 2282633
9085128 3318530
4376209 8176251
-5364317 -3409170
-8085663 7283503
9788088 7010533
-2708978 2990196
-6262650 1104204
-4144839 -5725229
-4851344 7458071
7505575 -3303928
-3864257 -7081174
-5043079 7000824
5724686 -1855314
-9257686 -1635867
-9353234 9788890
-4376228 4849900
3026151 2248246
8839077 9999981
-200164 178187
-2811280 3269766
-3740038 -7895723
-4275167 4479742
8754514 -2687
9971736 -5903654
792418 6419522
1854700 7477311
-3005512 -555487
7589199 6811622
7692107 5235526
-2459232 847866
-4302234 8338873
587120 3164540
-4319127 1240270
-8581543 -573803
5212315 -2002938
-7382309 -1392823
5603272 -8527723
-6014058 -1657476
2438870 -3125862
-6706340 -6042321
3951342 5747640
7708506 -2335287
6992687 -9054170
-1302291 5297705
8661923 4684794
3023667 6238477
-8080630 -5640310
5599960 -6389213
-4446664 -9883405
-1886343 7018417
8141946 -9234349
4754281 731348
1590224 3745218
-9380644 8740223
5214254 6545446
-5190561 6429369
6610434 -834403
-7372221 -7482055
332002 3603121
-1712085 -6158160
-9919682 -1006074
3353616 3827934
-44926 4516040
4632635 -8530072
1004697 -1975238
-8693234 5262645
8510345 -853357
-7108138 6061047
-2682378 -7383078
9162368 6027570
-5026709 -7468123
-5786174 6488159
9006104 -8416275
5186846 9357957
-6800202 -661893
8332033 5991113
-7664600 5796468
312508 -5797999
-4328071 -5193174
2831588 7461495
-4759508 6676626
-4176731 4138354
-7284247 6267190
8884112 -8768517
7259054 33376
-4918395 562832
-2949008 4748697
6332423 -704569
-1346612 -3942904
-2088445 -5964379
-9973265 -5630462
-9833994 -3756412
-7038059 4878487
9685313 -7005134
2972714 -1366130
7826848 2516901
9171608 729558
-3003252 -6349882
7397953 -8112639
1920737 8397212
-1039955 -2826641
-8077943 7002342
8814125 -1472611
4584485 8254480
-7709899 9983866
-5646596 5012393
3772333 4833188
-288325 7035763
-9969371 6734275
-4631855 -603012
4430242 -4480305
6249254 -6805006
9361464 3601850
-1994437 -6753998
-8356785 6759417
6449129 9926301
-555005 -6880388
1647001 8371186
-857982 -9224527
-9240661 -3768514
3760231 -6051529
8781660 7629095
4664858 -2467435
-5733160 -8990313
-7076972 -2788160
2731535 -7848663
-4653669 7353270
-6528528 -1019211
-5256856 7224147
-3500083 1477035
-6080312 -3613641
-494029 -7050954
-8679768 -4118964
-3343491 3669324
9900810 -7021398
-3072927 9932200
7561295 -3822606
3709959 8225085
9234773 -5257494
1954346 7976799
-9871864 -7842199
2027423 7202233
-3816977 7990820
-2268681 -1984753
2008634 -6557481
-7654770 4231236
7180282 5928323
-8190641 1851201
-4479475 1016866
-3488180 -1534132
-1601932 7937687
6631433 3438894
1663979 8475715
-6781779 341392
-9165457 -6584896
-4427095 -2311081
-5108847 3479032
1469852 116680
648279 -6409472
-2966953 1717523
-4051240 -7343086
1101589 -621723
3745830 5645394
-3337739 2910948
3893168 1782707
-7763254 -4309567
9129327 4807588
-4200345 8868180
-8274076 -6690341
-3275237 -982123
-776852 -7439532
6039500 2297669
4930701 4114301
221181 -9974296
1743227 -4421019
-9247753 -229420
9148857 208339
-4146266 1853836
7281136 -4588961
-289902 -4967653
722780 1174304
8498244 1946845
-6668623 -147892
3161767 -5702101
-4167872 -4942699
-2382231 9886530
-5299449 5055277
-8314070 6173621
6199325 2147605
242938 -5576536
4194044 -9541095
667244 995185
5365373 -4140746
1270293 6520978
4069677 2646509
6337165 3496744
-4556411 -5207542
-2839082 4835409
9133308 -8708682
-3651381 2839037
-4758081 7481789
2537066 -3517259
-7343638 -7541177
4606428 -3260652
1162812 1372040
-5652703 7365718
-1639097 -4643143
-6267537 5014541
-5948128 6242628
-1110863 -2480892
-8984148 8121549
5430359 -4773698
2578063 8975793
-9732889 -7408723
-2053334 1711371
-8290488 9132083
-4385176 3188586
5647409 -3237070
3502279 -9212462
2159578 -7229811
-9864093 -5334909
-7461700 6506875
-5962231 -8986838
7255790 8787115
-3693776 -9394007
8727542 8661279
6403933 -2677924
-3702130 -3325746
-8218117 -1018004
3209719 9081333
8213416 -271450
5433488 4919232
-8317838 6344592
7132131 -6402751
-3632562 5184441
2365885 -8191939
8314937 9019697
2549211 -2579463
-3792347 4869058
5475051 -194999
-9017368 2513877
2352305 -3281055
3393199 7386565
-3631439 1166527
247861 -2308565
7419985 9578280
4497512 -9022371
7322222 -4630175
-1032926 -1303973
-6119532 4454353
6262414 -2149136
-3129439 -1237295
-1300405 -2906297
4479113 9419772
-8258875 4907248
9937477 -45836
6673110 -7276243
2626674 2289782
5972662 -7417339
274096 8995235
1089867 -3779477
-2801848 -9789567
-4419742 -4412620
4283407 7036726
1491079 -2936316
4914548 680227
1959285 -9730154
9879901 -8214891
3721233 -9341120
-1917520 4359015
6829531 5462358
702467 -1980043
2826091 -3981007
-1398345 5845493
4840728 -1201247
-2464372 1392103
1602537 -4069404
-5965672 -2749867
-5713141 -300853
6762832 834087
4030666 -1705709
-8919511 1677380
-4021158 -4010049
-3351169 -9039610
-2164243 2216427
-9804862 4731311
5267620 -5334711
-6799366 897605
-3256901 -9389936
-591183 -5681359
5710745 4100179
2547127 6944446
6710931 9829634
-471219 6581455
9931894 -9002210
-707919 8807965
-6998302 3962561
2468864 372570
-6150687 -1019460
-8803033 9117696
-3634641 -5798578
-8616937 -8607895
-5193937 4149332
4759396 -5416302
-1097661 -5934486
682045 -5831787
3629011 -5386916
6959070 -6770827
2326980 339942
-6145915 -3512148
7812169 2258875
8737788 3146166
6035089 -9186133
-7689241 1206652
