30 3992010 5936409
756
-2935393 293558
-1114520 -6345655
9236840 6195098
8548874 937164
3247643 30060
-1815263 -5106183
6945014 2039783
-1449044 -5496454
4863330 7320457
-2540784 4916558
-4205759 9740928
-7739801 -6066293
-6123791 -814447
-2349419 -3505846
-9513836 -6872036
3421522 6103342
9757687 -9932877
6262221 4823354
-4239482 8994527
-8459061 -2672552
-5262383 9008161
-6435704 -274323
4229223 -8317368
9003089 -5368395
2064515 -8391095
-8650166 -3537695
396012 7858756
9560661 6126385
-7379461 -3211427
-83463 -2788758
-6685416 5623056
5690179 5854411
-6805883 5588624
-2900497 -5531247
1796201 -1045365
-9520852 -1359557
8366120 6533818
8216450 6559796
-8808599 -4888305
-3279400 -264109
6198196 3255916
-6368976 -9413214
6713171 9110560
8415485 5708037
-7080721 1850063
-2526881 -1667978
6702785 8750216
-3144808 5679650
2664755 9896902
-8632111 -3528953
5111490 -5539044
3511127 -8152963
923186 -4006038
1105657 -5756071
3979821 2114587
7886856 342610
-6554252 -7305631
4321282 4034232
-257730 2675272
-5474665 2736767
3585142 -4822099
6444469 -5485194
2710808 -7195721
-7298818 -6700339
-229291 -4624436
-7647128 6585423
948813 7398551
-6607486 5863999
2624281 -8128001
-3497062 -2985477
7357133 -3395898
-8185177 6906146
940379 3319234
-4005494 6136105
-8610775 3199001
8376902 -6963807
-9932649 4974367
7778646 4821372
637385 2778159
8153723 2996180
-418396 -9591906
322998 3022948
-1113053 3046769
4918768 3715512
3246387 -8488772
-9368318 3938058
844205 -6880127
6439107 -7553494
1098963 -8215416
4983585 4949965
7986158 2488188
9978907 -4123161
-9301789 8053509
-6651980 273906
-6729914 -6148051
-5739957 -8498256
-2958956 -4631958
8414811 -2900607
-9185095 5927991
-44428 -4150069
9787990 4061293
7181166 -6896394
8066464 632195
2416779 -3863375
-8913410 -834572
4169968 9916716
-4206445 9072748
-357391 -3334772
6939134 9008119
-7139932 2990629
-2991275 -9790780
8093615 9636463
-3264143 4049769
-7505887 6508426
4874710 -9932886
-3355241 2449685
-1930357 4662700
-4705105 6342277
-7521098 -3863892
5301536 228026
-7338906 -6434508
5154592 -8012144
-1346916 -1545351
9979120 7313553
304183 -4407782
8317791 -7160812
4992004 -170740
-6120970 6411406
-4563816 -8272139
4311327 8889495
-6144468 -9689106
-2510054 -9043913
7298364 1925175
8061283 2784841
5529219 2293619
-1624537 -4120829
-2132972 8190313
9161315 -6469944
3359961 -963536
-2854965 1656787
4495976 -6335856
3493405 7979178
-3093064 -512020
-6267807 -111213
-1221718 2343120
-4829633 8043520
1515959 2633814
-5441011 2660313
7961507 -1185676
3624295 5136625
-8984204 3490726
-5802608 -8000242
8046166 -8600824
435641 5875059
-2468154 1406128
-2413376 97028
-1923794 4544174
6548506 3596381
-6514832 4983142
9842614 -9719301
840572 -5220198
-70032 7529333
189647 -7643469
-6312793 4488958
-7858065 -9332494
-3325416 7311502
1827613 -6842269
7073260 871976
9263387 -126221
3796259 -9974747
122281 9311586
3855760 -8617116
4979265 8198487
-4302019 404267
-6798682 980786
5760588 8056947
5586281 4041890
-1085226 -4309443
2695867 8292280
8959786 2601981
-7570164 4837802
511885 -4365630
-977301 4257449
6647580 -2414855
-2389602 -9197562
-9885976 443840
-5656924 249031
-9036130 3969785
6890404 9322341
303127 -3338149
7235151 -9908278
-3350035 8580068
-5729375 2821432
1113712 5564739
-9316928 -517156
6836998 -7410150
-9259428 -6887092
-113291 -2651117
-2549619 -7720377
-6917938 -3465710
6978130 5060779
-4690189 5712438
-7801425 -8678794
3159899 -3726319
-4548115 9088979
1697054 5979379
4559447 -7312964
-1975180 8347019
-3571890 1346424
-9170732 9138532
4244734 -2888818
224091 7666266
7531501 -2498342
-218718 -9889200
9161442 -5018118
2559014 -4620304
3608486 6139572
-22870 7868825
6658858 5807062
4896041 5653382
1632761 4627095
7314131 9109447
7456466 8708560
54984 7855303
-489813 -6115424
-6487889 -6599396
3583222 -6245079
1256580 -3747446
8879706 1114723
-1387042 3554214
1450262 8041149
-3302927 -8828028
1557149 -4941252
-9134190 -809444
-5156062 -9267641
5359455 -1721796
-2612349 -1006949
-2298389 -4810062
-6954758 7360470
-8754954 272947
3673551 2555429
-1173297 7273509
-6473937 9773125
-6595800 2599635
-3846151 -7594230
-9553081 2017158
-4294518 120463
5179211 -2856008
6334548 7262631
511343 6045022
6839578 3694838
-7312111 -4129202
-6422912 -5772771
-8412301 389500
-9337553 9138682
-5789536 5349098
2622607 -3147650
9141827 3037167
-4363198 -1334977
1070793 -7453972
-2920462 -5692997
4427466 -5965936
1178056 2785021
-7435996 -393323
8168051 -9971043
3723795 3075347
1462497 -2476019
-5732437 -1071963
9317537 -2444062
-3305380 -4144738
3720712 2496337
1865039 905084
6458603 8859672
-9958953 1006867
3552895 -7904595
8918760 1111840
5145904 3148785
-4066194 3346226
5469256 8840312
1385621 -8985837
-3394138 -3846341
3677641 7625769
-3446194 584712
8140650 7945204
6316818 -4128657
884032 7351622
-1743293 -7446117
-8586445 -7250928
3755939 -5284690
9327068 3970954
-4917206 9825186
2973971 8245828
-5891593 2745050
-5898286 1424130
-5045355 2094015
8247674 5487336
3113105 1560507
-7854781 1925315
-7613129 2183263
8054606 2802221
153844 8703690
-8742427 -8545009
-5795937 8410551
5642213 5187480
-841566 476354
301540 -2514367
8247814 -3242420
2018982 5791863
9732345 4872573
-3033412 6120696
-5875616 -5313010
-1236150 -4785738
-344070 7237489
-8062896 909069
6227643 2042801
-6737157 9991711
3963054 -3618513
7308390 7036768
-5259400 8167117
-1356529 2950603
2952589 3899034
3172966 1461363
9769578 1200403
-3927024 -4808052
3828997 9501924
-5811086 -4444084
770178 7953381
-2292777 -4530884
-1105462 2942460
-5014738 -355673
-7847610 -4877819
1503668 -9235543
7801226 6115444
4282561 -1187942
4279013 -7458174
-1042787 5442384
9420099 -2768398
948357 4646531
9838480 9189678
8691602 -462315
5093601 3667477
-5862790 5396868
-9134015 8380132
1322592 1844433
-8511239 -239477
-2600944 -1175794
-411336 -6358849
9756596 8902724
-9768866 -2610110
-7551932 -3444491
4514246 4510147
4258102 1405281
-3948187 3934345
3124023 7722811
-2739503 8406645
-5409526 -5668023
9728846 4870450
3250582 -1272316
-9427882 3111183
5388058 7089527
-4086267 -7939121
8218382 -7212886
4206190 -1981251
-2075009 491330
7046840 4437324
-8536177 373060
4294693 1561086
8011783 -1761723
-4038911 2862858
1269503 1135807
-2015864 -4262062
-9391612 5859977
7104014 -2287018
3340517 -3624677
5981202 192484
-5230285 -1271425
1515689 -8105065
-86315 -7011903
3479428 8238231
2675555 7838676
-9271912 -6957380
-2879942 4139379
4894008 5022782
-2114360 -4868159
-1216000 -9144903
9109387 1671496
-9952175 6768137
6997471 9717776
8609451 7151839
-2655677 337989
1582916 4590653
-998060 2114038
-2381512 5614958
3853189 1431977
-8212994 -8902084
6656888 -3471255
3184476 5031446
54228 -6223054
-8574861 -1921516
-8550066 456221
-7872283 -7274508
2009981 -9440679
2793449 4691894
1843734 -8476196
-5621855 -6080748
1026257 1704409
6334800 5961062
1576020 2544550
-6023473 -6046712
7567556 7945561
6990658 8279885
3311332 -3259204
-6965906 -7308514
-6713677 5881912
-3661867 -5540767
9701077 -5263743
7811930 -9017798
5674097 1711058
3234863 605380
4524632 -9965817
1738592 7613008
-3909578 8067242
611792 -9410256
7059384 182794
-1871644 4588319
-4615443 4626940
-8632264 -4880986
-2189499 8695889
4577801 -5598170
-8622584 1096824
-1650567 3432287
-3069159 -8921507
-4694096 -3838637
6766743 -7395062
5155473 1057119
-8813521 -6192272
-8125030 9410418
-9999838 -2723098
7459696 -4996886
2107785 7059547
-5797161 -4411948
-6776581 7492342
-1295417 8086928
5005110 -6449728
4647096 5798737
-768976 6382526
-22628 -7003471
-842108 6161865
1283156 -2200372
8856747 8440988
4765068 -3561371
-4150953 -9956774
9836480 -843610
4159504 8365562
5425109 -187471
5400581 -3732711
6275984 9627948
231228 1140352
4690624 -5019433
-9220696 -4763661
-8381135 -8145928
-5149399 -7473320
1204898 -5887411
1912217 -3475154
7482186 5004406
-8556965 -6714684
5844895 2247254
-8596356 9808435
8173997 5681375
-4506096 -1920500
-3136859 -3884542
8259758 3410838
7067542 -6860875
-1880307 -1509013
3727326 1758167
3612239 -8584651
6458382 -2137457
1975133 979193
7504039 -2336720
-7332314 6403702
9689019 -2497423
9749831 6627073
-1048140 5533914
-6268359 3669827
-8250673 -2874143
-4242333 -8258102
5152736 -8871180
-5732054 -5982574
2508413 2220278
6494797 -5096009
8835692 -3764261
4098282 107037
-8913770 5294074
-7042646 8589767
4993470 1106621
8609198 8141392
4768466 -2801159
5249107 875381
-5454792 -6279674
-6637464 8980748
-9277354 8810887
2456059 -879797
3137629 -1608266
3128365 6724005
4144348 8162394
-5601867 -376838
2246551 2980041
-1725885 1012768
-7881113 -4150867
6955754 1231470
-8110786 7112357
6827550 -1918696
8956685 6657680
2894359 2076657
-6426242 6018245
-2654516 6256895
7893450 -5703596
-4795509 9801544
-958099 -6452568
-8290174 8332856
-9527630 -6813750
6166291 8624312
-362920 2718922
8568055 -5559594
-1811772 1755967
-8615323 -1959838
6121466 77443
9251475 728579
-7194763 -2405496
-6387251 2145834
-9080919 -3621005
-6808249 -6525414
5792482 8812532
-7640036 -1603758
9245450 -5165617
-1979367 6586142
5210454 9717821
2436743 -5813076
-8856317 7363886
-8363794 1004798
9044960 -668089
9409354 -6979117
3749462 -2317221
5277283 1177182
-6676984 -928949
-2033602 1406384
4880970 6758450
-1912666 1158150
2070744 673452
-1975812 -7036350
9549792 1316195
1034016 6044821
2748098 4760247
2124133 5987111
9508261 3891781
5740044 3760339
-702426 8553222
-3763999 -2334249
8842933 5563389
-5365560 4029636
-4563980 -7834051
1440751 2600839
6275341 2833343
6023147 9528085
-7508265 -1653915
2178632 -5952665
2608509 -7958472
6801775 5729000
1716111 -4643393
1764740 -8557740
5202600 1224373
-7706053 -2495216
5170535 7016526
2579915 -8953700
5075936 4013468
-1304230 -269292
4847899 3028308
8378003 -9863479
9664607 1123240
1985677 -3082497
-6518810 -7843658
6714222 -5835690
9893310 6089699
3962658 3515997
-2525390 -5874226
5350147 -4272602
3232183 5193562
2210088 160446
1206746 -1597282
4932539 7306356
-2962936 -3717318
1827342 -6371691
-6235170 -8115037
-4475445 205346
7122849 -6570563
8102132 26584
4190894 -9395961
-789909 4816354
-9151296 -3399443
-6757317 -6827251
-1099852 -1676686
-6483124 8592830
-8730372 4648683
5567753 -1756684
-4450328 2476374
1275408 500292
4128601 2586736
-3011949 -6897250
-4175552 7893432
3839221 2512606
-7460809 5463649
-1415959 1941353
-3242292 -753563
-1636654 7794132
3483233 -2393588
5929726 1606029
-7284789 4899733
-451584 1962954
-9793730 -6015161
-1022435 -4883830
5616462 -4244057
8342679 -9747027
5872076 -254936
-9845152 7847083
-7123959 -8303476
-323474 3994069
-4064577 7931584
-2821978 776919
-1428949 -4790517
2815895 -1942280
2180102 4570636
-529630 -8738027
3224927 4895313
1396505 1535138
6651308 3431197
1703492 -9625930
3143396 -5215877
-2954461 -7437476
-9590393 -984528
-6771652 9716739
3710808 -6714352
-8782767 2904874
-6318207 2162583
-111582 -9088393
-8514321 -5230804
1856185 -7295687
-6033714 3665781
-1438905 -8673445
-4621955 -292435
5655115 2473952
-4635626 -7970646
9329829 -2641393
-7562517 8507770
-2476758 -3624632
8608459 5363442
8649091 751591
6172817 2319267
6998203 2382676
-4189365 9854611
7140159 -3113379
-7892713 -2703686
-9037904 -1003656
-7160749 8589925
-1702509 -7960457
-2970153 -1782703
-7236997 6468958
6343917 2394221
901992 4609184
3500904 8781401
4144843 941586
-8306823 2109363
-5571370 -4689714
209314 382347
-7246690 3943185
3346159 6019949
5832616 9893469
-8593834 5453446
4043371 6794712
1350607 -5754583
-5020934 4857214
1326172 8380454
774675 -9741579
4867605 -9813558
8967843 4193019
-4865394 -1631491
-9522128 -4370962
939325 9344135
-273518 7422855
1366040 3664991
-315059 2479792
-5110386 7228551
2681997 -4482443
4828621 -3704220
-6942451 9241721
4098935 8695580
7076034 -9447032
-9188611 7941460
8127902 -9632939
-2923567 5678995
-5952496 -387903
5241135 2211039
-5928474 -5474623
-8051768 8696812
2361804 3798009
8794153 -4169376
-6940824 4563097
2597006 -6316233
-7504101 -1742475
-2500754 9941979
8637559 8069801
8622769 4114534
2055994 -1770055
-8886642 9434158
5113153 -7299752
2312345 -1810209
2917182 9160658
6202387 -2446520
8766645 6988709
-6696930 666971
6497595 -6355199
8207898 -7902777
8297343 2073123
-9669351 -6678744
-6736765 -9206758
8863043 -9653753
4460781 -8099206
-7352909 2164
-563677 -3483225
-782977 -6239551
1950241 7065828
-1257162 4045720
4115553 -5132577
4372484 -5054775
5612196 2882198
6526999 7675554
9772778 -5373856
6699267 -2748751
572505 8070121
1379715 -453732
-107484 -3647908
-9230762 -7240889
2761275 -5646703
-6613575 -6583671
-2823222 -7802402
9263427 -4880200
1681873 9127019
6510795 -1993735
-4532157 -4202574
8679624 883279
-8924814 -8919961
8222535 -2277025
-2509424 -9152036
1434437 -2561845
6984423 579433
6931525 -7185848
-4426737 9393291
