83 -5538063 -6568711
632
-5973797 -7484172
-6462829 -9667040
9005899 535915
5109854 6099668
-8262121 -4719450
5264374 -663641
-2681135 -8725464
-9982208 7344465
-4730085 3730265
7359300 9292205
96600 -7853206
-4695277 5191730
-1373194 -2983035
-4229370 -157279
-3178990 -1007563
-5975383 -8281728
4567584 847214
-8616871 -9921859
6177809 3573484
8854034 6492983
8345694 432040
1706576 -3365239
6495578 -4335440
1911177 1724368
-6467075 4281845
6428639 -729523
6978559 3629525
3162843 -8266638
-5907565 -4394635
-2885845 8933473
3168097 913446
-8239340 1138772
-6266735 -2264318
-8690834 5660141
-5330523 2427426
-7140534 2679552
1830665 -6984829
-8803917 -2917605
1323115 -1673756
5124441 3107260
-7622263 4856041
-1514434 1553081
3286443 1872649
7478014 4164761
3098235 7378879
-9191323 -5407831
-1752706 8782684
-3481634 5085689
745830 -5503089
6924338 -9656116
-4460211 5415307
946831 2300156
9382551 7370454
8213050 2142914
-4749825 705667
8078060 3337492
-5109427 -9855736
2016913 9079978
3244740 693368
-9411401 -505072
-3396551 -3657025
7642011 -8602724
6482965 -2632905
1864007 -5839622
7020614 9745148
-2323193 -8695303
3604853 -7439597
2447210 8623638
766553 2987405
6209424 660260
6514104 -1466920
-1322656 4287484
3367462 3921029
-5385602 -9305742
-7294462 -3387798
-4528471 7719349
9116626 -8174661
-807565 -6886459
9790271 -1884057
-9622557 -8943558
-7638861 6810885
1887641 -1945749
9194241 -1517656
3986101 -5665149
-2488537 -39206
8493874 -7288123
6999361 -5974432
462949 9687571
2898181 -7116824
-7988270 -2406301
-4686951 5603719
-54590 9999612
5629505 6946027
-4938030 9137845
2710639 5419776
-5252987 7955766
-3989983 -2411870
6070475 6634654
-9030495 -4795742
-2318595 -7427072
-4715194 -9002679
7539241 8691631
8379202 4800519
7683695 -1997810
5595890 -6206265
9397454 2211778
2211390 3425291
371318 -657135
-9002938 -9642753
-1706625 -2050360
-4094594 3707702
3812184 3040388
-7808605 -5568225
-363966 -7600989
-5028060 5677252
6674573 -166209
-8958226 256746
-4942735 4213814
-7783995 9420977
5731064 5257313
9985443 328247
-6246462 5128519
6987736 -5286815
-4929568 -3358792
4590848 7984798
-5791148 3363807
-3595805 3012607
7444382 8021037
-9579952 -8888058
6789195 9596768
-8053089 7908340
-1834914 3463768
-9806065 -7011314
4926015 -4261296
3512369 4926292
-4745461 657079
8301950 3497812
8210997 -8475571
-1834363 5289686
-4209163 5797781
-838412 5272837
-9198204 -7483959
3053430 -1917865
-8289570 762531
-7124349 -4010169
-6101829 8499625
-5520255 -5177437
-9672399 -5420390
-7165334 -5326320
9599972 5253616
8427047 6347035
-7638801 7370863
8895292 6728998
-5464964 3088548
-8597319 9577281
4850119 -7157775
-4641733 564269
1162756 -1831733
8930798 928049
-565768 2873186
-6110837 -8193550
9145365 3332404
428366 -1631091
3042589 9472966
-2757066 -4220616
4642771 -4841086
-7470223 -4330019
-7601021 7003970
-7391130 3941422
3518703 9450368
-7707407 -5988449
-2907828 -9114826
-946558 -9832788
1095262 8254928
-6355533 -9499408
-7692958 -9470506
-3621750 -2466370
-1581109 3968759
3441725 -677032
5102352 -8538519
9136747 -9315341
8870993 -254877
9265445 -8333476
5607946 -8730028
3236692 -8125685
-4114134 -8356998
-7471824 5529286
-1787150 -4505610
-6250681 -5902030
-5401437 9308112
2353959 9910138
9960120 9421957
3390717 1248561
3087882 -1620988
-7643155 -3167558
-9966546 -1809766
451710 -8506408
5676468 8904447
2690771 -282845
1591471 -6199233
-4556231 -4072536
3973102 -6311
5488080 -9511703
-5413732 -7814048
4010417 1753751
-5819759 -815169
-1393212 -3635624
129289 -5859639
-4964275 -8002495
-8653700 -6782829
-6076242 -2607430
-8597486 3896106
-4683095 4375468
6608975 -404665
3396102 8007676
6451492 -9283202
710488 1356223
1844520 424594
2610547 8714920
-7014977 6430788
-4384381 -3379036
-4498308 9681616
6338329 -3261240
-1263735 5630981
1364505 -8625945
-8717023 -7401083
6495023 -2195385
-7819917 5201844
-5202821 -8188072
2335957 8789058
9505857 8193281
-7934144 -1212551
9212044 -7267303
3963969 3910376
341165 1822591
8443555 -534656
-853040 -1526864
5211896 -6054753
2092580 8001641
9375696 6464514
9063431 5973437
-6221948 3175026
-1623130 -1925193
-113265 -4041865
7263546 3174049
-6116318 -7777308
-6473506 -714245
-5465196 -4050462
2376266 -7261462
4561129 8498773
-2035883 -7282569
-6293080 -4478964
-8017365 -372571
-2370930 8918816
5383330 4075215
-7434995 9521119
2696145 -3036886
5037921 -3656943
-5182455 3589367
9279768 -5075344
9663701 4597443
-6116802 5679802
4145692 -6809805
8445085 -1581998
9433127 -3478042
-8244258 -4477434
1043602 -2602756
-458975 -4537338
6897830 3026237
9617804 -313553
-792434 -5202487
1760627 -7817191
-8957781 4420063
-1990570 -3201452
-5760444 -4140236
2973559 9805550
5485352 6419609
9609804 6856757
7791111 -368956
6153003 571241
6093807 7224238
-5378518 7908745
5887759 -2862591
2679998 -3321141
6365306 2785589
7583102 -5185845
9513316 -4427127
2509288 -8139919
-1341371 -9444465
8931651 3035071
2840621 2898186
-682205 1905210
-8721681 -1674026
473370 -8556048
-5468455 9069430
6293668 9142725
-432178 -9374647
-9720886 3431502
-9889639 -4544419
757523 2959113
289620 6475668
4564893 -9143023
-7282941 -197064
-7125176 -2925819
2625604 1375688
6790226 4322827
8744390 -4533774
-3691448 8624374
2584678 -9977291
9092140 6781922
-1559000 7116223
7741576 5385808
-8666337 8008822
-6535596 8020691
-6503844 -8555976
436044 -3261721
-2404744 3785776
6105064 -4999063
-5408529 -7171333
-3279292 1496240
-4180932 7217075
5199653 -6489066
-7864692 -5436542
7102519 4024557
-6677168 -2763662
-5647438 6194659
-5903180 1763832
-227346 -7905862
2631181 -4569517
9390859 -4246590
2491689 6127337
-7570535 -173096
-2655807 2603298
-2051683 1050882
-7452878 -5547984
4185444 4669025
8179960 -9117458
7962352 -8098551
5926007 2831620
-9932041 -2418776
-6224117 9248839
1012671 -5579479
9031011 -9610945
8335890 -9214675
9055088 1662193
-9694118 7726750
-9929994 -5936871
6666427 -7264652
-3697418 9930551
-5617432 -5385255
1800122 -8633944
4764951 1084364
2985813 -19918
5328055 2727303
2824879 -1088180
-1839341 -2087634
-5150761 6600763
-493830 1689682
-5008640 -6119750
-1941205 -9641587
8085163 -5953552
-1890423 -1635322
-6383622 671521
602072 7292357
4423454 -81040
1285016 -2499008
1101708 -3776424
-1279989 8566319
1293623 -5912478
-4484306 -5951934
-5523216 -5881498
3235617 -3807294
7882388 -673977
-4277375 5258140
5616553 -7126252
-3079804 3781421
4662451 -3781932
6889589 -2453874
-5161517 8278829
-1802211 -9991987
-9974642 1778289
8001865 1999157
565477 1127066
-2269060 -3278124
-6713706 4375452
1010306 3246635
9439341 -2236922
-394547 6762276
2020416 -161919
2711830 5328079
-8374148 -9846679
-3628611 2148378
2210856 6288303
4567132 5777330
-1698305 -434309
-8656020 5281273
9796782 -1672947
1970472 9345846
8584074 362259
7254063 9701412
-4535601 -8129631
-7850201 -1735630
7542998 7420092
-2741826 1755253
9599684 -436586
-7766913 2486356
-5365266 3741888
30191 -1395524
6898158 -638057
8927634 7113675
-5088700 -4800147
-3956741 -9728385
9617461 -5291918
5070342 8013731
231495 8201535
2588256 -5159243
3105127 5695895
3115987 4738056
9009661 648125
2727891 2890513
-4623131 1125697
-5132415 -2522670
6081806 -7472044
1889899 -2585872
-5472197 -4503684
696170 817533
-6394500 -8044545
-3336463 6739429
-2730488 -6777039
3940849 4250231
9090989 17359
-4286746 9045457
3783513 -5287532
-2123054 1345594
-5763893 -4690474
6435223 -9395163
-1917832 -387023
-5342715 -8697192
-8766712 6680326
-7823357 6547184
9881069 -4238909
-2283454 -4610835
4644946 -6513430
-3290469 -3103564
-8853333 4430810
-5551831 3166732
2212190 -9762344
-5049875 -7322224
4023370 8512055
-6178418 2827071
-4051740 775829
2905158 2773157
4075966 -3453220
5743459 7562443
4109627 5309254
3586698 436454
-1658029 3990697
7477267 3819596
3232384 -7013083
-65921 6703150
-7613765 4379052
-2866940 4382248
7060024 -2885223
-4373168 2083185
7426608 -6400254
-3108072 -8035234
4737924 5891221
-7561999 9797086
7359530 -8669758
-844152 697812
-8865734 -6014491
492558 5258898
-8405153 -8007411
-5020494 -9513823
-294320 4827231
-793717 -2570063
-8187814 2091915
1723044 6339344
-9061119 1388562
4988309 7349876
1830995 881842
-3226937 4396589
4193675 9085271
2931865 -8272584
2425229 -5930443
-9428581 4604065
-137036 -3924153
-1931563 1063977
-5933493 -6025837
8801394 -4435705
2994233 3772187
8380454 -9475970
-620274 -2677229
8711333 103498
9969726 318607
-8799551 -3784006
-9387417 1800721
-6597656 -2026488
-7782719 -2677389
1392168 6334209
938275 4642510
3234709 -5520061
-1939731 3317591
7291754 3819498
1900146 2126776
8415315 -1390500
-866470 7410731
-5266498 6795769
-3100733 8513256
-1168136 5961187
-7822818 -3131007
1186067 -7451335
-6961470 5306117
-7371272 -2895237
5955325 -4744189
2414673 -3462751
-6466460 9409952
2727543 8165734
-5498415 1593809
-6279415 -7464351
1145149 6401731
3812462 4652252
1448021 -9721320
1308288 1062316
-2976497 863640
7732634 2656504
5205170 -799315
7023155 -8564947
-8943832 760052
-1467785 9651883
8705484 7011493
6421445 3463240
1628974 -7760975
3832834 -851012
-5799011 6130559
-4951358 69772
-5277976 5346139
-1858829 8861104
-76580 -1313602
9550038 1965811
-5377684 6946924
8663961 -200976
-6249571 2343838
-6896110 5687116
-2144648 -5193402
-8181909 -5847543
7615697 -3439164
-8683787 8239537
9904877 -8238977
407935 -2334600
7735172 -5894133
1968358 5456577
-3165966 4973548
-6340054 2625881
-5408308 6757454
-3779270 5726337
-4474639 -785992
4074198 7401044
-4395488 -724209
4082389 -305560
3846897 -4023784
-4946595 5900480
-3343631 -6021054
-4260030 -3630382
4035018 -3438753
667114 6147905
1604482 -5713458
1776443 5151824
-2222295 8438516
-2287677 5436389
-6320922 2369397
4099758 -3550595
6366801 -795560
8480231 -1826044
384749 -8028686
-2052470 -4921028
3495804 -5768354
-9273055 -4482713
1886906 -9847826
-3286579 -3533085
5131172 8438276
-7275181 -103113
-4951289 -3264346
7690523 4501262
-7545997 -4657232
7712165 7919198
6884955 -3866918
-2146126 -5671725
-4981416 3251757
-2260577 8850457
-6070571 5403333
2151331 -1796695
3720593 -58415
93759 -4605372
1861543 -4392501
6562127 -676468
9220419 -3007285
-3755278 9286946
-3695440 6785482
-7871750 6451597
4370795 -8725084
9924350 2356768
6685043 -6227898
7023859 -2221776
-3371319 4219979
-376688 -5236718
-4517060 -6925538
3016047 4290996
9685624 9203533
7327384 -6890193
2433339 -5936480
-6427413 3889511
-4307190 -5829889
-9044407 -7666339
8785258 -5486278
-4211362 -6916156
5440612 -4327595
-555492 -4287012
3491212 -5357993
8861987 8984719
6264354 2636245
5710707 -8998349
-2191001 -8252706
3467179 -1273245
1836562 -2505376
-5925504 794563
7200426 6786253
-9043636 -2352917
-19255 5409588
9923311 -8088042
7512154 -8717645
-3045239 8228301
