592 -6940169 -8584614
922
-2090683 -7278234
-6384350 -5894561
4412316 4014419
-9036231 6744449
2655872 -1669341
-7249204 -5703124
-3473528 -4781133
-653883 -8954858
8359172 -9264831
-8903896 677390
-9516874 1519775
7870337 -4950221
2697484 -9466209
-7215738 -441998
2617833 -4769243
-2047477 6716001
-9178560 3043502
-2942079 1568174
-9171025 5233756
6080767 -9461957
7351271 3484847
8703714 1347915
2393058 -6122256
-5387087 -9433816
-6240074 -6731418
-2695291 -4290983
-6724852 -5756947
-5223156 -4824954
4733049 -1511016
3719741 -9922542
6793459 9867234
2910737 -8327736
-4243210 7614900
-4634992 2485010
3023053 -3414235
-9929388 3962128
-4689957 -7109323
9284773 1290679
-5626785 219453
3488035 6414038
4639407 -9350507
-5107454 -9207256
-4032209 7914555
-3596461 -7814258
-7736799 3217192
3084426 -9876720
4311896 1573012
-8295736 8511515
996526 -9931313
-3345548 -2930727
3547753 6535931
9426608 9241417
-6951552 8857796
-8406398 8711381
-2358229 -2578337
-1928844 5081637
-1609266 -7718822
-9804267 -4519945
-9817851 -3125123
-9907931 9115624
9238904 4961702
-3465285 -4307153
-5795637 3550801
3619488 -1761021
-2175396 5200889
-5746828 2790292
2031709 -8627643
-9769846 6196133
-2576134 5080157
5018172 -8176244
-578255 5065638
7346816 5605681
3602088 328831
7203708 7542550
-825474 3784237
-1254060 -187871
5504977 -1586569
4480584 -2202993
6035986 9709340
-2573419 -9383576
3406716 -6139409
7749300 1679753
-2124114 7954778
-4448713 7979454
2319562 5299753
365391 3085812
-8792155 4257660
-5413509 -9771441
287461 4809933
-8889478 -8209800
-5881319 9461988
-9608229 -7627186
169821 9623658
9332998 4872355
5488779 8722160
-7417249 9275931
955685 -8588153
1882977 -9667949
827858 1347923
9164028 7434265
520077 5663772
-7562216 -7954229
-7725669 1727922
9054207 -2975724
-8669172 2561792
-5459868 2681081
5053896 -4550491
7589520 -5068097
9804258 7740069
6462229 -561130
-1285198 -2190611
-8262411 1561332
-5590264 2186839
-6465238 3620566
-6428817 -2246054
5934070 5215143
7260914 4091260
8335534 8371855
7912483 2051597
7129742 -93907
-7412825 1759663
-274476 -8330126
-3398222 157423
-2102508 -2684956
-729733 8922388
9248130 -5640278
-1562594 7985069
171908 3502071
-2877363 2847142
-9398912 -3776978
-8561835 -6789827
7301433 -948489
-2576634 1215432
-6732971 -1846680
575765 7852201
-388136 -9603229
-7933354 3162940
-6679637 1853740
9168785 -8815224
2623516 -6265792
-1906070 -1560948
8940473 1871646
-4626283 -952312
-8105169 -8371267
-2148245 -4987293
-9260768 5012271
-5936218 -8193727
3021705 557017
8710337 -5996500
-8144299 6288734
6685506 -713897
4965395 -6016083
5837658 1268504
2453280 802111
4536319 -2477205
-1521801 -4923204
-535205 5146601
-5805711 -2581328
-8436243 -2645136
-5116077 8605472
3617744 -584488
1221785 -4376845
6180173 197878
-3282269 6759842
3048577 -2593138
-790683 -1426568
-4926298 -7749565
-3964709 6691065
-2506824 -9088640
-9049493 1004923
-1401929 4545847
-307552 -571294
-636270 8062866
7934083 -3596911
-4991438 927487
2859351 -7181994
-9042486 1142658
-8659464 6597489
3357331 -345961
7060901 -1941733
-851948 8922260
3689047 8786571
5477636 4221754
-2350534 2240690
-6754387 5487164
33011 -1400027
545031 1843685
-7577097 9725459
-3871452 2425113
5868952 -9643014
5691345 -6346538
4796120 -1271697
7842144 -834789
8819250 6136657
6711276 1199476
-7361912 -1603497
-2816926 8375680
2597434 -1156512
-8915822 5177062
664226 -9753100
-8636775 -5670208
-1310171 -9302763
2939048 -5575392
6849721 1112732
-6013929 1583949
5237411 2718673
3963329 9677416
-1157373 33532
8686541 1805473
5521301 -9821771
-1425268 5397817
-3710150 675742
9519230 -1725841
5967573 8887284
1650537 3119760
-34096 -3368200
9845389 -4469886
-45277 8655733
-231534 -4699210
6884739 9320796
-5444178 -3729111
8464657 2122150
4672034 8519151
-7159024 9823636
-9998135 3358575
-8727255 878630
4070724 -8907051
-8116540 -2437405
8966231 3589954
9226066 7851034
6999186 616768
-1336765 -808029
-2152296 -639073
4661717 8617958
7938754 132522
6403411 -5937192
-1298689 -7505424
3530079 4868068
4691704 -6626655
6731921 -1112592
2282390 -2790079
-1697129 521018
8083613 -3646886
2459420 186331
-9446283 -433804
-9817035 1685486
-9122543 7552903
9430183 -8637448
9980510 -1274838
1374036 4091900
671061 435616
-4553455 -2222552
5161868 9372372
-7254283 1492976
-9619616 -7630075
-420154 1993990
-7484992 2662774
9015888 399069
3101753 3114973
-7318830 1475308
5677147 3655470
-6275274 5380487
6743039 6554604
7796118 -6845091
-236839 -760099
9675517 -829845
-536045 -9565778
2322946 7638414
-868609 -5374177
9512100 5068664
-2937346 -488225
4690902 -8391701
2007368 -7905985
5208988 -3776858
214803 -4890879
1280944 406510
-4213003 -4108050
-7553446 -2477978
-6806717 -7469964
1769937 -9757327
-8070820 -4527204
-4092981 -6038193
-8399779 1393135
-1464690 746317
-4185019 731612
2759740 -1952589
-7827938 -4606012
-2511997 9966994
-3809864 4179430
1804904 5213343
-4380146 -1078709
4813241 5602200
-6875778 -6076797
-3546760 7259796
18821 -3682495
1790301 739529
-2782312 1948001
5857488 213672
-9040010 -1182090
2065874 -5607202
-5043439 9291323
-5314689 7341966
7308960 9644975
3824406 -5310334
2419362 6015449
-5063260 8145662
3747862 8039216
-8037581 9749982
-473870 -611564
5705941 -9067989
-5812107 2061303
6525656 -9987406
-7257381 1405581
2739843 2383144
-707706 6218961
5510284 -5194282
-7852316 -3234792
-3589817 2711948
-82034 1972997
-2011554 2750941
896603 -7662672
-9623456 2925186
-4808480 7160817
-3450747 4855316
-1696321 -2765998
9295305 4771546
-2699507 2491572
-6102846 5820961
-9279543 -7440536
8778425 6636997
3959067 12752
-705688 -3194939
9517009 6106752
-9403899 5704495
-9028211 -8048672
-5711344 -1415453
4026085 -5615256
4061914 7181553
-5446779 1733958
8967960 -9388833
-2100934 2856900
-4651527 8263266
-3399421 -2284089
275375 -8238021
8398976 -2678963
-149859 -8429848
-1624787 -5125604
3497500 9144453
-2634700 -9591425
-7640097 4093601
5194500 -1662911
2721834 9164911
6346464 -779415
3470895 -3216252
9911267 3416037
-3727062 2438856
-6781526 -9673315
-9441052 1621411
-4100258 -180947
7140090 -6649325
-5079173 6815070
-8310534 -3009769
-3865316 3296041
3704616 5186966
-719433 -3983663
4353426 -1419129
-2254218 6991419
8728357 9591612
8891712 6608599
24636 2199252
-5361892 1319332
-5837631 6297574
-9564663 -2143418
191988 -5278682
-1928007 -3664921
5666502 -2667922
-3161338 2992821
8805214 7355968
2542935 2973346
8989683 2509830
-8909299 4339854
1331274 -4140538
7967426 -8647165
7961434 -7424017
4775235 6859139
-9305177 -9497577
6799997 9413344
9786278 -5142808
-7905138 -248313
-1396882 -21734
-173303 166856
5676029 -5730380
4141941 6665359
-7844943 4481243
9507425 9201228
-3942566 3661093
2036907 3114478
4467313 -94940
2481043 4333
-3136528 -5054900
-4552477 -2743721
9185975 -9925353
-5068160 4763872
7031911 1488605
3983224 -2973298
-290090 8151382
-7578998 -6190079
2991632 7902291
-5100114 -920705
-1719477 5146689
-1192218 -5592689
7521789 4337958
-5756982 -9155311
-6634625 -5494545
-8033093 -759586
6496693 -7254801
-7180153 -2585570
4694654 5682668
9687625 -9731961
-2705259 1726566
-122052 3670849
7480770 -478996
9939647 -5184698
-3589050 472402
8135444 -5160466
-753155 4691473
-8454217 -3056774
-9695732 9284987
6306794 8305154
-2454432 -6330357
8931194 8273701
8204483 6558613
2241281 -8248959
-7980920 -4584511
7142055 -5554742
8116108 -8169826
-6132470 9536355
6868010 5596878
8585633 -6192823
-1353289 -6721040
486785 6721077
6180655 409909
-305104 -5451079
-7145925 -998725
-4812730 8518042
6791743 399643
9474608 -5881535
-4130494 -2487422
2928067 1715889
6161147 -9595061
-7764887 -7413525
4639182 -3206393
-7609514 -3897357
-90180 1507192
-2697496 3492471
213548 1072884
-8517207 7789290
-7661789 8910555
-2088169 -6305959
-7787917 7708638
-9375367 3099101
7217566 1520178
9032756 -9900759
-5668518 5603425
6008364 -5522825
-2936350 3008981
9802589 8243477
6862472 -8297167
-4273623 4709427
-1798102 9288644
361528 3028882
-6665476 8415446
7326001 -5639327
-1945286 8189087
5897725 7754184
853286 266797
4303327 -961290
-862049 -9412796
6190629 3336083
329611 3469433
8994766 -5284655
5475174 -90387
1612446 8797355
3506782 2337646
1626291 -144824
5400410 -8291320
2640478 4504171
8864845 1251286
-559627 -7517168
-9762984 -3080441
-297291 7854450
-3106840 -6393346
-5806141 -5993964
-141528 -1452537
4533248 2900840
132538 2704435
-7385952 3528014
2325370 -4392288
7945359 -3257153
6598023 -4167848
-9942815 -7911998
6592173 -5485215
5766071 -4785985
-2303153 -2026630
-2590718 7722796
-1906402 -9549784
-5943130 7111991
3634379 4986758
6050573 -9232919
-3815726 6009203
-1286362 583821
-5888165 6316812
-8075476 1327687
8070534 -1046443
-2697938 2386235
4474237 -2815091
1699694 -2640753
-4910386 -6417237
1556133 9982117
7704913 2786462
-4246970 1481767
-1406242 -4201489
3301621 -7673748
-6906666 4744490
753693 -647806
2452367 -8206040
627124 1983684
-6688629 -919446
8034112 -4932000
7454236 3898257
3599518 -4663826
-4788227 -5555175
-9456060 7815564
7797681 -7182261
5604201 -5383574
6098193 5502594
3817457 3873583
6199836 7208304
1952794 -2880922
-1012376 1809522
3603482 5222839
-2793477 3956343
-6963103 6746958
-8185042 517894
6932503 3587361
1439887 1785546
6230372 532021
-1652415 -831988
1985752 -709336
3907090 -3854734
4164212 -2410047
3979889 -7478364
9729940 -9501979
-9866549 179725
-8010753 -5800914
9421925 -8362573
5593770 -1890919
-5143961 -3371551
-337305 8630668
-5265619 -3329003
8456544 -3404801
-356428 6174269
-4657719 -2796732
-989716 7991158
6652776 7328033
7434339 -7082625
7955363 -6666659
-6168638 1414228
-8406047 7685303
4400741 -6035186
-4397759 6099552
-5791367 3822666
-9548885 3712364
-5140616 -935328
-1747979 -7369837
-774638 -406235
-4231966 9224917
-3571815 1385286
-8107204 -6373332
-9045299 -2045178
-6611451 8545573
4395266 8389040
-7680380 -8656088
1545567 742980
-2775854 6429925
2529477 -4053692
9768974 -4657260
9055104 6738110
8319134 2736442
5366605 -6085512
-3975395 9087508
8312425 7108319
-8990043 -5691008
-2064340 7256963
-4788215 -7097246
3964679 -8593287
9795754 -1399666
-55754 -1640055
9102925 4631726
1061652 4006165
9952473 -3672928
1669812 6107481
-4638056 2237799
-5025759 -6758732
9672108 -6318922
-7231414 2857198
-7518131 -4303287
5705 3597364
854327 -6508173
-3605419 7941365
9348079 -1417536
7182798 2875612
-8764443 1660185
8808263 9643396
3649561 2854834
1698258 -130085
-4022603 -3881614
8356185 5884422
9125690 1339341
-2463229 5846779
-1296023 8797798
7010864 -7178290
-1064574 -6297801
9710378 -2983431
7474287 9789753
-9111431 8621311
1496923 -661282
3515255 587719
231115 2732480
8103666 2323518
4709786 6397028
-7484586 -198075
8202699 3203535
7059228 -9128401
6718378 7328390
-1357460 7112351
2450413 7938708
-8359093 -4346596
2669974 -8614161
3691944 3867637
2488948 -7339387
1999331 4580513
-4831768 -6014129
-765297 8030938
-7129192 -2084301
-5687273 -2661631
-343354 96946
-6699519 -3171859
-9783907 -2140654
7704088 2876061
-11587 -549177
-2610469 8862980
-5483615 4955178
6341018 -8453210
5414427 -297289
-5120324 32962
7129828 -9580273
-5594402 6879007
-2573703 4814412
-7269888 3640301
3495023 297105
-9605948 9559191
-3612667 5668021
6043719 6210885
-8396701 9119778
-1429399 -3735841
-4872860 -5891936
9063242 -1523515
-7460373 -356475
1862588 5404260
7953575 470407
890134 6742264
-3862377 -2400245
-7585833 -2187915
3968738 3563920
6377377 7660631
7219823 -2536239
5648135 -712219
-4501333 -6392844
5243286 1691854
472366 -2898034
-6273618 6330239
7323076 5599506
7759383 -7210376
710237 9862704
-7150537 -378029
-3635765 -1336188
-1220081 -3744051
4068034 -4981790
1098482 1194086
-1145282 -1963227
-1983114 -2524141
6763641 -3925459
-7801951 -6334979
-2126772 4778660
4396978 -42313
-3712074 8345594
-3538548 8123360
-9087016 -6388997
5990059 -5779165
-3640842 1623221
2803385 1355874
7611823 -4760255
257955 -8416696
-4706257 1679858
9716631 -8643563
-8651352 -3335187
-4744294 -9750131
6431243 8112289
-4592699 9970107
-72206 -5695529
5166417 9804279
443991 -1267928
-5140573 4144221
881408 -6126672
-1987099 -9150514
2205360 7240566
-7519689 -9183713
4915943 -7666464
4013394 -4745382
-3388945 2726038
1907203 -3753623
-3503754 -2040297
8588345 7162909
7133016 -7072511
9748312 6511998
6316278 9577162
-1690765 -2568919
4091654 9276621
-6850051 3168662
-3465499 -5026938
-7786372 1162851
-5504510 1256213
3589749 7210291
-7535091 1927785
-5346176 -2396857
-3634128 -8407684
-7931628 6561027
-3759711 -4621529
-9177688 3173069
-314933 -6626695
5466820 3086977
-9481942 8517697
7794319 -6223945
-538931 -2873935
2099127 -9055732
-5376529 -1488078
9768136 -3170892
-5960601 -881039
3563099 -4125763
-4006267 9020661
-9387023 8216923
-2705698 2359605
7738076 5197701
-1629230 3534591
-575751 8560389
1647366 572190
-910113 -5108931
-8816524 -5318224
1807841 -3115794
-9655173 -6839103
1672820 6423321
-6747571 7484650
9119964 1440956
-168455 -2708172
8828841 2683063
899986 5825278
-1815116 1958171
-2844128 710640
6761584 8439312
-483947 -1957005
8615185 -3814167
-6406746 3679771
877900 -2294928
-2894369 7293082
-9546021 5202093
1625414 9966810
7451460 2126799
6084107 4877843
4686024 -912224
-8229161 -4084347
-8259069 -3968783
7989388 -4812823
5897818 -7557833
3397832 -4854739
-4295392 2659402
1361587 -7086115
-889991 -5680207
-5458783 -2528807
-5235725 9987909
5190002 1646848
-5869990 7734606
-138594 9331769
4209612 4097823
-6814401 8461865
6893870 -8588012
-2556794 -5043561
-7340032 1151154
3593321 -4567406
-6905793 8557786
-6266460 9507505
4937743 -1201185
-4365040 -2388521
-2400976 -5952248
-5964339 176178
-8176974 -5120349
-7385742 1742015
1073784 8469389
2567212 -5007984
-6546119 7799749
1728089 -1730837
-4258046 -9652248
1498906 1687647
7120242 -1598077
9476061 7608579
-367563 2730801
4045969 5725954
5853785 -5429820
-1382068 9680929
-142893 -6547190
-1667539 -4830055
-571688 -5803514
-7334125 946719
5938735 3018449
818198 -2250561
-1465046 1908969
2256721 5062639
-3249713 4276909
-7321168 6271979
-3603090 6386881
-882318 4671245
397199 6029347
-9400473 5680003
5360933 -3749015
-7779853 -8266189
9420108 -4781960
-8069122 552608
4015680 -1151579
-8133130 7113105
-5137456 -7529233
4379736 -4798580
-9735941 -4086149
-9809240 9152809
-2058860 -2985654
-6598773 5385944
57189 4338051
-7116250 -4964738
-9284735 -9545611
9221726 5999630
7733441 6076198
3810591 3958225
7027185 -330098
1034675 -1742179
-4629073 1042865
3513633 2901545
619317 -7250177
-1336326 -9590279
9562531 883376
414075 -1145566
-5759622 -9979977
4358074 -3668346
1366916 -3186080
9784661 -241823
-4242193 -5401466
3191084 9006387
-4519036 6007600
-4322498 9518027
-2224151 -7491851
3551015 6712177
-7869926 -4336872
-1587049 9581000
2507073 2749391
6149120 -407022
8447412 2069604
2089628 9079547
7927553 5204143
-7981937 8964054
-1277769 -8189178
-3590644 4319076
-4158185 -3003610
-6996009 2116792
1634820 1322779
3830928 -8802155
7910023 1927021
7590149 9898295
9479295 2556449
7822193 8519452
-1887570 1986369
6572325 3971313
-4432788 9076195
4280338 -8821695
2658712 -6505235
-4694413 -1185247
-6866171 3897295
-9106314 -5768705
6348088 -1024356
2814775 -6102323
-4904478 -9500740
2426281 -3354297
-3456001 5521897
-1921653 16430
-1464118 8539646
-6957633 -4099460
2388205 6648313
5724508 2131045
-4174298 471769
3966534 -7478802
-6147697 8484414
2381710 1788474
6019769 9502484
-9005520 -4208252
-310575 -5115791
-4616531 3809255
-9545042 -2698701
5339549 7809750
-9657468 9515309
571308 -6582104
-8165212 -1121585
8043080 3613675
-4255280 4222993
7211114 -3716060
-8678510 1570423
