141 7821449 8296597
660
1323352 -8909482
-155365 5938553
-726969 -9607846
-4193759 3878928
5443992 642428
-5869991 1424095
1485833 -171795
-7059137 2856110
-6384024 -3880370
5450817 -5608035
6394169 -6192955
2024878 -9183498
3728340 -9965451
2243764 -9961968
7859482 -6335001
7271869 -6943286
1511619 -8300814
-7908660 -2883496
3511785 -9215350
-6056570 -2102419
1838029 -1044223
1300334 -1926561
3445902 -6676138
-556508 4241197
1149514 7061878
3385275 -5105691
-4289189 -9939964
-9905415 -4589846
7964538 1955503
-1863146 -5145298
-9572232 5824020
7523206 7925076
-4958420 1939387
-4759611 2130899
-9971520 8553365
-9974505 -816180
-226389 -5617139
-2293277 -6157819
8083379 -6780487
2797744 7150216
4560877 -8250755
-8190719 -3816981
-5890475 2788041
7259896 4420219
9274921 -7925936
414436 7913103
5838179 9702689
-5841572 -9546005
2584894 -9120241
1949477 -8084831
1098989 -4870274
-487412 1974972
5817153 3388953
-875182 7219311
-3114121 -3583116
-9317518 -8077438
-9378066 3963109
9267502 -7508237
-571666 -5268541
-3194477 6527398
-3043147 -1296745
-9077704 7219960
7673955 -7204968
6191144 7597076
9512246 -7224799
-2095073 -1859379
2631945 -6872413
6516540 7417515
-2846821 -9034550
9898687 -4358641
-9919727 -3444590
3034871 -9418831
5589284 -9297793
7950019 2302373
-8653876 -4982381
-3762774 -5244458
4491854 -9180671
-6385638 9675875
-210697 -5317839
9973714 2321858
2978831 -698451
-5054511 -2121358
7812509 -4389224
9092578 3978381
2136092 7482040
-5962549 8991265
2088786 -5267282
-4565075 -411326
-8108952 -9805577
7728394 5901296
-9343161 5753524
6572853 6481972
6157847 -2334955
-5136441 2703567
-4974575 -4052849
-2234948 -5162727
-4767733 520608
-1352264 -4773107
9205275 -6955223
-9473183 -2259685
9247932 -6142281
-1409563 7080620
-3330705 -6146929
-5952506 -3458285
-7556989 -8923305
6830219 -8224112
774212 5616202
5797600 -4080576
1139344 -3067940
-4604437 -9338841
8014784 -1318879
9201730 -4323033
903861 -6752948
-3708171 -2150534
5589781 -7374512
8999559 9334998
6415619 -2645934
1207137 -2410003
-3351936 -6915086
-5838391 5254631
-453129 -908925
7223630 3508180
1943956 -9678917
9769495 3021230
-3801259 -6916700
1764422 7681410
-6641622 6729877
9976929 -6517496
1331970 -3221409
-8079569 8785110
8120109 9438104
-3207830 -9080010
-8973661 -2947920
-7346654 7999307
-4229710 -2325597
-718169 9331307
2839487 -2166487
-9329052 9021813
-5440605 7299795
-9616904 2956796
-6845442 758136
-2511987 -5336130
-1853626 -3487064
-4192121 9981295
8766405 9478344
1432800 -9755338
-8835347 -597134
-1028702 8224970
-1259371 4707344
4898100 1624644
-6527697 -2972729
-2622864 6696283
5718096 -1171858
-3872062 -9435563
3521233 -9722509
-6448021 9027386
-6308744 6675791
5705080 -6443656
-6462361 1837630
-6167674 4029311
4273974 4820397
6739615 5265127
-3993551 5438627
-7337677 8227266
-148090 -2736569
4290702 7560423
4256706 -4159434
4668708 4184191
4748628 -7508846
5284997 -9203354
9824032 -1730139
7462004 8836976
-7606679 -6484712
-2130730 3167084
-2803604 8447312
3267709 -5782051
1999428 3986722
-8058299 -7476323
-9249057 522229
7785660 -5395976
-7835552 -6880795
-1040229 -5407285
8776906 -1062494
-6054987 -6371520
6941478 3525534
4311747 9230010
8066987 6765511
2797151 1773751
7457188 2976660
1423972 3182774
7400723 7169936
1156658 7208034
2248063 -8083497
2438732 3098359
7702383 2999006
-1365437 224393
4817108 2383183
3837042 7594335
3739167 -3889634
2152252 7782055
-471583 680645
-2553844 8980351
-6729546 -2404596
-9427936 2759660
-4057566 -9272358
413930 -5487611
-8279577 -6656843
7776012 -8429412
-2814701 3968486
9483844 214744
-9560863 7404035
-7696430 -1881593
8229094 -2227403
-3600685 6140612
-3560981 -5515387
5165259 8551567
7531918 5967437
6079193 5127767
-2112573 -9197627
4046367 -832390
3679999 -3653787
-7794278 -5539702
8547238 -2083226
4401612 9981734
196479 -4267462
-6863427 3885456
4520215 -6848032
924566 7956495
-3386540 -4734338
-249725 7323881
-1608199 -4431169
-8463732 -5084466
2559654 8440071
9242444 131814
9299424 2963433
9309647 -4194836
-7218186 -4504225
-4071099 -8484631
-8502896 -8670948
9577942 -9669487
-3267679 1693583
4845551 5230867
3187363 3768888
9034550 8286469
-1873297 9800823
-4630346 -1215174
-3783288 -965144
-2525073 9422275
-7929559 1292718
-5743848 9233724
-4961112 -8630135
9381992 -6434201
7597520 -2179298
-8333894 -4689107
-4358594 1610976
-6695441 -8755951
6474916 -5109921
8658967 666463
-8530716 -337721
-8020546 7693518
8994696 -7887661
1147195 -2650891
9287736 7727760
-979521 8622123
372199 -8641823
5244394 3276631
-641218 5411087
5748141 -2857262
2453631 9472654
1083631 7414247
1174648 611389
5501468 -3095458
87357 -2350435
-171804 -3323213
-5629695 1556642
3668981 1807651
1673112 5881353
3609114 -5183823
5954652 -6522800
7351729 -7370407
-1577424 -3673149
4254290 2596123
2255213 297710
-7713284 -7481217
2449382 -5291156
-2163415 3370347
-9725110 -6375969
-6210052 5854405
-7468808 362247
4435241 3618144
7942147 9417850
5299203 -9379425
7953104 -7868389
-4391189 -8575331
6570614 3907756
2750959 -7039460
-1926985 7509542
-9676396 9521601
-7959616 -9671772
7553424 -7389679
-1502980 4489766
630149 -4609991
3760766 -1228090
1650510 -3063551
3070946 6291959
-1773839 8602103
9222678 1013093
-4338943 6041716
7466386 7175782
-6400110 -6213780
9263113 -3446648
-5937105 6350849
5872450 -2663872
-9819291 6902851
9513172 429186
7435305 250485
-1843153 -1989807
-701545 -9418194
-2481744 -8082387
725924 3465317
2067421 -9410798
-5881353 8952085
4993802 -6193549
-9017766 -220296
3565925 -5023460
1529892 7098476
3449326 2829038
2681518 -1890861
-4988009 -8161872
-5216333 -4621421
5629065 7041515
-4948292 -7781028
5317130 6302264
8219877 -3133484
2848185 -7164614
-6575412 -8537846
-9585761 -5084394
-8761590 -9940412
-160708 -2075607
2900933 4736996
1835472 5921569
-8733041 6947178
7572669 7801150
9639279 3948478
1843409 -7415340
9626176 6939298
9158270 -2527526
6291090 7194236
6577104 -3008248
-172861 4510968
5973122 -574710
-3142752 -4231921
-4172333 -1096287
-655541 -1904342
-7167346 -1816688
-5895119 -7754608
1708922 4668127
2469277 -4628159
1836671 -718408
-5617396 -5375092
-8435794 -6319920
-6331093 6525132
3719369 3238828
-9769419 9959997
-3012683 -7187175
2238115 -7425928
-1657849 5476791
6896857 9095364
-2808978 -3313829
4869483 -3758684
-8996940 -7459971
7208156 1490716
6862557 2711983
4509927 -7806215
9335046 -8784420
7412013 1408883
-2065984 -9100748
-3345567 -8919080
3557269 4169737
6982562 9401366
-8024562 -9455413
-1462270 -779322
-1683958 -7166059
-479888 -4565413
1675903 -1976584
563445 -5610405
5880312 2678964
7907299 -9712047
4998091 -4740779
8991154 -5066422
6342461 4333137
-2251259 6403167
439 -5723523
962566 4403174
-3679108 -6442292
6618647 -2054871
-317841 -1703670
-6353376 -4843622
-6892683 514553
8537969 3166736
72684 -2700427
2494889 -8382233
4422072 8469348
6244921 402188
-2147882 -579837
-6246700 5236075
-5844406 -5805421
-9012591 1502042
8421568 4156033
230094 1949975
2411456 -5257539
-4444857 -3151259
-5478529 -7906385
2608168 -798233
-7631496 -9854859
-2555286 -6337510
7796609 -5042460
-6573112 9939603
-7141857 2218681
4155197 9671809
-2575763 710261
4904840 7908497
-8073109 1579831
-4264135 5892249
-9641423 2864812
7607273 5965959
5331052 2770033
-2619999 5678768
-5119464 9852524
9997665 9988169
6167011 9765392
7239284 9958731
9898334 -3520028
1215006 -9333828
2854333 -7243523
3466738 -4629797
5795052 -9721430
1858402 -9112070
6780180 7721944
-6896892 7594267
-3923422 -344891
-7574858 3226733
-1094499 -8592370
3776506 -194857
-7690335 -3697611
8584133 -3709477
-3750746 993028
7473001 5823417
-994059 8663940
3936769 -1311993
-3425438 -8139725
-7861155 -2596493
-9192210 -7630386
2607910 3997247
-5892134 104322
9759431 5711018
-1062249 -7299204
-5891573 -7815427
-5493931 7843253
6661994 401285
-791839 9332086
325114 5246128
-6414103 -2026233
-3362292 -9685533
-997526 2591839
4452114 -9425523
-9505663 -1906612
463003 6590959
-6895441 -8697873
1406449 -6929087
1298284 -2787575
-86778 1165880
-4133195 -9763965
595640 -3461999
-544362 -7110774
-7778688 -2742365
5020115 8663799
-3362433 -4937221
-4622754 8606012
-6285797 -4208373
-3633896 -3103927
4989461 8166317
-2726371 9376793
-9321080 -4547536
-8960270 378188
106965 -5398279
-1716047 2338014
2574049 -9979813
9074540 -3332889
-443663 5686042
5460029 -1469821
9710330 1777650
6840429 480144
-8397492 8864249
-5344124 4734027
-8369900 -4683288
-6516971 -6461667
-7084874 6619562
4588378 756658
3651198 6110399
3228472 5628108
-9517526 -6241836
-6221649 -8487574
-1820463 3056524
-8741082 5369244
6415775 252226
4546228 6718947
-2800909 6126105
4990355 -6096991
8637037 -1198401
-3365337 2162583
5700916 -9732863
-596949 117693
3390703 1132395
9759146 -6008570
2135890 -2958098
800066 -4496030
-2983604 2618365
8191241 -2905231
4980365 -2287715
480864 9450159
6169106 1396140
-2477754 -4972908
-1069898 5884549
7202500 5028953
-2808464 -2432861
-9649372 -6162836
-3528791 5408805
9057552 -246320
-3738538 2378264
9420166 8816698
-5679332 8397352
1015717 -7263416
-7652294 -6146583
-5917946 -8276690
-8826531 7328071
-8759436 4562918
9590011 -141073
-4256524 -1237190
6308115 -8963535
-8880044 -7054023
-3216859 6016003
1424808 -8529416
-6259384 -4229298
8148966 482360
-8184590 2078
-9084217 85485
-4661579 -3863921
-7494152 -5552148
-3828837 -2313873
7530551 -3412098
3667173 -2655368
7203560 8771115
-9949723 3257184
-3189999 5463388
8409365 -1125256
-5109253 -2070043
-8083107 7708858
-6520440 6315556
9314268 -4342490
-1824060 4144879
-5769636 -8870321
9782110 -8391925
-3944072 -431215
-228735 4804310
-8607788 -5256557
2088075 9818168
8589283 -2424263
-9167079 -8192013
7271376 1155912
-9969344 -9840726
-1910769 -1802907
8422304 -5078597
3753311 6125
-1820013 4418216
-1436905 -4416068
9229963 -1127721
480355 -4690189
4878597 1528425
-3667265 -947365
3796078 7166214
6984382 -9758701
-2182963 8400505
2724845 -1909983
1762281 -8833690
-8674415 -7487427
709666 1792937
-769308 -585184
1937293 -868030
-6449813 5500356
-8915712 2633632
-8494088 -5370366
-60554 -9685749
1842676 -5497381
-3928394 7334395
-2983039 691763
933062 9867684
784541 -5998657
-5392288 8750099
2432762 -6490614
-3978041 6369993
-9320718 3758347
5689515 -752022
896300 -90026
-4589670 -9856839
2776793 -3037161
1592474 9010970
9325221 -3200943
-6181972 4048272
1382667 -6315751
4376012 -110366
-7726330 8399628
4917323 -4690925
6575526 3058212
6567598 9525035
-1588620 -991712
5282987 5105910
-5646112 -909338
1516988 972503
1115664 -2233460
4729380 -556329
-1545359 6408809
-6792133 -3678146
-9629874 -9703785
-6019536 -2974105
6915530 -5730855
-7331227 8356477
6181904 1705552
-5236236 102448
-372517 -4726218
-3201577 3847715
-8530023 555215
2162229 -7918590
-4429735 8340217
-3893243 -6320783
-4360760 -797719
-4388909 -9163863
-2842009 4093882
4390097 -8664690
-1638795 -9955531
-5686386 886913
-756610 7793087
-501360 9498739
-398813 7941646
5731781 -3221244
3142823 1745022
-7699763 -7469796
7127966 4612800
2953017 4462466
658036 -7301768
-5583135 9059775
9895912 6297276
-7092490 27956
-6120382 9570256
2131077 -186041
-9299127 2240824
-7449737 -1038956
-1540217 -55737
-9597738 -5434745
1344012 8060971
