318 -3573369 8283011
771
-2938011 949799
3208063 695180
-6649695 3541419
3173593 4726047
-7243849 9773997
-122398 6718836
-9965977 -7811938
9645178 -3505226
-7642547 4913217
7459748 7902872
-3071531 4495781
-7488648 -2229701
-8610010 9590689
-9164650 581835
7008466 -454887
3011264 1634713
4846246 6586807
128227 -3780673
-9054626 712903
486900 -6698180
2537008 6217877
8405940 2880854
9375629 2571031
-9999400 8051118
-1529657 4249434
-1254785 7460349
7747000 -2084836
-2494146 1256567
4354754 1653342
-8801545 -9142444
-4991378 1363220
-9533620 4209720
2945399 2371220
-6915877 -6889041
8929131 -3592874
-7374997 -3912625
8968230 1466139
6553522 3547295
1598414 8343859
-4890355 6554122
-3469177 2585109
-9499727 3854860
7627779 -5722177
-1552482 -9477521
3896388 -5501115
5862105 -7837675
-1111603 8905010
-6207418 -1155163
1955796 -8166203
-9242725 9393057
-4519568 884927
-7648934 -6617722
-554074 -5551338
5308873 1420940
-2024937 3560692
-3854199 -9581482
-3210270 -2977762
-6183586 -3353926
9684906 6933861
-8567254 2263932
4426257 3581294
-4997344 -188796
8656041 5831007
7664804 -1204762
-1811705 611838
4013117 938431
4320709 3668727
633742 6364184
-9698524 6282987
-156321 -4057385
8877486 -9207109
-2184870 5989480
5151907 -4332784
5117430 -5852104
-1071820 4836813
-1581893 6550176
-3638620 -6645563
1701796 3420763
-7783999 7533774
-1854388 -633400
-9694969 -7079352
-894273 -7841271
1039265 -2857907
-6574920 9739469
8198437 -6142906
-5350015 3268760
-8225408 7075923
5259491 -5018533
-870637 6926499
1763312 376921
-3072902 8057543
3928333 -9818581
-3881466 -4195170
-6661396 -4369871
-2486918 -9149113
-6228465 -5999432
8675650 -9665535
-2523442 -4606385
-4866916 -7768733
-3911639 -6582009
-796897 5847873
2923796 738347
5719814 -6505953
-9579453 -9300360
1076561 -5150822
-7093279 2183859
-5118369 520011
6324842 -648594
4981536 -6483483
-5632595 2179798
6180367 -7505382
-7170917 -9344708
-3951093 4856017
7087284 -7178006
8756337 -6301656
9546217 -6824354
-3569655 -9524208
-6030161 -5013634
-4313994 -7849841
9515689 -5609614
-909402 -721081
9798931 4938763
-5709831 -3511419
5098 -1359875
-9180077 1788057
4282675 4372503
5027796 7000290
-5627341 -371889
2450105 3593055
7291399 3976296
-331706 -6277206
-5801414 -646031
-3143313 6098639
765150 -1831575
-4924836 2542693
-8178388 -7202808
7735955 4165762
3170695 4136895
-7222980 4542476
-3669466 -6824207
64649 -6403056
3113586 3129561
-7242328 7608797
1201852 2598
6495246 -2275871
1446923 -8990396
363573 -3836460
4778531 5645509
6330287 -263388
-7720695 8060033
-9142775 -8594549
-1912435 6617269
754165 1109532
-4347991 -8741740
-5565947 -3952463
-7839167 -5501105
7628456 4498702
-5376149 -2209228
7793370 2902481
-9373390 5825704
-648340 4288616
2968508 2073534
-9764605 2231585
-8031803 -2252961
-4192928 6565682
487485 -5752498
3381123 9180650
290182 8575050
2349662 6651640
-7300822 -1541457
2957438 6783716
-6201230 -5139989
2650783 -6897753
6004728 -1577378
6764678 -7039495
-234527 6631338
-8778776 -3883662
8347923 -7266019
-7002628 -8543380
538654 -9683880
7079974 -8679203
-9498553 3542492
-5366106 461097
-2887262 -6692019
1766525 6983557
3767273 -7671732
-2811721 7240315
-9657438 82395
1021369 2355415
5315920 -1136358
8011333 -2213953
-3581263 -4918606
-2184625 9232557
3205529 7283012
7599132 -6670900
-5350103 6260536
-196972 -2804542
172908 7667696
-9024323 4436922
1420479 -198002
2130266 -4741446
-7501130 7704104
-9697148 1834897
-5809688 5357784
6737779 1324221
1626621 2022585
7103979 4749112
3981669 561710
-2155277 7435706
-9235194 9703551
5964087 7960207
-4844334 7931055
5598751 8283467
-4763259 -2155074
7646924 -909219
4349335 -826427
-3122323 -222810
-8387913 -635443
-5277658 9696881
-6462545 8318752
341337 -8539879
6209233 -2319572
8242138 9961668
7397374 -7292746
-7589195 -3913139
6563421 678533
-1390412 891244
-8308937 -8280913
-435987 6724692
-4184527 -3072195
6101378 9727289
-495521 -9835192
-470634 5495407
5192289 -6367082
4468022 -3231940
-9255467 8729744
-3589828 -5190641
-5228973 -529882
2177372 7168662
-6744476 4684754
7879639 -2895470
512126 2335297
4054384 9005579
5730271 2203190
9130995 6134749
5862038 -8454256
4226905 -2251275
-6755868 7882869
4032139 6272623
-6959317 8436421
-317483 -1499838
-4174127 6301568
-4228314 -1390959
-4222296 -6886747
314359 465410
86292 -8450420
3884877 -1806002
-2800423 -9401581
-4682039 -9544387
-893286 5446201
-491703 -5551044
2197681 7485104
-2115675 -6264798
-9992175 -2041835
-3605413 -8083536
-7067022 5564860
1866428 -1406544
7202498 -8724796
6904809 154466
-9380123 5496554
7046134 -2780832
-2070482 706169
1304588 -6552637
-6097024 -2354553
-6908352 -861099
3587857 3009690
-6988854 2599946
6335148 8301890
-3739944 895471
-4671713 -1140674
6940538 -4829005
3764451 -1738734
-7947178 -8676681
1477785 -6516699
8979855 8957631
8693151 2097662
-7196168 -1457659
1989704 9139021
-3215532 -3375228
5763674 -1590968
3935074 -123883
-7523937 -8132117
2686126 6946220
-2158309 1327563
2703241 8946182
6633529 -4313669
3947597 -7839868
-6516549 -7085668
8913986 -1483229
9990754 4961236
-2941101 7893841
8952535 8683905
339278 -7620917
-8479793 942239
1867624 7123746
-3000137 -199767
1668117 -4197302
-7251081 -8007722
-4163806 -5645757
5816777 -6893038
-1206707 8539435
-9300433 -5033342
-2119010 5257242
6290365 6699370
1660607 -3205024
7205170 6281119
-2518624 1235858
-3868707 -1325943
2132648 7820654
4944401 -2348500
7451734 -5999728
-197029 4460616
-1030753 -8363797
8506798 -4931758
-9308444 4805441
-4138772 -3160073
1806585 -515150
7258444 9077148
5776518 2203927
1515256 3548810
-170071 9953477
-6294313 -8763222
-89165 -172342
-2351688 -163020
4833 -7956517
-3956244 5109065
-7913966 9972919
-8390878 -1636921
3431321 1055281
8377074 2632272
9472199 -3360771
6124079 6754654
5831802 -6204864
5999063 -4101124
1964038 -5875327
6594502 -9969329
-8732551 4310319
-5862023 -9699810
137170 -6305364
-4261880 -5697358
9411707 2658355
2631274 -5701772
2661307 4014093
-4930626 -3243252
9389020 8608980
-4751791 5962800
2717455 1377571
5172707 3888641
2303869 -8934391
7706634 -6311877
6235146 -5732093
8578226 4301137
4601327 7502596
3713584 -7283796
-2981154 7254849
-86795 9451704
6266284 8946905
2960999 -7455521
-8182420 -8556057
-9947077 546725
9025878 -8793400
-4899476 7817485
-5777522 1743333
-4674706 2789583
-1005942 6526347
-9205746 -6968071
7333066 -4770795
5248153 9372480
4605036 -5549255
-8294406 -1038263
-9070206 4140234
-4396508 -5864849
-3320369 7196078
8640022 8564491
-8372432 -1502789
-7779837 1209297
-8456866 -9346554
-5086869 9837039
2626623 -4234388
-7708041 238426
-4213293 -8379319
9366238 5602565
-2508602 5636125
-9913130 4614391
-6423871 4612786
-1246979 4308816
8443968 -5494077
4218353 4356513
-4562644 7639951
8653514 2858375
6584025 -2935076
-9765277 3390029
3227069 8127159
-6107228 -4852146
-2097368 8370044
2507077 8701083
-3179999 -3794309
-8158184 1873316
-3512293 4311399
-1075815 4445038
-1246145 -7419812
9602463 193558
-5449929 -2802177
7354126 3820817
9195544 -7496221
-431296 6007640
-602331 5779569
-3576919 -7680221
9983985 5141090
3511134 -7167795
4049640 -9597030
-3391339 -3981788
7891528 -9130359
-2302608 -9033170
5411868 6895587
9475776 6621578
-3184864 -5834277
-6120102 1594591
-4584592 -6118440
-3614661 3750376
-241984 7127305
-4576774 -1529605
790174 1672038
-3186872 1846307
-2805136 -6709488
-6306518 -9675737
-3657525 -8755495
-7885854 -7181505
-6214675 6750355
-3837706 -7672109
8949469 9197194
5879269 -4361930
-250986 8280957
4678869 9759168
3509544 -2319226
-5191921 -8935791
-7949044 5783913
-2544049 -7252342
4593965 -4642517
-1352005 4269079
-2890306 4305182
5549687 -5142171
-2323676 -4031479
-7281124 180185
2508076 1461650
658844 -1118829
-2964407 -6026103
4771207 -3461887
8813633 -699041
6981734 -549924
-6969363 -5160470
-9376557 -8210187
-5462529 -4918406
-7044571 -9404254
4864825 1647789
-4047029 1603424
-1022395 4490872
-9540607 4019010
6715547 6653929
-1884421 -6821730
-5424207 -776376
-4286127 8774423
7828889 -5872262
3428698 -9514920
-7548491 -841126
3998404 410432
-5283403 -4517854
-6919908 -2861801
-9749703 -8229579
-4065438 8551873
155297 5115123
-7877653 1887533
8422895 9132902
-1696816 -7418260
-4239990 5138442
6878418 6418763
-2290461 -7147845
-3020106 -7407708
5593724 8054780
-2786346 2924944
-6664624 8045233
6043732 3728411
-9133390 -9431675
-7661254 1640176
192050 -8883092
-1251617 -1726692
2677193 2863699
-5487046 870730
3452470 -6383560
8754883 2816138
-765099 1728833
-2902660 5633301
741945 -539208
-2484428 -3406414
9518530 -3664330
6897255 -2754421
-9026010 5370258
5938584 2940987
-5418836 4356952
-2009788 8277330
9066991 4773214
-9846735 6738595
-9874323 -5739464
-2123023 -5333781
7482357 -3905500
339685 -3368140
4781513 9233611
-8789245 7437025
6546964 -4476541
-5624519 -1273672
5971907 6065494
1435753 -8727264
4213724 -537751
-6180799 -2625663
8168019 1311240
8600806 1809414
-8935639 7235010
-8504453 8754071
-6579709 3706391
2317243 -627476
-1479264 3419000
-4831037 -7343072
2610305 -6697751
-8657940 -3620281
5106047 -842731
7739116 -4282459
-3009722 -6405694
3056555 -825131
6549206 3720354
-4968406 -607892
-8798478 -2766423
-5531412 -6367600
4902823 4782236
-1511373 8480487
-9630637 839466
-5741533 -9194130
5979150 -1109901
-5291300 -572570
-1676499 -8894193
263077 -3949239
-5715346 5945900
9540206 -1997807
-306586 1274932
-5004714 -4886887
-2978426 -3757380
-4007451 -7456768
8691984 -1776904
5521684 -7022511
-8542024 3594808
-5565726 -5989689
7332533 4343691
5750142 -8790907
-6847124 3311683
4417491 2975195
9025956 1476377
-2577722 7196920
7715465 5826962
-2898105 9478836
7108302 -2591121
-3832149 -5386467
-2843234 -5870124
-5130676 2160400
5137890 -4151250
1959910 -9608991
6917672 -887782
-6544090 6394185
7603278 4250206
-9921759 9206052
2181247 -9243846
-5251116 -2987916
-5790996 -6276445
9550518 2171162
-5833650 -8075531
-8150300 9168765
-6217702 -8725348
7920880 -1982449
-9822048 -6544584
-8179481 -7209795
5697566 5315842
-5571940 3780429
-7309034 2615238
9381796 -2116030
9606375 -9705755
3566751 1976390
8988474 -5696026
-9456118 831987
5519501 5713831
7638300 2610752
1779517 9685852
3476856 9488001
-9978096 -1921833
1533584 1397737
-3295706 -9800144
-1967950 -4129545
9650884 -7598140
-2466550 2460111
2860433 -7658149
5152448 -3084753
8891637 -5016840
-8196513 -8764449
-5416109 396463
-3889706 -7652631
4958121 -9896608
9789244 6264947
-1730700 -3262362
4815805 3266101
7180190 -1708796
-1508939 8865741
7252548 -6115516
-3713656 6523111
-8500426 6903433
1761636 3819794
3251393 4360008
1859520 9430436
3182339 -5340618
5055846 3663007
6010376 7766230
7869623 -8833860
7431087 968497
222487 175219
5957672 -4299613
3991592 7554645
-1063262 3137862
7022346 4999005
-5961532 -3810713
5609072 5825042
-355163 -4461957
2414403 9887060
9317496 5412582
-9928035 -5726077
7936931 -4983813
5298770 5127811
-1189697 -3536341
-51491 -4315255
5859964 -3758609
-5541870 -9829004
241993 -5666011
7471851 966074
-4034921 9178732
7884371 -2989450
-7164408 3548
-1942057 3493443
3380503 2480429
-2106988 -9527654
-5253731 -4785649
230538 -9518671
5609140 5199552
-8336788 -4470692
1214053 -5580557
-6822814 1611721
-5700931 9590370
-6075641 -9848331
1117743 -2942585
8752499 -8603790
-1593240 7082823
9602723 6636870
130313 -6241295
6239134 -2339334
-1866988 -6489184
-8758481 6648498
7129827 -4604367
-9404814 1472057
-482282 -4744681
-7808885 4774750
8902823 -9268229
2838493 -4631699
-4480030 5718244
-7224341 6762852
675415 -845934
8753241 -8471842
8165028 1598527
5357232 8355964
8532982 -9188307
6838861 -5887281
-9238783 -3334006
-5422021 8080380
-447562 407397
5662716 7689517
2464267 1586508
-5165369 370183
-1745163 -6116558
9601687 7673125
4435977 3774807
5445225 -7622654
6421857 7627744
-773728 4198466
2554430 4586885
5398579 -5416496
-1303777 1087412
269758 2237440
317821 -8026207
2381190 -2635910
-4946393 2386611
-6026881 -9439742
930442 34227
3917669 -1192250
8997227 9185279
-4523562 3519356
-1586945 3433205
-6422699 -9078336
-2363518 -5165088
1938149 2803573
-96570 -9809087
-6205323 9853080
2090521 8599653
3089798 -3419212
3944878 4924694
9827657 7987340
1063951 1514837
-8450936 6317128
7641230 -8005607
3696024 5466734
-8497558 6638458
71663 1688814
-4873170 -84503
-2733239 3648964
8968890 2763313
-4529422 9204911
9057991 -1127680
9988325 -8218393
-1637605 -6335136
1105910 3078124
1065464 4823625
-3661537 -6550081
9767047 -7870585
6640160 -2112473
5870613 7408278
4046736 -7147464
-2942297 7373056
9804905 6634751
-7199933 2184533
7464198 9588019
1309282 -8231043
-6842371 5451128
7232736 -7116375
-3451510 -6854045
-1259569 -4404869
-9581243 170752
3620672 2322247
4451663 -3242780
-2838901 -4095929
-6687651 -6391825
8977064 -6968287
2921121 7359085
-3489812 -3965233
735652 2726026
-5169603 -689744
-6404435 -9283797
6167331 6139679
9023305 -3246805
-7584498 3400067
1511551 8088147
-1741101 1155933
-6521820 -5553340
-6279768 4395923
-9700005 446195
-3429277 881331
-3570604 6128696
3487782 -4452213
-5901094 9350517
-5407104 2514322
