253 -130312 -7173831
313
3736106 -7494052
-1316527 -8079094
-480291 5646748
-9197643 -3336213
2392629 -8923439
-7950671 -9341063
567810 -279026
7100126 -7207430
1848001 499943
1265217 9346507
-9501750 -2055729
7047330 -2787615
-1201696 6980047
-3667166 940849
-9189462 3948969
6454917 -8324644
-6403738 -2937004
5226096 -4861609
-5681470 -4367676
9225237 6028453
-796258 -772489
8948485 -8725434
-5932864 9771552
-7212153 6048612
5395119 -1568511
-1107888 -3430584
3781801 -1590279
-4610232 -4060557
-603356 5096458
-954573 -5761045
-4085689 207182
-213470 8016696
-6844913 -7973075
-2340751 -4987374
-8958921 9989969
-782520 -3115514
-1840947 -7238827
5049077 -1834034
-5785422 -5257459
-4309617 7836924
6922693 2126049
3052123 4582495
3038290 -6779154
8317304 958243
-2286450 -7565065
-4841531 -2637269
7895780 3627861
-1828861 4945000
2473978 3567219
3557189 5830388
5231227 -3968590
-1207417 -7225331
940635 5906632
3165525 -6158339
4194937 -2328435
2313967 8855908
-4045244 1117630
4338477 7882442
-8642963 8993046
3944333 -4827867
-4948783 -929412
5214801 9102803
-3435845 -7053003
6514216 -6614060
1732681 9038133
7585895 71405
2846075 -3036092
5386892 -3621521
-7263508 6303062
6490980 -1447583
9924678 6931429
-9434588 -8678701
9203741 -4120566
7388832 -2579759
2592374 -9439222
-7852282 1333166
435969 159943
3106940 7362520
-9251540 -483524
-8929039 -7862491
2208914 -5002507
1961401 8656857
7551688 7571341
-3609244 -2651707
-1582937 -9711820
-264039 5398088
6719387 -1658259
4221175 -7182275
237966 -1560520
-8483390 1610007
-7056827 5346693
8022988 -6335671
-8973151 -4104506
5411970 1129929
-4216210 4291661
9289155 6482932
-2343859 7992704
-1919602 -6233092
-6368446 -4792171
-4503991 -3012494
-7614406 -5435031
2906710 -2251678
566048 1621333
-9939187 9644237
1254244 3320366
-8816589 -8422577
7758104 -3286230
-4874384 9206400
-7147319 1301305
-4407033 3053939
-7946777 -1363529
9145527 7398474
3681734 -290636
4917193 9742277
-3270217 -170360
4394609 2929554
3194228 -884623
-9263290 -2698681
-3054444 -6239724
-403005 3313875
4891299 716153
-53725 780406
-7496842 2649403
-6049291 5071891
-1874170 7872191
-3491338 -7939972
1974854 -7304595
2404769 8170542
7912819 -4343412
5486229 9838314
2767868 -5357397
-3725668 -119162
-301490 -4037903
-7761275 -2988957
-9675082 -839582
9876571 -5647928
-2351169 -2267431
2898325 -177154
7411090 151989
-1975819 -634614
1425414 8053272
-9251322 -2950805
-4780263 5916620
4089560 3153447
2991762 -6867443
-9708488 -7907859
-5510668 8275982
6754431 -3434156
-3906761 4187842
-6651740 8993157
-6654771 8934510
-3332921 5741184
8080382 994060
3662402 2081756
-8552858 5491472
3544745 4202935
-8747870 -4611092
-8694472 4293423
9963222 8988220
4637129 -2088559
3582 -4528664
-6252681 4928641
4010837 4492914
-8802892 -9498250
2011259 -9895923
1554939 7061721
2802905 -2127159
1383253 8222018
-7179873 883287
-3625240 -4954345
9248590 -5732731
-343822 2435857
9245632 3017073
2005293 -6521942
1389499 9208854
7196543 -3357578
4087415 -8606918
-1597652 3460214
-3521684 -1901748
-9281319 -400543
-3338822 8489576
8878769 2273620
-6988009 1980435
-7136278 262022
-2175970 -4167882
-7384261 -8245166
4190691 9588972
2606045 2271917
-1733672 -4047325
-4838470 7127690
6286464 9655827
3565261 4874425
-1665361 -7109769
988484 -8032390
-5916581 4812955
3302531 -5776483
-986510 744597
-7274968 -5302348
4959675 2025481
373951 8105106
9859941 5300057
4889029 2989690
7777960 -3433016
2519660 -9988573
-344531 -3955712
8216467 197542
-4928033 -4058066
-1167835 -5701919
-3734309 -4077042
-9264087 2337001
-923129 349110
3610059 -3445203
1252449 8090361
115842 -1148557
-3043451 8728476
4028533 3006145
8512187 9332842
8416179 -8566085
-8554658 6290147
4850787 -6547809
3649733 1100811
-440903 -4416393
-118312 1238052
7161010 907615
-6755384 -1336269
1529193 413275
6968072 2321487
-7071800 -4860748
-3492953 -9263126
9465350 -4439606
8566539 3463596
-4687209 -3989764
-2555849 7078727
-4114774 -6271030
9697513 -8594155
-4976992 3252366
1352325 3347246
7101650 4582106
-4510279 -8765987
-7585904 -3220988
7192287 -8749311
-3911471 3943289
1598893 4160360
-2586414 -983271
4577124 8105940
-5914112 -3121064
2889172 -4339985
-7261258 -601321
-4355999 2849675
4255520 -8859679
-3090961 -4658486
1205112 1794881
-3623013 8261364
2011729 -1693238
-2397874 -5616940
8150101 4425825
-9114534 -5205586
1471126 6754982
-4228288 2484359
590299 8884712
8280000 2865188
8525203 4676187
6591219 -6314475
6535200 3780298
-2563029 -7764780
-9906913 -6692927
5101954 4346010
-4876274 1298199
2121314 3995293
894705 -348193
-5922368 2239792
7034206 -8438842
8316141 -5036902
-36191 -8978316
9906396 6604205
-8014255 -9445892
5230295 8186397
4388274 3027300
9323950 1821514
-3426913 923474
-3253101 -3239079
3623283 9182526
480725 4365205
-9123150 1263361
-9084832 5118391
9874536 -5712093
8365418 -5007200
-7527750 6908742
7930427 6681559
-4197884 -5047589
-4493481 353175
-8944076 -9695787
3331513 3253167
7591033 5444198
8884025 -4828184
1932737 6680472
5862998 8147276
-4971166 8072373
-664266 8860076
-3505181 -4094316
-7290056 250903
-2239945 -3630645
-6721902 -8924638
273273 232306
-2298931 3724877
6594404 6075389
-1104046 3207589
8977108 7650329
-4389121 4743819
9915635 6568141
3248614 -5505096
5158533 1848373
-7562902 -8372036
