517 4875738 -1715042
977
2886885 5584381
-7794766 1555670
-3225350 -5190634
5872735 -195578
8741777 1213151
-9492453 -1238419
-7327227 1248638
-9811109 4836436
-4563532 -1612164
-305230 1951088
8973121 -3918016
-1135837 -823294
-4983309 9151116
-9080262 2826265
-2297997 1309019
9409753 -795304
3276718 -9411112
-4601745 -8385013
-6064239 2567720
6297224 3787342
-7451077 -7322462
-3557472 -678877
6673912 -4778304
-3874116 9147771
1098859 4626732
3225068 5820654
7513713 -7411668
4255801 -7910769
-2568152 5046756
-3644224 -2308109
6896588 5133852
-1760908 -4234471
9896868 -7310342
-2226269 -3846301
9941041 -6167371
9026519 6587307
-4091570 -7510036
-9771988 -4530953
7133170 -7417658
-274574 -3646104
4690903 -9251619
5853065 -7049506
7556077 -5279032
9767724 108866
7800758 -5012074
-9878222 8639852
-5594619 -2786302
-7580292 -1639130
-2969078 6818601
-9348770 193439
-3219254 -3028037
-538072 9677749
7663148 -4794471
-9695777 -7793708
-8923459 4796318
-1938949 29650
2980144 -1716204
3004764 -6085883
4022983 -6947426
-1959500 -4711160
-6071307 1823741
1553791 -9321370
-8444148 -9149574
7669028 3973500
6683291 -1413226
5558738 836610
-6969288 5980390
3702271 7537018
2259662 3210212
-9477117 4006494
-5963856 3336203
4136351 -1416066
2498051 -467359
-4898433 -2858885
-5053692 -3478965
861128 3142067
3820697 -8608647
-7758221 4931272
-1095228 5376549
-6036676 2427159
5780122 8104415
-3398843 2038414
-424568 8810834
2021046 -9696572
4309923 -8164906
-2312350 -4939719
3644216 862419
2911412 -8175999
-8518531 -3857733
-4820346 8012979
1155046 8944129
-9664518 -1442865
-6511593 7492095
2868645 5093613
-9962875 -5090469
-6986054 -651679
-8613265 5817247
-2855567 -384896
-7565116 -6521481
7829965 1681831
6742113 6744807
-9876421 -4482385
9857969 386329
6528596 3034991
-6435677 -8660562
-9716433 4224603
-7218262 -2764279
-5272183 3135401
-1770986 -3729855
1179676 112814
1977487 -1733861
-5916614 -3290026
-1158570 -4119426
-640907 -6255829
5426003 1276315
-9462526 -2810942
-4776974 2168116
-7445555 -9338947
-3787603 -4919005
8936785 1599393
-4176004 -223280
-471207 1736704
-5127895 -1394266
4875879 -3227038
-597872 -4382529
-3600037 -3944445
-4718118 -8620385
-2739811 -7000299
-3256127 4123312
-4600373 -864366
-1158955 -7830124
4337992 -4062898
9114507 -3419577
-5822230 6892437
-8991818 -4673096
-2380024 5630907
-2632389 -3167821
5437913 -334878
6438084 -5243932
373539 -7169855
-8597948 -4159787
9736180 6773502
9773204 -3316066
-9192753 9512722
-1351644 9033429
-8796695 8723226
7176680 5753
6586176 5541297
-5049914 6291188
4134444 3280298
-1088795 -4041732
2790447 4270773
-6064105 -1204832
3551236 -9255287
-6425142 -9626021
8730544 6441128
-4269018 -5023090
1660845 8466725
495799 8020538
7053967 -5015556
6224022 9144155
-8333739 8257272
-3685079 3400703
-7791757 768789
-5950912 1265007
-260372 6342687
613460 2960293
4271814 5046427
5791140 4549355
-2560313 -2176950
6780530 1882350
6859261 -3829769
7153308 -7488487
3048403 -8963542
8537254 -2350893
9309615 -7381277
-9124005 4761276
-9321669 3492228
-5738983 9707269
-6511372 -7113426
9229262 -9173543
-3696897 3228256
-9208964 -7640926
-575218 -9425083
-9085681 -901472
-9019121 6864469
5551052 7694850
2722715 356492
-6090698 -4779287
-4613828 -4228882
-1610159 -7553444
-275816 7212139
704367 -8217811
4005810 402516
-4194558 -2518263
-1691806 7494438
-6760953 7551056
9910131 4611297
-2297434 6546435
-4355037 -665087
8715734 -1383114
-3688264 -3374158
6982334 -3216862
2003851 9034451
7321921 -9108364
5854544 7390024
-2881485 8228115
2526656 8095081
-8986051 7822883
-4695380 -3467534
6543256 -3180609
-5629552 -3870834
-9259536 2298655
-1154910 -5719421
-3868156 -9040618
-423732 4490054
3632248 -5152422
1630716 5888004
-2561193 -6869065
-5977429 6150920
-3942704 7277081
-1978452 2393468
-6995099 3175811
-6484954 -9451796
9597022 -5981150
838241 -1180334
4948833 6140278
-1561066 -2274959
-5478028 -1794351
-834969 -199624
-5709570 653816
-1982254 8741300
-2854344 439031
3569966 2164815
-1684265 -2899184
6894249 108889
-7497643 -3110617
2581546 -5084203
-4535999 8023610
-7957540 6096593
-5083741 7577375
3717653 -4602946
3122095 2381444
3103445 4672939
-5526684 7644068
-9185764 -7731523
3526129 -8719902
1719129 -1168017
-9003202 3188137
2805305 -4710905
-2085663 -8171115
-8765380 -300446
-2868297 -7066954
-9043343 3816166
-87241 -4887944
-7310569 -7000883
-1603829 -2654629
2243167 -1076563
-6403624 4034619
1678687 -4653387
-2384910 -9413956
4382495 2492923
3841258 3657571
9362060 8617976
6423424 -2645592
-8300355 2167366
4383272 -5662239
-2729193 -7065735
-733216 4031328
9143384 -1772536
1226582 9179543
9041266 4349168
-6727395 2139105
-3826276 1284434
6631047 9385333
9971378 368763
5378039 6762489
-7063588 4353873
2971849 -780703
-909942 -7701528
-3017810 -604727
-3750614 789703
-3759679 -8634537
5396791 3520194
-8252342 5507105
-2797000 -2943473
-8594305 -4509408
7629698 -3755733
45053 7194652
6579986 6319774
9204890 -3323900
5954941 6551364
-6578411 4582929
6318578 8891353
3706177 -1090210
821416 -4591364
-1285308 -9311632
-7946169 7070802
590996 4955013
462118 -33026
7023501 -5144993
345599 7665118
6425737 945549
-1859799 -9508351
-672224 -3529210
-4336758 7236539
-3695745 -1467334
5631947 -8381817
3025888 -274156
1151987 1950525
-124486 -3267934
-2579566 4489755
1560557 1106558
-3938429 -8009383
-5526057 4667906
2039265 -959959
9221511 -8502556
-5040655 -7615136
5392866 5647249
4634391 -4384101
-7147562 -5279358
3253308 -9702366
4432169 -843306
1398890 -8598393
-4131516 9974410
-3293524 -7449123
7040632 5743998
9366908 -3356738
-8849769 -8882458
-1698200 -4571521
-3015128 -4375826
9637970 -9658935
-7274071 -3793616
4369985 -5402684
-7270433 635147
5355789 -995624
-697990 -4417995
-2744949 -8874551
-7472944 6250532
6224942 8653942
3721171 -1604459
6655891 5447770
4607384 761804
-5604302 6022800
3967631 5757615
-8618211 2697498
-4445085 3468856
9675240 3536111
649779 -1719156
1432344 -3438423
5565953 3379346
1477704 -3211867
-9570065 7384316
3634848 8732755
7386697 -7043009
-6131116 -7623858
7823912 -6375779
-3097623 -9475224
-936072 2431296
-1811089 1298075
6511925 5547911
-983233 -7912948
5623163 -7933160
-7135964 -8791641
-2230064 8789295
2168641 4296380
3600866 -6664110
3236558 6162697
4895453 4030801
-495856 9387758
-8236100 -5201498
-1577277 3373029
-3585843 9587812
-5464540 5325100
9139527 5478085
1025996 -4759277
9844127 -1832196
234644 -9957236
-8748877 -2016358
-3227063 3098681
9911413 -8462588
7389654 8941579
5104276 3512279
-9940568 626212
13970 -7483919
9830936 -436423
-7063394 1777870
-6117966 -1746341
6095112 -649237
-5171152 -9066154
-3825431 -2249009
5918796 -1628804
-9069688 -3981304
4002338 -3846560
1768473 4697788
6235200 3291628
-5250441 -5803761
224870 3624854
6767418 2370187
4886269 284303
9847880 -3218612
1075610 4717205
5487216 -7215514
2135249 -2526004
-1592158 -5901320
1849672 -519551
367997 -2901237
-4366189 -2231532
-3561740 1298310
8512450 2152501
-4555871 723086
-2564323 4747650
-9111144 193688
-7436124 7660547
-2055150 7656274
-5562338 7450145
-5316298 -2207270
-6906432 -1970376
5503620 2687270
6785951 5228817
7225618 6427814
-6473423 -1364377
-1079557 -9890032
1408278 -839612
-8687111 -2124945
1114493 -79272
7184730 -3242981
-532941 8550170
6210718 8073586
-1753788 2030935
-8002568 -5844432
-5535349 -4799774
3229850 -3318866
1884757 -2441781
5303389 -8750178
7677636 -1329292
-177317 -4954641
-4844673 3720565
5397305 1259478
9134533 -920043
1517037 -773454
5983565 -7234621
-8684451 -1298233
9291705 7966977
-2088 42619
-3285460 -2462083
-4745505 -5488303
1192831 1179191
1253762 8484345
9734167 5593940
-5735352 -3442849
-5881137 -71845
-6351280 -3396317
7863161 -725810
8354148 1562377
-9211076 -485953
2279426 -7612463
1089305 -711159
-2744182 -3888673
-1329701 -7102638
-7048368 7253731
-8234572 5384839
9080382 -1793873
9206825 -4525389
-8931448 334144
-592352 1457344
-8614500 7849552
-5546764 3526511
5317053 7550572
-8370698 -7683603
-5653204 3671201
-1424909 -7581774
1707067 6626222
5253902 9664396
5078110 8962886
-1267031 -6075799
1825392 546094
1268574 -6985251
-8994288 905774
3756270 475399
4449095 4590616
2440169 -6836082
-793219 -1649053
-4098480 -590243
-5757494 -5476165
711388 -9952826
-7534600 -1410697
7731877 9286479
1467227 4172467
-4348295 -4497869
-573668 9061690
-392216 4384674
-84225 -8748276
-5326150 -9123642
-6131891 921488
-4487896 8430121
4110391 8317205
-3331848 468625
2394734 -6682827
-2158992 -4913976
-4866802 6637241
7742896 1068748
355228 -2401402
4287418 -2008875
3493257 4338807
3400497 9939123
4323798 5435941
-795982 -6991718
6400992 6755925
-2322587 3877868
-5175659 -9730898
8586307 -4294130
-1309153 8934733
-7748094 7770811
-7143164 -8914418
239175 -7390734
3678014 -2009966
-1895015 -9501577
-1510452 6549594
888402 -7607597
-7668474 4499157
-64901 -5711101
9813533 -828324
-4072398 9139117
-4466663 6214526
6483628 -3878633
-5656411 357679
-707588 -2413713
-4642902 3034437
-3363629 -5939330
-3330064 -9269714
-8763327 6875546
7373969 2864302
-8069751 -658342
1734061 8379869
2879027 2818651
7107550 -3418061
-1730032 5330478
-3014053 6921084
-4348038 4197570
2835289 -4964364
5393315 -7864410
-7761771 7178879
-7270332 7202079
-8737251 -9888321
-9158034 -633961
-3758415 -9550963
-4170308 -7921361
-6063351 6131906
-2971873 -2240059
-9421408 5670710
4769001 2423506
-2246016 202494
9639930 -6961031
-247109 -2743717
2291920 -4708108
9943834 -7411819
2283412 -2314765
7403667 4698415
4810095 5013080
-5620881 8666416
1631806 -1831587
247052 -6862944
1785314 7461498
-4778561 4183701
-7629237 8813441
1236948 8316383
-1481123 7139764
2695086 1507284
8763568 -1841192
-4032948 -7552023
-4963842 -6428160
-6226573 8427239
3125654 -164078
-5150998 -8822906
2359863 -2064251
-1379486 -771879
2365177 -6008331
3969519 1383918
8083971 6666843
5480285 9190958
7507341 -9545266
110851 9233585
-6742779 8542570
9217730 -7194063
-4746086 4537141
8108981 -4815217
-6387978 -7193575
2642347 -8117591
5575855 -745972
-293870 7702
9235823 -2064282
-5556261 8326644
-289437 -5882647
-9215804 929610
-7363080 -2205466
-9234379 -1219167
-9469230 -9855739
1203184 876472
-3801239 -6212008
8325133 420914
-1877951 -6030973
9291804 -1049533
832876 -5749577
3504452 1934152
4458206 8925083
9377154 -6789418
-8462774 -3789619
327734 -6179107
-2733144 1247789
9042324 -6371717
-5074532 -96224
-7435610 9807945
-6799231 -4543761
-755769 3767574
6704840 -600470
-4115091 -9914284
-963817 -5173110
-922687 -4823286
-372782 2385411
1310495 -7418235
-4207653 -5914576
295805 687649
-2975106 -2670426
1093715 3139892
-715473 4291750
-5804473 -7347609
4976688 4209995
2182586 9276269
3043843 693809
-9906661 -8573183
4028886 -251317
4575573 8494601
-6328685 -6934931
5450481 6169239
8751004 3298533
7383957 9277328
-7518671 7059704
6905630 -9803886
3336006 -493777
6314326 -2000655
-6831911 -7379467
-653119 3026205
2302474 8144777
-1161413 -8470533
-7043715 7862669
-2388648 -8551722
9942879 -498477
2566592 4703278
872517 -6385806
-570921 -9466575
2327105 -7860127
9199577 -3186964
9525503 4808434
6831010 6105207
6620905 2861509
-2001605 -4338312
8687893 2305346
-7033525 7345276
8874743 -6493281
-8630612 1805062
-4230307 4347380
-6151097 -8502908
6200370 8228924
4359471 -1068152
-8018375 9589239
-8270887 -6211450
-6882061 4308731
-8366483 3445042
-7933398 -7356558
-1978697 980879
6642567 8687507
-6490795 6019698
3364974 -2153188
1353531 -3524320
797095 2239718
9103450 -4760729
-3263636 6566788
-2687936 -7047646
-5599446 5453086
5042326 -8328465
7976438 -3617821
3207262 6771439
216481 -8905623
6254171 -2642868
8338011 -5200565
-6513058 -5724526
2811525 -2503069
5343743 9512499
-4011820 -3823501
932569 9213627
6969250 6785275
-4131585 36020
-4495274 -6294386
9158701 3180479
4852015 -94720
-1196189 -3282621
6005170 2828453
-3560818 4527426
-8115442 -3778349
1021087 -7306647
9485179 2738921
2752204 -2975619
-3463119 2296704
989556 -9387700
9825927 -4958587
-8173312 -8077875
-5525503 -688471
3017144 -2304897
-9124418 -7504425
-5082793 -5307803
1409576 -1756051
3588754 3721019
-9235203 -2585254
-3847251 -9972064
5237641 5165707
-9579020 -309812
-769078 -2760827
9535877 3173185
3785485 -1715845
3325568 -6958215
-5036089 -3872236
5439293 -2331392
5363711 -8045240
-5549664 -9027211
-4335014 -1244355
-484053 -632457
5604914 -409086
7005660 -6895299
5648990 6369711
1535418 5674762
7881302 886631
642156 1956399
7645936 -2887776
-2087269 178034
3219819 1431421
7559185 -8761701
-1093093 700082
-4828805 -4485170
-3512380 6786970
8058968 -378469
1505426 -5331042
4259873 -2425085
679616 -2889659
5996404 -6218115
9456647 8844958
-268410 -9951825
2004574 7337950
6966526 -9626254
-6931868 -349490
3598283 -5120742
-3882443 -1195696
9504386 -6326180
-811350 -2459183
6844139 7191933
-3186536 -1807378
2861581 4903107
-7521978 835243
461936 -2878546
903339 -4326009
-5481051 -3541660
-3493485 -7123661
-9785711 -3233109
9656990 1027441
3194303 7180815
4576425 -7274878
-5954222 9308938
-7017242 -9306017
-9248848 6066517
3258450 -5312239
-4603265 7595291
-4985249 2588267
-6576490 8258316
7896122 -2507227
-4316884 3885446
2860138 -1200538
-5807847 202066
6968957 1883006
-7089553 -5593558
4103609 6625947
1867422 -1378897
-2069959 -1319965
-8109630 5913200
1979717 -6570848
-9366735 5157874
-4730483 7754520
342787 -3970000
6804669 284268
293394 3766297
-9831905 4700791
6016605 5976510
-3821424 3028233
-5088761 -9791242
7131552 5663886
-5193815 -9661961
-1040858 -6248486
-5052099 6673607
-4896840 -594465
-4648961 -3161729
4512497 -400771
-2646251 -4015696
2014305 9782014
-7417365 212888
-6020815 -1181026
6036117 2876029
-1147461 6663632
-308134 2052723
2261481 -2452532
-6788646 -2880543
-2542504 -8090614
-4339100 -9466109
-276149 -1067010
854878 608801
-36576 4827011
6942592 6205917
-7809778 -5524079
6774287 6812694
-2974418 -3279121
-1943795 9356922
2232951 -6478880
-9815248 -5907678
6145045 3601843
3665663 -7607030
-7971220 -9077121
-7167735 -606631
-72740 -7997372
935619 -8990483
1618318 9651111
4478122 4306849
512766 -8418258
-3942337 -6062933
-9250239 -4780660
1940219 5348302
4705225 -9708305
-6187185 2512776
6605099 9454528
-4427277 6513920
1423242 -4733504
8705727 9238386
-1368245 3452022
5454651 -8462008
5063861 8559016
8210127 8906622
3213471 -3317821
-1736079 -4795398
-8341979 6242589
-8538070 -3162064
-7813761 -7592218
-7300523 -4081499
8431278 -592184
-8621304 9028645
-1941083 5036377
2819225 -3048580
8706158 9482159
2934182 1524953
-4420703 -2662086
8413282 -9094815
2328159 -9356841
-2674662 6623409
4344363 -4458370
-8215781 -1894388
4943548 6002384
926518 5762501
-8318997 -353861
1570307 -3857652
7687345 -9887719
-2334990 2949004
2416776 -4253738
-4771579 -9515765
-5474460 1122934
8460848 678955
-5899508 104838
-6735651 6874130
-3986108 6428651
4486633 -6893961
1211651 2874607
-8606656 -1212795
-5450294 8671552
-9165957 2319862
978562 8747061
8859342 2404351
7869707 -1334093
4412169 9040704
2041292 286483
-8590583 2156943
5352250 6566832
9188022 2386618
-8222900 9452743
5881394 4968723
8074763 -2209008
3181952 368028
9155233 -8197234
-9525682 4575296
-3104842 6221291
4968353 3824714
8745417 390073
9055980 -3655953
-4615248 6615124
-3098393 -4015498
8141445 -57604
9025580 -9172624
-4269654 -3989953
-4537210 729955
-4301322 -2492553
-2185209 3860537
6744917 6289793
8092560 -9003257
5572039 -1583498
-5362207 1083230
-5092056 4983550
-4626377 2122498
8466546 -6346639
2784837 6945955
-7069543 6367650
-3689954 2202796
-4453475 3588254
9598302 7851978
-1418067 1276871
8784318 7577444
1437981 -3203036
5603109 -3400890
-9887795 -1817102
-884248 3695669
7295252 -1799403
-6815853 3753546
-4123956 4719548
889262 -8925878
536429 6858942
3226592 -6325901
5876896 -4016761
9571493 2052990
-7578679 -8576579
2700292 1686147
-736408 -6480394
316570 -5999037
-6883575 3217925
-8599176 -4080320
2131701 -6771370
1429227 516576
6786474 -8056695
6662854 -2870274
-9279800 5178871
2037813 -2447884
1226215 -6227018
-243779 7780758
-7649900 9619463
-8957116 -8155934
3530214 -5228579
-1708972 -3740471
-7223156 5310158
-1471917 1123950
-440018 -4106731
-8361749 -7554741
-4521812 -8308316
-6365011 -4416169
2713557 -7735338
-40115 2814195
-9633689 -4049890
-276908 -8002301
2294809 1592527
1211990 9479313
-8676621 4644909
9416331 -5228773
-6452892 4853593
163751 -2292641
8831309 8840304
-5266427 1208187
3653446 -1608708
-7400672 8888176
-5527993 9131634
3912649 8750669
1564865 -298083
5652027 -6127466
8386585 1931176
6040055 -4624881
7370784 681394
7842656 9768398
