26 1405338 5224015
441
9509647 3020388
-1579372 -8096321
-4064858 -4926342
-7786438 -5158294
-3465157 -6513969
-745847 -5830619
2215588 -5446486
4261608 -3711928
167171 -4574433
-1715093 5226792
7902386 3785093
9949129 -8355849
-7762280 -5774329
6609043 3021158
6942849 2514512
-4465099 1833059
-3746910 6452496
-8473846 -3528119
1313588 -5295415
-9293032 6256069
-9574550 7848431
4918298 -38879
6249193 -4842610
582957 -8303742
-560598 -3583635
2717810 1384216
3028368 -2658212
1567460 2666939
8204450 -2217560
-9703048 -1823497
2525914 5147299
1599795 8348205
-5179913 1295357
5999942 3125949
-8101630 -1349973
9014810 -776738
9184384 -7676179
9997563 3933108
5629366 -2050071
4366294 -6903127
4481089 7585121
-5073091 9600457
-5216252 -9974191
-9675399 -989279
-296423 -7011802
8135497 3137906
1486111 -7770509
-3958800 -264708
5377594 -1177450
7472577 4557494
-6219243 -207684
-5367511 -996260
-7063152 -7034859
915070 -5369947
-2273074 1082567
-1332312 7797717
7398174 4724367
4750177 -3889051
5121671 -7818078
7686473 -2408870
-9270964 -5174752
9571091 5821970
8073615 2215148
3554050 -4387708
-9830214 -4032439
5759877 -6457020
2546720 -6049457
-3084316 -9607633
-4977580 -2000080
9082487 347107
-1855176 -4734302
9990065 -9733473
-3622523 8059350
2757624 -2743406
4847725 -8500852
8840748 444097
8782420 5576761
-9691739 8411839
6540483 -627613
5339948 3862312
-78356 6710270
-9339187 1099825
-5991456 -7531636
468284 -9907150
-7043691 -8452684
-3186986 -7932876
-7666349 1101133
-8323165 -3196920
4059674 -8772520
5242980 4434459
7394909 -8576249
7000513 4083728
-4988080 6177329
-4450284 -174874
-6312562 -8447597
8262673 3406016
7022193 -3874566
-8889850 1439839
-5950959 -8969262
-7421946 1578435
-3838089 -2994650
622835 -8092579
-1289499 -8988086
-7760605 2299670
9250481 5286527
-773369 7482375
1566104 -838258
-4660929 -3772856
6052270 6578024
646779 -6594861
-672493 2256061
897847 -8574195
-4618004 -3650299
9896791 2007998
6102785 -8052611
-1047261 4991197
6898618 -7735304
-6723390 2091926
6907948 8125471
-4071649 -4483995
-7001619 -1325219
7836524 5154982
3898478 -2919163
6175213 5691947
9097087 -7532900
4723161 9338344
-9235851 -9059054
-2709353 8137361
145359 -3853855
-1906466 9703790
-2788660 -3751856
-1487160 -437375
4170903 -5890042
4751782 -5694198
-178192 -6404797
2269985 -9319867
5835115 -4663459
-5066270 106509
-4201544 -7750055
-5282955 3625295
2963639 7411895
8352842 1956559
93920 3727789
2390286 8159841
379984 -9760721
-3512577 3000173
-7437202 7591324
4217634 -2483385
1822417 -749946
2845257 -1030584
-7834099 4160577
9497118 -4884758
-2261897 517368
2767313 6947200
572495 -3947088
-6535193 7484359
-559082 -6463865
-219724 4334001
-4989805 9534838
2290469 -7829438
5170735 -2093469
8014207 8777892
-3705493 249886
9499940 2231841
3717610 8116924
2277502 -5138451
-7506856 -1600137
8917232 -5709028
-8761827 231247
6284159 -5799103
-8314744 -5672980
-2136845 2265319
9115672 -6357474
5693716 7643431
2330346 6642219
-5451250 -2015815
-3237923 -2498919
7750967 -7437043
-2688849 -4427064
-6310139 -232741
4628809 3545113
-8055024 -1516285
2774687 7121953
9869552 -9137792
7579458 -3470788
856233 -1329936
-9064617 1781066
5423593 1235740
-8604476 2567407
-8274021 -6366339
1617847 3725870
3743303 -3725271
-8645961 896276
-1014435 1494271
3777882 -8818458
4726655 2675426
3675493 -9076957
8044996 6671631
50192 8966532
-4504255 430901
9100965 -2370350
9410716 -1131670
2620422 2552700
7636459 -2649339
984323 4015946
-9741832 9362438
8153520 5118522
8531150 4001472
8012095 9507559
3205453 -2483285
2708493 1789977
2713021 -2067892
7120091 -3616014
-4649481 -6725631
3705270 -2829717
-2683715 -6637384
-5252702 -4677413
7875287 9243354
-3405985 7367720
-6099981 -1971901
-2609463 94690
7729564 -5841813
676011 -4455943
-4948384 -1222933
6293782 -1311894
-9521916 773421
8705529 -997724
-2097386 3191105
-1018174 5825621
5512256 -4230515
-8351547 5203449
-9473964 -7171458
-7928104 8912103
-1203824 917676
8945775 -8817737
1276954 2696195
-629266 -3663688
1880370 -8477130
299937 -9953254
-1265148 -551662
-9778240 -3406280
-1887652 -787064
4920393 1443641
-2730738 -1468686
-3182848 6418572
1622021 -7218481
8126413 -1534395
-2622291 2148057
5582085 -9801691
-8619428 6173885
-8613568 4527860
-9135827 -4826122
-3303251 -6726482
-6679736 -4739105
-2774415 6996686
6106758 -5428531
-3699243 9963697
1407339 6735458
-4733227 -8778849
156075 1192953
-3509176 2083925
3065882 -8221904
-3557495 -5382763
7331898 2959943
-8349820 -7975409
6552451 8712471
6402701 -6963388
-3689869 -67024
-2289777 -6900550
2612489 -7853253
-3281784 4935809
-2584142 -1280753
7971058 3018974
-3243523 8823197
-7467497 -6762169
-2161892 6912552
1207000 -976673
-3843083 3420342
-3619714 7649505
9674096 -6511185
4717638 -9453182
-6416569 6226548
8675876 1120340
-3263858 -7590086
7073013 -3613900
3838261 9348631
-9415769 -6208770
-673444 -8745881
2593669 8555289
4309472 -1400615
8028289 5126172
6665851 -7852420
-1915726 -764711
9401146 5339120
1344288 -3019088
-2472269 9075243
-2181857 8578278
-301382 -6372486
8553780 9010371
7912823 -1048887
-1700256 5626793
1934375 1751084
-4478444 -1116025
-2560736 3777283
-7623332 8115225
-4242251 -8251264
6412668 2921309
4672950 4939952
-7204575 -5503057
-6005793 4074097
-4334308 -3343935
-4765657 1521938
-2334196 -3999813
-4989442 -2550686
6400427 -3780416
-8153622 -7076618
-2809182 -5299829
-3899501 -3702895
-9925611 -4771274
5860303 3539763
-2195148 4967409
-2111281 4134404
-925643 6733872
-8769185 5078021
-847882 -5613866
1042199 7741375
-736687 -2665838
-4149299 6276542
-6274144 -554530
5665054 861260
-3699006 2642635
7342807 27784
6324890 -3991836
1236891 5959658
-500579 6399279
1366688 -2902806
-8768401 -179375
-3445502 1771759
-3150219 -7177692
9724794 -9698335
8043040 -1481749
-1631234 766993
9559887 9822706
-731824 4219467
7597079 5802096
-1555269 7449582
-2522633 6414425
-7577410 8303890
4263548 -6197743
-9798464 -3824167
-4210621 6279322
-3900053 -5915424
5856336 -2979022
-7640362 -4829203
-4527537 5222469
6257072 -7915568
-4632223 6031855
5854561 -5374162
8845306 7444017
3246113 7639089
5088672 6442385
-4626837 4207196
2511087 -7433961
-3631704 -2204247
-3512062 -3225365
5570309 9086184
-6829240 2277317
1814648 -8329743
-3158946 1543448
9282269 4174286
-1224929 -5170131
-9138275 5539342
-9834820 -3340800
-5896783 -767362
-3128272 1526838
-9514424 -134318
-5927121 4476752
7042791 -4141261
-3829156 -899682
-1608695 5927439
5013623 2658782
-5063901 -6038385
8148224 700735
4760536 -732901
5957738 -5010722
-7664500 4042805
-7901501 7249161
-6091639 -6802775
2429863 4780032
-3693130 -9472069
393613 1817943
-3705305 -3207554
-4832463 -3017156
6083162 -6662514
9264925 1338381
6513515 -5525532
-9047565 -3205100
11988 3965967
-6766934 9100659
-5910063 -5227476
1331681 9190804
6439965 -3574563
-7860986 3430181
-1789787 2864679
-4091038 4568878
8903173 -2966565
-3657766 -1181073
5801772 -4802131
-1464645 1509771
5364505 -5598714
-8607894 -9683367
9627885 1878020
8360339 -7655459
-8554800 -360127
-3071251 -8406594
3300562 8051490
6993279 8260431
-5793036 -7743120
5121559 9132294
-3782476 2417177
1966964 -8969479
-7634200 -4879303
-7165082 8309198
-7664678 8167572
5085211 1370274
-5796741 7699827
-7905801 6477317
1338211 -6168856
-4012630 -9545461
4564297 2783411
-6648747 2916119
1176550 -9618789
-7361909 -9655467
1993179 -2100134
2833395 276002
-6177125 727055
-1635896 -5199640
-6890442 -3811324
6872600 1199023
5085649 7961232
5661059 1957811
