576 6894611 2977169
953
6058363 -2011439
-1079302 -1122330
-8565652 -9930470
-2999125 -1759662
3957464 5426771
-4949682 3327029
-8474961 -2946021
-7111166 4697201
-6661719 -1545275
-5790748 3500641
-5010833 1212039
-4413824 684023
-6174700 -689606
7143873 -4353738
-7459127 5761604
6266517 -7362606
-5968583 8599236
1185118 7703567
-4056095 -4534235
3408888 702346
-5970625 9901369
9471700 975558
-4327241 -4445586
-3474509 4876887
-1622472 -988960
2739431 734743
-8581233 3366695
5193441 841959
6488222 7760419
-3961625 -5146334
-2508939 1545447
-7338964 4821245
2524812 1522478
-495405 -3637494
7064852 985070
886439 -7086517
3889041 -8905772
9164994 -7125508
7751379 2078152
3605544 -4309514
6425229 -3871093
9495603 8861327
-296714 360348
-9362881 -2794604
2059063 8707860
-7230340 9191847
4013092 9550124
1072602 -4569304
1793202 9054256
39326 -9422803
6007032 -8625593
-7531365 3442118
6316610 -7587575
4490577 4149981
2356819 4067989
2713248 -1903879
-3042552 -8701599
1658749 -5274797
1930600 -822914
-2115053 -5187779
-5995932 -6010337
6056139 654607
-1398345 533512
-7895880 -2871259
-9777710 -9605143
-8230736 -5340201
618269 -1254326
1158099 6754251
-6579415 -3065121
3519220 8165028
8777501 5777404
7075805 8748820
-6525976 -4265051
-2571613 -8749093
-3936872 -2079024
1910639 -2170314
8484293 -7416452
-4366588 -2033222
-2388129 -2914052
9997158 -9746116
7430035 -9649487
-903813 4282774
-6446622 -1951696
-2500465 2770638
935666 9490315
5267719 3535107
2283928 -286833
-2035532 -5140123
-3889216 -1725696
6195280 5392855
-6777458 -5309736
9790164 -1894081
-1410951 4223187
3825488 7939928
710164 6200920
-932215 -3661002
3138124 -1859800
6188504 8163972
934610 6691502
6181817 -6311960
-260501 4386628
-5900205 -6034111
-1174234 -7976573
297731 2064263
9973470 -2547098
-5340482 -3506989
-2884718 5712364
-64448 6966034
4905962 -1779317
6937955 -6238960
-7383610 8132478
-3727322 -3994260
6686064 5754514
-5037631 4977535
1181927 -2379326
4523654 3660538
7626427 -9078574
-7055146 8623449
-6795936 8968545
8937799 -4241063
-5231699 -6822465
1406251 -6402683
-9436649 1883583
2620619 -8658197
7619195 -2014335
-3881856 -441426
5564315 -9764415
-1493548 -5092826
9884709 2250379
2387406 3468821
-2870641 1066636
-5495585 -3088940
8050862 7272139
6240684 -2550731
-4275442 -8745074
6948813 -2305164
1292153 492859
4892795 -1644935
-7786780 -5628143
-5126126 -2486586
7071988 2348768
-4899295 -6491630
-1584455 -4847345
-80613 3607157
-2924022 -9183394
-5600405 4823145
4250557 4205338
-6006171 -1095990
-1130369 2301419
-3927302 2750865
-9554299 4594189
-4912951 5537863
6409280 -5745793
-8857584 9979844
-9990390 8622501
-6512379 -3983710
-7958987 -402050
4750606 -1411674
-7804516 -7027090
-6210484 7186345
2009490 -728538
5993152 -9294537
-390527 -3739953
1077819 9986981
-4745801 995456
-4410354 -333131
-4795268 -4300100
-45893 -6806953
5689243 -8385987
2752866 1096523
-370834 5698853
-4703197 -1243161
7345165 1670179
4643089 2563761
-249894 9540649
-8671536 948957
1654421 4275948
3052348 7321616
-175050 3780246
7292055 -5869833
-3686612 -2404499
3295401 5398053
8591100 1518120
-4351515 5765861
9378736 4280343
-7504452 917703
9674542 -8475746
3194433 -9691297
-4611183 7019708
-923291 -9646126
-6180816 -2344725
-8068776 405173
-9756858 -2010043
4286555 -2500076
-5853557 -7415556
179945 1578610
-3023337 459831
-8022049 5991698
1757559 -4432237
2364458 -9857211
-6423156 1136296
2660550 -2623642
-9798586 -6748613
2787447 8371336
1241562 -4409769
3245506 -8135844
-5214318 5060746
-6949297 -2306918
5193006 -4971176
-2386732 -146389
-8567779 9339449
-200720 309565
-3698737 -1591115
-3507000 -5706416
6952725 8058823
-8288529 1373811
1266521 -9470431
6297308 -3111627
7776061 1467935
7058166 -915245
-6534736 -8466024
6594722 -7179975
513107 -1749054
-4203878 2161778
-7984611 -4293886
7561915 -4074258
6235307 5963962
-5627153 -2638804
-5828868 5052922
-4371903 -6617800
-2727637 -8876143
-8346574 9855920
9260646 8538884
-7476828 7950735
9551842 7036707
8570683 2097690
4917715 -6982894
-6215596 -2318242
2359888 7947175
6169641 -7903122
-1977380 -3108371
-7144409 3731556
3609104 6774279
1827202 9744791
-6873009 7780236
8904093 7455299
7311220 -7084294
3970942 3073872
1024607 6571866
-3875075 6494114
-8891843 576449
-3890092 7211961
7410071 6025872
-3510601 -7589336
-5492457 -230041
6661588 5175392
-1093051 -4953485
-8179205 9517179
1778322 5032405
2812642 -3835651
6136000 4905313
337371 -5766913
7306959 3447220
-7464562 -5691686
3318780 -1668434
1424368 -8823284
8388677 4426937
-7030838 50628
-5022356 5798748
8085059 -541439
-5366046 -514813
-2951945 4746647
-3219822 -3942745
-8910340 -8614798
-2450449 8558501
-4019834 -3581346
651742 -6314449
-350876 -1166110
3142204 -2041299
-1193380 -5299086
-4122370 -3539016
3404274 2747340
-7202032 6782659
2581407 6373436
8348349 -9708036
-7706496 -6817182
445817 5498655
4072262 -658441
726761 -257652
-1699151 5161923
4096929 8276312
4478215 -3202633
5631257 -5251329
-4776275 -5872661
-1171746 -8710187
-9732850 -3453303
9294037 -2777764
-5995104 3671424
-7438788 4608357
4900321 -897345
2285474 -9090439
-1075431 7193825
-3464616 -7268709
2473639 -7003169
675106 -221503
-9428839 3290840
2604560 -5227964
-7962941 5049377
1693068 -1764183
-474369 -2739216
3807481 -9478678
-9740089 -7690867
5980557 3101518
-9773773 -5735193
3367462 1058121
1967682 5126549
-5163274 8169288
3416932 3408603
6405435 1372111
3666960 -4109429
1697764 -2919459
-5631071 4238122
-712501 -5697676
-4945507 -3594011
-3816875 -9019433
4018242 -2903524
-594391 9990607
-4391523 4278153
1059312 7902518
-1039361 8351057
3477606 -5573226
5112415 3444674
-3146723 8314332
-7797205 -1470653
-3063730 5775064
5371958 5869756
-7375770 8634034
5452710 9740887
8663228 1911729
-4591352 -9492796
-2396320 -5153646
7353313 1943242
8737747 -474358
-2571840 5478142
3829199 -202941
-3259814 6388800
-166526 -2693195
8137490 -8147399
381948 6686751
-5021832 2856637
-8757255 -165430
-1531395 -9649874
-9908987 -6133025
-1704944 6437667
6944871 8754242
6116948 3703705
8163299 7064904
-3409454 3470261
-1051597 6901047
-3301894 -3464942
-7076142 -7222397
-7399240 -4045356
-2192755 2757332
-8039564 3254602
-3888760 705545
-9459884 -3061396
9805082 9870337
-6262687 -8474927
479092 9896095
1166689 2032369
8252426 9940316
7005220 9799989
3270250 6415726
-4166875 6112118
-7352824 4735006
7512609 -4952417
1002228 8087387
-6638929 2629721
8400676 1325825
4547723 -4678493
-5223537 7028268
6898605 -2395809
-8354384 7097897
6993993 -9364082
-4815360 2124708
2065024 -9322966
-9522976 5953418
-5114504 -8413404
7698714 -3736374
-9001368 718621
5766205 2862243
949630 1027593
6173667 9284785
610610 4310701
2148561 4574343
1602611 7674685
-4721124 -558624
-3460726 -8982432
-8346513 -3075508
9049201 6049619
-756995 9354479
-2175751 -6369423
-4782826 -7763619
-1499992 2709746
-6571633 5432240
-1705517 -7985008
-4441062 1710924
-6487939 1760465
-3928833 -8267395
-1176700 -3360976
-5686291 736080
-9822544 2942263
3959831 -407414
-966570 9233082
5282701 -1870330
-9999499 -9401017
-5770439 7042059
9278440 -2175249
-9465503 -553265
-5121025 -9705200
4826145 6479216
-1809859 -4310189
7450276 -9614917
4634040 -5781446
857578 -6478557
-3226125 5973692
-1084045 5171288
7280226 9467684
8700766 5392138
-6478191 -3686344
9428992 -3500180
-6458121 6038662
-6136587 -6341447
3105288 5336671
-1852176 -5602090
3393479 500615
6190426 -7026031
5875404 -8416380
8318526 3640703
-321502 -6974204
8999488 -823895
6863745 -1031274
-1563590 -9568205
-1659715 4143971
2973979 9653528
-3846652 -5621554
-9582891 2402971
-1422124 -7788421
64603 -5719478
-8805215 -8316836
-5299868 8212427
-8813604 4588264
-1311764 3406910
-2952387 -421848
2603948 -2993238
-1300781 -757536
8211190 -5880212
-5448417 -4437036
9706935 9163952
8817480 -4591780
-213333 -4802733
116590 7487181
9698760 203776
-2999350 8694467
2893983 -7720285
-9507858 -1804565
5300051 7594115
1001026 4194890
-6226958 -6011713
-6488598 564991
2323807 6376990
-9503222 2210621
7773586 534997
-7784699 7564713
-7027066 -3127
-2289508 -8967218
8519963 -4724047
-2003919 7827083
6521550 735075
3014791 4996731
5708519 -584467
-2990351 3506933
-2298176 1008570
-2486790 527027
-8907982 -6008782
-9631791 1024612
5751585 3415826
6467175 3381339
-6537595 -3958477
6038397 8682477
2231611 8951691
-5772356 -6251111
-8424028 751574
4003001 2223725
9736808 8097522
-9970592 -2982208
3041078 5445327
8970250 -2960943
82436 3259254
7250472 -3516540
24424 -6309194
7106632 135033
-6483627 -4223991
-5666115 -3909840
7288989 9495130
8446821 -9627718
6637523 -479400
-9727826 5190817
9930894 729848
-8656278 4275175
3809320 9667702
5113030 -8626870
-9071461 -3149602
2626004 -3400368
3083092 1010975
4701782 -123524
-9988490 5623868
3916229 -5675234
-7068722 6044235
5539365 8250114
1138748 -9779733
-259133 3986186
-822997 -9707376
1022472 -7470607
-679079 -8375751
-8708049 2366194
-3744323 -6869759
-7503009 -1078667
5520965 9700568
711544 5122995
7515823 -8879591
-739371 7929678
4770796 7527333
-3912080 -6823141
3943325 7702075
7922342 -8372715
-1870177 -4917926
-4625302 -9820438
-7291045 -176822
1447427 -1086478
3796068 2029876
-2323531 2739379
-8339288 -9948255
2268666 -7310188
329159 -301970
818439 -7019790
3426240 -2155017
7888668 -9920931
5772280 -9286612
8415463 -6023411
8120226 -284395
-2685969 -1145842
-966280 -3749950
6073228 -4794919
4118603 -5740973
6288904 -2479344
2776387 -9568976
2999121 6481725
9171538 -3046549
6651481 -4732213
-9235651 -7982951
-137968 9986273
2581694 4190589
4903978 -9732947
6759994 -1646026
585931 -4164207
4689951 4880220
-8869730 416315
5621396 6240023
-9500949 -280149
-243141 -7743648
-7312624 -695693
-4213968 -7466754
-7996951 -1797151
3470637 7473922
2007324 8654531
1157156 4234986
-9058072 4385708
4652761 -6261150
-5390824 -1637742
4198051 1412755
8809328 5195107
-4388578 -8595645
7644378 2455950
-7824199 3749171
6005523 8143429
9964088 -5550988
9498610 1209251
1928452 8266473
-1743253 -8498340
2672543 -4600911
2150428 -9735929
4649780 -6170301
-2431451 3092356
-8545386 -697459
3231649 2177725
9889184 -1830983
-426628 2040977
7013279 -4499393
1766130 9734103
393884 9189081
6154445 -9711995
1497256 357973
-1375554 5653056
7154716 -6574292
-8658850 6881193
7145265 -172741
-3826690 3491578
9100286 1795045
3613938 3741859
8435936 3071252
-8759731 9361939
-6080732 8325120
6342079 -6670006
-6935903 -9067452
2637981 -9375439
-9087434 3457981
6332306 -1207574
-5554518 -5073826
-9131765 -5043248
4354298 4116550
6460161 -7790615
-1782685 1499563
5810960 -7366529
-1108318 -2682399
-9611147 -8058750
3819542 -2672382
8169091 -8370878
7475468 7738810
8671358 -2972478
-2347916 -9460435
-3486101 1309339
2618118 -1435350
3490825 -7153795
-9680690 7063600
-6303497 4359060
-915203 4673608
8689523 -9843336
-7209864 7302112
-5380287 -2983165
-8525563 1681818
1525789 -4991434
9154040 5293979
3032790 -7788768
-8244894 -854139
-314574 -5779500
5529840 -592810
488193 -1284323
1561883 -9335690
7727910 6495370
854430 -5602455
9071153 3940765
4097430 2455579
-242309 277028
7293863 6887566
-8914264 -3106244
1902322 8768300
4062280 -4872123
9855461 -6427286
2718575 9611422
-6168078 -8389432
-6465890 4920354
6152383 1878114
2542424 4022303
-6965975 -2285734
-5371837 -7213313
6727452 -3595193
8860386 -6300684
3976344 824882
-9771200 -1381923
5511833 -6213441
-7445140 3830889
1475118 9930507
6019574 -866508
-1255086 1330580
2941148 -8745499
-1308793 2576836
6971303 -1008390
-6986086 -5156409
-4925791 -486273
2300414 -3952061
2452747 -297627
-4081959 -8455781
2369101 -6170515
2447563 9894386
6197297 -4885746
1461495 -9524252
2922608 1268509
-9597999 -7063387
4267193 -1057818
196683 -8336733
4240104 9724693
-1283696 1404243
6247834 1211407
3241486 -5753430
-7189139 -8677957
1024416 8058253
9602472 5263608
9093094 -541190
-8130452 -5512075
-397821 -5942991
-5467243 8066845
-664645 -8936326
6516640 7455365
8913899 -7746292
-6083024 783833
508527 -8373065
3031178 673432
4401191 1741183
5987753 -720988
-6882593 -2357323
-4299070 8798614
-3421425 -3341824
6116986 7819754
-7692320 8188021
-7754970 7986534
6053379 -5573789
8006238 9294139
-734143 7905086
-9841205 4522878
-4693289 -9303892
-7676957 -5924229
4749203 -1668410
-9927227 -2129427
7149585 -849606
-690577 -1423122
9891845 2783345
9441521 -2473294
-4653540 -3529580
-5341559 -1925141
-3938607 -2345860
2080352 9419823
1230314 4631124
2536211 86590
-5390532 3012523
-3775016 -4788642
-8196519 -7567469
764122 -1451973
6418601 6552684
8219430 -6646753
-5553522 -3915462
1384235 -9954795
-2428089 -5661677
808743 825756
8900615 2918372
3088864 -2016464
9919711 7478360
2109485 -4830784
-2227842 -6333623
-804747 7162048
4889758 2381626
-2669490 5420237
6484616 6693239
-4237725 610984
-3519417 -4580431
-5979540 6498057
6543262 927061
-2218264 5404695
8746804 -5884826
-450102 1106831
9090367 7647419
-2357868 -7361238
-9675669 1526430
-2290840 2267969
-8053631 -1903511
2994468 6904413
-5158998 6836127
3529366 -9675022
-6547686 -8674382
-3254812 9291641
5789698 -67103
3376311 765648
-3829657 -5150688
-8519162 -8841953
2264879 -5082853
5080919 1030736
-3814149 -6128402
-2085619 5239403
-2492628 -3489818
-2876977 5623541
-4955694 -8029907
8806220 -9882509
2958821 -114692
1210926 -5148062
6659931 -1072513
8860385 472466
-8761886 -5034019
-184707 -5246952
-4088905 9924810
7358309 1296132
4843220 692326
4563925 -5044420
2711335 3545423
-9944395 -7521694
618199 -9781293
-7811200 -2821371
9812472 5662505
8064165 3511372
8363310 -4712354
4215133 -724909
9747558 -2460407
2505574 -4408130
344918 3502024
-4056814 4837220
8649704 6256014
9464692 5817848
-9226572 3492924
-2961652 4028617
-976725 3484764
-3780177 9610305
9305286 9641474
-2179669 -9075024
4436348 1634111
6921757 -4115504
-2324060 -4683989
-4628044 -6346758
-754887 9939850
-4041774 7877531
2714751 2106383
-9121251 1901413
-2280739 1364455
7373731 -9656558
4372059 -8990959
4493805 6928431
6538737 5911687
-1930487 3229981
4154957 5844023
-2521866 5889845
4290693 -8892343
8940020 6916243
3085838 4482985
4422835 -5688023
4705860 -7669049
-3046314 -9618938
-5201173 -2579389
1301418 -2167564
-1824122 -4965560
-3956519 -1324851
8119933 5064289
975976 3053639
-3716380 4658670
-6980955 1561842
-2548313 2954929
-3421062 -6986468
2446127 4258732
-1258282 8035311
-7652712 -4468035
-9620732 5680905
6061967 -430500
6990111 -2667045
5165391 3377146
8411586 -9192119
-8000618 5857621
921910 -5544932
25059 -9880685
-2705663 4414239
-4023919 6308679
-8220040 313383
-4156733 -4055880
2719204 -1641102
8910561 8289394
-6178640 -8539078
7141828 -8742151
-6656299 -5799372
1533583 -4279853
1613646 -9666188
3658045 9215326
5072947 25232
-3003348 5657428
-1706905 8511210
-4558199 7021711
-4153258 5587433
8417168 -6065766
-7605294 -2373298
-1498047 -5739565
5066181 5113910
-908815 -2587486
-8813284 8887541
5604522 8749365
6985864 -5469583
7380582 9654457
1386136 -1400490
1141095 -6445021
9212407 8975435
2997 8137747
-2324189 -9978145
-1874360 5444798
1895384 3522553
3665608 -3457192
-6680405 4290090
-8079647 4683913
-7903573 8385776
-210330 1011538
-239097 5799495
-9670087 7910544
7565001 9263119
-2137370 226847
3781826 -8532511
-9557075 1520077
-7825824 -4489414
-4467559 445922
-4109279 -150013
5888893 -3825567
2717241 302457
-5407452 -445499
-5761586 -1446812
-3061036 -3487099
40791 8851193
4650689 -755014
-2844470 2318046
1581165 -2503046
240153 7236884
1220725 9443795
963872 -5978021
-7951083 1663650
-7890427 3138049
5504388 -9902290
-3727857 -9483354
819103 1393281
3464134 1505736
-9941076 -2071997
-3042744 218900
-929906 9514241
-1240773 6998047
-8167555 6237135
6250441 -1568890
8184346 3413611
-4626242 -3509406
-6971075 -594929
3585074 6337631
-8007968 7594195
7691905 5694647
-1272355 12772
3922406 6480401
-2013863 9546748
9991104 -2613460
121793 -1954938
-2440697 9464712
6462760 1708239
-2054626 -1165118
-217656 811557
-5774832 6712167
5719113 -9516958
-7595534 -401073
8452910 1264390
-1141415 5989540
-5799461 -9555058
-7025934 9066843
5547244 2928184
-5008716 6896472
-5716987 -6466619
1578443 -5017612
-5552899 -3078842
