191 5402236 -2524691
269
7099106 4881312
-8244543 -3162141
7485996 8661738
-2897536 4960752
-4895958 833537
4901244 -5748743
6497952 -313099
881058 -6745374
730510 -9707830
-236600 3009932
-3217385 -2679846
3206293 -4527025
-4722381 -4231407
7418092 7820198
-4261214 4528888
-8073448 -5106599
-5752388 -7162107
4015983 -6317991
1159114 4249961
-4916502 3634800
402409 6263156
8466409 9984742
-6760632 -3099639
9708884 -8136180
4873752 -3513770
3806384 -527716
4945259 4172719
2457664 9529029
-134421 -9777121
-2731881 -124244
-2714491 5604366
958611 -8288977
-4606968 1533122
-4216917 7490946
1125746 6552146
-4668345 866581
-6632324 -8471844
-1571483 -6201936
8178236 9123396
-4390373 -1862599
126037 -4431660
9741059 9416011
1461393 -4928703
7810528 2198723
4590831 -8673028
-552310 7594999
9306022 -8123659
-4074185 -9593699
7897248 7215406
-3716095 -5774750
-2391817 -8460654
-6932498 1615560
-2070024 975859
99256 -5987628
-5333875 -3891787
1676553 5708883
-2358754 4792163
2379812 1417613
6132688 1618991
2945964 -7293308
-9698309 723520
-4883787 -7606346
5316308 2124065
-8144177 1042028
5267278 -4270092
-2730746 -1860272
9755288 -7124539
-3632327 -7146891
9381833 -9798383
-3690170 6466929
-5307836 -5952042
8840121 502735
4436700 -5150238
6468754 -6263715
-3557023 569389
3809261 -8068930
6841076 9261020
-6098563 8925474
-32498 -5326264
403644 -4242739
3896989 7751132
3142945 189251
3042360 -3831370
8886599 9510618
5977547 -5059455
-1011497 -4803571
5699164 3186063
8035826 -9655023
-5918738 135865
3221606 -2979068
-8531646 -6959408
-7698388 -2969133
-4043659 8309430
-7016833 -3796950
-5523337 -1559805
8707679 -4096837
6092414 890004
7058634 1850624
1361243 -8348874
-3408329 -1538415
3658014 9855142
3041206 -1903473
-1558496 -8126469
-5474252 -6406616
614316 -4960882
-1920290 7747354
7294573 2082670
-7091548 -7102325
-8382923 5767266
-5792539 8407971
-5688865 -3906260
6983744 -7084860
4765764 2919901
4571028 -3441269
5020316 8643359
8498502 3679051
-8224422 -8805317
-6931786 1539708
5133092 -7266566
-9711095 -9889686
374020 8263760
-7137218 -1631385
-6217358 -2331407
-6564141 -4228766
-5820794 -4600281
-5990189 -9840328
-6925188 -8993307
3926594 -9006444
-2447713 356928
-999712 -1502378
4693026 -7427397
-6232714 -2501210
1554850 6468604
1718391 9351852
1978518 -3312058
-5048298 2007296
2892263 -7647462
21131 -2185516
-3897930 6674906
4590977 -4026658
-3866986 -7202372
-6195679 8600789
9594345 -8275822
2081107 7730916
8744890 9662984
4751939 3597747
-8903463 3437916
-93479 1035578
387430 2651387
1855681 -8375088
3632208 4882301
7234839 -676265
-345429 9040823
5715729 9772323
-4254335 5756641
8554270 306707
-8576152 1878680
-3880790 -7641409
2605859 -8981807
3197529 8200317
1798064 1350750
-5211334 -2050532
8985046 -4589047
578692 -2788461
-8647197 -8111171
6771130 -7565627
1758108 -2498637
-3457813 4005969
-3705356 -8587321
-314327 -7742084
-4919025 2040310
6435342 -9243705
-6885114 -3495177
-9960632 -7445448
3271222 -1762902
9587848 3236897
-8813634 7585638
-7003408 -5623486
-5895594 2687764
4576593 -3908364
-1473990 -4542791
2958573 -6135925
386397 2800470
-3270498 2017112
4275028 6681041
-8762297 6415175
7171470 1872356
893531 7673045
2743950 2802708
-8960194 932900
6686149 8531524
6117162 3144006
7520521 388867
-6923368 1630106
7721743 4141279
9598488 169577
-3449995 8764105
1564575 -4926587
7090525 6936402
-3866205 810429
-2774396 -6118094
5754262 -2628501
7560896 6913426
-7767513 9164145
97045 -7178802
-8647278 -6727707
6416300 9299547
-311586 -13763
4132695 -3546827
-9405548 -4718602
-2032672 1854438
-6865105 2709292
7782706 4517333
-6029913 -2784177
8026252 4873231
8755137 103882
-8267 7768209
4681635 -2974249
-3810103 -9931018
-7109820 6914122
2702768 -1196706
-9380807 6759255
-3254508 -8364580
-9395055 -7176040
-1894642 -9121813
-4751022 3715749
-3574959 -1410962
5622723 -9099775
-1883952 6724099
-5886317 2109162
4729397 8658653
6426862 -7131180
-7589076 -5278870
-5209888 -6375151
3055324 -8882827
-79533 -9803355
6955900 8274444
9909864 -6943987
-4120027 6217744
-387717 3031161
-3253090 -3498317
5090722 -2622387
-1722161 -4311697
-7587597 -6770203
5338960 -1089761
-2431108 -3473914
-8088742 68357
-2694161 6512106
2653308 6838534
7955707 -5387696
-5191051 -4291368
-6016924 -9607473
-6551460 4281201
498945 6409292
-559547 -671487
-1653452 -9888772
-9994806 -1296285
4392018 5953622
9183420 -1716967
-290376 -679227
-1636789 -2961268
7107089 -205131
-3693025 274470
9629356 6929280
-8458416 1476635
7185267 101416
493943 8866885
3148086 -8831657
93987 -3541165
