277 -2822452 -8301491
930
1373334 -544372
-10106 -2305514
-5009859 4517385
-3172958 7660189
-7739521 -9390228
-597724 -1291667
6501465 6160468
-1968264 6296247
-8051887 -2995150
2049662 -9859149
-6342717 1386479
-5441019 3271380
8790709 -8467510
-1815231 -2762325
-3068425 -4630009
4825619 -116722
94117 8304909
-4661354 -5184487
4992055 5084258
-1789617 -5317960
3390373 7252534
3413002 7612659
3908906 -7591809
-8070607 3961090
-3381707 -1626629
9759850 3979055
9766787 -7208071
6840771 6835183
6589210 8557497
-6072512 -4974460
4908819 -6479214
4342047 1269459
6084973 7519288
-4880102 9680694
6879086 1077028
-9154086 3330281
942940 -7214188
-4805997 -3224731
3252711 -5148154
3225218 -2876604
3618803 9871005
-7337066 -4498580
4852956 3385591
-5540560 9503705
7045598 -6041482
-2520696 -9096720
2172739 1954417
-8009943 -8178648
4018398 -9225936
1851092 -2890045
-9559763 897484
-3800352 -4786641
-5495020 1383177
-1248624 1393651
1033399 7757691
7628696 4492946
2510718 -5347797
554146 2807982
-5171960 9880026
-6161455 5013586
5916866 -8126362
-3655593 1317849
-4344447 -9394043
-8619978 -1665536
5444419 9673951
-6912212 -4252534
-6522823 5884656
9784186 -712564
3197440 -2017843
-4260151 -1464438
5544860 -5769161
-8600606 5884897
-1307120 -1944422
-9548043 1953540
9483478 3520920
-2089090 -5709498
-1875297 -2083304
-1477346 4255317
-7410219 3780257
-4029440 -7580972
-9317154 550552
-3564791 -941652
862137 -5839976
2142181 8735747
9787661 -5940423
-9193232 398382
-3716720 5332521
5904451 4722515
-3323945 4976160
-8986568 6356408
3163262 8675886
-3407418 -1075658
-6820341 -8712034
-2415425 -2368412
50616 8285792
-1163656 3555135
-7386516 -6750185
-2590161 -2212095
9040004 -4008027
-7432098 2068372
-7533245 8827665
4160186 -6625330
8097185 -8733613
-1241101 -7419010
1453750 7289593
-1518169 -227669
1213025 -5382987
8421331 5074413
-7293998 -3090964
-4805172 -3994094
9561041 -4727030
-8960863 -3452476
-3148218 4690877
-9317150 -1551024
3033701 -4108214
-5280548 -6749248
9141775 -1983192
-716805 1395990
3976980 -244688
9561257 8042094
-9669223 -4569269
-7435904 -1956912
-6882498 1543802
8452838 -9014573
-3008667 8339856
6129178 6164018
-7288458 -3447626
-8756748 7168316
8133644 -436676
-2028537 4442454
7693207 1167345
1700505 2690915
6603257 -648666
9106646 -9016300
1542146 -6903410
-8956327 8667904
-3289008 -5610725
5933077 -6392231
7109548 -7655154
-9315298 -3097733
-6933715 -5899119
-6830393 -669767
-3501451 8294180
-9626144 6929211
1371666 7148545
-1684109 -1654681
3552586 -8418775
932559 2532748
3516449 155844
-4231214 39205
-8776539 7574947
-8035777 -3187541
-7063420 -2065546
-7204348 413652
7315920 -9953872
-5852991 -6519645
-4673060 2898557
1192737 9832968
6762180 -5658159
-8509614 1566594
2428265 -1866154
-7768577 -7677371
4855378 -4019148
-1346952 3163982
5719539 -9111821
8463126 4421834
3750645 6943001
7393807 2943701
-6642646 6687225
6733353 -9810541
6186166 3189626
-3911817 3396714
3229682 -8486894
-4145053 -202727
-8636133 -7491786
-6841588 9861686
-7815685 3792132
2289336 -4610165
1070169 7039693
7927872 3458736
-9603078 -3210291
6249062 -1092649
4367404 4147567
-6648856 3642869
3832328 7724758
-6569264 2600849
8513915 -7465153
-5952047 -481080
9316193 1743598
-3231836 -7580747
-7719061 3196412
9504896 -73423
-2167236 -5534746
4021300 -5689415
7769321 8902934
-4307357 -5534476
-4110773 8166244
-5169837 -8058295
-1899074 -9743368
497742 -1818692
-9217843 -8066746
6984453 3928479
5963751 1812425
6072375 -8967593
5968012 -2203704
-9007292 -7159461
-4716532 8248951
5230557 3013956
7324541 3116233
2019167 -748143
-3766266 5093863
-4223541 228162
-5313781 2122961
-5104055 606622
1304282 2787145
-2763249 5393688
-8161481 -5397208
6415217 -5778795
7769964 7802270
-4401434 2487592
5328131 3737976
1986927 9107626
2121582 -9388400
-3755815 -2782516
-1014306 -8037524
7056339 8263352
-1508486 -2264220
9858741 5349150
-4044228 -4305915
8481230 7271039
2664727 -223593
4379199 -4282019
-7544462 4503246
-5178132 -6689232
5798360 -9774498
3963478 -7063214
-7955588 -6357157
6770795 -4049595
-4315758 -3317654
-1355178 -6985020
3794684 -2813712
4922068 8217513
3566663 4802550
-9503365 -2702839
-5431800 2038788
-8184805 1494217
7212199 -250721
6768877 -1289254
2021514 2184089
2409592 4107097
7043883 -9663774
-6020931 8889422
7356180 9088295
8286994 3266217
-1202451 -6959578
-7256938 -3068184
-4850670 -7407766
7394784 181482
-5005 1232345
-6728867 407772
-8098011 4563196
6828827 -4913672
3797074 1630540
-6185370 -3885943
-9778846 8334940
8671166 -1259426
-2370004 7265038
-1130315 5166588
-1567195 -5013824
-9457050 -2843321
-3395152 7230354
2338940 5802364
-4016154 -5729470
5502875 -7749923
2657849 5978842
-6941610 8774009
6376689 -2923810
8706731 2403569
8517626 173764
-8974944 5037713
6294639 8738781
-1479829 9696223
4862811 -6075365
-8572836 7389856
7062888 5811968
-4441326 -8029886
288831 6184088
-9545382 7897615
2664044 6272677
-5232129 5957493
-2752146 -4678107
-5085565 -2173739
-9770169 -6375456
-3685340 6137518
-6308417 8747457
2590 -2660284
-2964061 9986222
6427210 8522761
-1571030 4415102
227070 7854374
2340840 -4508142
-8324054 5785745
-3800288 -7370329
1418701 -7869436
604409 8863756
6702001 6186572
6529186 368616
3993160 -8383564
270307 6759017
-1977174 -9692180
-9836112 3961890
3948113 541769
-935470 9716180
4131282 375323
-9253951 7493500
5501710 6874705
-4823198 -4396759
-1767087 7177656
1824572 1376514
-7243378 2167966
-1645462 4945334
-4686050 9458623
3591411 -5116276
4159093 9307110
2131282 -6138282
339961 -7818080
2723689 2295170
-5472298 -5711926
-2820251 4304571
1798072 8658985
-1949958 -9557850
-3954609 9816134
6993791 3226844
7119710 -3205344
8962622 -8665285
6280049 9876332
1851307 -2682839
-5282763 4110351
3417461 -4557282
-8179211 8876331
3574603 8065095
-7123382 2160750
-1034824 8814644
3119215 -2595680
8579657 -1338723
-896573 7433639
7249774 -3370301
2372895 -2334830
4459827 -3240083
-9389016 -507395
-8114711 3422449
3255962 6891034
1001385 3736596
1695667 7973200
-634117 6935199
-2483354 3516456
8193558 -7059514
4271482 393264
7797585 9675086
-1663637 9907049
7340689 -1106406
5523294 -43858
7621312 -2893185
-3616916 -2103811
7388795 -5402509
8019941 -3005932
6401454 1790436
-4472967 -6207745
-8234545 9919192
6854391 7222700
-6744492 -6352310
-3411824 -5628963
-2719346 3965418
3640504 3376010
3283060 7594591
-3511815 4493219
6965713 -6859899
246916 -7988521
-7575979 -2896623
1700869 -853648
6140420 2329168
-5880396 -279190
-3970583 2541875
2461067 -7837011
9385689 -2205127
-6041085 -8168190
8719199 5157549
-8360681 547092
6439454 -4000147
6110796 -2203825
4805746 -277486
2862615 -7401018
7126813 1771459
8874837 5625883
-5227765 2067186
-5603646 -6907942
-4670780 3429008
8487235 -8967689
-6804700 1358637
9153510 948302
-4703536 5097342
254891 -6887574
-3824130 6532015
5048221 -5589437
2206738 5131676
-5145809 1159017
3757999 -2987515
8783944 7716806
-4140958 -6598835
5468351 175133
3267191 631277
-5939715 2381058
3413369 8596411
-44951 -7452480
-3987826 -874979
-5777637 -8375089
7253689 -6175010
-9642994 -3006393
1404170 5945911
1077588 5405227
-3435756 -6389092
623393 5931779
-3835063 2838596
-1243887 -8076310
-5384825 -5459669
5171609 6740816
-878126 398719
-1004870 1748246
-3187881 5051595
-5823383 1466531
-4392205 -4659355
-8318012 -9084668
-2091061 -7138516
1323748 -7961006
-39427 9313109
-7075982 -7598664
849467 -958831
4396117 -3936237
-9496195 -469244
4071088 -6847770
2409399 -4881019
-1965948 -8240951
-3976353 -8468727
-900779 -454466
-8987934 2835766
692764 -4207810
-3292478 9136213
4514049 2374752
-3069902 4616462
-3554077 -4162203
-9244515 6890671
-4068160 -8113707
-2049943 -5878696
3652061 -9672042
5996540 -9029786
8605547 -2276851
-8001450 -1594061
-7546435 -3360401
6185134 -1977803
3374316 -5930862
-138672 -286448
-8633883 -5932920
-1041816 -914798
-6298336 5880166
4234316 5888282
-4704695 -7336060
-5449767 4989801
9111106 -6256503
6587807 -4983358
-4013143 -4720481
-4480980 2584348
3506639 -5407596
-6251644 -2482430
5539767 5960204
2545694 2449842
4679746 -8569565
-4502485 -7592978
1492225 6045863
-5557619 -3027949
5376685 -2289759
374181 8676697
-3817149 -9328010
-5584512 4924415
9941057 -4706043
-6910172 -8996705
-3896005 8444266
5553023 -1391152
6126418 9610635
-1912809 9301379
-5732427 -5817463
-4387027 -9367114
5556260 8947319
4993182 -6373160
-6884756 9564837
9791431 9435563
628613 8491929
9163920 165612
7606379 6811464
4621773 6095760
7099055 63789
-8975593 7711601
-3679551 5719403
-2153610 6577430
-1604839 4963219
1662108 5933581
-917181 2662734
1610053 -208567
-4065374 7155432
6720269 -3396765
8555151 -950130
-2458201 6511700
9193665 -816236
-4004772 9222071
5317831 -683604
9380185 -9382999
844954 2416887
-9347358 -9595407
-501625 -318245
-5355026 -1500968
-5567387 7893537
556271 -1176566
8614868 -3968215
-6812783 -7833675
-8714088 7065846
-3884284 9907486
-1064461 9841063
-8458821 -3826133
-4604061 -1870796
7445600 -2463593
-9330240 -9286230
-4352991 -657862
-7736917 -5968934
3712821 -3700349
4798683 1761458
-7828653 874147
9697582 1747649
295786 2727619
-2589704 828802
-2105352 3483003
-4093159 -1303792
-8946376 -3473284
2700583 4842380
5487936 -7405197
-7352437 612874
1326645 2933537
4792027 5833675
9864742 -509994
5789658 7055110
-8667080 3577563
6968063 -6895307
-2631306 -6495732
6231887 -818003
2527151 180832
-6336165 6158535
-5145257 -9578201
9464867 -7912971
-554239 8424719
-8980477 -5318198
5294677 -5066302
383587 6183438
2017113 9137674
-1372320 -4824386
4747076 1881855
7975771 6933690
2554736 6079996
2100616 -2539814
6642183 2439782
-7379385 -9151145
7007390 -830666
-7892515 -3715550
-9112169 -8137866
-9713147 4088704
8770506 333593
-2216357 3822728
6166 4065183
-4280791 8167230
5859196 4539632
8937839 4346890
-6203068 -6877376
1718972 -570038
6890148 6351668
-1208549 -6180411
-5331556 3532331
5218017 1412066
212868 4192187
6054321 7325502
-6069442 -6382948
3950645 -1142474
5196607 -7298935
-717400 4250640
-5065778 7719125
-5224891 5001810
-8134948 -9206582
6432394 -6287051
3142911 -4338016
4530005 -1848634
-5512693 -7450588
-1401905 5837808
-2750126 -8327896
5864291 -6183887
3657967 -20906
-3887502 -5565036
-4191158 7588526
2805943 -9936857
-3169865 -8994551
1240927 -7911457
-393295 1764357
-4925873 6016036
9728985 1471757
-349906 -8493479
-7825760 -4611751
-2062339 -5819901
-9982093 -3338453
-1666349 6535756
2868221 9784133
-7720421 -5802058
-1367094 9042541
-852581 -1607922
-9028427 4441749
-2036450 -8046638
-5958095 -2198291
9566066 9204477
5220514 -3835037
153072 -5359806
8663067 -2534149
-4629548 9803166
-6016735 -9162693
-2501145 3308113
-7639778 6517524
-1181991 -1651142
2546801 -2255205
-3212664 1097589
9489667 3696059
-9345840 5934755
7888117 2977592
-9220699 -1382289
-9661460 4446375
3127690 2861720
7501914 -1924594
-1942390 -6719238
-6916071 -1318667
-481359 3428062
-3263824 9583546
-1382577 -466152
7882706 -8387250
-642455 7435432
-8950627 -7054141
6641919 -1338766
-5404011 -9460960
3516633 7296079
8430142 5000459
-8036814 -3187714
9674006 8768683
9360441 -2392772
887990 -307728
8373606 -2581949
-9153886 -3511729
-3928182 -9591401
-57553 -9901358
-8288608 -2794407
-5358975 -2174847
771013 -6414711
2246523 -4309601
8745791 9929284
7225363 -641135
-5640676 -5221224
1591063 -1828142
9456893 8838862
-3553910 -6218579
-4009954 8817334
-3764614 -149568
6338704 -5636348
-5227749 -2918500
9696494 -7589478
-383885 4714698
5056203 -8592114
-5006825 -3226508
2463891 -4172784
8272852 -243949
9114916 -6273965
-1495189 -1985432
6186426 5990592
-2654194 2612226
-1090000 5643319
-3022995 3791896
6158680 4900046
9263698 3212391
2810243 2497384
4907906 6552301
-6216649 2506737
-3569025 7040373
6330218 8839554
7183123 -6059497
3696554 -1205891
-4963504 5455975
-6529457 -4672178
-8681586 3541308
8669886 2173321
-9667008 -8819428
4972468 -2420114
-7520068 -2690002
3038741 -6352500
6144885 4259982
-6671365 -4151015
872074 -6430857
-9390483 -2888014
8467893 -180598
-3723743 6939735
8250196 -1832632
6139695 9972811
7816985 -6713307
-655647 2126591
-5700088 9135399
-9684029 -9469409
-1889522 -5367095
-5540745 -2195209
1452291 -6893238
-116903 7497996
5863333 -9886472
-6317328 3211732
2840071 9251760
-928838 -5707811
3748276 -6175684
1991684 5347419
-2163418 -5485176
-9682131 -9352269
2774322 -4346433
7305318 -7821426
-7290834 -409413
-3260156 137641
458784 819644
-3557242 1199099
-1302905 4427427
4540956 6325855
-462412 -5439571
6328541 8223628
5032169 -7622341
8718327 -4600297
3263474 -8703203
8327973 -6773637
-6125906 3616408
1786327 8645843
-9175583 -835231
1271708 -8392003
-5738010 -6466417
-3130421 8011552
-8272997 4720774
-8335447 3312338
-361807 424098
-2499121 -1278139
9461841 1692133
-3413856 -6170580
-8254525 -2989638
-1692841 -4695529
-1469166 -2474699
3658061 -3364867
7797328 -5078719
4086050 -4555612
-2947615 8621745
4671681 -4642242
5885662 -6169273
8551501 4057612
-2630050 7612665
-9446885 2732407
3970620 -475504
3732981 -9429653
-5600233 3432462
-9557176 2835478
8139949 8661595
8703248 -8733664
-9582179 9187136
6624769 2361310
7805698 8215149
-646754 -6772829
-8898719 7374436
-8794837 6541279
598892 6986943
-2884040 2273017
7521776 485194
2526042 -2330925
-1760578 1492396
-5075142 8775376
1610854 -4844458
6333489 7884035
1666723 -7732845
3970643 5036737
-2601953 2084544
-7183955 595412
3822583 7720098
-2389114 -5314357
-8773077 4923864
-5572841 -8667599
-3878230 -5657833
-2656287 1543119
9212195 -6356454
5135943 9869756
8645132 -2548383
-4876489 2577153
-7022460 -7227662
-4960507 -8543000
6493738 4644263
-3271193 9010137
-394451 6408137
4128235 -7938796
-3253152 5944485
868349 4255473
5587875 -9509877
-5167710 5295509
9354980 -8290355
7869544 2176003
-5437889 8567175
8535145 3005487
8098992 5723595
8495933 -6341344
-4884343 -8923467
-1762852 -6464573
-7454436 4125747
533884 -2517692
-456488 -5332535
-9388050 7178472
1433945 -1193288
-703165 -6003348
1808513 9538172
3764170 -3354523
1337833 1163493
-7752979 1633714
7155553 5899944
-5860108 -9217834
6957174 5254545
-1152570 -7364175
8687604 4589183
-8768718 -399069
7083239 -8766832
8416986 1765167
-8540009 -3373249
-2050184 9028936
5541940 -4589712
-5051539 7246651
-6107871 -2649547
1030299 1228983
-7137303 5229962
-6353742 3277320
-3424162 -9981750
-2210853 -2213850
-7061672 -6466988
638548 -847070
8753861 -8374068
5375453 1869830
6151349 -1646548
-2503445 3792439
-4662273 127692
5537981 5446371
2693023 -9120332
-9253527 3002794
-5768223 -898496
6847818 1776772
-4945908 9610826
9629076 3010428
3312931 -5853718
-2320705 9934575
-912495 6251259
7877191 834195
5220377 -9642282
-1288830 -4231004
9561435 -6111921
4015771 6207726
-5829551 7415515
811535 -7929896
5072898 6863472
8481328 1558008
-6665219 1821027
1431853 5329146
-9144073 -9094775
-4948492 -6422719
6028209 4168858
420117 -4752845
-1402298 -4884286
7989785 -9186340
-3417343 -6181921
-2293842 9217307
-2058615 -3855908
6075959 4238282
6308386 2111835
-1024693 -3112506
8445503 -6102363
5718664 9972988
-2181514 4296636
-2281787 9666870
5760503 -1325587
-7156729 -4713927
-6950420 1788712
-579221 3263388
-3406599 1647282
-2018286 9926916
9144223 3176058
1836502 -1795776
-7557494 -2914391
9197444 -2087538
4799956 8750893
-7351470 -9310897
-9337909 -4238189
2574799 883546
-6933232 -9003070
-328657 2809365
8095438 8827272
-6867664 2514615
8294355 -8854981
2792301 -4930533
-5003617 -5112244
8063814 3290367
-8505408 -5859393
-6257432 -99683
329131 -6062902
5204343 5456364
6145467 7645439
5923603 7852873
-8747228 -676089
320841 -1501598
-8692233 6835892
-1820484 2508536
-4976849 1919558
3064577 1311853
6381320 -6682493
-1794737 8373230
-5820050 3894056
551015 8785430
-8797901 -4325458
-388360 4293583
-250053 1531230
-823331 7332336
