161 3777290 7251312
431
-160299 1061303
4720296 588234
8774085 4505285
1542030 -5689842
3884342 -8061317
-6440875 6076796
1731402 -8866719
3212309 7871617
-6073915 1014259
8504166 -2019743
-8589467 -4220033
-529715 -2519449
-1499924 -4425459
9663305 9487855
3265145 -6777494
-3199839 -569031
2535555 5621199
126484 -8479543
8346967 1309640
3248324 -8331486
261662 2231310
-4119057 -676199
9711771 4509416
-4476325 1609604
2106213 -6362144
-8065825 6544193
-5975256 -3966902
1607639 -6079188
-6591333 2524820
-1736322 -6212704
3218265 -809835
-5188636 5063840
6584297 -4246180
-420187 -2545800
-877286 -2552383
9678927 -7171863
-5331710 1900729
-3589855 8076222
-7797822 -5619939
-9465731 -5549827
-9005634 4308391
-9658511 -7531556
-3610744 7535463
60283 -5534520
-1747223 -7685724
-5979207 8323962
-4095846 3987394
2257567 -8651491
-1197291 5004803
-7547580 -8162620
-5334483 441775
-7657496 4647699
2723921 -8149841
-3769779 -8730998
-4280825 -2557549
4267194 9280842
-8250713 9229893
6765356 -2874965
1590516 -9345105
5485523 9341992
7665954 2359645
-3652961 9506316
-9145175 6086460
1091263 8604606
-9558014 -7826114
-4867986 3543684
-1808617 7623855
1990367 -2525482
-1256480 3431657
-9125892 736940
17782 -3020953
-3791059 5141303
-7733662 -5716579
7454669 -7025703
-7683711 -3626794
8732851 2940192
-5037139 2498595
-1414945 7596243
-1282799 8334038
-9492075 9676319
3220003 -8324460
1815747 -4360061
-4369191 3927738
-2640605 -6193886
4543054 -3109318
3869729 -1766496
5891159 7077189
-8639390 -9921330
5569320 673849
-436592 8815279
-5728176 7885609
-7099443 -9187389
8408854 -765315
-2431277 1485612
-6321717 9642408
-8682052 -1923352
-3767061 -585362
-6657623 -4349953
-543838 1863749
8754431 -6781876
-6032020 6515568
3592757 -4859488
-4780817 9859139
-6950659 -2530280
8801351 3304855
1190464 2612749
3425360 -6926825
2307860 -3392627
8092986 -5649433
-6007025 9876584
-2046768 4287621
-6297740 7827275
-6522678 -3297476
8566273 9560989
-7220887 -4550164
4481757 -162944
4977568 -3252906
9122585 -9409134
-1939414 2713103
-3982042 -7828074
-2698973 -3138062
-64887 -275225
6332148 3242740
7593307 4759326
4635910 -3058514
-8770892 4102634
-5553739 5105494
-8191982 7447720
7008709 -2076417
-4110228 -9625709
-7272301 2304174
1567620 -9628471
-9037605 7705268
418371 690206
-4621516 -8460666
-9082376 -1047318
8677457 -4804136
8438604 -6630911
8128415 5009605
-8048908 6031911
-7349103 2764325
-9613828 5696552
3144272 -2902842
-2462907 -7805810
5084834 152981
4973507 -4056783
-3685254 7812533
-1965847 -3458872
-252314 9793494
3849180 968877
9921559 -2357478
2838386 4766804
8135893 1115368
-3875027 1276990
9825253 -1219339
-8455014 -9407583
6288969 -7523850
-7910340 4447510
6641701 -566759
2102574 -7856894
-1913677 -5757113
-7944580 9592434
-3866438 -3082578
9227268 -7394074
3574803 5881248
-6476230 3076448
-2156748 -3987286
7128082 -1121491
-9844501 8495497
-2723842 -6746945
6361825 2497105
-2510393 -8662503
5785007 2650794
4600388 -420732
1722374 -5056940
-814053 -3297038
8811748 2325049
9242471 -6242280
-3636354 -5054690
3342910 8469739
1546187 9938449
-4048837 -616967
8261542 1905791
-7082359 -6920755
8848652 933393
-6569502 193799
-5952352 5210477
-9622376 920106
3015726 2349008
7292068 4978012
4197326 7254452
-420499 -3521984
235736 3009075
470737 -1178027
9808064 6599382
-945817 -6186352
-4286967 1354252
5776395 -2478302
-6882705 6490927
-2575680 8694036
-8595812 4482299
-7790871 -6628829
4291277 -4548164
7800844 -7413247
81117 9823355
-405841 -2390735
4087281 6794795
-7679778 9173660
-9488015 6839369
-4044897 2790960
-879040 2836402
6707006 -2474362
5047336 -2649655
-6158728 2483401
-6306210 680983
-4836718 1265592
4636763 -4902022
-6933834 -2627589
-7524484 -8555608
-8732253 3383363
-9007372 -4927015
-8132219 861906
-7448081 -2403739
-5564370 -5811997
-504685 5580256
-1583342 -7092915
432723 8616275
-4033380 -4876336
7607066 -4519941
-1322606 -7675756
3589837 3817208
1431538 3840676
3729440 -9257048
-7812655 4497704
-9602581 -1278692
3794294 5971444
9349703 3906399
-8497340 -1821573
-5117218 -8098378
-1770 8454642
-8638273 4378098
-4489275 8414889
6054905 1794450
-209139 -6006302
-3682058 -3821677
9995531 8468255
-5174716 9907779
-9349268 1427069
8441126 1071076
2308736 5354429
1325873 8838545
2744945 -3896970
-3202191 -6808072
7609902 -3236043
-4781400 1680592
-3941310 -2391867
8539374 -3419673
891130 1569415
-1920535 4594279
-9227397 -9318009
1666599 4397408
-3178461 -9231866
-5288444 6491883
-9920689 9988623
5343052 -6847318
-8008773 2388047
1007430 9185278
-7622794 -2747476
4016482 7805239
-514169 9987109
-9888406 9235082
8331761 -1939127
2146641 8650968
3245247 -777109
-95117 -9773894
4623514 4017850
-2697663 4087834
579717 3961406
3950029 2013893
5166575 -6824620
5563427 -8190566
-9005288 -325846
6926679 -3429143
6892449 5888270
-1608269 943161
-7305405 -3621720
-3044494 -1496675
-2845707 -8973644
249248 9102147
9328253 -9600459
-3066257 2670483
-3241683 -3531880
-9570474 -3247568
8766325 -145614
3029766 -3104093
-1294659 -3550748
-1360241 -8890455
-9803245 -7783595
621028 -4433562
-974049 7089204
5983836 9012759
-2483915 -5763102
-4736746 -7060658
4557841 4670378
-2413729 -1971146
3215689 3886095
2870567 -2963633
3788799 2490358
-7655256 -4183555
2712352 -4928523
-5962919 -2109138
-999592 3934046
6150451 2676840
759630 -8286485
8802719 -3228521
8300591 2301933
6538831 -2697093
-7241398 -4183324
3003406 -8197914
-7652708 7316443
-6281110 3106030
2658749 -1920666
-9430308 6589457
-7594098 -3552452
-5964623 -7085563
-6678349 -2365393
-8431347 -9411189
3265651 -5161589
-3448074 235456
-476712 -5974718
6327215 7870997
-4826095 -2176121
-3843093 -4617601
9700837 -2067493
7765302 1676665
-5217305 -7951871
127463 -8515807
8073650 7441444
6405345 697156
-3872055 2995905
-9369488 2957074
3545885 -550404
4288008 4715517
7467325 9327889
5869523 3356286
1227284 9506965
9847196 -5286910
95489 -1082459
-633600 -3995897
7680769 -203674
-5639192 -2868298
-1384105 4979816
-5062387 4488271
7701779 -3310454
2201803 3859310
-3183616 6346076
8312025 -4651333
-9935816 2878622
2206511 -4883615
8472671 47861
-445173 -1923966
2789124 -7783693
1133848 -597977
-2077521 -7115386
-4802708 -9499752
-2368049 8119600
-4384232 -441900
6562724 6247846
5453744 553381
6929043 4264503
-6873068 -2344453
3004214 -6254572
-859598 -8561043
-3444658 -4415250
5632612 -8653087
-8060701 -4971987
-2755679 7703791
9622166 -2755225
-7354259 894521
1394770 -2455355
8180597 -2156966
7401134 9026721
-2209081 -6203634
-3133901 3963858
-9255286 -6755336
-6583437 -6204857
-9943077 -6128354
-4689397 -1062870
4521880 -802675
-6939410 -5617703
-8073338 -7329156
2890987 7516241
-5238984 -8312665
2581857 2513154
2574151 -2593242
-2233856 -6023373
5519700 -6728899
-2932533 -4832722
1647489 -6689381
9071635 3933566
245061 2392203
-1219799 5004551
-6058319 301984
2015661 4090804
989453 979913
3650758 -2407397
-4891156 2916115
4603451 9058097
1571251 -7613787
-7690677 -2814692
-6321713 6661755
9932856 75467
-2240903 9197987
5024958 9516675
-4033407 9406586
-5684859 -3387054
-8382503 6211655
9029991 3095342
9702498 8075530
-944557 1045653
8638256 691951
-6391933 -7293799
4280651 6263453
8649666 8211518
7913178 8368254
5030009 -9041011
1034456 -8408535
3305804 -2520783
-3004108 8793553
716492 -9152886
9976412 2962486
