2 412599 975129
311
8963824 9493936
-8756978 -6684153
-883487 5986617
-7361437 9139744
2220901 -5579880
7387289 5468363
3014010 1438394
-4054174 -3586098
-6186039 -2186044
4136611 -1520521
-2420968 7547616
4322655 -6049359
5253924 8284383
-7750612 4698844
-4888556 1013587
507523 -4259131
-8426932 6591620
-4905411 -5733103
-6593359 689582
-2373946 -2266848
-6798484 5627542
9582288 -4986657
-6056402 -1268122
-937814 -4471886
-3476055 -2242441
7821527 -6801203
9665791 4102977
-5096288 -5339466
9359379 4919715
-4066698 -2846899
2893970 -5529177
3578795 -1042822
3224075 4467039
7672973 8673385
8922889 6630717
-5225389 7815379
-7171277 4640757
-6627365 6873252
-7598634 -3227679
-2953768 2434821
-1850029 -8558336
-1939007 7384111
-7955355 -9667886
5251829 2964706
2634159 -8595976
8391199 3701484
5175014 8044481
-4972128 1969995
-6840268 -1600911
7546158 5217197
3032577 -7917379
-760269 4837122
1710374 5861300
5149973 -4871282
7563540 4111740
-1930244 -7803795
9580316 8229863
8561977 6130750
-8388192 4141313
5545338 -3669842
2547994 4245967
2290448 3936537
8422884 -2276992
-1361550 -165327
-4948130 4098968
6181590 -3815392
-8978270 8084447
3945747 7937673
-6933609 2732104
9360197 -8387928
6324629 -9370069
1376146 9946305
6077055 -1578703
-7437389 -7545525
-1215366 205215
-5548818 8107949
-5439162 3848980
4088341 -742017
9092656 5500075
-400957 -7273209
-8572249 -5855474
-7771026 8296985
6234658 -7550518
-2302062 -1308927
-7180502 9301050
2447333 9574487
9520793 9144127
-2434575 -6176520
8794307 -1885800
8319416 128036
-9247663 -2421059
3944274 5286950
-5455067 7829527
3329602 -1967385
-6724242 6153941
-9701532 5444998
3741983 -5296491
9669343 5043794
6251219 -23358
-8205956 -2632718
9458121 9070717
731197 4241377
581209 1495266
9609467 8296622
-9058990 -624483
-529190 445235
-4267815 4209699
2039226 5931436
-6035949 277119
8947412 7885181
3330179 -2760191
1943319 9245880
-3193974 9588514
-7918492 1612662
1496296 5573598
4644315 -6124448
633282 -6529230
4966036 7891864
6188486 3730843
5622712 4575503
-4979262 -354152
-6144453 7609875
3541311 -6730724
-3937253 -1588874
-3703693 21715
7261524 -4989841
6772392 2142838
1731352 -8278805
-4149790 -6421582
9152016 -3670787
204765 -137142
3333628 -3687316
-5795452 3354399
9601595 -1700335
5391520 2909387
5071587 -2259341
-4649466 -9587741
-6318465 8927135
9854613 1408198
-8570087 -7739366
-2729207 -3849080
810110 8691437
2928985 -5956815
-9862044 5057814
-8612973 8779195
-1357947 9289972
8119008 -5891855
-21104 -8024318
-7208301 4839909
-9734352 -419509
7321151 8183219
1111830 5337235
-3219278 5188037
9112587 -2690283
-429649 9151687
7818959 -9457500
1750290 6841145
3400682 -1370931
-6313116 -5320725
5974822 3538638
-4655037 -4926089
-8301592 -5383125
9108909 -6536029
820232 1677305
-8742204 -8099392
2600180 -6397768
1455820 1095299
8799689 6228362
-6461920 752894
-95418 7912276
8454777 -4375217
-7534072 -2276459
-1131037 -7278581
-2599306 5866611
-8078399 2555847
146110 -6624484
-9491257 -2733436
-6753112 1844519
-6478176 2134005
4034613 4067120
185705 7295972
-1608728 9151145
5379508 -8358475
2394419 9707313
7619589 8917588
7058723 4815353
-7461105 -1409282
1312137 2041004
-9576033 1407858
6480057 1229183
-2878949 -7654432
-387867 -3373833
987038 -9853853
2280152 2859021
9442493 4508862
1804835 8831117
7982263 -371802
-6213925 2712459
2419772 -4121877
7312063 6180495
995848 -7444287
1146432 4370786
-3588210 -3948905
-24695 4974921
8720457 -3164243
-818674 -3544638
-4402118 -4158492
8504007 8793459
-5831168 6584920
-6389865 784159
-7868371 -6388675
-4244124 5414970
-9356219 -9886108
8508367 -458049
8238798 3063553
5619266 5820430
191216 -8249001
-2197906 9282050
-3226676 6603007
5955116 293752
-734534 -4506219
-6148359 -4863558
6446253 4863348
-6035379 -7644351
-4343840 -9384915
6742763 -2425244
5506078 -2212211
-9581967 -7501361
2040590 -1333789
-8270236 8926400
4746830 279389
-5453260 -134618
-8336215 7454399
-3426242 2348834
5158938 -1562891
3930890 -7471126
-2334683 -5575595
1804105 298883
2654532 6627922
7243008 -1714922
-1623814 8310693
8614834 -3497877
-999238 -6117736
-4935173 9032868
475620 3557704
6353445 9310943
-823674 -4777549
5193202 -9099815
-4234628 -6643537
-5690076 -8233040
-5704166 -9075690
-4651285 757166
-8943951 -5522497
-8894574 -330827
7954251 3710582
-5462373 8348434
-5149443 -3669562
-7270946 5668813
4701681 -3632329
2441727 -2206118
-2895175 -4822698
-7083895 -1204827
-7788290 -1202497
2153966 8109307
9876267 -2022918
-8582255 6463890
9737408 6688453
-8834043 -3233540
-1048015 -9206542
-2979608 -7728617
3136169 -3093763
3236675 -5925629
9743184 503078
6870749 5965729
-6240389 -3038782
-5345128 -8171172
624001 -6619211
2178292 -2429023
8196636 2835712
3329146 6848611
-4171147 589255
-2722292 4746891
4029704 -4433738
-3640280 -9039983
-6768600 -7018311
-112074 3380112
-29165 -1116079
9386999 5640953
1606683 -285981
6675237 -1225900
602929 -2117354
1263435 -8669891
-8582562 3743282
9095346 5958080
2806691 9614074
-7280319 2424493
-2828616 8635544
-5798194 -7486258
-6526241 3717440
6699130 -6922122
-1025658 9221512
-1894567 9103408
4744362 8945177
-8824451 -9991215
-8700763 -3648955
-3249957 7850786
1697248 1902166
8161801 529831
-3512089 3114686
-4754887 7257147
-318360 9294602
