629 -3047283 4657594
707
-4620196 8087141
-3619901 7958504
-1671423 -537228
7330983 6447184
3191858 -6820484
8002478 -3297024
5797687 -1018791
-8134287 4428160
-6102664 2270808
-8688248 6227680
610513 4743812
-7830831 8922942
-6176733 -5121591
5371316 -9117846
-9648777 3869325
1956466 -7454738
-9496234 -4268973
-2289849 852918
-2699898 -8651305
-5471788 7557486
6776815 -9508040
-8010479 5047042
-524798 2574502
-5154690 6371586
-4884382 -4111109
-9367297 -3842938
-4919996 -1757517
3120892 5318224
-1283270 -8580377
5288948 -8991440
6070174 -932047
-2684668 -2754585
614685 6573940
7922636 5025484
2582970 7914787
923099 4967200
14242 -8123863
4450639 -4571028
4316910 9489445
7894688 9295949
7969364 9432528
-2324989 1043743
-3638033 5565720
6985344 3312256
-3162832 5078698
6663003 -5209356
-5447589 -7092657
1997635 -6021664
9003820 5167096
3081883 -79729
-5112529 -5896858
-4020720 6521334
-8049694 -2581934
9423863 2946271
-5241427 6267216
-1783904 7318551
-1637706 -7272063
810009 5891108
-8280284 4724261
-7680689 -9688295
-4897650 -1443116
-6019421 1498667
5477003 -345239
-5178142 5978215
-4101514 -3002825
-6383331 420093
-3058572 -6697690
720376 -7887699
5058573 -8591914
7675303 144239
-2537210 9817146
5061435 8407751
4298859 -1658564
-6934303 -4128556
-3816850 -1465073
7091812 7901361
-599972 -6198148
3456613 -8927609
-433042 7393383
-5609442 8278471
-8785083 5465445
1284107 -1992773
-7364119 -1843655
-435569 4520835
7181426 7694454
7511600 9756086
8163838 -5355784
-4497996 -4910613
-6522817 -5020951
3513977 -1432299
8985414 -339667
-4021463 -6877859
6710884 -9098206
8295177 9435151
229974 -3722157
4259640 5202087
5725667 1444891
2117588 -4456253
-9935418 8361548
6056002 -8317980
3954458 7246008
4406576 -3916046
-6310307 -5365352
-386302 9908580
-9007367 -2833124
-656438 5644027
8766168 2494400
-4087454 5322099
4757250 -2006596
4271247 -5792276
1926163 7503577
-1051532 -1469113
-3409014 -2348170
8529730 -8933943
5264429 9171920
-1065720 -2897916
-4297610 -8264761
-3630112 5857208
-1717860 -607917
6558960 5983586
-5856035 -8208874
4285526 8418874
3740973 -7089867
903537 -9801928
6922148 -8985424
8518153 7691137
-3777976 -8635336
-8467154 9982973
3565382 -4670637
-5498717 -9937423
-2835339 -1170189
565051 3435564
-8190876 -4616596
4775487 -548709
-4565123 91265
1882391 -6149201
-7730327 -7904806
-4994673 8684269
1398693 -1473001
-7942073 -1574784
-3883647 -9162806
-7798142 3092432
3075405 -5145270
-7299555 -6265296
6313633 9157140
-9496697 -2798272
3153644 5994647
-8621949 -6415294
3035997 4962769
7570386 6153538
2520690 987226
3082420 -8030871
-9346602 4790363
5833714 604099
9029316 -5431557
-4594363 7891641
984073 7662021
5033103 -9876153
-6141448 6575831
5732971 7733548
7451629 2688537
-1316816 6236274
9820981 -6878375
600746 61235
-3785226 2856978
-6155795 -1828868
140261 8735464
-3957821 -557023
-9952923 -6689989
-2121545 4392246
2283887 1592745
-8228882 3284092
3407940 5784313
2360144 6804222
-2945878 -217156
-7528619 -9390533
6845741 7022103
-9856271 1154566
-8784199 -816926
4556405 -6739173
1431960 9946927
1198743 916962
-9640061 4088573
7398585 -242725
-5850479 -9592984
-5483887 -4722960
1077484 -1050240
-5265927 -3712768
5607806 7001776
-3215380 -389431
220036 5178280
2200384 -8227646
-4556728 9582130
-1234796 -5139535
-1878708 9175425
9122353 -6678391
4238571 2069604
-3841822 -7162552
-4888925 -2885137
-9961769 -6443237
-8649845 -8223052
726709 -5445655
841577 2427639
-570584 -2022866
7587704 -3550617
4144015 -1269612
-6980906 -2192260
-2610130 -3655601
-6278784 -1537634
-2362208 -1328573
1993036 1842509
-6087887 9276497
-7886055 8747960
8379175 -7413357
-3856594 9741373
-8481679 8417406
-7028249 -9990087
-5046095 2245030
2738517 -3670320
-4704585 -3100327
5630061 326221
650313 9439431
8300182 8649156
-2888478 8040184
9227963 -7978601
3863908 -2734334
-3457837 -6262649
-7514689 292373
2879017 -8827539
-9086166 3380838
1798245 1538775
1548689 4948507
9709890 -2713652
3616029 -981054
5918619 2448407
-7225372 1427796
867227 1548680
-7285812 3424941
-6018523 -832590
1188809 -7657937
-392271 -6790560
-3053208 7569069
-9622206 -1333755
-7644942 -8051545
5329294 -4226837
7311939 5785244
733751 9643891
-3069761 -8623020
395926 443641
5408400 -9453732
1974065 -3685455
379577 8183028
-5875678 5357644
7041406 3093766
-2047819 -9377849
6347944 -1769785
8315636 76262
8742507 5811088
275895 1209783
6982946 -8902435
6882809 -4394811
-4750920 4294885
-1811783 -9867087
-6907094 -5304328
-4758060 8584143
7415040 8501307
-799313 -267643
7606354 -2205382
3404736 -4158639
-3536487 4647760
5394328 -8643083
1433179 5327809
1138897 3709964
-5080253 175687
-6210396 -8585208
9536334 4419046
-1286069 3188766
3321679 7301766
-8002562 6902149
-1997356 -1069063
-2567756 9755731
-7995560 -4582315
3212303 6632932
-7525707 9610794
4258555 -3382961
-2026044 -8545842
-701681 -7830765
5879199 1923487
-7900826 -9562784
4368361 3315299
-2265655 8405131
1593897 -3578953
-6277187 -1035372
8383129 7431928
-3637135 -4279748
7992335 -3614226
-5680189 -3688538
-7055606 9996775
2123922 7532114
6665505 7935039
1905550 8898829
-8931936 7155813
-920700 -8796131
4157438 -536385
5295266 -6305173
4616310 -8957849
-2536802 -6970389
-5489408 8726559
-1325161 1186011
-577385 -7106279
-8204153 5037704
3865518 9931302
9928078 -3884342
6164124 6809912
-2738696 -5431648
-6532819 -4654019
5018146 1683206
2887075 -5464755
3998860 6613799
-9691374 9560865
-9396984 -705873
-5159910 -2558712
-3832153 -1933786
1768578 -8132966
7277108 4842686
-7603258 -8808807
-8877504 1589307
7704966 6262261
-4411475 3566926
651630 -3614558
-5752224 -4633819
7049387 4118811
1170408 9265922
5879721 -7547185
-7986320 7685620
-3020253 -1295301
6145987 5133049
5715615 -5663810
8719576 4830186
-7810776 -2515807
-8808261 5996684
-2414008 -5414033
-9151772 4830587
-1602487 7807310
6709104 8953105
-5680713 9049143
-4315694 -9043120
2739155 -8631326
6337841 6854714
4540334 -8864772
-160072 8351522
-3999077 4036434
888976 8502267
3332454 -8283462
-799268 -391448
-4394763 5521678
2623997 392471
-4776942 -4292419
-6485109 -4011423
-5058317 -3863077
7702418 2740347
3697228 -8222678
-6854004 5903076
-4725858 8952735
-9912037 9483838
351712 9814476
-3632738 -72109
-9053489 6352635
585525 7256238
9381143 -3204683
4833347 9786257
-7304920 -5013620
-6789687 -2542655
-4037726 -9565510
9087765 -3274796
1981903 903957
-4802369 -693465
-4790389 -4320869
-5368134 -1656372
-9656182 483753
-7185418 7236182
-2835927 -6788118
2080869 -818156
8954435 -9373064
-2577747 -7333606
-7547348 8335578
5838310 -7744399
-287054 7664084
8098575 9048623
8290179 -1808428
9095530 -297308
9009228 272082
-1532434 -5706839
-4846859 -5781161
-2781055 -4384216
-7148034 8013311
-8774807 33527
1731723 -7467608
-6840672 3306062
5972457 686158
-8461912 581582
2837183 941461
-8878103 7376398
-1058627 5066481
-6741947 9220472
-1076835 -2768448
19987 4869935
1679449 -9551255
-5332416 8487553
6619689 -651058
9878606 1886529
-8079944 9471656
-7995952 -8896201
-3073786 -3831868
6854290 7679728
-1738690 5415023
8872836 908731
-9198519 3614845
-1318674 9994733
1731558 -257145
-509241 -5544268
1842019 3171075
3619820 2027098
-6968997 6037820
-4613237 803756
-7309714 9650693
9122349 -4734631
8885520 7126694
-6705174 3642749
1322477 8328086
3743109 2665469
-6425800 2100140
-4285015 -4867703
-4872969 -5624319
-3365112 -3087336
1368396 -625059
-7453984 6125648
-9330902 5726767
1764588 6165836
-3030408 -6299898
-6649205 -332297
4933072 -7823770
1819277 4989496
-1367755 -3665056
-5336969 5114103
-9704076 2471074
-5428786 922492
6054790 6386476
3278510 -7197448
-284784 -8818179
556762 9913398
-1444602 -8916388
6810379 -4380870
4301318 -775503
2924599 -1425033
8242670 3787262
5963493 -1208254
-6218758 -4307906
-5456609 -2217230
5413225 -5070161
7400913 -793578
-9871086 -1774498
-5388022 4488480
7291032 -1299944
-118123 7890488
320239 -2993752
-9393788 2954991
8574121 8875637
-9383514 -67057
8507911 -4608209
9179054 3541085
-7667169 -733067
-2524620 -2341101
-2041979 8630425
-6439736 -5464877
3741545 -6628754
-5886900 3477530
-2033990 -3613189
5086868 -1274921
9131919 7773394
7295994 7485097
-7043559 -547842
-1672204 7902206
-2164851 4046914
9438706 -8539366
5001720 8859412
-9357302 8617760
-3723341 -149097
-1518671 -9365570
-4830447 -3248968
122278 -5442055
8035475 1427450
330613 -3248269
5476810 8517837
-1192417 7933833
5418931 4608729
-5939112 -3896423
6522135 891724
-5061362 -5094964
-3634330 -5642715
5733049 -5622656
5511456 3883742
6250998 -1107901
-473471 4304467
-8944501 7248679
-8193376 -2787566
8639884 -6305870
445861 2358452
876289 -1029502
-3095669 -4077329
3047752 9683873
8303802 4839614
-4268662 -375008
-2953620 4825938
1699575 669977
-2436327 -4071597
2328497 9948976
-1158924 -6924870
7379597 -1420505
8344526 883957
8096392 8435097
-7870773 2667503
-4974045 -747372
739478 -4908560
1014111 -1581404
-9381179 160162
-5000224 6578215
8719560 8922624
-3735086 -6752533
-3566204 -4234060
-5789305 7964489
429817 3997469
-411049 6539193
7635040 9270893
154851 9484901
7919998 5979567
-1352930 -9232405
20223 2565577
7657017 -3810623
4607973 3276054
-6563784 -8812520
282047 -2256853
9182123 -9047656
-5800189 -998393
-2716100 -4552963
5927878 -6850041
-336219 1494595
-9449860 -3642305
8144941 9252732
8737633 8185181
-3318900 -9183856
-8416261 -826017
-8260440 -2155478
4033899 -5879686
-87280 1912929
-4383239 -8841776
-1098629 3348936
4301281 5898809
7416768 -9400154
-3953117 1017444
4167404 -5299332
-1288384 4491113
-9151191 -6168815
5600269 -738244
9963289 1510102
2326246 4337903
-6488114 -3355611
4488911 -3573663
-6936997 7767799
-7802920 -8960838
4713739 2975724
-3675340 -2186158
6229003 -6384890
6731309 3142293
6676090 3645771
862792 -7221808
-214342 843494
-2808969 2090760
3868868 -6849181
4660921 -7208700
-354445 3832158
2992899 -3012833
-4070144 -4326206
5957945 9998163
-8962675 -1007141
4484935 671377
8485219 -1732584
1882527 3325948
8984593 -2769426
3392698 -8869812
-6091620 5660683
9020529 -5744510
-1137398 3694038
6844857 -3788440
-8480787 -7268530
-920020 -5977870
-6474351 -6318880
-8128734 4589232
4587395 -544495
964717 7829211
-1499411 -1858928
6408489 7966004
1291952 9502160
-3267265 -9192632
-8062444 276546
8453581 -9874567
6897275 8362288
-5427321 7474111
6202023 -4240123
-8992301 3933888
7956019 237588
3918709 -7395968
7193264 3998020
5969878 5789975
-3864461 -5702989
-5045565 -3065405
7416951 -2847520
-3345360 -8637076
4686644 -1291096
1501802 -4096273
8545512 -859448
-9980807 -44617
-2570506 5442787
3719016 -5408128
1042112 6147870
-3614542 -2756932
-152900 -8485517
5512504 -9695833
-1389505 9556716
-6146273 1482382
933329 4746034
-8101486 -1191838
-7312561 -1649720
-424464 -8930494
-3026766 -109565
9030988 -8922662
-6450926 -4481254
3477886 9050181
6158405 -6505080
9642790 9713254
-3043678 -2799483
-1284999 -3971751
8848768 -680226
-1123510 6743857
-9257409 -2540737
4721649 -4753431
-3428916 1675920
2542552 -863485
-7277626 -8225125
1665310 -7881911
5711779 -304392
-2269294 -6787350
4779183 1777205
5272126 3724944
3438199 937588
654458 4914916
3459517 -9605479
-7769352 1885811
-1370332 2308286
2283901 -6376510
-1129940 -627741
3564531 9521903
-8825230 -2042504
-7751277 -3892917
-9258476 -6102856
-3890896 3914033
-356964 -1030344
-9253139 -3643837
-9918893 -5577781
-2123840 6018987
-6549744 3519306
-3569820 1046970
-7067219 6909773
-781941 -1339172
-5199330 -5921199
-4032588 4018313
-3943432 -3812918
4144578 2048295
8155378 -2768662
-6355165 6393301
-7176313 1413255
-9617089 -7729709
-1373546 2466723
-594706 3646124
-334888 -8776086
4743220 -202194
-9155224 -4368280
-7458507 3689752
4866932 6293909
2889062 -5724095
8294218 9667603
-4145315 8856474
-6578879 6867138
-5901524 2515616
-1091083 -8423500
-4493893 -2256689
13603 -5751044
-767969 8405370
2051494 1156409
2380323 1153678
-9048516 4232958
9864678 9639896
-4154000 4312613
-6877126 -7593828
9198429 -9287067
2896888 -1471711
9901115 8999
