8 -6769326 -583300
31
7715361 -7179717
-9344340 954661
5972153 -1582903
-6540269 -2574960
-6009357 2937107
4682443 3485815
-1158914 -805868
-7211169 9360893
1998184 -2439359
-5915022 3601581
-1850149 2668462
-7972697 9503309
9505629 -6873338
7271943 6454577
2201604 3387659
-1275705 -3311356
159657 -7566683
850415 -8103693
-8162301 8648162
1585269 -3173502
-9687687 8344694
-2461174 8784065
8144958 -8330249
-769607 327657
6445590 -7340505
5327957 3315371
2818680 -5404558
-2277896 7355260
-3673810 -5159339
8228321 -5005952
-5800956 8527794
