311 -4025623 2789689
833
-4841228 -6530407
-5362755 3957312
-6390767 -2135604
6628714 2715434
2552053 8604487
-1250989 -5733245
-2769509 -8747570
-2679686 -3938629
-723091 518276
-9976829 -3283817
-8954449 -2326234
3611564 -9410949
-2337612 -9137278
9021488 -9295738
9194991 2663220
-1350835 -5672471
8284841 6870115
-5265488 3286410
8518196 4410426
-4468734 -8636774
8146333 1070250
2322680 -3203371
2858000 7893176
-1588547 9642995
8875530 -7865090
-7674972 -9049024
4056379 9921081
-9216197 -1547056
-8326442 -8281233
-3101660 2321643
6649172 -9131451
7738665 -1936143
3866620 -2549635
4377144 4989529
-1130893 2384816
-6544934 9908410
-3294961 -2984559
7424969 -1705901
-9546554 2079391
-3269347 -4163578
9303751 9328976
9250057 -944319
24977 3360130
-2404750 2550213
7388208 1698535
-4916563 -2990058
5073799 4037381
4004098 5338454
327983 -8543229
3841588 -1618758
-9193996 9197090
8728883 -186994
8107105 -9972605
2106787 -1329795
4506627 8560551
405879 8837440
-9590526 -3673270
2203213 -7827711
4722502 -7049197
4649339 2314815
1841109 -5372938
8664443 9732776
-2412418 -3085092
-1628320 -4815106
3566136 7915565
-370993 4729620
-5457374 -3111507
-3084112 -9125757
-455552 -7350268
3726635 1539027
-7107180 6567427
5410510 -5867485
-3695196 -6697706
-3746903 -9869925
2444890 3543658
8170720 3418788
-4332084 -5714001
-6282741 -648484
4536410 3255498
-6312585 -5394709
9334911 -9381102
-9976257 -4167225
9223370 6393890
1559974 -3060368
995011 -8715830
367949 -4713391
-8064524 3887831
-293523 -4221541
-4091466 -9243368
4300290 5959575
-8105285 869776
-2327873 -5012637
4338879 -2437368
3334482 1389387
-1488970 -8608359
4526891 -461750
5371025 -2154058
6756184 4550635
4006619 -2889253
-1605083 -1683842
-3880881 -4998370
8889462 8762866
7057678 -9429052
-8672420 -1404061
7071866 5482564
-3647659 -1855777
3131586 8966582
9045566 4024468
7930207 9986817
3894810 -5103600
4434650 -3558762
-3196468 -1578299
5488688 -7677973
-8050874 -6440284
-5607774 -504693
4496938 344043
-8376738 511345
-6401355 3386400
4498691 8680940
4163504 -5073774
3070449 1570558
-6946508 3032197
9573018 8718387
1221556 4615410
2028162 7503225
6460815 7632718
-3945581 8979165
-8698808 -6735653
9340415 4059460
-6445233 -6749681
-3889286 6248993
9276691 8051705
-6045543 -2266024
-3585084 -7124664
-2198438 8453149
-7459941 3094773
-3873030 3388363
-5376898 8109903
-4758335 -4300012
5719566 -1638990
-4006272 7269827
6248992 2180381
-2038919 -5435500
8623960 66537
-4166792 9817848
6066842 -7821273
2746785 1943922
2194251 5343533
8218869 6701242
-2329257 8609167
-5779708 8536784
-5558501 -7272846
3353409 -7136385
-8920045 -935398
-58036 8595074
-1618746 6799521
-8503745 5935693
-9499807 -5369754
-2786865 -8026312
-8208464 9124153
3819232 3046343
7506618 374730
-4281737 -3433983
5783612 -299131
-9173612 6453485
-2493379 5970707
8697862 -4953319
-2089704 1948120
3529074 -5432377
-6837302 -8493397
8306125 -6528961
1923084 -5939696
-1309450 2318732
4292420 2423277
-5936218 -1579962
-8533619 -1399692
8975039 7883014
6965384 8972999
-1326132 7209654
-3820509 2748996
-8763945 -499743
-2936710 3686112
8150585 2450269
7017893 -2510062
-1003459 -5803989
-9816598 2696943
6757247 9819018
2137750 2106486
7046115 -4552203
3867835 8946522
-9936817 -8890103
1509264 -2149431
-3176432 9038222
-1235772 -1525352
3739996 -1986211
30398 -2539928
3662536 4976051
-2573679 7093688
-5416374 1813121
6009133 6960566
-342491 -3903481
-4084462 -1291113
-9184626 -3585244
-5621095 569640
-7967485 7861489
1487739 763093
8613662 -7904302
3650272 -7002997
-6011997 7953582
8483723 4930852
-7609076 244351
7736754 -1485879
8124161 6053461
-9617066 7679427
4639993 -7292213
-8679341 -1091581
7617307 -5702498
-6771390 -2763803
322189 8432681
6294170 -2392484
8370609 2354704
-3033246 -9701739
-6704736 -499377
9970557 3133378
-1935769 9799619
43970 8454281
9484754 -7028493
9024968 -9702923
7976504 7608916
2833055 9407903
-9167326 2616498
-569648 4153714
3906263 8449981
-600986 2658963
-9733521 -5771547
-900491 8209537
8507798 1153440
3170415 -1417384
-8284006 -8196937
4119034 3140972
-5888395 -219775
2751733 6679357
6976434 -6403640
-8794724 -5706947
6217308 4952938
-2430564 4038331
-9291602 7049983
-1983684 -483859
-7824896 4614661
8843114 7415331
5624868 -7558417
-3888625 -9541024
-958408 4132666
-1547919 9281790
-5060886 757586
3054164 -7428884
9250473 -8432928
-4836568 8322249
5131654 6226907
-6303803 8885060
-4560257 1348963
-9084702 -6218014
3298127 -3851859
-9237197 -1068386
-3653055 5473231
431166 2122269
2581245 -8028187
6104480 6542541
-1659317 4139189
7413128 7072913
9644029 -4203851
-2636779 467292
-8694107 1410854
-9845887 -4956995
-6071935 6437547
-9697138 -6149689
-2367703 -8115839
-9451346 -8781840
149775 -9069576
6403655 -8688543
-4049921 6496720
984886 -3165179
5893714 1047676
-4813134 9605718
6678631 -5765603
-7453102 5116346
-4416362 -1160987
-9750133 -89880
4953125 9405883
5843430 -9596019
6770644 1397543
3281704 -1337355
-119195 -5597059
-4666635 3830358
-2341832 -9969420
-956347 4253372
3604545 -3875401
7172275 -9971461
2150609 -501741
-3750992 4875493
-8161 -1170760
7668253 -1204094
1222378 -1908171
-9985936 434473
838454 -3824496
89399 -1626153
7036492 -9874550
-5471609 5887455
-7765835 -3082703
9464230 -7621892
6631480 -7591315
-1466716 -1492117
-8947226 236025
2250636 8221912
-4386243 3203383
4548975 1015996
2328254 -1878051
6213778 2217229
5168054 -6449367
-7757511 -1255805
7118042 8522860
8648310 2331888
-9264305 4154534
-8928169 -6823299
-4445191 -7030140
-4621454 -9463939
-8439704 4702641
7455018 -3571818
-5349906 5129422
-1667195 -294346
3238002 263852
902153 5398133
-2384638 -4433744
-883111 9632283
-1623522 5299768
3822628 -6124270
-1276030 -4505480
9649054 2470938
5647639 -540335
2429526 -9279114
3773299 3718800
-9062207 324424
6752606 -2150052
-7020630 8392811
-9385183 -8597299
-5817095 1312176
9226661 3852819
1935427 5085058
-2766307 -3157977
4658143 -8947683
7444399 5610172
-8895308 -1519229
-9048291 -3831630
5628035 -9246253
3990985 -884300
5350852 -9426087
898337 -9719364
-1869416 6288645
-2802192 -2349056
-8430003 1109955
4938483 -9671023
4181796 8269254
-4129336 4165144
3523519 -3882777
9685892 3104357
-1285471 -1818338
-821215 7130292
5815014 -7664426
-6910679 130494
1762546 1443049
-5466685 -403342
-122706 9629750
5918395 5431652
5598948 524231
4150538 5632555
5961532 -314703
-9529097 -910979
5770517 -7340320
-1223097 -3658433
1962277 -8189612
-7950 -9020852
625792 -9323194
5528732 9170835
-8182319 -3559194
400207 8618053
-9268937 -3903421
-4273671 -2550126
5397879 -6875290
3648941 4161076
-206369 -6486821
3198477 -2200521
-595148 -4244837
-1585157 -3814268
2527300 -4824631
9502109 -291902
-6796402 7005929
199087 -505841
-8818654 -3654258
-4697100 -4272180
6862225 5515379
4128310 -1780540
5669334 7593289
-9282001 9854639
4015715 1067213
4580393 -3116708
-2800877 6325698
4597213 -9704778
8997306 6603975
4295696 -6987944
-4763494 -5959042
-8953113 3797805
5808316 -9043543
-2697801 1245975
6973795 -493986
7537745 2605100
-9175440 -3647628
-6054339 1666055
1520694 6493894
-9922540 7180012
6579656 8052761
-3105189 -2825795
9985779 -6221221
2899106 -8507976
7020432 8983085
-6975956 9711154
3508959 -7743062
-6786605 -5929069
-2166742 -8166373
1339641 -6968053
5637047 7323405
-6324222 -1122614
3059793 6461607
-4528147 -2378561
7317804 -5419513
5149600 8065665
-4760130 -3586188
192592 -7955589
-6463565 -4774351
6725087 5608050
5319205 3073219
5330158 9749131
6336414 -1171836
661792 1059905
4091852 -5830327
-8506922 4517785
5911524 -7754749
8706858 -4831144
-4693352 -1028683
-3931843 6695064
4760729 5140804
-8445384 3734109
5778521 -9999400
7742601 -5736440
9871611 1831308
-5095472 4467688
-3266829 5190816
-5981020 2751038
6327295 -6930414
9755611 -2802876
4231262 -7064500
-4819249 -8751311
8933898 142786
1630455 6403962
3099026 -5759454
1897702 7698612
1432722 -9623893
2893059 3452318
7715879 9727595
-5924745 -6847987
136053 7587490
2778306 -1020217
4247173 6869225
2455163 -686362
-972885 -6909179
-3973679 2210774
3459463 5774729
-4082485 -6276576
-9872614 -5090287
-849741 7547970
-2237065 -4257236
-3881128 3564313
-2983368 9195657
1439604 9011931
-7836056 7248863
4836353 5514859
7010995 2299998
-8314425 -9868989
-8038999 1258168
-3134659 4140738
-3648488 -6495532
9279197 2891662
-868561 2327327
7237041 7713064
-2222613 -741175
5001590 8903652
2467966 5540322
-2747669 3636814
2648745 2000950
-750187 8691935
4206794 -2670958
9629040 6602518
-750119 1217789
4992310 3830967
-2028295 -6272766
-2768297 -8142349
-2734334 -3160431
1683248 9027252
-743331 6397105
8172282 -1079711
-9659706 7034056
-4909270 -4309776
9327038 -4675388
7325562 2343061
-6448652 1975784
1821178 9091727
5694245 7758142
-8507716 -6033430
7797537 7460478
-8812288 -999054
858597 -4230758
-4874837 -9064233
2479372 640615
9554072 6808411
8245053 -8263959
1286449 7726355
-6583421 8585347
-6090041 6377179
-8763408 -7256382
-2764246 3751873
2843600 -5212060
5062434 1573284
5539854 -8945803
8514675 -928930
8072016 3337391
1622985 9702387
3154507 -8553034
2087581 6748148
3556559 -4366121
-2630080 -5841994
-8115639 1801612
-7096689 1172721
-2450100 7817292
3077262 9329622
3081495 -8697156
-3909216 2829368
-5597348 -4074905
9495644 3669570
5256993 2458858
-4203751 8010319
229059 3329009
-2707673 -64414
-3316266 -6616434
-982555 1896261
6054267 2756646
7074610 -1096283
-9923562 454980
-9211376 2494274
1823896 -9857310
-8554466 3865887
9211607 7421744
5863191 -9947330
-3761408 -6385740
6073118 5358836
3369155 -8504415
-2659053 4385720
-5678694 -6401786
-3018220 4633274
9045887 -6478607
-1205609 -1484423
-64354 5100154
-4444866 8385353
879627 12084
154774 -3656241
2725998 5219876
2641620 -5883340
-5830670 1937605
-1931783 -1495189
-6136353 407923
-5580140 6657688
1043408 7232803
3347369 1760807
8910434 -2118934
-6081189 2845502
-8638921 7956321
-4427172 2713202
1098556 1296726
3825162 -6355686
-11927 4494535
-285589 6496289
-9387051 5230423
9684381 -7643969
860843 7298632
-2293445 -2247402
-5589714 -2759158
6989997 -5357233
6403575 -2029954
-1632535 337367
5699221 -2169639
-4213318 2286276
-5000521 7060300
-9126622 1359510
5003825 -1385613
-6891078 4698541
-6288818 7508250
-4744974 2823334
-2304283 -5675869
-8377237 -5060593
-4791643 1072912
830107 -8154330
-3511562 -7865004
105042 -2179896
673823 5408365
-6761274 8472507
758784 -3626956
5949697 -8458240
-4582377 -1725385
6889002 -660573
-5962032 -9578552
446050 9997924
-4662390 -9734498
-5410366 5701076
-9359517 -4450320
6622592 8728749
3090772 8365193
-9499811 -2547301
-2210844 2095562
-9979721 605231
-8405909 979331
7352376 -6740995
7317117 -5130773
3143842 -4181575
5157852 -7265260
-6843812 32844
-7452880 1712173
1977675 -3881409
-8180333 -9598917
-4049237 -916339
-9671237 4976503
3341696 5089707
5058759 3419535
8031449 -3641763
6963468 5364267
-3656402 8051728
3827085 1073911
5943138 6212326
-7969249 1144202
3878943 -913020
1636176 7188604
-8582871 -448517
5670074 -3300351
-2899268 3394804
-7521534 6094
7498949 -4432153
3173906 -7192771
-1256884 -6643003
-284766 -1767335
6113284 -3225435
-5173707 9195054
268966 -7543117
8669209 8653378
-202420 8728456
-9668211 3216313
-7078731 6192875
8260711 1967965
8667614 -5661602
7733202 3930785
6453231 8284698
-6147455 2728020
-1948399 -3531468
-7658119 7026452
7775469 -688931
6085634 2057115
-6231478 3888754
-1138011 3428279
2081657 -3446160
-4717704 -9952450
3263863 4395590
-6895183 8130437
98403 6185132
-9476470 -8634472
-2187334 -8717631
9567068 773085
6017457 6782249
-6749218 5935965
-4521231 6585411
-4103520 -4407337
166131 5770591
-7824303 -8017885
5410394 -3548995
3004845 1037686
1085236 -9991596
-3079654 803493
-1066069 6865452
3050584 25163
-6092956 1548686
2831055 -3909533
-620096 1719710
-8981689 -5085525
3366793 -4602639
-8017228 -5730907
-7621891 8845562
-2867495 -2120747
-7622280 2544240
8995245 -691798
2862240 7788114
312870 -5483558
5319935 6463829
3329281 7233216
9774732 6770218
-1681096 8896217
-5013316 -6318224
-2082162 3666312
8580787 -3117060
2280302 -1063851
-4278405 -5536068
5825847 -3220574
4658679 -1900296
3160296 -7041648
2266555 7036399
-2659134 -5328107
-8295313 7645147
4108976 170088
9919657 7024622
-3688807 -2561743
8850827 9694389
5892517 4630097
-9187239 6353863
-6763196 6326707
-4737144 1909901
6373833 5517106
-7703468 -6499197
1600507 2199680
5158033 -528436
9024315 7277155
-8050952 9940940
7586087 8881533
-948378 -6346265
3194710 1695064
1649673 -1028721
-8817980 9505903
-3347648 -6983148
9370716 -409111
-4082404 -2534886
9375015 -7392480
640978 -6303196
-2802392 -1734800
-9535119 -4546138
-2558222 1314467
-1408377 -1860734
-1919794 -3533906
7863979 -6942977
9227111 8182645
-7605939 9431953
-1596768 -5061827
6960428 -3439913
-423061 -7898396
1692493 -6387220
-6405754 -8535993
-5928473 126441
3823246 5485613
-6249186 -2771143
-4800928 -8979146
2335321 6732047
-5128687 2640850
1623296 -9073056
6500320 -4532129
-6349484 -512724
-1080771 5727431
-9334396 -3955422
-4878983 -161186
-5543230 7626032
3755164 4697956
6161964 6149264
-3724295 7349411
-4648624 2749843
2495053 2615303
3636157 -8381458
8350589 7694125
334975 8487831
9414775 -6778098
-8793875 4474624
-6038100 -1568553
-5841122 -5143358
-6582428 -4602519
-2247353 7340834
4966866 -1461411
-6763455 2209418
-9124966 -1277969
8587794 1914861
7181057 9667091
2282395 6455522
8074065 -323890
-2629765 8434904
6922735 6424654
2162909 221562
-5303814 -1146137
7285310 3369034
8225676 -8825562
9088272 3960541
1301375 4159600
-7301811 -3159081
1566689 8784594
-9977023 8451087
-7117700 -5041925
7141519 1127123
-2417355 -9936643
-260533 -8059734
-9624830 -4343290
-7918635 -373946
9847617 -185742
1184473 -3239374
-9870340 7060155
8234594 -1530217
4946676 871689
-4968711 7322866
6680137 8764404
7548998 -9754169
8696918 -1753173
3204902 7571975
-8784550 4095570
4158928 346421
2286687 -1201905
4454806 6414747
8557154 -4821790
4992468 -947477
5813149 8404771
-2018722 -3823059
-2836924 5942809
-3185502 -3784128
6055090 4626105
3390509 -5637860
-5392029 2735228
-9017945 -6544141
