212 -1633278 -3992711
447
-9514264 -3406749
-3583221 61960
120352 -2986928
9711453 -4175247
-2523557 -9178227
-9077756 1812285
166508 8198866
7112388 -4373937
-3927344 2259775
-824003 -3371772
4265904 -6838210
8670490 -4774100
7509028 -6927580
-2096405 -6919733
-6036659 4638475
3748078 3910885
6489197 6965430
-6021498 -9835143
-4010389 -3390451
9947675 6206307
-1981407 -4017594
-5818727 3386271
9012335 8185101
-7038771 -8706339
-2078110 7601343
3279486 2137226
-120522 4704146
7776566 1949976
-2453405 -2611493
4543334 8196514
-5376249 1509937
-9008281 -1708588
-1543731 -8887052
-9761151 -5029779
3692881 -3037768
2944639 2702876
-3910852 -8288526
2412927 7125912
935925 7617835
5219178 5374156
-9972265 1374167
-3921687 -1501336
2964992 -92787
-187928 -6145120
4567746 -9488412
-5462123 -5644594
-4836830 9191497
2820797 -4470404
-6983831 -3864208
3098024 3059646
8278875 6709050
936876 8559015
-1798721 -5631977
-8014142 -6650196
8723960 9137205
511372 -278612
8220053 8751695
-1341091 6589686
2960918 -6298603
-5787015 987333
5342740 -9954984
9236513 -8732786
9313162 -9494090
9158054 2057310
7633308 4845684
-5928914 -5227569
-6668554 5912183
2796558 5007963
8357767 1532726
-6813717 4782416
7020157 -401921
-1650225 3697655
-7196307 -2243438
1457959 -474964
-9487631 -1719037
-1674021 5670945
-545489 -1628539
-8606276 -9921156
2136154 -8715974
6129710 -9448222
-4675791 -230537
8197998 -9799204
-2274889 -1344344
2704734 994557
8293325 8599230
-1802690 5891017
-7894976 5313482
-6929956 6547085
8588473 -5091282
-4293967 4528004
-7284699 1617194
9988656 -3451635
-3372791 -5313836
-4029810 -8617620
4450510 1279716
3565531 4616252
-2666599 2291072
3463080 1763529
-7241914 5058512
3657743 -3832186
-7941169 -8948588
-1118754 -8144947
918490 -5836145
-8411075 1951291
8995647 -7976685
3640509 -2705041
-3640324 -8289052
8913464 -3854483
-9955751 2986885
6782953 -5116345
2016259 4494760
-3214168 348484
-7887986 9349660
-3075475 -9751088
8933078 7386452
954216 -9417732
4953673 -9008091
7672116 9835463
-5696894 8388515
2928182 1777394
9072353 -6701247
7526053 9085043
-4769439 7948381
935266 6439517
3839524 -4725190
2285922 -2281780
583056 -4144216
-4794556 1588106
-5646630 -4788578
-7402125 -5353679
7744941 -6713552
6794709 3552091
-4096094 -4785034
6119833 -3016822
8760572 -7276636
-3977883 -951985
-1866941 349277
-1702342 6064522
2504040 -4120028
-6328866 1749276
1983848 8859916
-5284300 -1526591
2577867 -7433095
-2221673 -7562503
-2916182 6931238
2734038 -7107446
6444646 -5171240
43726 -7954900
-971722 4864904
7588269 -3836440
-2272073 -9694798
654479 6126738
2191261 -1622662
4257310 1468489
-6782235 7211653
6071569 444797
8918206 5201614
284871 3303622
5741119 1496073
-9056337 8063198
3472105 5341289
2686401 -3805946
-1760846 -83249
7298007 5246480
3926392 -216216
88986 -2597372
-6470633 -8345681
-7451990 -9256535
2211954 5720628
-4551367 -678328
9766469 -2053929
5664037 -8479798
-2659824 1201027
5213453 -4051092
6528459 5597647
938937 -1326532
4867522 564
2433667 -6374662
1388170 -6893324
2890460 -7751974
-349345 -4685438
9485234 -7020554
6239263 3180022
-8582998 -7966756
1354916 -9032431
-8570007 -3134365
-9097811 -6362262
4838765 7094030
5559291 -9241282
6356365 -7431430
1242039 -5395898
4604666 -2704698
-6563007 -3890439
-8267410 9554685
-8197289 4825163
2656078 -2860598
-7364799 1453366
7149740 2141312
-3309092 8874464
2358386 1083094
465081 8045824
4199914 3788379
-6601239 -6116377
-5357659 -8444968
-5876398 8958052
-6437846 -9001294
-9189639 -2118007
3991555 683172
237857 6763706
1588869 -1759503
5379899 -5443079
-1473361 6761299
-1097389 8015100
-594083 8192732
-724174 -1890129
-3844304 -8235697
-1930966 9740908
6140883 2871962
4426994 1467795
-7057800 -9216776
4298282 8550597
-3567410 9020706
-7779769 5108643
1872349 2940497
-8819006 -5025560
-468639 5977571
-4744778 -922754
-2907654 574353
-1232915 -3325814
4784057 6498263
778918 559263
-7183477 3456105
-3671932 8847952
-7167900 8957406
9740630 -9244938
9305659 8290652
7311358 -3444735
-8336092 8254602
-6288549 9531589
7022382 -3947390
4546533 7408798
-3513956 -3446257
-355552 2318107
8992293 -3905258
-7406994 8411533
-1029203 3776351
-2767544 3371924
-5263771 -5696328
-6738921 3560524
4315587 -9915319
891685 5518061
-7926674 -3862402
6908552 -9280605
2767337 6253587
-7693803 -9379996
545154 -210281
6343462 -630918
4203541 7031198
-6874060 -4012089
6915796 3195835
-3027814 8235298
-5876425 8402945
-7293382 -3279006
2797871 -8623844
-8539163 -4032303
-8514242 -2886542
-4232592 2352522
3071917 -6440915
9812672 5192313
-1671331 -4160746
5628973 4635221
6520655 8873823
-1578627 -5511212
-7006949 724196
6436383 -5936335
-7701036 9908847
828145 5924921
-7354084 8938891
-9684953 3534763
2018812 5443787
5073597 4292236
9161110 3504570
-419993 3357357
-1450330 -5250621
-6895014 -8090969
-939396 6878339
-1731486 1250311
-1744549 8097611
-1178192 6689887
-9246447 1248502
-6326298 -4741809
3699465 5568869
-2975888 4501847
-1963390 6345381
-5694480 -2660841
4147747 2571774
-3923656 9379117
-4747174 3308857
574588 -1827296
81735 3802497
-6802812 3679574
-5070114 1658692
-243697 1465703
-9328058 -4298311
6950192 8578111
6352655 3941847
-7972932 -9376106
-2357907 -7431528
8913853 -948820
6390339 -1804945
-9233171 -6780627
5114842 -6945562
6363295 -3156827
-2467771 -9632332
-3313483 -3062116
3133810 130317
-8210991 -7599942
3865761 580048
6281738 1545312
-7360224 -2945945
-9004097 3231930
-3627824 1508783
4077255 -6977029
2074152 -3469379
4725676 2991108
-1273167 -9019157
-5964718 5492505
4852030 6358027
-757953 2914929
2369165 -7615740
2514577 5928565
844975 -4497024
-1400624 4303586
8365250 7227088
-5718857 -5118886
629396 -8994974
2513809 7793398
-9183630 -482076
6048545 -3408936
2098524 -4593126
-3612283 -6709427
8783078 -9174643
7183384 -7060649
-1629367 -3848539
-1464279 8941784
-2613299 -9260202
8759126 3566650
-9613412 8231676
5458764 -2641497
-5244031 8751838
9756865 9739907
7533306 -2098282
-64006 2270674
1378091 866028
6272902 -4015460
-724887 -6523385
6818325 5176971
632675 -9425456
-3273995 -3481939
-4540155 9003308
2259458 -2221922
-8655272 2846546
1078222 1018585
893440 4247668
2999506 9053338
1309598 -1834239
6067479 -4727277
59750 -8640744
2225284 8519826
7020718 3954193
7430808 -8985462
-1292139 8812183
9386727 4249133
3283547 9340536
860196 8629084
-3592838 8743392
1589939 -6880345
4138240 -9731758
-2967738 5184513
4237852 7548032
-4286207 2548121
7820844 -4452550
-3093294 4297625
2817451 -9603054
4351139 1648342
-4820768 -7645479
-8833296 1781948
8547433 3887093
3227630 -9446568
1698868 1830980
574373 6604178
9723833 8106031
890625 4680664
-7618471 3862073
-6073543 7922888
471009 -864267
-2800465 -359749
6454228 -9191795
-8794848 -3377407
8270935 -8211969
-5857448 5556291
9854591 -6549833
-146387 -4690744
8379040 918377
-7250643 -6918757
9685421 77909
-9299708 -4159918
3037098 1925607
8304032 -5892731
-7969843 5418628
7070713 -7769510
1870741 -4982482
-4174276 -5729751
892842 -9158679
-7370648 9547228
5103519 -8319870
-4869703 -3228096
2081160 -2525537
8392840 4983910
581505 -7023447
3054462 -8857803
9498632 -7216721
4708886 -3728894
378375 -4947918
-9529290 -4470730
-2240240 -5075115
-57597 57776
4328025 2146853
2988174 -1715521
-2168293 -4779133
-3099003 5617526
4905782 5451579
-7073958 -5452353
2047909 9503295
-7520152 -8681118
4977431 5145767
445398 -1949338
-3161880 -3007585
2044498 7670636
-6800094 -267153
4657732 -4968440
5089336 959667
-6893480 7116488
-4599033 -582639
-2845419 -1388953
6744925 -4250973
-8799394 -3428070
