102 -8834982 9086196
556
7088458 -1985937
9570847 9849604
-4685519 8302750
-3068767 4045003
6263409 6794534
-3007301 -3303850
3189409 326891
-4416131 4048497
-1802324 4308855
-7857423 -6482245
-4364239 4959932
817619 -6041216
1466648 6541894
8600549 4696537
5861555 -4793797
-4263382 203097
52701 -4533635
-6230885 -4692534
1868821 5367182
2161716 -6783299
-87149 -1867770
8459121 1670768
-4280735 5618612
-72533 6559342
-9922903 -3566707
-8606774 2070045
6028829 8229211
4771105 -5272803
9423734 -9988171
-4781968 3371654
6091104 -2198359
3268007 -6528998
-1221532 -3856195
4027340 -446526
2770175 -9352711
-1220480 8705408
376176 5199379
-6665657 9754993
6314336 -1388207
-2438561 3261811
7848208 -1092215
-2863004 -1045335
-3801786 -3606611
-3594782 4424454
-9687540 8138300
-4060059 -5860398
-2389396 6403564
5063722 1724300
-8722225 6389073
7036362 -908938
-9687178 -3435698
4280033 8332234
8087228 -6794649
1817144 7614377
-6607460 -3082084
5825701 1894935
-9150400 -8759252
-2365863 5479050
-96496 9564166
7702466 4039355
8178957 215964
-3380471 -6357592
-2116940 8305913
4694986 4199603
-6709335 -839165
-1758510 -5752299
-7420065 6119839
9325190 -7478477
2652252 3183515
-9898569 -6341313
5553622 6044792
-198108 -1556515
6438887 -1080425
-1516259 7436029
-6008264 -3657609
-925293 -3813792
-7655032 4687045
2992959 -1789412
-7589809 228028
1905216 -9795703
-5548002 8217208
4337048 -9853294
5184581 -2968066
2731801 -3821410
-162723 -2163166
6397978 2833233
3793070 7907252
-3173173 -3800129
6152252 231957
-909300 5310568
4013128 -9856011
-2652614 681759
8892348 6358096
-3413875 2856697
3060995 3818891
2036100 8491341
1154399 7512993
7061279 8889500
-4931910 -3661020
-3307834 -206919
5142666 -2578280
-4671028 -6909855
-709984 -8547912
-5799603 -5327849
2499071 -4557732
8102609 3291097
-6027144 -3487800
5386648 7966348
823045 5381556
-799552 4489125
-4503182 -6115960
3913386 3752900
2642400 6651217
5506550 974665
3284098 226842
164914 -7801284
-4711139 -1573236
-7604796 -1989762
2682389 -2904771
-4946150 -3404399
2403050 7697813
6726365 5672811
3639159 6375907
-5726185 2113013
-3397861 -5537795
-1653755 3474263
-2772837 2098957
-8733473 -7740369
-4249351 2385915
5129110 6773077
8971793 9034747
9977864 7810376
-4179385 6777007
6388588 -7626932
-8514978 1019356
-8766479 3958790
-368398 3888072
-7219669 7959886
72900 -6729239
-9750682 -2945853
-9471590 -808609
-8709652 -8888084
5887899 -9728074
-4825807 -7443125
9329952 -8361452
3189648 2819655
630032 818098
-9888543 -4316136
-9426716 -1033001
2502707 6500045
458836 -7941694
5946379 3736229
1696115 2606790
5877551 1243062
8297209 4285367
-6523242 -1356778
-244862 1341972
-5869750 7283459
2356686 -4356963
9797938 -695557
4640451 -5797009
5021089 2987586
1187802 7786835
-3246166 5132546
-5851057 1761086
3819393 1772893
-4490878 -2875869
9730921 -7717876
3525186 -278410
-5993043 -1875175
6768047 -5661252
5680720 -2516284
-5232825 -3476815
-5317426 9810970
-8368235 -359787
3843204 6996864
-7499198 6272216
4059051 -1135707
6513191 3688604
-4550309 3329237
-4897869 -9337865
-9697382 1785436
4067560 611253
2849195 -9966460
-1841635 -9890902
-5552154 6856153
-5660131 -5073588
-6034051 -9871434
2455888 -8376604
-6220039 -8835125
8161740 4087654
-7123778 7623166
-3512541 -9337458
-3132501 6935274
-7219137 5517003
-1304510 2317190
-5897374 -2117006
1010600 -1001892
-968352 686538
-6688012 -6140205
3232300 -293635
-2850871 -2240165
-9595247 88521
1711917 -6368570
7312658 -4623006
9464648 5491879
-4368603 5474398
-1346708 -7659130
1792496 -5364792
-9847789 5520791
-9645667 4573360
4972706 -1152299
362162 6973311
-2340151 8499658
4875806 1910162
-8383472 971838
1248025 -1891894
8196628 -8717991
-5086560 -5830870
-453876 -7575103
433128 -7773902
216848 -989228
-6132005 6064525
-9300266 1386492
9423636 5660491
-7249797 -9148055
-7784001 9777969
6751281 239262
-1261080 -4905487
7004675 6927482
-2100680 -6385274
1722833 1137555
2419565 1663697
5832828 -80539
2344358 -150643
-5408193 -4621048
-3093923 5293839
1358364 4808655
-3804853 774072
8950915 2058098
-4573604 -4381217
7913105 4217471
-5543267 -2357605
2736908 4664386
1591868 -4287995
-8156916 -7742065
-4088157 2007541
-6328762 -3917731
-1481918 8331408
-9302883 2020418
7399371 3378792
-1327369 -4711076
-9902421 6821800
-2404128 -9969004
2089094 8809078
6944214 9063139
3280610 7515490
7674237 -2626329
-7961943 253695
-1517947 -7072503
-4814567 -3853723
670170 325137
6407406 1097276
-8054964 -3142239
8878179 7441840
820632 5158505
-9552571 -1206098
-4384298 9493264
9524260 3061360
-5613210 -4272074
-5208934 -5870294
4161549 -8668996
-1295325 588028
3358076 1835786
4763284 -6740916
-8078286 -8159871
-5318382 2465069
6078697 2591884
1965997 3605376
1047216 540085
-4301410 844177
2154431 4384200
3877464 8662371
1723731 7770134
-6501940 -4081924
47783 -1373127
-7525770 -9194522
-6090141 -5790668
-1438530 -6304743
-3045658 -215713
1624416 -6675246
-1693825 -8607592
-3499356 -1177614
4944114 6901224
-2558691 8466642
-8172829 8507682
2891882 -4343749
-5681378 3981602
-5731912 -3230653
-4796225 -1441295
7185579 -9717499
3604331 5251558
1977242 2176161
5871418 7514190
-2701523 -9461287
6379819 5342112
6734520 1439245
2777983 -5314005
-8412781 5751517
-3265489 -2277903
8746131 -8455119
-2798868 -1438318
5059636 1638014
923713 -5963893
-4888836 9327725
2126578 6127488
1379047 4813095
-3010744 -4269091
5761452 -6643711
6411354 -7139325
719139 -6940071
-2984473 2791174
7477169 9970012
5721529 9793510
-9968040 1580740
-4358027 -7543960
-6465926 8778091
-7067543 2843106
-604435 8593710
437787 3856170
-16341 4506729
-8163823 -7435635
-9188373 3879058
-248301 -1174567
-5797540 6573079
2149360 -3836946
1470580 4921600
-2592036 9164887
1474750 -8535899
3044841 -6870507
8101885 -5976938
-7198847 8686815
-5953727 -8364041
2746021 8249963
2106133 -4041810
2981271 -6816191
8264526 4606144
-1514798 4817448
6159234 9076153
-1834416 8236902
6916308 -9638306
-2200354 -9685055
1996184 -1613112
-149011 5207610
853455 -6529066
-9989652 5412182
-3384651 -1044660
-6892349 5327854
3577817 -6822026
-863836 5853673
1553834 -4316050
-9709905 -7882564
6934884 -181640
-8589134 -8708351
2044903 3094118
-4027835 -423550
-7592253 -1038789
-135549 -3711837
4012126 4403932
391218 2231792
-9839673 -5134419
-3662726 401567
-4270579 -3224324
-46349 -555075
7814950 9307238
7507540 1606167
3723603 -631216
1703497 7797635
1605637 -6825160
-1214690 -4369285
-2276483 -6349460
-4871896 -2726173
3561991 131265
7051549 4992555
9740700 -2425883
-5043950 -2557233
360686 9901027
-3323297 1293324
3254602 -1393541
-2086303 -853294
-9247126 1069552
2954689 7937590
-1748423 -3007171
-7315979 7174538
-7194747 9857214
-6492245 1469332
1259511 -6954878
3176387 -8847789
-1338882 -5178498
-5088029 -7255712
-7296592 -1598182
-9180803 -131978
-8838654 3064094
-8329446 -2504099
-841041 -3067700
518205 -7899397
2554545 -7571815
-578985 -6527106
3163784 -9193877
-9336663 2105036
6090720 -1514611
1530511 6687444
7839655 -2649768
-5311914 7223251
9967539 -3499226
-2581056 -399942
1984432 -7329053
-1748606 -1761858
-1749605 -4337870
2594431 -7561700
7055255 7409354
9837540 -6887364
9101882 -390199
415924 -8225093
-3603705 2265666
-9248945 -6404387
-9716942 5003368
4869952 -5202082
-7978831 639065
7139839 2074390
-8325552 4505061
7176008 -5441216
-4686722 -3824768
1837363 7943754
-9617946 3563673
973027 -5568206
-2455570 -46338
9563463 -6673081
7618178 -3353688
1428330 -7504261
-3908648 6530826
1534194 -5304263
-506345 8890762
-470172 8920498
994888 1514825
-3980114 9186019
-6255197 -4814311
1360921 5712246
-3827647 -8425567
5138106 -6801716
-2369922 9070759
-975579 8627486
4470757 -2309140
-3146476 -8895764
-6400025 2088936
-8863886 8281854
-7022409 -7792320
-8901558 -4813340
-5892842 2471247
6502424 628270
-185710 5102046
2804087 5038662
-6732740 -3924555
-2350121 -5834991
-2636707 -560387
-1489627 -7212015
3931823 -2490276
5200584 7534794
1155383 -1597419
3007869 -7945891
2852315 4755358
6963038 4143983
1846995 -1653741
-9182494 8061481
-1310249 5954153
-6427449 -163718
7391296 1020393
7095839 6376639
3058000 -9341444
98170 7262070
2566407 2937645
-9552631 1124895
-1340311 -3501769
-2582836 -1835694
-7265233 9815072
-2913217 -9574967
-2914632 5587082
-6066659 6566173
4627654 8932363
-2597132 7267199
9619833 5833758
-3145849 975419
9868410 7011129
7669686 6466342
3728412 2926410
-4135944 -9715792
1409103 -3705180
-4690597 8827777
-3007917 2585144
-5083431 2726567
-4332048 -7756798
346637 -5480296
-8914123 2753320
-5797965 -3203670
-5936470 5713532
-5936358 1604903
5096674 6199715
3210845 -6565855
9900488 -2518563
-9592153 -6603117
6197443 -3854748
2440072 8788255
132385 -9877102
2708042 265827
-7007606 -359180
1884023 140963
4660667 -1339654
3930018 -7769340
-973010 5746545
-6023571 648405
4769660 -4393128
-8193412 -9443577
-6009432 -133665
-135876 -2466215
-6552980 6407408
-7447339 -7211677
4092931 9644463
2283713 -2490915
7774913 -5774684
3866136 -5008245
-2350929 3283659
-8055994 8266511
3013523 4826090
572635 -1609624
9038782 4556866
-9836262 -2934584
-2378161 3808442
6191129 4486678
4536815 -5871240
-9463832 -3944747
-1156423 500187
-7338998 -6911171
-6885733 -7063492
9678176 4944715
2452823 -9110820
4172839 -3939336
-5672824 -9898106
4927984 -1366803
7023574 7340699
1897565 8016972
-4917612 -1421292
-7612850 -5422344
1580686 -4779420
-650660 1094632
7149885 -3882498
6617689 -114492
