1 4346410 -8854342
788
6501027 2629464
9239148 5496168
8891473 -5124813
1291050 -8623494
-6501295 5499463
6793837 -2194303
8304471 2401863
-3621600 8116605
-7512179 2644387
-9816467 1601378
794557 -9031875
674396 -728856
-7224733 7634405
6822084 -3896393
2966370 6173406
-1197129 484095
-4019737 -8016251
-3141064 -9441629
4451229 -5128264
-9628801 8149986
8472035 7949934
-7131850 -318611
-2202006 6776506
-8062754 -753450
-9152071 -7197833
6286644 -7879221
-6091725 -5841162
-8206757 -3038959
-4419000 -3316458
-7143051 8615328
-8384225 8547370
-9468881 -5823828
7250895 -2403962
-5015873 -2609945
8056393 1702125
-7831589 -4644674
-2446933 6528429
-4178713 -4963439
4283112 -2132586
669581 -2241467
-120688 -2352607
1806231 9472578
8949971 3787588
2987482 -3884173
7247507 -5469029
-6921658 -1639217
-4946693 8863282
-3540680 6125813
6032221 4820555
-3477320 1443447
-684874 4088614
-6866605 -8792557
-3755995 -615455
7251959 -1045317
6713216 3043469
-9309138 -2078459
9910471 9108881
-4587179 -4986555
-6354376 8860442
-6608587 916655
1793791 -9106869
2272765 8986107
5111921 6847098
1667653 1248438
5208237 -6339506
265460 706685
1914129 -5476637
3907909 3398856
4869891 674486
-6282045 -6323780
-5885887 -5900541
5724692 6925169
4454966 -5975416
-7114974 -8862487
-5429479 616943
-5973574 8792792
7778899 6364312
3211410 6299192
-2452370 -4592828
-932334 7395416
-1897899 -7244133
9795583 1849479
-4751665 2532582
5723420 -3780156
-103936 2634578
6734037 1957727
-8600752 4010178
8034762 2458730
-3887405 5854215
8987510 3436141
2228933 683116
9563780 -6986064
9313128 7832
-2068643 -4708457
-7313041 9377110
-7867022 -484625
-8635146 -6694588
-1645653 4444913
-9335243 9129541
1764119 -5922233
6035495 -6922827
-396297 -1501843
3473239 7434743
-4194690 -9845182
3590959 9585834
-7214697 -5207180
-9676891 -4180108
-1655924 -7650917
-2359374 9636237
9013348 -1208215
8307161 -7156063
8665702 3662678
-9376057 9672015
8801557 -2979951
-6385832 3805052
6882225 565676
1580185 2166015
-7882889 -3514071
-3359253 -4946576
-5360741 -2077579
-4768406 2748058
8567950 9940914
-7710003 -4445297
7707292 9428378
-1779836 -7553024
7807265 -763008
5416022 -3472675
8715692 6472967
6009368 6039965
-154983 7517249
-9400722 9623537
1789552 9243595
-4270476 2179463
-250760 3906663
4345437 -5113377
7634681 -3095149
-3154235 2093383
164438 -1281017
-1852639 -8347886
6615442 -9611918
-374925 -1116123
-2072446 4422708
895675 7557449
3597415 -3356753
6676848 -3094956
9044933 5958784
5202379 7276126
-8028058 -6649163
-226147 -9068097
8334878 -5762466
1142385 6635642
-1270975 5969559
-5311458 7988150
2156616 1409815
1797897 -4647744
-3247515 -1227941
-6805233 3939324
1496774 4680040
-8676713 -3393206
3511838 7610541
3569325 516487
-9691034 -4926877
-1576039 -1228295
-7780040 -7719092
9034794 8197814
4833456 -9445161
-959250 177179
-9318319 6078833
-9995000 -3754355
1597901 2838297
-8389644 1802897
8258574 8350386
3030426 -5194877
1411918 -244652
-2634111 -3129935
7386553 7440108
-7486768 -9064786
-7776729 7695519
2492779 -6546455
-8348641 -5556768
-5001929 1527573
4221104 -998833
7596352 -3444827
2800818 4902785
-2258918 7601352
-8079399 -5601281
5265458 -648561
4156562 -9820825
-7549125 -9187764
-9801346 -4431520
5524941 -7666884
-6731669 101559
-9686570 8038173
-8508282 -4508398
-7548814 2806209
6850134 5659429
7176948 -2550743
4004431 1071238
8490375 -2710348
-5108996 9321601
-6279679 -3768543
5582896 9327957
2023485 1502131
-5169281 -7744189
-2175709 4474360
6807477 -4970627
-2352716 5865584
3903757 2592160
600114 -2039286
3283275 -2088173
6087608 3051301
3016910 133409
3720999 -4219092
3070560 9537693
8859295 2211374
959184 477916
-7677774 5095968
-3401901 -3457920
-1202109 4345711
-1179929 -6054830
-8509104 -861465
-4995881 8143900
736060 -861820
7098895 1424229
1852408 -8663825
4387476 382170
3031932 -9543631
-3762723 9920738
9458432 9269283
-6002990 1824190
4818458 8317727
3413695 4956194
4014626 7140684
1486395 2528146
-1010332 -7187482
-5532595 2822819
966719 480564
9618745 -8012124
3412105 -8297220
5555307 -766008
2132514 7780866
8237235 -7540865
-7620127 7680798
6950082 6990864
-1184946 -8161695
2672384 3463444
-1580362 -6366487
3290549 8602431
-6353071 4950616
7763134 -5223055
7599764 2636598
-6882838 4746891
6734768 -8917165
-7214385 5252259
7002603 -7336775
-9555909 857274
3316409 -864882
-3184084 1197678
-1811457 -1787365
-7432708 6282350
-254206 -480051
-4330186 5239677
3842108 681784
-4367599 8960364
-6262691 7489038
-7358012 5911887
658779 3853425
4936260 8275502
-3955886 9909899
-7426876 238228
3611854 -6953283
2181835 5533568
9247598 -3071736
5140899 8997752
-2203546 9952493
-527557 7708191
-4535780 7542249
-1775967 5142257
4102621 1822681
-8171929 3856434
-231678 356282
6726059 -5529941
-7254439 -9572899
2853352 -5821328
4416900 -1210325
-5647255 -2057172
5992748 -1971246
-2526630 6534580
-1951316 5240347
5192840 5130621
-4644835 5845139
3387388 7181635
-5159755 819385
-7357934 4127773
-2015792 1459218
-8184499 6986489
-8543452 7752530
695983 1057912
5236584 6718462
8024489 6065687
-5991485 -7830164
-7285057 -7622766
1428167 -9998736
-2242037 188313
7835287 1993203
-2161658 5467155
2648791 -6809548
-3473811 3742082
-2130144 7489036
-8535394 -831744
-3845255 -1629584
8639298 5796459
-3145628 -9872354
-637540 -664719
7917320 4607308
6777145 -2613051
-7719464 -8074165
4443451 9492088
-7803247 3708703
-4298094 -7798586
7668570 -9967960
-6777508 -3943399
9798683 -7166287
2839101 -251318
1433290 -9815109
-1444693 4303707
100167 104387
232033 9710957
-953762 -529109
-5921801 9594493
9497795 -3036442
-8594254 -9144656
-9652568 -8221669
-1996614 5849197
566964 -7455814
5092578 3705292
2278245 -1764466
-6414401 8315071
-9419895 2076929
-5221828 6424700
728407 2013395
-7882218 -4150168
-4439211 3344926
-7184183 -5133832
6977013 -2876620
-3396710 -3105983
-2250639 -1008840
769491 -1990964
6374586 -9386854
5673684 1289229
-5005478 -3058450
-2306564 766262
-8402315 7272767
-8133952 1279035
-2296265 -7822210
4191185 9160573
-4989595 948494
-5706579 -1174680
-3792160 -6912454
210926 9625590
-3480393 -6815147
2176014 -669431
-144043 -3214679
9914819 5461857
-3248913 -3769457
3172093 5588503
8871117 -5738039
4051080 -9134471
2144564 -9531197
-7353407 -1566519
-9889594 2364651
-6686854 -645869
8179451 7637163
-9275291 -9877081
2264861 6903643
-9911504 -6548012
2782557 8784469
8086142 -5219138
2759072 -7361486
-8614590 8000961
-3894184 2026511
-1195176 4557503
-2060615 -5023067
7962088 5372256
6322089 2600301
7481305 3125034
-7520835 6432495
4069658 3310803
3433722 3174968
78611 -2689280
762708 8214935
-484244 -7316541
-2535678 6061617
1216483 -2398102
8119211 2739746
-5233743 2601893
9675749 -5774973
-8281687 -3912567
-8540311 -9868514
-4751861 9680401
2805435 7781779
-3269374 -7270556
6040247 -2199048
-9024080 -9199715
-9372643 -8009679
-9794743 -6429117
-3745657 -6093583
2484386 -278987
-160736 -3764983
8974763 -6299131
-1180885 -2041525
-5300145 6257372
4861157 -8988784
3659054 -3581832
8614921 6320846
-3381023 8907193
-8363362 -6063291
1737661 -4134044
9182593 193237
2183559 -4770066
-1199183 9809950
-6283633 -5094832
4626181 -2428488
3806529 6200753
2417974 -5534555
2423921 -4702356
4071368 3753441
-2718991 7123776
6058296 -1067475
7769724 -9059937
9847257 -2810431
1126278 6905053
5287361 4000247
-5806516 -7136060
-9389774 4469954
4279904 -1106605
3798563 -8072605
-501092 512623
9229728 -1575255
-4593458 5821789
-8880566 1647703
7917496 346815
9986943 -2292846
-843968 -4801494
-3861431 -1438409
5751161 9442108
-1136487 8502178
-4981223 -3122561
-7742269 -5849125
8620829 -787738
622009 -7132043
-5204647 -4582914
5929709 -5579427
-4638330 -3189387
-7367598 5159438
9323493 -6715436
3631380 6268188
6491695 -242659
4955847 -3865325
4696267 -4352273
7606187 -8905583
2112947 447428
7324867 -3530300
620575 7131725
8860339 9582599
4966908 -8242243
-2825157 -517652
-3580727 2278613
1605578 5620904
-6703306 1780943
-2418140 4237981
-6977479 -7379813
2377529 -8786760
-2652085 9514216
7678295 9849728
3460497 4560534
-4992038 5284482
4270535 -4426555
5221522 -7667170
4431781 -5108890
9165219 4081861
6080561 -8084959
-3289993 -3659938
4477319 -7500165
-3202870 8315585
2553566 7774013
2910553 4378990
-1891418 -1907560
-2393344 -4711918
7654162 -2027150
-7466616 -4715048
3085786 1114660
-795543 -2458653
-7609471 -2643679
-5236216 -5574021
8507840 -661338
1253703 -6070997
-7214582 4588401
-395412 480062
-1204352 7262737
-2446898 6401719
-6702939 3865566
-8041994 -9536345
8268089 1405644
9378494 -7918985
9882319 5922252
-2963088 4428230
-8030423 2968105
2840779 6241369
-9332652 6876458
-3784880 7604563
4049918 1691540
8796293 -14824
-9534762 -648312
9130777 -1599118
7318953 -8222762
5642805 -3316120
-2852465 -9383986
2021658 117163
2198178 -4584375
-8662123 -6083496
8344735 2080497
7564955 -9108859
-351138 2830664
-292877 405734
-9473351 -7167438
4524102 -1561405
8423771 -2907081
6444608 -4163253
4237629 1405362
-4301048 -1908263
4775617 -5927066
-5311051 -8658243
-6024727 -8076847
9855130 -773041
-4340184 6173451
-9229699 3709359
4600500 -5995449
6835215 851608
3773694 -5750638
-2918076 9058690
-2502714 -3183305
3909614 4122378
9959125 8437409
-7640877 -7129426
962312 -3286893
-6697607 -1941924
-8083815 8254281
2693786 -2008658
-265346 8407810
-2902386 2548916
-3741725 5394470
1915373 -2132085
1235875 3375127
140841 -8733060
-9674369 7525921
-5657384 -260883
-6138505 -9660731
1293030 768582
-3844491 6336973
5566432 -3831494
-3257066 -365827
-2111546 1385177
9376520 -1340881
-2933070 3098593
-4352491 -8372474
7021996 4164544
4548811 -5577863
313616 -8546279
-7279339 8301038
5826959 -9545542
193575 5562644
5901913 2685927
-6545491 -3428577
5424748 9711296
-4120198 -389982
9244191 991180
-7623643 2622736
3798207 9648998
2747591 4269229
-1586893 3381489
-9937615 911452
5333589 7951455
9405176 -2872452
-4571414 -4352794
8618016 -7874162
204834 3771897
-3542176 -1188409
5383014 -3893252
8334396 -87666
2038704 807762
4315294 -5785802
-646714 -6200752
-6551754 -791996
5993585 5667845
-950665 -1287811
9623641 6923045
4874500 -8371928
-1244379 -2526417
3120789 -3203971
-1078133 -3299441
-9527543 -5744843
3066748 9126701
7749801 9446633
-641033 -9033885
-5709771 6084197
2814747 3914024
7713272 1121876
2846232 4684385
352231 3677870
-7609941 -8643831
8279214 9401566
3545990 -7986300
-512717 3153715
9949744 -7698389
-8481477 5124424
9379581 -8612037
3031016 -8009020
-8562387 2446330
-4071203 -6702830
1897719 -6687067
7226957 219026
-8659098 -5287533
9396852 -2543419
-8865549 -3296514
-1940344 -7734565
4183353 -6475490
8054562 -3661130
2008937 -2270656
30955 -2458154
-7333730 -5524967
8379348 -5934170
-3943190 4562204
-2991466 1410365
-2776113 -9989224
5840061 -4546317
5672709 9121606
6350425 -4416630
3039951 -470036
6233450 -1736370
529065 -3309246
-7268384 -5706894
-6851671 -5287581
2441763 -9213822
-1671976 -2326382
2148652 4989070
9054901 -6489353
8072851 528000
4454717 7628063
155191 7597737
-6948580 4194956
3316563 -4004748
-5905026 1240481
-9229555 -333012
7930618 -348723
6342031 -479752
-3670294 -1540316
-4311545 9073647
2376178 -521965
-331994 8130218
3119288 3220554
6731201 -8183342
-5138990 -5309459
-7681395 -2679596
-5081859 1832080
-3972964 2473796
985401 -9514087
1726395 9343599
-8473060 5080375
-5268347 -4986808
4533440 1973910
2949946 3590036
2663684 -9136853
-7142466 8638401
6768619 7556214
776768 2525540
-3141450 -7595740
-2905199 -2492030
-2655274 -5764087
6067993 -8070242
-3080093 -5220780
-4734867 4611381
3954981 7905308
-4497965 -492120
4521073 -2001727
9972183 233688
-6176275 -945487
-7565988 -4561518
-5923117 -996239
-3440025 7807899
333439 -9154497
5766115 -146905
7361065 7191990
3944255 5377268
7307027 7222144
-7998636 12248
-5376371 -5773066
4648594 9782849
-709270 1094962
1609587 -9849371
384318 6328155
-4617332 1581771
7020253 -3275605
-1755492 -9666967
8140932 3613488
-3024657 -2679165
7173930 -9009277
699065 -7258542
8118727 -2948652
-5726508 -5356680
4655568 -2057894
2169040 -3725144
8574057 1795550
-7109488 -3182366
-3031737 -2135213
-5807058 4500100
8598223 -131067
-890320 -7908037
4941348 -1865172
-8251684 7354188
-5324977 3082280
4073003 -8759988
-6018530 -8151046
-1099698 7288421
-8068259 4616549
-7441345 3173794
1965002 6587310
-1617140 -2755953
4061681 539059
920199 -6210276
806176 3546297
-6584770 -2370507
-7762192 -595601
55579 -4958737
-7604549 7179156
-7222212 -5679752
-4439740 -2929525
-8564219 -632856
-3344435 -7941918
6674632 336083
6026229 -1412694
7690968 9233287
-3522665 -2008769
1046642 8590180
-7620095 3055368
9118017 -8033159
-7887313 3186081
5106833 5049600
-9909137 -5649505
-8470348 -4837588
-8000988 -7513686
-7926859 -5692560
-3809064 -2440728
-382645 -6491078
3845005 2846501
-8566192 8808339
557978 -128766
378817 9124776
7714957 -448335
-7392966 -8574540
5908653 2611214
-4202705 -8274949
-708997 8021340
4888188 3420480
1099245 -618134
1868181 -1065808
-4242016 3098257
3173882 3941322
-33403 1948921
-5204578 -7208763
-8400424 -6188398
-3800811 8745582
7870359 2157554
-8290780 -905642
-6963830 -1898332
-9287118 6832606
1074009 8944824
-517484 9026529
-5036638 -9634987
-253121 6887056
-4178752 6062607
-8322784 4131412
-9410913 1579233
-6471846 4851098
158687 555684
-3116362 -1676424
9585511 -5725385
-1051478 -4400821
