156 -9790582 9592740
183
-4522625 -1461898
194448 -4101037
-4150529 1973987
-1391542 -2987394
5766551 -2563886
9859760 -8863475
335601 -2649627
-3192216 332177
1161340 1971776
127320 9643046
-8004898 -6899119
8991742 2219906
6667153 2471522
-157793 9079402
9288820 5453335
6507790 -8048701
-2149737 -5233805
-743466 -3297762
3714844 3699734
-8864151 381345
1517870 -8002252
-8135527 3511961
-6155861 -8146529
-3658401 -1327743
-1684696 -2478169
-6860936 6468919
-8794823 -7173242
5298280 -7869193
-8789791 7872330
-4157982 7656840
9608139 3015381
297928 -7650192
-8431602 -2541598
3674489 9554463
-64192 5283242
7280990 -2673310
3355003 -8546322
5823501 1661815
-9665927 -284506
7237325 -7834900
1150372 -8834271
6508839 -9623610
5023549 2355549
-7255768 1807119
-8019689 6233758
-8234509 -1413750
-6547590 -8411549
-8436795 2063419
1617882 -4979192
-9695950 -2245954
5080736 -8446310
5523720 101393
-8236792 -1564260
8151234 1347221
-3971326 4613633
-1704286 -2095088
-9202346 -304602
-7949053 -5195447
-871975 5821203
-5428687 7311531
-4102219 1108336
-4786861 -3663196
916575 -8133457
-3112649 -3223655
-2953257 -7465542
6604500 9707754
-190853 -7872520
-6920428 -5355427
5991794 -5911293
1218693 3747158
-8347930 4536820
-5767782 9514407
6835313 -7550276
787279 8799518
6111049 8479690
-7895622 5358592
4211748 4525183
6391726 -2682482
-3389785 -4871676
-9820866 -6720922
-7013168 3656958
-1699210 6783634
-8571793 -4687669
-8082610 1380362
-4872479 -63646
6989526 3136083
-4833157 9295943
-8254332 -8778255
-9978737 4518508
2998198 -4950701
-9592108 -1351336
5690199 5102576
4936446 -2864008
2264316 -5401722
-2122644 -8453339
-2280028 -5040198
-8256563 -6619460
-8790777 6020762
-2598875 5687996
8140702 -6873387
-1220951 -4955002
-5659059 5130229
-1131674 -3537756
-9019248 8602961
-6347739 -8594059
54605 3978950
-8402122 6576505
-6287503 8261157
-7140565 6534325
8080986 -1506834
3452968 -6746857
9150035 -4199042
4338073 -2287243
5917106 -9640742
6002223 -8260802
9300548 4057808
-8295611 -5218728
-6240132 -6358511
-7755549 572715
1978656 -5259380
1235922 -4103288
-7526783 4549614
2810771 2833801
-631874 8702066
-2804768 5670206
1439701 9965464
8282775 3164553
-9122690 589736
948994 2620848
-3123602 6794416
-6631423 -3048783
-5751158 -3823054
-181565 -4927034
5645682 -1991290
-4734317 -5420762
475950 -9859310
4690304 6501605
-664594 -4534481
-5832414 -2498925
5687633 8703532
1185349 -6120830
7043723 -2872666
7717070 -531876
-7911028 437386
9748154 -8817584
-9350014 -1034630
5142316 -6883269
-9293950 7415180
7940242 7477103
-7943658 -1131916
-991226 -6794075
9707531 2532292
514164 -6300921
-6283494 -957063
-9737178 -2801898
-6406376 1920492
9047826 1448171
-9083705 3153700
-6408914 -718751
-7019983 5521619
-5513011 5855592
1488676 -6369997
-8954817 2145657
-377240 2194726
-8937190 8985426
-7808649 1679102
6727747 -7412064
-3712985 4415234
-6541828 -2758089
4440013 -7480126
4440366 6237346
-9798131 549989
-6296311 -3995456
-2197855 -8881836
-843865 -2705225
5666720 782163
-3071482 3643124
8305133 -2844604
9350122 -2026298
9475480 -2072107
9606996 2929284
5517220 4183183
-1401582 6334743
