27 8983042 -5849607
432
-5209707 10849
-6964041 4117566
-213818 -1783800
9165888 7466836
-9343315 3696454
-2191300 -6032099
8621422 -517595
-3472055 8164619
4642321 -1303960
-3771666 2276864
2568745 8909599
-4307596 516571
405630 821284
6082159 -7085699
4413695 -9430939
-6903738 -9767448
-3133530 1720340
2452892 8648573
-1368238 -830996
5381810 1618780
5586681 -711553
8770852 -6809489
-8644870 4208103
5420495 7815149
92013 -1486197
-2576597 4165181
-5318247 5177111
-4001605 3115807
-1453540 -2396265
-1827203 -7919446
4829459 -7039844
-2803152 -6214589
4950337 4212281
5897638 9649741
1268521 -6417901
-4613102 1279448
-3013689 9371555
-3903990 6674102
4489251 -9142207
-628403 -8483494
5681687 7097617
2274728 6795000
-7572841 2879792
-9516472 789475
2870030 973619
-3549873 -8827323
7474440 -9784159
-3055526 3646976
-4186931 2424777
6006876 -7157888
-3362087 7081590
-1030503 3910126
584228 3624224
4482018 5065508
6582014 7589832
4687449 -6146385
3164967 -5219947
176198 -3037823
268004 5592126
9082097 -6823922
-5651245 5654386
5870227 -4467775
1695553 -8176805
-3235675 -7185298
8173166 7508622
-2893436 5287553
-802320 -5188921
8435304 6076062
1141570 2298260
-111908 -4566326
-712711 -9760064
7536341 -5424459
-5945930 4968608
560734 -2287461
888617 4322075
-23539 -357169
-2308592 -2246276
-423080 8363041
3694095 9386961
6895583 -1142403
-5854850 1867261
-805307 6518500
2594562 -4140818
8157443 -9853651
-4419977 6252484
6492420 -1954465
-4862571 -2616336
-7647728 4028761
4257653 -808501
6029926 2913006
5072189 -4853730
2899995 8522740
-597867 -7236402
-7849441 4993267
-6149136 -6903772
-2520159 1562495
-1919005 -9487634
-3628451 -809114
-662765 3191909
-555607 -5471008
2574527 4917258
4817274 8453165
-5001722 7711956
9419808 7169546
82552 9255931
6918554 -2033914
-3511174 -4845258
-9565308 -181451
7328168 -1592689
1503539 -7414749
4147746 -8820968
-8308602 1499733
3206971 4745093
-2062998 -9420701
-4891709 -7455793
-22183 7381395
-1649088 199171
-9572521 -5204908
-8035362 3349191
2605122 2363639
-9670274 -5436457
-7765363 -476324
1858577 9334904
-2257784 -7330671
7770932 -813255
-7117871 1762107
5778192 -5564969
9180124 7089880
7669179 -1014836
-5954277 -2882873
7014874 5293823
8009346 4023540
1334984 7882139
1231330 953177
-6683183 3299623
379518 6352804
8392833 6162895
5497799 2614155
-2200164 -7232238
1954508 5756367
-9965173 -4429232
5799 -2647011
-5557131 5813019
7314535 -814076
-1180597 4628401
-77776 -8639742
-2099849 8350629
6232768 -9552078
1401099 9235135
-4948890 -2535902
6333255 4717916
-6602837 -2053020
-9438865 4726088
7493850 8894963
-2832318 -9122677
-3551908 -8035290
-682300 -2797491
5531881 -1029757
672519 -3723079
-9094678 -4637232
-3276973 9491922
358904 -6656102
-6208180 -2860470
-3625335 -3408328
-3427877 -2290728
4943540 -6057872
1889108 -7094622
147818 8340704
-247981 -5033404
-4156081 -9841980
4639083 6919701
6638563 -5191637
3778607 -6043217
-7249944 -5313204
49564 -5548874
6459401 -6344621
9515629 6772591
-6087879 -3181695
-4073671 5823802
-6466926 -7196861
9261619 2498452
-2079818 8476614
6817318 1150727
-1366325 584352
-6741275 9085689
6005391 4477595
1802310 7897808
4370943 -4839694
-152898 -4419083
-7451604 7120999
3292730 9896666
-814390 9007797
-4173898 2808360
-1367838 -4385917
-9066426 -5731217
6767236 -5318412
-6841798 -9804807
-6137727 7203770
-2211877 2491873
1577562 2495948
9489895 1046848
-8538992 -9900695
-4740389 1292206
6873123 5831951
2952950 -2376935
-9963916 9421519
945668 8762033
-5913255 -8261954
9868481 -711878
3556906 2718907
-83153 -9197944
3513601 -7159506
-9955736 3075049
8083274 -107774
-7611825 -9651261
-6088061 -339163
-7723506 -8121930
-4313372 -4627053
-8795102 -2463894
-2324477 -7440248
4497623 -3325799
-4563766 -2288393
-550347 7959644
-2752234 -7960669
4758238 -681865
-7363457 3321024
6161518 7191437
-7217162 -1333504
8558723 -1277865
-929126 -9133887
-6956698 -9053102
5341320 2982814
872113 -4680204
2855902 -8972051
6104053 -5406636
1267565 3047778
-9240615 -6881972
-8922328 -779849
1259482 -7274609
-5440122 -9158209
4162815 8534072
5725509 9712773
-1620731 324334
9046469 8508347
1890812 -3062008
-9598758 -9366305
-3867139 4934114
-9746089 -1741085
-8196784 7004975
-8401661 -4373835
8673943 423621
-3941999 -4617744
-2881241 1949681
-2808576 9652026
-9506183 894593
-571335 1751302
-6019573 -2827016
13670 7670526
-1304775 2359696
1814041 -8423509
-7789813 -9413962
-1963496 -5268365
-4493098 -1656952
7864375 -9193233
-3567067 9826470
-7233557 1979066
7361322 7623228
-7910739 -1175555
-1523529 6996433
-2108974 -719315
3548339 -8513360
-8824024 7319691
-2493431 7528766
-7595185 1189647
2766138 -1281853
-8179463 -3264792
-6016805 4976325
5835726 -142959
663809 -7993550
-8167080 3700101
8195520 -386906
-2763678 -5400636
3423809 -1926806
-4930372 -8158064
1122621 4416632
-1580376 2960654
-7203302 -5329039
4716079 -404400
-9214753 303267
9021414 7120894
6372454 -3932262
3560415 -9158049
-6784655 -9644350
-7637900 -603859
5612595 -3604494
6008600 6711372
-8689264 3808115
-8118691 5761274
7603210 -2749103
4183881 9467289
2427944 -8757816
-4086855 -7396495
-5284542 5224642
8044261 -9370776
266471 8017057
-5915205 -417972
-7059669 -3361075
9510927 7645211
-2958648 -3844324
2551182 4389379
1100752 5170299
-8505234 -8923866
-646239 2411488
2178738 5892428
5359717 -3043029
-9284493 -3637381
-8517523 -2212339
5528655 -3371348
9774229 -3802065
-5785008 3572917
5671297 -7442948
-804023 -1700212
-4055001 8611628
-5232695 -8776743
5612636 -4497297
3189355 -165161
-6572674 -3286612
1641229 4684121
576549 2781087
2254410 -6180033
182586 8452619
-3759720 2969918
2114922 1665063
379350 4285288
-9625443 1889151
4446203 4594343
-7105869 6045854
4657482 6158533
7381790 -8644518
9374537 1941139
4292331 2994426
2224167 2563892
9764366 236009
-6982904 -6134604
-2314637 340915
-1206466 -2212142
-9242224 384301
4565717 -2449833
4351807 2872699
7278202 -5054933
9539410 4726364
-6711430 -5759242
2915643 4949893
-1178273 462404
4919896 -7186215
-1675437 -1803735
3276509 -787773
9448236 -9451270
-5585874 3040875
5898143 4981684
-7230458 -5384159
5000143 7208029
-5241804 6043671
-1083630 -7917788
-2972721 1626355
-3647281 8710924
5468034 9083042
-3450713 -358711
2620046 -1616323
-6286186 -2112633
6083632 -2460058
-731479 2038378
2587108 -8123507
4917369 -1283243
6214793 -482413
4133428 -6668136
-9460107 8984335
5028006 -8350077
-6267865 7814442
-559203 6460728
-2311995 -6724233
4875161 -1690131
7951158 -6843961
-5943931 3940800
-8171833 -6912444
627498 -2230117
9808261 428151
2304645 9896019
-8870872 -5088278
4429309 9738366
-6929770 7343921
-1155391 -1437263
-7270987 -6389877
-8575435 -6127385
2849696 -3538852
-7746733 865363
9175232 -9462299
6210092 -355220
-6414419 -357258
2730299 2782513
3068749 7930100
-1641748 5874149
5770169 2877010
305084 3179249
2917615 -584351
-3240429 -5265607
-4186517 5987845
9597968 5604180
1993147 -1457504
-2480004 3538886
-5595751 7359195
413248 -226736
1934396 6095833
8254927 -3376659
1922206 -1963671
-4033570 -6498422
9375728 -5009045
384318 -3158966
-9979717 -2337751
7077898 -9310598
7940148 2937898
-8557905 6353821
-5525647 -6246369
2296127 -8959937
4578949 -1016147
-3656952 9816123
-7894261 1499550
-9888265 6756297
5895990 4040136
4592817 883015
4384593 -9665452
-4674496 3075599
