173 3507434 1473763
384
1241931 8728929
-7587447 -5740710
9460534 -6906137
-7085537 -5784871
3280269 7264307
9659878 1769658
-8680748 -9036219
-628348 -7563441
-8401751 -8025911
4434993 8546945
-978985 6232969
9051846 -7112427
-1849299 4988800
9921654 -4299113
9208322 5475436
4204365 -6088231
-1828941 -7033395
-3939532 6616918
3348400 -9852055
7412252 -1025069
3260941 -3371331
-9891198 7072131
2025042 -2903454
-929365 -519545
-9456248 3623291
-143740 6021980
1425905 -435233
-5446433 -8575542
-2874654 9576606
-2431606 6991573
-9096658 8850020
-8183375 -8227241
906030 -925599
-777654 -9606555
-8115272 -5745570
-6600549 9150951
-1260566 5145670
4758568 -6491746
2988709 -9235524
4387768 6345555
2367536 3532461
5613580 6760380
8184839 -6206559
5886400 -9832853
7158720 -4689815
-5839795 -6545206
7743906 8062062
9652815 8493182
8886627 -1350064
-4579282 -8608487
3058816 -9228645
-1566623 -8663479
-5155225 -8201750
-7437273 -6808055
9537501 349836
6398649 -533153
-3772773 -5578611
-1785170 2012229
2179376 -5587934
-7761397 6617582
2588729 -8145552
2432862 8915160
7408342 332635
1498923 2085677
-4006457 6294969
-417323 -564007
772514 9052359
-9149390 8016054
3724352 -1866358
8483478 5929689
-4603464 3261853
7683242 4882128
9410709 -5859885
-8931466 8414424
-2451641 1590086
-4039114 5823489
4738650 -9862912
-7013925 8393749
-7004222 2146992
-9041686 4484998
6437343 -1010679
-1958319 540991
-8926603 -2790143
5343499 -1107709
7338332 4797749
-9424046 -3656670
3741810 5251220
9391335 775548
-8293675 3152519
7258957 2976221
-1200289 -745316
-8091876 -6780156
-8386407 6054713
-1798295 -5105801
1895549 -5390629
-3884955 -8323629
-5266286 -1667108
-1940899 4156726
5565369 -4192888
3121213 -6597399
-7737717 2903701
-9328727 -3786480
6989068 6004093
-843388 2578960
-4444818 1211745
-9533571 -3584430
-364586 -3128755
-7074042 4890905
9785104 -6234641
-9108918 -6355985
7836739 -5802995
2529897 -2993873
-8837147 -7429547
-9106083 -9411001
6507952 -755426
-7851725 -3468517
2745003 8770235
4774328 5335900
-2085139 -7749577
3462169 -6069060
-7137138 3470043
-9658712 -3555050
-8664144 2498276
-1220013 5783598
9427613 3637312
7834318 -328930
6677197 7264352
2351158 364215
-6530434 356403
9600977 3245075
2292910 9977518
1264105 4265605
-398495 -4962087
-2711663 8554785
5002078 7516366
-6497239 3266858
9711808 7864940
-7120431 6360401
-5339649 -8952336
-2798671 1659556
3846978 6604317
3868669 -4964353
-2083786 -6959472
3396931 8736179
-5502393 -6097867
6396003 -4485740
2296217 6790517
-8171569 -2339891
-3785106 4414075
-5553207 -8366880
4899978 3733324
1598265 -9534093
6826308 -2871862
-9307845 4477834
8653742 -8513340
8090977 -2106516
-4554517 2500721
5541249 -5524002
5728530 3361697
-219818 -8545468
-3031208 -9773863
7016654 -3823814
3836295 1781362
8711789 1361437
-4489091 2567541
-3699134 -6841418
-6375511 2927239
-9944622 415483
-5106683 2967150
-3029838 3263885
-8842631 6063411
-1435868 7577491
4569841 9119204
-5002747 -5894619
8076265 298371
524508 4777436
-9046378 -4954942
-657228 -9942485
-6064696 -2693731
2390162 -1945439
-6270505 -8037434
4889805 8691028
-893489 9870337
2837487 -2538465
3241772 -3483820
-7420408 2324001
-98508 -3084507
-3965303 -6339924
-9718190 -5528667
4769705 1031951
-4190613 8358075
5919485 7810565
384432 9279361
-3414370 -4737743
-4166830 -3163911
-1201345 8975792
183173 -437334
-566997 6204812
6182700 1806036
838569 4786842
-2889157 -575528
6339966 3418161
-405411 7012335
4000020 4891015
-4077034 -123601
-1765525 -8713923
1612995 -5751295
6044418 6670312
-8067430 -8002573
-8650132 5146400
-3361455 -9717908
-155242 -7335125
8869688 6821718
-8855894 1794113
-3419045 -2431260
-490436 1982675
-4599164 3691798
-6779515 -4150470
3256898 -2488222
7388177 7220506
8506583 1696216
-1538726 8139004
4809317 119578
-5366642 -5494308
9652093 -741761
-459669 -4016774
-1351898 8806990
5628708 9385090
1179203 -9965858
-2397118 6772814
-1244510 276511
-6031691 7112446
5478329 -3327322
-3299192 -2811205
6925653 -1264773
-9568557 -5911014
4744342 5432236
-4448185 -8590931
-4085238 -446341
8811898 -7298475
-1315249 8083207
6890197 -1647770
-9746328 7332853
7366995 -4964743
4324423 -6050773
4225738 7486229
4598676 5596265
4785296 710400
415547 77005
1328584 -8513896
8091442 -2658800
-7226564 -5723621
-4314551 2835785
4905796 -9158397
-6456872 -5883437
4716122 3717695
4586277 -5255768
-7922915 -5877329
-8325720 -2643699
1305528 1960433
-8036986 5998703
1594969 8047619
-1241981 6561690
9155047 8896617
-9617279 9173566
9031118 -7000017
-2723637 990516
-6173699 -8195446
5162510 -4521836
-7888921 8732097
-5033856 8705638
-6550130 6827201
3466224 2068773
9425074 8043308
-7479907 5140504
1139207 -6753045
3810926 -5516893
3561150 5250528
-3336503 5085297
-3224785 2716197
5716181 -2953781
553087 -4193667
-2389113 5508896
3503412 -3104260
8144189 -7226603
3995388 5614491
-5041956 -6889666
-2304541 -38390
-9478730 8424268
-3918876 9636886
5400193 -6958637
-9959177 7220331
-5012788 -788881
-5703584 3601973
-3681830 1650709
1213280 1071631
6877964 4550703
-7424049 -8233633
-1337893 7005203
2294953 6079363
-5789794 9322649
4949335 -3709659
-1231697 -831750
-9891130 -7355206
-7718320 -710426
-5152711 -3810006
5926678 198225
9409344 -5111888
8490085 -9086110
-4919049 6222112
-2706257 7324608
-5608337 6294232
576951 6688059
3693263 -3032385
5563330 1755411
1078060 -4011784
-5205091 9773537
-8541861 -3972605
-1327811 -3920436
5369138 4083362
-9726644 -6529778
3668447 -9783572
7620892 6200034
-369724 -4405856
-8183744 6110978
-4048062 4711228
-6478188 -890000
8314411 343601
-172432 4098763
-4145826 2007674
512242 7907251
197140 6932234
5475981 -2176497
3903068 1655279
8254993 6664523
2651097 -727794
-7995014 8528350
-2755264 -3680456
-5569960 9625879
-1746791 6875013
-5897407 -3753703
-2127351 4205147
7065100 -2375595
-8276832 -3812940
711087 -3107331
7316272 -9906305
-457719 3739681
-8436815 -2486588
1685043 -4981737
-8317214 5466253
-5261541 -59963
-9015261 4333883
3169779 9259798
8885677 -1770525
-4895512 116172
6362469 9655238
3860385 -8276567
-652162 6751470
5454882 925485
334506 -6412641
-6318946 -3834031
9905651 -2349222
-2319458 -4260313
757950 -8531164
6935089 9365586
-8178025 -5042912
1807323 4189900
-4033950 -7193286
1036189 7493455
-2390373 7368079
7023317 -1342970
380463 6488448
3239918 883702
4325540 2244654
5832013 -1305200
-2622878 -5339954
-5172823 2029419
285458 -2717227
-8732039 2507719
-5610343 3559761
8516849 719402
7425654 -3788368
-8465302 -7159475
2850332 -6608295
