479 7413985 -9581524
785
-8044137 -4845092
-7997871 -9429160
-5394619 5796087
-9189057 6670825
6699725 -9529827
-7887419 8606034
-3351669 2897230
-4237546 -3114259
493790 -8386732
8050590 8915606
-7566015 -9554117
-1733344 7672593
4148555 2549497
3484151 5714528
3128513 -3961661
-6290401 -3581021
9506171 -2399272
5913168 8228080
4898905 -5888448
-5418275 6724111
5330145 -5885018
7012212 -3305693
-3903600 4494828
-1375552 5291019
4206625 6590190
-447575 9191391
-619664 -843038
-8293540 335433
-3950038 -6471109
-7916418 -2293037
4125942 1694827
9295556 8309533
6537613 -3851535
260017 5208724
-5550813 -6047129
-1932147 -2641905
-3431246 2295684
-3209487 -4919934
-9628915 2665154
-8228304 -2068687
-2877296 -2905938
6251025 -6159526
4175907 6503040
2548283 7957485
-4335552 -9774131
-5562951 -2851783
-4542250 2306742
971559 -6267395
1457681 -8004636
-4051765 3747928
-8893977 -1576780
-9281096 -3467560
1612506 -9808871
2856283 -9974231
-9526565 -5500057
1594006 -2855668
984806 -2403861
6615532 -9638617
8318868 -4839287
7902935 -8319833
-1171615 6499668
-8677238 -7660016
8588941 -3197513
-1202149 -5189327
8558601 46622
986194 -2737562
3794879 9664625
9855754 -5778550
-5752780 7923737
4940033 -4771610
-5110926 -5279345
-5166854 -3465961
9411774 5873880
3550945 3965030
5645198 7730642
-3253338 1453880
3793864 6989935
-6207578 -9414224
-4603551 2382805
4945779 -4893374
2369064 -6044950
6136027 -4068027
153424 8680295
-879615 5991782
3736524 -3083004
-5845997 -5939582
-6889191 8625598
-2984170 -8496499
5468532 -7477417
2769577 -9433225
2020656 -6369918
-9379983 2032591
2618367 -4185480
713678 -5587561
-7964583 531168
4486218 8175809
-5892217 -3079166
8117481 -6861402
9130380 -3222441
-3789093 -2762134
-6185364 -4616744
-5991146 364910
1868411 -3074555
-8035620 -6458964
-5892189 -2663057
-6516623 4733957
9282900 6128467
4459340 -5896606
-8967814 -5582381
4948787 7689370
5865179 -6932397
-11563 -8048642
-4910044 9972962
9266873 -1894081
-2139863 6736688
-7880056 -4522220
-1640958 1674774
1116571 8645150
-7813814 -9772546
-9919251 3080952
-9668739 -3706003
4938817 -6435873
-9816127 9614162
-5968219 -601843
9603879 -8783941
6800015 1496921
3448279 5469058
-2041627 9304804
9927075 8538235
5274923 -2774754
-4780621 -2212787
1978339 -88781
-1443631 3578421
-3677773 -6905090
-1307786 -6741093
-7930744 8919329
4999808 -976524
-8846010 7008073
8922582 5183681
-1083907 7702123
-800956 8526461
3995520 8232460
7537264 5163675
3701910 -8046107
-8304509 7464340
7767905 -8506815
1404404 -3085130
3009644 -253756
-4642494 2477125
-1747616 1848223
-6716096 4049721
5589549 321641
-2670286 8283712
-4016254 -740109
-3037986 8768649
-188538 -2583809
-4351349 -1322589
-6158914 -6193018
8277227 5702267
3166607 59349
1552534 2489071
1920293 -6549136
-4286540 5473291
-9533232 7446289
-705487 1070967
-4879312 -1280847
1557146 2578417
862130 3226589
-7513520 1403212
171861 -637772
6778419 -551506
642257 9983324
6306658 -7572930
8129337 4483344
-5457307 -2899762
9589309 -6187703
9779513 -1388421
-5915130 -5974046
-8527756 -4507026
6563941 7067991
-4212856 766757
-6654826 4200981
-2572430 7344290
-1252498 -3276344
-1397764 -7569598
-5604752 1435716
-6064608 -4619345
-9675923 5037506
-479150 -9757950
9858640 969767
-2701584 -3420105
5191474 9447949
-6526096 -2922071
2570903 1792697
-8622960 -5053852
-1770743 -8348804
5852177 -2835816
7024826 -5909217
-6669208 5796099
8226501 8288680
-7759252 1933028
-169964 -7378250
175608 -3823860
-3581809 -7329535
3640232 2212810
8792705 8793183
8241133 3455000
-9467070 -3499469
809580 4231389
1693889 -4379815
9787734 2186620
1867156 9923146
6530281 -1843737
-6047637 -8591666
2213367 9861073
-5689546 4695216
-166682 4454115
-9369744 4140490
6810955 -9991074
2221736 9564799
8357982 -7032460
6422540 -6469207
31325 -884533
5863208 -528178
-2391640 3357257
8060230 -2442903
9996595 -2603906
5552357 -72614
-6147927 -956771
-1095698 2021072
-3283711 6065440
519555 -4268892
9871598 -934041
-925114 -6333837
5747314 6682554
2166446 3812974
7343768 4105297
5737116 -1411014
577161 9891445
3248702 1600325
1673774 8185521
8097967 1308932
3752671 -5813278
-4253697 3650324
8187749 7604744
-3813464 4650605
-9618286 7420390
-3513651 6706091
2888607 2769664
-8031430 -1922413
-8109438 -1364079
5257570 4135016
5240355 1750682
1642127 994687
5111364 -4182484
6519389 7407181
-8767534 9301490
-6511788 4617356
-9215968 4985137
-4893767 -8249133
6401473 8971781
6392171 1292769
-9484788 -700461
4585555 5394873
-6527540 3403819
4556093 6554126
-6794506 7879374
-369944 -186337
3324702 8445849
6779717 -8727817
8679365 -1563934
-2262443 3299106
-2083538 2428183
-2586680 -6257879
-4507011 -1299505
-2327724 -4964095
6328674 4410814
6226705 6580800
1975673 -639762
-7235942 -6671388
9882738 -2035515
-4156140 -163497
9650166 5604585
4050434 5473916
-737548 2974869
3927287 830152
-5870742 -9541831
2886352 4181196
7923318 -5437927
3262568 -9700328
7851929 5932659
-7140175 3451196
31996 4180603
-6459159 1602882
4931494 4524021
-7511493 8821251
-8825894 -2669415
-7064830 -1667633
6322635 -9175727
-3684506 6985604
-9667892 -4414913
-3956744 -9757219
4423978 6977719
-8460208 8929608
1745632 -5136352
3312659 -2681288
-9230092 -402439
6294516 6172484
-2224634 801905
-4674074 2351710
-6310687 5223212
-7446203 -9669215
-1336848 -5136580
-4312307 -4511033
4990924 -5014212
-6912773 2003187
-5237680 5323032
-5182897 -869516
-1939908 1702650
6566298 -3643105
3675607 2322077
-8080362 -121043
8567793 4445516
7763773 8214155
-6917783 8859511
4082724 5606051
5936837 -3228470
1634950 6636521
-7874511 7116341
4618481 7322643
-8157818 7116413
-5044203 7705709
-3163807 9120855
823505 -227099
-1353852 -2587363
2251066 9906156
-7698535 -7678244
-716376 4170705
-5098788 3385611
2245122 -2952603
5169800 -2016571
-2728689 -3672154
5480720 -6377011
-9260669 8906262
-1254743 7606209
-2761026 -2125836
-4420127 -6896208
-7775353 -5288877
4484024 -5067582
-5138592 -4435496
-4529340 -6869827
7968281 7112474
-6200469 -9711522
3674089 -2748095
-3184346 -1299257
-799476 -4080789
-5236590 4501806
8124796 6471836
-2105550 -9755870
366691 1380479
9254643 6639707
9743499 122017
4833140 7350869
-7716713 4484498
-9950997 -682835
-5036310 9661047
6773522 8036015
840845 -7068029
-7299772 -9426947
-8209851 -5485066
-7049502 -484118
-5982312 -6492975
2495213 -9769740
2990742 4658836
-3960685 -9610337
-454277 -6642567
3479450 -4706041
5161180 -8194426
6290073 -9171058
-7337541 -39181
-378133 -1144572
9407795 -2373851
-6925528 -3604611
9484794 248641
-2720073 -4225300
-2193066 -8725057
-5218031 -7253223
-7022963 -5659025
8999811 7277182
183198 -1515869
1841564 7555479
5365790 9728921
-8465505 7837366
8666309 526970
-9512211 340920
1712700 -8671232
-8528730 109656
-978603 1120496
3885489 7062094
5353147 -1493808
-218865 3681768
-1055102 -6839919
-9982592 -2920544
6872991 -5561713
2922419 1533572
-910949 -2943811
9301462 -5236017
5117702 -5545159
4981811 -9164043
-6306770 -3699637
-9854517 -2014048
8095609 5405930
9042778 -8383247
1195200 -2882994
5623198 -4555381
1642740 -3451653
-7775220 7920686
-4999858 -9412362
-4974075 -7757811
3775761 -8126867
-8554326 7948344
5228680 5381164
9836005 -9252864
4099446 346382
-836903 -2665832
5320120 7792676
-4285042 -691420
-6558314 -4067919
-4434560 7274089
-7281292 4636886
-8814767 -8811362
1625676 4361448
4949086 -6589987
8168554 6625819
1015304 2491364
439708 -5539333
9841831 -5022669
-4275533 8184740
-8952526 2194188
2044708 2340265
-7350707 210571
9519152 9881181
-4186738 -1635748
8154693 5477190
114076 -6104946
-4916307 -9126599
-2248798 -6184339
9742026 -774279
8367892 5216640
-2291996 426933
4887600 -616803
4360528 664065
-8634843 -2754216
1956324 2601347
-5058387 -7587368
-4860445 6517385
6398566 -2409094
-1528490 7175059
2652249 4728180
8623235 -3373797
-9984043 -7233675
9098338 6223280
-4550999 -2232841
5500151 8840365
-8216350 6333246
-4283557 -6791844
-3611427 6671250
6433386 2593323
7711022 -2246270
-7317286 -9093937
7423448 5168987
-7240106 -2177730
-5002671 -3661634
-8933454 1231404
373960 165931
-4551392 2206133
-1570587 389917
8157076 -5453053
5903664 -3605233
-7271987 3657227
-618265 7687314
-3125084 -9039192
-3929517 -1713340
-1443257 -6691697
-5785634 -6218495
8950493 -6244191
1578079 4154166
-9507468 4226739
7974495 -908239
9257692 -8440922
3765212 -1651545
8738372 -5293700
-8230401 4710977
-8894256 -588200
5585380 7673263
5360577 6350109
7310917 7483467
-4229872 -7764506
8060149 5897752
2195610 -3156777
599032 4790867
-1054967 1146103
7889194 4693464
6301577 -8046083
6029347 5863689
-5787855 -1924379
2781921 -205441
7021889 5466869
-5121330 -2932127
-5258864 643985
-3005905 2980402
463869 2618066
-2630088 6821364
2719117 -1249651
-1890076 7946413
2737280 -5085273
-1422818 1225309
-4081227 4198665
6152582 -3533624
4846417 4736702
-7187677 2181929
4492841 1574914
-2958216 -1889404
5178469 -5968918
4675067 -5563194
7417208 2435958
7570376 -8330838
8490527 -9602571
-852221 -5059712
-7113299 -6274004
-1359277 7257703
-1516988 -1859667
4855350 7217905
6200633 -3081863
4171191 -6475716
-1777435 1047050
5138317 6983514
7610463 5231758
9262840 4696453
9133259 -4694716
257594 3937908
-1876578 -933181
-535752 -2172030
-4715390 9130301
-7143703 1128379
-1613917 -9312337
-1172004 1497020
-8768723 -614553
-1180063 6199698
9723982 -51738
3511665 -7008872
2490995 -2053452
5694658 -1350018
-6653565 101458
-2076906 4957499
-1104593 4996046
6579217 697041
8525011 -464819
-1334517 -3956535
-311803 -6190378
-5502715 1521780
5535153 590632
9976079 -4158366
4557684 -717218
9231045 -1203984
-5696503 4281667
4744567 2742710
3909044 6794492
9412302 439225
7913076 7255479
-5232123 9851748
548789 -3191517
6343665 -8652906
9906911 -926199
-4600225 7525500
-952720 -404892
-9814260 -7586588
-9228602 -5417567
3865216 2678172
3990540 5329083
-7872898 -4387387
8355323 8294037
5088529 -611979
2343598 -5219281
4552550 -2982817
-3131068 256675
-418490 9320427
3183873 7417721
9007874 8441527
5967027 3090784
5202245 -5592351
9337414 -4985692
-7886907 -2095663
-9417491 -9891188
-2045753 -1505339
4107274 4573050
-4616561 81349
1985722 -5021051
-240332 2988321
-9994496 -5670679
4585996 6828570
6148997 -3125564
6808510 6683858
5125386 -667130
4940007 5816384
2740386 1092413
-1376927 -7341396
562941 2077800
-5297036 -6747481
1747180 -6338197
8234853 2657212
5254913 8370807
5866108 6134644
-877035 -2759364
-5913691 8142129
4970699 -871530
-1480742 1188657
-2127485 1119697
2968919 -4672232
3660505 5514253
-3393333 -9574722
-6916118 -3599109
8478691 -2253908
998611 -3836824
-175021 -6818345
-1644781 5262144
-3850697 -1940168
6710828 -6389867
-6632879 -7984589
-9842460 -4166206
-2521384 -2546570
1158439 5128240
8764289 5997874
3841995 9030954
4545208 -5750440
-5325161 -2497500
3903391 3668227
3930671 -9724927
-3561751 -5101566
-1919911 -5070717
2707779 6263228
6839412 -1048339
-4921854 8857082
-9127507 3550241
1900387 -1554733
-1584951 3546386
-1325374 9379003
5376877 9573488
1120794 9955267
-5795173 -8264776
-762276 -4333998
1850581 -8603982
-8328908 -6858885
-1960451 -4218747
-6773112 -9374307
-594726 -1364009
7587652 5934667
-2691899 8761038
2311279 -7334202
-6372583 -9303054
4243332 6728018
6107021 2042466
-5867694 5434310
5389577 -5999749
-4264525 5253100
-9080897 2110757
3506775 4973200
630667 -4713964
1067289 -2305781
-9163735 1186569
9822560 -3189471
5261548 241539
-997423 -73436
2592362 -7430351
-6733404 3830209
558227 -1263869
-9221403 26280
-4539409 9181601
5698204 -5089097
-9835997 3366520
-4522723 3950031
-8560417 3599458
8885495 1500405
1710976 2070251
-6743180 -7530864
-720334 2547241
5305132 5595732
-4477704 -5458786
9627216 -5692290
654271 631010
9367141 5410164
-4563556 3728850
-4573197 2662090
7572993 -6586613
-703740 -8874993
5075039 253348
6369159 -2710111
1306646 6514622
-8898775 5254654
240142 -6982377
-1918784 6874397
2470129 9519808
6577375 -6613651
-9789589 7992425
-8860213 -1279057
6647459 -6618966
7109884 -9493072
3169018 4600255
8013643 -7463312
6178047 -6741637
3511712 9826255
-2883856 1253086
-9715939 -119129
7651877 939143
3956766 3901638
776036 -2107981
9928180 4554334
7940683 5762517
-3728705 -978093
7742850 667446
4048480 -2588918
-2081989 4390309
-1009436 -6325283
8727757 3603381
6861745 9520559
9346814 4905804
8675243 373457
2770680 8979311
-81546 1475656
-4622706 422557
830928 6391572
945906 -1330318
-5567800 759108
9781015 -8597058
-5413260 703495
8114577 40217
6946878 1151573
4826290 8548940
2152322 -4062557
7974354 3554047
-9023797 -985933
1903876 7321169
-1183168 9651446
-6356546 7190908
-9870183 8735286
-2356790 -979251
7690431 960745
4236206 8589116
2508410 4638983
7858830 -3466427
6573791 7095151
-1753276 5973408
-2961300 3520669
1974464 -6926986
-856587 1707374
3237793 -51181
9786340 -7364032
-7712585 -4858331
4848929 -1396828
9854810 -4069131
-2532030 4978746
-4060508 -2501980
8603488 7674754
2313737 2692050
9225623 1111899
-1792950 172568
8662328 5799414
-8163564 6453774
2043140 8217380
-75245 3810900
-6240281 3702905
6338873 -6837452
-9179430 -6453941
-5334417 1142640
-410138 5669499
-6835402 -5479607
-5465235 7057832
-2751062 -8379558
4312492 5654606
-3233495 9562676
-7748404 3538115
-8146118 -2510093
6460033 3430276
1647656 -6309682
7501218 -1496827
