189 7117593 1533583
646
-6728453 -9733029
6291425 -3417694
290668 8629051
7770621 4225771
6688318 -8108273
-5560190 -7452365
2815697 3618059
9209093 -6681088
1406285 9696637
4460213 -7436151
2751844 3273244
8576191 5965049
-3277075 1036586
8905572 8579794
-1786261 1246923
1513894 -7044493
-7945835 1485286
-7369310 -2194681
4547442 -5138815
-3247088 -9598689
-7051053 1235761
7370172 -6290925
-2972013 5764644
-2022367 -904382
1659467 950625
6740221 4954199
-6564400 6927664
-2035750 -2167236
-3587442 158526
-8594551 9386174
4858034 4626298
8627936 2919343
3241014 6912199
-8226615 -8741374
-8340062 -2211543
9024218 -8957351
-5248276 -5391115
2889881 -1089258
8006360 -5703936
5246689 3383867
-1661934 -334172
-3406508 -5496738
2336027 1773666
-8067808 -2925906
8976620 8748585
3374883 -6662359
-1226664 -3648994
-6736794 2002820
3261446 -7985649
-197192 7552943
8595592 -2562264
2046621 -8656622
254120 5863669
-9840267 7452855
836722 -9223167
-7040987 -2077226
2426036 9174788
-6535194 -7931143
-857049 -5237937
-6489351 -4603001
-8749008 -9364077
-3013070 -598116
-8595296 24329
-5444968 -7233512
-9680569 -2817497
4620239 4357840
-1782430 1431375
-2704956 9183213
6636068 8471690
1764875 9971129
-2106097 -2527210
9163930 4723888
6792745 -9680060
-4917997 -7371264
-1974265 8452048
9087972 -1407348
7994537 -8206920
1817409 8591254
-8642258 1915593
9098096 6372441
-6753367 4193525
8141252 -3765312
-4582099 1464203
-7547755 -4563703
-4592574 -7946031
-7956889 4217121
-8542639 -4182318
-3862378 -8792959
6352129 8250107
6702155 1219625
2328630 6894217
8687297 -1693521
9414085 -7160481
4755112 -6978942
1909851 -9228173
-2518296 -3630439
-4879399 -2327164
9137039 -4377043
-6424394 538502
-4891177 4105636
-1677243 -8500616
-2682934 9668286
3391679 -219881
-9453422 3454688
7190666 -256192
9154377 -234915
587917 -480704
-5124833 7841674
3379084 2002
-6709818 2146631
1032544 -4711065
2961771 771886
6394843 6153145
9207999 -5384838
8720799 9970449
-8530166 6833174
6501460 9559908
-8143621 -8696748
4757941 -7590509
-5330348 -7597043
2168043 -5535041
3984255 -6175971
4182056 5272312
-4725686 1375774
-6477595 -2438860
-4633572 -1435504
1852735 4554950
-6775553 8328199
5459714 -1752422
-9265620 -7567553
1781973 4180513
-3743227 4720566
6023818 -9200214
-6790723 -1886847
516110 -6701889
-2236930 -2121071
-5780689 5200505
472817 4263677
-4360549 8401367
-4037493 -1736516
-655668 -8321791
6233159 1328935
-7826513 -8802933
-555354 1973958
4406405 7633201
-5669934 -7304622
-67704 8704731
9504517 586839
8699992 8472466
-8229422 -7286206
-6890924 -8267545
-550688 -7950000
6313678 -2671613
8246106 2438482
-9298034 4469481
6147690 -5791387
-1946099 46298
1243366 -5102799
6871160 227388
-2139411 3204364
-1583906 -6206083
-7501352 -5292993
5293846 8348390
6820856 -7996835
7233312 -3489809
-1757354 1107786
3157787 2858740
2703479 7691958
-7353208 -8012183
6457298 949585
5158198 -6651242
-4088591 2604989
18542 -6787901
-4044161 7154775
-7124509 -3110298
-6800028 -3667220
1039787 1291585
-360025 -4301380
-9781862 -3666366
-4639823 8977183
84970 -32198
-7173458 3602823
-6188867 5759109
7746926 5530021
-3520394 -3542074
-7676964 4204224
9325565 4154156
-117392 -1765555
-4610780 -8139540
-8733486 5838447
-7828772 -9218937
2072648 -5533514
-7318541 3211015
2061001 4228975
3206159 -7100403
-4616249 7421178
-6459647 5807481
-5917058 -1789707
-6259686 -2648513
-3674235 -8170132
-1449556 -7263728
6890428 -1351199
6883247 -9607638
-7747178 -3226964
-7388516 4788819
5569883 -6480664
-2014177 -5217288
510079 -2357469
4387859 -6816366
8599583 -7428919
2508611 -2405982
5917851 -6016666
2193627 6048965
-6599548 -9999207
4347013 -1549707
1186565 -7757431
891370 -7102543
-6710181 -9406655
9882734 -9709031
-2403859 8058993
-8421670 -7505782
9793282 -6833976
-6675093 -7919495
-4735861 -7180287
-4609206 7712766
7823136 -6136278
-9636592 7899406
-3535277 -3742661
8774484 2557035
3523680 -7618473
-5375904 3121497
6018955 -5289755
7819942 -1968182
-1677212 1825126
-115880 7702676
2713246 5918929
1601305 -6021198
8575659 -4977120
-2157406 4926212
-4844669 -6160202
-9780128 -4250260
6165498 5494819
-8247841 -9416720
-4343333 -7369779
-4988252 -9473357
-3835507 9180347
6406944 -364156
7667663 4699800
-3475074 -3256762
-5554085 8506803
4425732 -1074602
-4579448 -324487
4698394 8543389
3469601 -6003789
-2163991 -7459012
-1709272 1141284
9152456 -9427767
3671865 -5543773
9602800 -9095385
3947610 9328532
1025231 -5385451
4250393 2628455
-2671745 9948527
-3308234 -5565592
-7058789 3853182
5294932 -6345967
3329546 -116705
-1573316 -9284515
-5288304 -1972060
-6914720 4412638
8070274 -4935942
-4363709 -6107639
-9135060 7222730
643697 1824509
-6330607 -9532260
-4917711 7107660
-263885 4694625
-2840496 1849035
6283443 7064371
917553 3851270
21655 1741007
-8375698 -3787515
9444322 -6648798
-6104506 -7432661
-503671 -5843981
-779923 -3019225
873136 -2433397
7305686 -2627280
9197229 1738076
2205816 -2050617
-4942957 -7133377
77600 7288106
-862859 4793159
1857530 7237104
1088375 7936936
-322057 5291435
4020272 3626382
6977584 -6181402
8902289 3464595
136966 -9126921
-2146146 -1601382
-1518427 9357043
-3270237 1243342
-7018582 -4212741
-3747005 -4073007
-8690032 -2296414
7508044 1310038
8619549 1387568
-1375328 9161537
7098474 -7006569
8284866 2229399
-4144218 9292769
-6888633 -5178509
802438 -7166634
6222797 -7986344
-7071374 -9060596
-9703553 6593003
-2163655 1410200
-286189 9542562
7985907 -6665885
-6445946 5966806
9793197 9295875
683443 -8937902
-9776364 8412746
3922530 1824468
-5946133 -161538
-868769 2207396
-454761 -7573999
-4740632 2242599
-3227393 -9652323
-8712919 3998517
591521 -298766
3627786 4099880
3642443 944218
-3205314 -6658403
9308404 1628350
-6559422 348740
1410838 1617953
-7452949 4124021
8464841 -5849174
3989288 6469581
-8806670 -7481291
-5055290 -6879480
-2120529 738569
1086247 -7279570
-764700 4652078
-5646688 -5110320
8989561 9826821
-6712609 7981098
3839048 2632004
6776706 82077
2947169 -4336196
7281757 -9782716
-3142342 -5641992
-8974814 9828808
6298390 -4677501
-9642440 5014475
651347 8072
-9253359 -4697729
-9460947 8530818
-4300752 -5650760
-761079 -225647
-7882474 -7431087
-9449989 -9255166
-4106810 -4595082
-1996653 -3094589
2569215 -7330104
5403533 -9049483
7824877 -149028
-7803867 -7738809
-9899958 8850063
-3619110 1010875
-8981053 -9542397
8276226 -451411
-9404241 -8234412
8631181 8815279
-8894015 -3704992
-1136079 -9613546
-8868712 5739863
-8855219 -8069716
-1164304 -2975522
-305626 -8335519
5131350 3921263
-6227764 7614259
9875450 2956227
-5677358 8484721
-504404 2491845
-4534200 -6780115
-4715174 -6969105
-5203517 -6257974
5073657 -4119414
-5308054 5944016
6330470 -1304006
-5564142 3555867
-1997497 7461758
-5513764 8096991
9761472 -645449
-6724185 -3303037
-5688778 4892822
-9634599 9564403
565476 6703025
-8288778 7204396
-9575719 -9938928
-6908033 -2822978
919048 -4290893
-5893955 -9595198
6348819 8509057
-2794948 -1202009
4870210 -4804359
-7342600 1640910
-262099 -7127286
-5256383 9659988
8873303 -7984274
6908548 -9464216
-9899813 5700878
-5079745 -209698
-3005302 665663
-6756913 -3368523
3808499 9935331
8160790 8851406
1772561 7243899
5752956 -7733164
-6418821 -9362268
-4166627 -7041992
-2884730 8451390
3840456 -8992875
-9332886 -630476
1385250 1100425
1636210 2056769
-2242353 -9189850
600452 -5747251
-2565235 2677902
9309379 111502
-7436815 677852
-7954389 -4365770
-7121871 -9276024
5507164 3818172
4455904 8631086
4105446 9088343
56085 -9710723
3812755 3737069
-6893407 -6103459
-2486681 4479869
9052990 4491843
5301993 9149529
-6597722 -3189362
2004892 8418798
-8953348 837043
4031248 -6169376
-535146 -6390162
-5666186 6076859
-7588617 2342984
-6509578 2357330
1445673 6867287
-327084 112220
-6150711 4018111
7914652 -6514329
481892 9472234
-3519571 7944323
7093852 -465117
-1138127 4298775
2717573 -9503869
-6150474 -9133235
7213741 -3719423
-109585 397126
-3526015 -3321404
1537932 -3259419
9097911 -8598280
8269007 5028354
7656926 -6940063
7078048 -9541724
6460299 4022568
-3988846 -2490948
-4546624 -3057808
-1006573 2491584
-3209641 -7452772
5559711 371652
-6245231 2024284
8304861 1925590
-7677284 -9031489
-2352893 -1804723
-2547790 -8686946
-7285226 1701391
-3270255 -3449878
-389941 3500134
-3525238 6903023
-6558057 9204459
-3286489 -7064939
-7606395 -546902
-8055318 2166887
-2769532 -6096616
4275036 -1264959
3275677 5306531
-2767879 546158
1514669 1580538
2292167 -7928810
-6615756 1678128
-6620481 9744378
8810852 -3900982
2115504 -7374384
2044991 -9062737
-9858278 8590266
4041680 5486935
-5059967 9371585
-5945175 6435285
-9661330 -3115285
-1863892 -6198355
9108176 -2869942
7676216 -8588215
-4491325 8856650
-9072160 -8292763
3385365 7800843
61573 -5687916
-7072546 -718764
1906852 -1127575
-7673960 5042959
-3850423 -6048156
9438779 4984114
4355699 -9808743
-857105 6895164
-6220121 926876
4728521 -8002083
-8355673 -5567661
-4155876 3836698
-4790300 9320544
-8972219 1352799
-8330006 -3862460
449624 -3070501
6210735 1731567
3120344 -4106570
3452741 -9366060
7102136 -2037264
-7053150 9602319
2309928 6540915
-4047569 -181098
-9254222 3969175
5967092 -267690
-3318999 5474300
-8172650 7611420
-551684 2525125
6394276 -2962950
3174590 -7007551
-7561700 8064271
-7687810 6140566
-7966004 8649036
1799328 5432535
-6604729 5486738
-2394591 -1098536
7958731 8858474
-1322624 2431689
-3599135 -6088838
-3840176 -576846
7413806 4884309
-4987919 2840825
7882302 9241156
8794558 4460397
-30801 4276578
2340849 -5514500
-9373934 2407499
-6427113 4653040
-7398073 5176415
663153 5372215
6790031 8513550
7372024 784914
-6783397 4748762
1176276 -3950600
-2011093 -382532
7018130 7336100
-7306723 -4597287
7160222 -7969789
6490609 -9424421
4852158 5954780
-9559719 8976160
1383659 9709359
-3121249 3582699
-1240886 -2527101
-7154886 -519322
-9489419 9422267
-7276467 2151498
-3099740 7882605
6448358 -4059863
-1926043 592889
-2071011 6953617
-7643670 -4907913
-2877701 -6861381
-6285802 2032904
-2012315 6129260
-2378228 8566356
8275716 -9055682
4527017 9005431
-3521670 7670819
-2848502 -6713868
5224751 -8160203
-3492353 -9821569
577388 7948285
6404774 3407907
6517148 -2974254
-6020637 -5521269
-429181 6962490
-9898891 8852046
884950 -790530
7855082 -6184693
4898016 1388987
2333305 -4523146
6998637 -4309916
-6639097 9376675
-7337193 5993320
7833117 -6971247
-6792816 403910
-9131453 -5659236
265023 3784573
-9189681 7273321
-8247947 -3217828
6261014 7306035
-1325567 -6160776
-4434954 6362123
-9822570 2075735
-6535277 -6579872
-1103018 5075446
-9234470 -1685620
-2308945 8411971
4405291 -5873566
-2844813 -7129786
3274125 2238408
-904476 -7121276
6663297 4142672
-6067654 1876900
1175424 -10032
9812355 -4315601
-476377 -2563562
-6201439 -1513212
-9437476 5088669
1025149 6492343
-5915858 -5972753
-5142021 2438483
850454 -5150328
-8507542 2549035
5419249 -4744254
10506 -8836002
-5957278 -8790274
-2131249 9106031
-6500717 3222371
-6787661 1801097
7485496 -2808941
4627497 -6975305
-5972165 9525471
