359 -1686069 -2165369
877
-5032581 5262884
-9814515 -7958410
8305965 -812173
-1369429 6427071
7853211 -808941
2566051 5390169
5129100 4048341
-4492278 2819597
6450272 7741836
4028315 1769081
-8472803 -1708626
8137534 -6847332
4975277 5500861
-744809 2597086
-9088983 5605153
-6615610 7089823
1647765 8394788
-2417385 6086227
2513298 -7529917
1661142 -1270462
6636060 -7117138
6931203 6743545
-436858 1765160
-7976652 -7561075
4208006 8529767
-3178859 -1431985
1720683 -1748444
-6247583 -5041325
72113 -3304039
4817466 3007609
-7386216 983131
-8105729 718208
-3195565 4261549
6731632 -8006761
-6760871 1834086
4716948 -9090874
7652671 9875189
-5843299 1648151
-3396572 9732166
8261933 -3819951
4748065 3327786
-8420658 -4916926
-7441898 -3531252
-4318939 -4668240
8339369 2630215
6129698 3014880
-6266912 3469505
-2268946 540322
2533561 537524
-7628390 6979039
7888165 5772690
5647880 -395090
3769413 -1942811
-9694293 9804581
-4015369 -9627159
3700627 8567640
6167066 3249048
9717796 5279970
3128082 1241520
6388088 7915210
930090 -6016197
7453308 -4965862
5574460 -2820470
7717054 7700714
4679753 -1891979
6397064 2605016
4726278 -4915729
-4342188 2044944
-5634123 -1504309
-1131468 -4036481
7047511 -7133140
6115908 5085512
-7118166 3214577
-5543902 -1649943
8781619 6009916
9993719 -9155814
-4121676 -288291
6891239 -36621
-2335907 3969137
-7922842 -2875354
2246014 -7656153
9944470 990574
-6964482 -3027707
5467984 -4397718
-5917847 9917748
-7215392 6852869
-5545267 -8870336
4344241 1416869
2283278 -2663433
5862835 1316691
-5322771 1064897
-9223394 -1627094
8336285 -6928094
7041043 184197
-174805 -3999622
-9139423 1634553
-7374872 -7928790
-8440145 -9194953
8923681 8176998
8094746 -455809
8913412 -6994166
-5864502 3395707
-5187424 -6631855
-6778936 996092
-7687217 7095854
-9322897 1600251
9973157 -3009987
-7421729 -8546291
-5845742 8309442
6826173 9619314
-6229781 -3504194
-8916632 203102
1008150 -3604653
7088698 -7356777
-5296234 -7551817
-4545982 5183444
-8904497 -6382821
9501676 -7894132
3101960 8424431
5520285 5239093
-3160656 -2068904
-2562539 6197388
167449 -3187498
7638296 15732
-7848602 -3161940
3333866 -3019179
7183924 -4078383
-5166683 -3066414
-423191 -9291574
-6843391 -8077985
-378189 -3203073
414106 -8873021
-6767152 717315
-8341902 -7567865
7671228 -1148840
6782256 -305264
8408476 7026924
-6160574 6736069
9268153 -1424074
-2069662 3994075
-9025104 -8580449
9857521 3780556
-9285858 8158820
1383598 -5309162
9129205 -7192697
-395770 4540208
5667187 -1248984
1984683 2534689
4966824 1416387
-9732452 3642782
-6662482 -4845596
-7818672 -433844
8818578 -8254006
-7161728 8537107
2531182 8086731
9506283 -6715038
-418130 -3977570
6697603 9363804
6570994 296012
-4380333 -1918799
-7378591 5700199
6967567 5223898
-9725061 804949
-7778664 -1047749
5111385 -2241885
2912519 5005236
7087745 965255
-4772399 -2389801
-3852694 5906323
3993054 -9417774
-6132812 1194840
7217271 -3984311
7895845 3449059
6261423 3914874
-8003925 4466839
167038 -8118909
-378659 7133837
-9544862 -2865394
-1396791 -7587368
170747 -7323526
198063 6230946
-2803799 -6916734
693465 9802160
5708483 2423802
3006028 -642876
-9448036 -7782111
-1766421 -610431
-7161372 7769235
-5799539 8645776
3112616 1616403
-3986154 8712889
5846726 5796006
5446964 5635187
8047819 6301864
1494690 -5949827
2797471 -9265082
-6181816 4209105
4011265 9993672
-5066173 -2971998
-1098522 -7763900
-5546010 456207
9845776 -546558
9739030 -4796079
-6150303 5200756
-3182840 -6060509
-7347620 6962313
-4725328 2831006
-9017454 1015458
9833674 -9278364
7288162 1546717
2281636 1328365
-4462530 85633
-7404342 -1383828
-1839474 2065088
4301188 -2470515
502044 7062004
9031799 8755178
6475451 347821
-4451423 8770829
5226672 -9674851
-196186 -5117911
229448 7879053
-8589137 5078486
-1683525 -6271654
-2208585 -8755462
2572903 -4395363
-1793378 2589403
-8794424 626725
5208165 802280
848117 -8117546
1460811 -490646
-9219116 -8649838
-5785665 492610
-736561 7256336
97837 -237088
-2838646 -5509889
4885516 9901651
-2503510 -92846
3635500 6296380
7540918 5812965
-8582398 -8573085
4016319 -7369827
-4226750 -375776
2942857 -2261753
-7862947 -9018584
-6992878 -6209026
7657488 3597864
-5909526 -6211994
3560694 -8128177
-5848912 -4129735
-7123271 6174883
6076535 1312442
3735948 278597
-3425023 6089377
1902342 -2628552
-8685285 6632247
1778772 -4163704
-2023128 -2152614
5585633 7552023
8533439 -9080271
7227056 7722687
1320551 4056913
361271 -2599104
-727280 -2072622
3797643 -6078034
-9903151 3423808
7252602 -809276
9469322 -1310264
-5220887 -6495098
876350 -3955701
5192899 -802193
5034103 2191065
-9961548 -3028329
-5476306 -6989024
6447057 -1859563
8379476 5573485
-7853250 -3809535
3591362 -299972
143758 2508022
-1053660 -7135918
-1195758 6457753
-4351522 -8440459
249278 8573196
-7921902 -4882200
-6321549 -2455257
-741097 -4529200
178217 1387702
8359374 6809358
2336686 -7266979
873459 5399420
-6510742 -1216256
4974209 -747065
1469315 -4363992
660382 -1434429
-6053995 -8386927
587179 9606722
-8833736 -4733401
-6160205 6235657
3869809 -6068106
-6007011 -4082107
-6094955 64612
-8547685 3251892
61251 4083263
6816284 2328041
-2272539 -7602063
-6301967 -2310257
-540969 -6266929
-8114568 1188595
2270518 3444698
-2425876 2545814
2152537 6216524
-8516877 8161303
-3086688 -4164847
-232953 7839271
6273516 -9216879
847733 -3723612
9528281 -9821438
4261825 -5183600
7144441 -7894116
7020173 1078109
1284205 -5128097
-8878674 3234559
-5576846 3259588
9220638 -6993242
-1931075 -789976
-4573452 -3205238
-5043935 2737814
8572967 9426024
-218353 1869377
-4831150 -9143634
-2867246 -3944837
-3766275 -1467064
3349336 -3338965
-8716729 3011902
6606364 493778
-2117967 819797
-5945644 -9593079
-3817139 -996641
-5473530 -9006138
203886 -4596501
2198262 2595395
-4666791 -1853213
-9910837 -329321
4056409 6422528
7278894 -129190
5925973 9225259
-9725453 -5588352
-6410964 4676051
-2312047 3623884
-5882338 -5127693
-1791544 6810669
7217590 -5483953
3519406 -5220836
-4226974 -6599549
-1196049 562228
5673975 -1506735
6640052 3518565
-6810756 3523536
-53936 6729215
-3399975 -237995
-8496383 -2775042
-5847041 5042350
-281599 -8221836
5402048 -2258005
-4869346 -77293
-3266624 2036062
6552109 3339111
8118275 -6049033
9867770 -7412132
-4333552 6407654
-5099081 -1328279
4706638 -8659576
-2619688 4057323
-6697110 412235
-9825760 7326377
7067687 -7580733
7461617 4194209
5972374 -8779354
-8521007 9696371
-380922 -6109226
-1556811 -3390352
2465111 6352454
2819773 7511650
-9900482 -6900262
9507392 2687544
3875617 8282319
9622743 6924663
-6501662 -1417744
1510843 -2996945
6845784 -3198772
-779505 1685083
8395645 -3570176
-2349530 9198465
8894836 4368019
775145 -870536
-1744536 -1486086
7382720 9218334
-753663 -9279425
-6179687 202494
-7109962 -8137793
-9855474 5844058
2768721 -717993
7864263 2283621
9286677 -1216588
5584640 -8108542
3576542 -1351187
5078637 7321488
6519953 1972187
8856558 5245460
6891276 -2068859
-1038593 -7851945
3882742 -4853260
-4132685 -3655873
6546621 -6870921
-5008714 -7796020
8048038 1953011
-8764981 -4864187
7419434 -6666888
2116524 1615634
3507093 -777537
387629 -2298836
7539004 9599987
-5911474 -4533734
-9288274 -3424691
4506450 5461436
7609491 119354
5266094 -6532143
-188015 -5991415
-2862336 -8866591
-6662610 8874958
-6655678 2128951
-218884 3901780
7234892 7095693
-8772321 9716902
-1060634 -648584
-431067 4734772
-3148889 1843347
7309613 -2892063
3683247 -6544011
8917425 537692
-9342954 -9293951
-5826093 -956731
3051854 -1560507
-427098 -3497756
7893554 2705871
7351174 -4573356
1844777 -8762124
8333569 -2867710
9365544 -920331
947438 9561249
-3187627 -9178738
2664609 -9483629
-9859340 -3820163
-364174 -25777
3028267 -3659741
-2953691 -8930396
-7370775 -3798335
4641158 -6263432
238812 -1802569
-9096698 6730413
4673409 -1867634
-8113405 770828
7903118 -3481814
-1885792 2736516
-5185883 -214985
606277 9061646
9578017 1626491
322680 -6729113
3245110 2235029
8575289 2474858
-3939186 8789729
-5008606 -4378402
-641834 -1309961
-596177 2148905
-1120682 2113330
2762048 307125
-8922046 -6447273
-7412734 4648643
9901512 1497424
-8717561 701474
-236880 -5284371
-1141528 1888717
5159604 -8142511
4092518 9181152
-5827637 -9078934
2227147 -4815841
805757 233177
8923217 -265107
-8116202 2680275
7309957 -9156608
1150517 763116
-3167804 72006
7237001 -5255177
-1241400 -580538
-9879064 7138513
4370495 41039
4446108 -7599592
-5742103 -6771033
4926472 -7877936
5559482 8350415
-6465425 9098835
-667988 -2213371
7521523 -3143316
2053312 -9228419
-8385027 1921673
5201142 -8120379
1951627 -4718157
26666 -7966662
-6030848 -8295019
8843494 8785266
-8657342 6606440
9006848 3213989
-1040691 -1694882
427183 -6735255
4131512 -6114219
-7015384 8503017
-3710353 182439
-444524 -5167020
-4395438 6327522
-1750805 -8391212
-6511591 9735887
-4982270 -6549663
8000027 -2043611
-338630 -2439251
8862367 -8030821
1091971 -8978784
-3248442 -9794975
-8973504 98819
3363564 -1772781
2113000 -6029969
-7526952 -9988571
193868 -2386032
2446948 -8720953
7606569 9749344
3874484 567862
303750 8372117
-8177546 -120754
351987 5321480
5398581 2338834
-3175635 2529709
-3932723 4260949
-3017674 7916337
-1984844 2818835
3562406 -1991178
1978853 3895073
3906502 -4324594
3289374 -3031746
-1752699 6616722
-1117581 8252675
-1179463 -4146129
6742340 5273255
7668853 9124287
-3037880 1081146
-6580020 -1979160
-9449451 -7639299
-861998 -7239302
-9322965 9134179
-5530634 6120329
6645503 -8791457
-2380032 8031773
-6292821 -8859291
-1891037 4042822
-6824103 -487094
-2234419 6356264
4726487 2058316
-2668429 6586118
-1773242 -6014821
5066326 -4999575
-4462383 5188878
65931 1002658
3763356 8604519
7738698 9203934
-2159385 -3043257
-9318361 -7791936
-9760163 -5513882
-4373173 -1698393
4860782 6463369
-4023725 -3747858
-7391593 8036679
-7388653 -3741792
-7155674 -148754
3836426 -7540730
-2540305 1071084
8776314 -8580896
2421762 -4486335
-5881816 -1157754
-9437468 -3814881
-4341786 4373234
-902350 -1596853
2889265 -3660147
4641461 -8146160
8317209 8516093
-5231765 -7981405
2571626 6809836
-6931956 9892994
-7739407 5182973
7642243 8428722
-500193 -1386629
32475 7618291
-6868044 -9207527
-365281 4970589
3672060 9766492
-3343922 197251
1116750 9330275
-4329872 5753728
7607568 -5993984
5038461 2827941
4846536 -1558871
-4749035 2323048
-5267605 -2581838
5117487 -1680991
-3252268 -3007012
-1877289 2759731
-7105626 -1236109
-443636 671538
-4357873 -3973670
8309174 1707436
4421039 9314188
1160815 7481604
3235332 -4462210
-7939842 6830943
-341115 -6640747
-5683266 7098619
-578333 7021773
6956288 -432300
403061 4154062
3663402 2073775
7349858 -332855
947388 -8213887
2457651 -9755768
8786914 3020105
7243893 616131
-7553329 -387560
-2905956 1664932
-280926 3607486
-7045219 2845729
-1278666 1779232
-1122149 2613666
-7848208 3038068
-7394232 815871
7486285 9108080
-6301793 -4474818
5192327 1149688
2935801 3564418
3808650 8656068
1676173 7909805
-8957712 2595565
4724357 -1079934
3101350 -6511041
-387203 -8181598
4664131 -7179575
-2883991 2567578
7697597 5901817
-1060115 -1489787
9326084 9849389
1473821 -5937994
-412812 -671279
-9521591 -2311620
-8747202 7295867
5951935 -4069437
6356720 -2422199
2689718 -2371892
-935474 7399008
3404319 -2585925
-767523 -7834123
7502654 5533468
-1898954 6412960
2314777 7135015
-4354772 8314995
680736 3771015
7833021 7487664
-3183614 -7845443
-7640710 -2579791
7232428 -2705205
-4258290 6128440
-6293759 3184364
3328824 -7901570
2013790 6395959
-6189965 -7606649
7075580 7934461
3467929 -4441136
4488177 -2905414
-5770399 4085328
2400323 9319306
3090321 -125170
-2637506 -6918940
7751969 -6560306
-6623745 -3304768
-3493620 -9888741
-1243948 -9391316
3793048 2248090
-3137127 2462293
-1141747 -2878128
-7968425 8876663
-672523 -4815360
-6740144 1623507
8718093 -7204594
-602914 264385
-7899956 -7052305
2822525 -8202590
7394822 5190365
1146412 2701371
1912956 -2336857
-9709245 4522667
5131351 8419336
-6816222 -953193
-8490900 -8559249
-8921024 46651
-1076685 -7116295
-9415303 -6889449
4734059 8250792
3562550 6360906
-3374709 3452152
-1083801 -7040363
7273399 -1274665
6432053 4255076
9472800 -2815427
4847716 -2421535
4617484 1385756
-194908 5138471
6701630 -7734812
-6294061 -4494778
5551874 8210731
3610788 -5215085
-9588181 6991541
-2241315 -3288162
-6927256 5145878
-8885618 -8678765
6797224 -301965
939723 30582
6802010 -3413025
3771548 9888128
9982945 6274810
-2339434 -8864383
-1209560 4600429
6865617 -17990
5487233 -4507929
6219154 -9428443
7872824 -6444541
-9453000 -7653706
-941868 8284643
3430521 -1694315
-7856728 2130876
4345264 -2938744
-391810 1456849
8043824 7801339
7689467 -3589800
5201363 -5668275
-4532658 7672412
2272841 5378281
7876644 -3225866
2266205 -8345189
-7773632 -4119771
-564312 -8998289
-6651994 -9900808
8383836 -17312
804725 -5077510
7053367 -5669291
-6091683 -4535651
6921198 -6085017
-8283678 3516507
2443060 -2518625
1813100 9405789
7078201 -2355577
-6977296 -203206
6570928 -8132606
-6477795 -9100652
-3220423 -8646514
4871549 -4251427
8364118 -1268383
1230657 735907
5658398 -735694
-3888633 -7964618
-9983916 2711765
-856900 19685
6052544 -546366
6935009 859422
265211 -1504396
6140027 -8735539
-6422393 9859764
-8272842 1679084
-4905216 -9851464
4018374 -4750636
-6485711 1874362
-9394021 -8593725
2142183 4394759
-6340935 -5647011
-3611629 -2199419
3028698 -7713215
2306470 8920807
-1625558 -7828202
3031220 -1640986
-629029 -4690549
9090265 5812783
5672547 8027350
-293566 -7332128
5332760 7399705
5165421 4801219
9191933 -648866
-6726238 8679711
3074470 2314264
6667253 5415945
5732878 -750112
1536673 5571977
4492784 -1238424
-6550274 -6156857
-5281491 5383578
-9306970 -1002702
-5189919 4089480
2116831 2299647
4967519 2998980
-7084963 4339617
-859164 300280
2167766 8080459
-723478 -9150879
3163386 5441528
-6626175 -7649008
1600880 -169361
-4597384 9106703
-9615369 5653905
2013400 2411753
-2204669 -6165643
-4651993 6731910
-6662258 -8995287
3304360 158088
5673420 -2029075
4826895 -1728120
1088512 8588458
-814731 6484083
7333205 -6743722
1214159 8461791
3329135 496591
-9672770 4587984
-3788960 7446368
3100273 8246199
-6825696 -3404329
-7053619 -4886326
4361936 969635
-5509299 -1705612
968829 216030
703308 7795061
8583293 9158601
7747059 8046555
4530638 -7811843
7960788 9448680
426823 1863843
-7639566 -825053
6279283 -6244041
3718679 5204017
-4033432 5006675
4118699 -3181048
-5551022 -859128
2626859 7065080
7875820 1327266
4059649 7117560
-2571026 -8638999
-9480397 7279309
5325864 8528619
-9283223 783014
231695 -143498
4236698 8677565
-9631136 3174870
6930829 6597132
-5682499 -835501
-5828825 -6834140
-7498835 284069
9424941 8289874
-2128694 -3049857
793762 2051801
-830639 -4252874
9624480 7369763
-2834576 -885313
-2356693 -9855917
927097 -7508712
-5135858 -9123564
9554001 3675144
-3149985 9100840
