233 2543634 5776069
788
1002158 8370309
9664235 8379918
9333945 4328939
6715745 -4470551
-3904310 4293669
-2067870 4521019
5498457 4110147
8981023 -2335868
-7134015 -4901036
8773094 -6914204
-8542485 -8515611
1715597 7108456
-5719368 -8527871
-8442052 6194133
-1262233 9142419
7512729 7334017
5713935 2256277
-3414784 7176964
5222765 5047880
-8142098 -6699038
338333 3834807
-9538693 -209968
7454164 -4163210
935754 1958682
5044478 -9679851
4320891 -7774800
9333656 -981654
490475 8552840
-2736675 -6385711
-7243292 2048423
-617559 6001092
-1742631 2785789
-7520894 7612728
-4823039 -2641063
-6823749 218223
-5946969 -2965137
6824895 3514584
9351375 -5485662
-1010628 -3204589
9631912 287129
2512330 6550202
-4431452 3952803
-4978005 -5637662
-2023373 -1424624
3140151 2285320
-9197236 -6750312
6035477 5038944
2651673 -8423515
-1064577 1030935
-8750841 344986
7379849 2111674
-4373741 -4697810
-7667120 -3278904
3516507 7493986
-9702533 -6161396
-9611194 -4335229
2133927 -4673851
-311512 -4042645
-2950917 7155922
-8042405 7665115
3431155 -9810766
5228179 -7239641
-5663155 -8017015
3013920 -2120148
741190 3272268
7900294 -3220569
-5402027 -1878961
-2641513 6042905
3536891 9447205
-6714191 3391346
9056117 3834359
9160508 -6325384
-7851677 1190044
-9137681 -1151004
9030464 -802594
-613360 -7180086
-4419727 -5022029
-3039044 7131171
7527375 -7566530
5705738 2491229
9270660 -1731435
6389604 -3877615
-7834710 6384986
5832191 6264443
-344211 -1781466
-7947107 9118001
5308969 -1288093
2418303 -8786599
-7421250 7457292
9171050 3280622
6100536 4125566
9103537 -8925958
8205214 4197162
6630632 8580846
1072075 5732589
-5998845 -5147277
975108 -7140913
9244073 2907111
-828445 -4343250
3875284 -2407383
-3289382 8827344
-9944397 5928177
-342069 4535939
1993231 2473907
-4245471 -5246967
8878599 -6319367
-5245325 4371418
-1431420 498488
-920666 -7040111
8692479 -4800788
51935 -9848591
5526849 5209986
-1882903 3543395
9200146 -2712726
4879891 7288652
-1367651 3075430
-8480040 4106861
-1357200 -1312048
3678211 -6305757
-9036372 3152383
6833016 9432741
3804159 2358579
-7142933 -8412308
7063933 -7627261
-9911697 1936402
-5395837 5756412
966398 -7343409
6199986 2647364
9934639 1599848
-8595148 5400132
-9008085 -2669118
-8562256 37201
1241506 5028227
1238822 -7403104
-1734368 -5080283
6868810 2202450
-5438971 -4901352
9202692 -6810679
8078412 9934448
1870850 6266626
-5460610 8166716
-9176693 -1008634
-8361270 5505789
9621989 7023293
-5060222 -8426631
-1095748 -8973159
-6419605 8448045
-4007376 -7141652
-4544756 4821901
2257970 -252202
-8049752 3720876
1335877 -873219
-5167546 9027629
8962077 538569
9321547 -7089133
-8922417 -6650720
2340646 -6139062
1883079 4417242
-6043113 -3504272
-9414550 1505068
-4951739 -8586983
2377414 -7993946
-5135598 -1371344
-6549443 8370038
-1882164 -7164002
-926773 -1775120
-131987 -7415564
4128417 2925456
5980377 4700467
7611334 -4393153
-8527521 5301925
1679215 1205269
-4377489 -3670523
2825205 -6437706
-2416286 -7904249
-6491232 3410655
5416709 2631975
-8739368 5886183
-3227427 2797463
-1850186 7227541
7968773 -2593238
-7492450 7223041
-7335151 -2163214
-7462746 6635968
4759167 8645226
3947151 -9851412
-6129790 6231646
-7438877 -4373634
-8294988 -507279
-5895176 5386328
-8686664 -711274
4437054 -2386407
6016128 -753603
4560213 5697686
-4558421 5305053
-7288185 -7289973
2449420 -6589647
-6236509 7735718
4371686 5114269
3759495 -3699255
8965686 -8352795
7878851 -9777001
8365717 -7164104
2328617 -9560026
-1657346 2587082
-8124192 -1050206
6563387 -344010
8902388 6312862
-5473100 -4904133
2917272 -4021047
-1311020 -7515168
8411537 -1854560
-4118842 -8861600
-1230979 -7824972
-1524226 2769196
4416401 5044868
-2215781 -2558540
-7206292 2295252
-4748422 -3850063
8737019 -2361323
6588471 3594232
-6749777 3129179
-8041606 -4331790
764077 4668963
-9352084 9001646
-8513522 6197702
-5656858 -8146752
5508000 2414367
4589396 224300
-7006504 -5722979
9321889 5581522
5539334 -73751
-7778499 -2893891
-4227602 8333042
-4028281 9989431
3583663 7025769
-7328700 -7439809
-9255247 -649762
-5980799 -5370306
-6368659 -5974817
-9777115 7183469
1553069 7634171
-7435109 -5433973
4790327 -2938931
1338090 -329361
-4747839 300175
2742776 -6823668
-7201207 3307847
-5842759 4964277
-2529940 -1428809
8113312 -7354688
7721855 -8946277
403962 -9215388
7930659 8466609
-7508208 -3060485
6639337 4078352
1712523 -7285323
-2719296 -1807594
5253476 -3206234
6464405 4587383
7403910 -3408434
-7715750 4232918
-2459235 146686
7627315 -4916957
3654234 1698006
-3140329 -4902625
8667450 -5716102
-4931489 -5418474
-6951865 -928588
-1472720 -7000830
7077522 -4460073
-9229044 -4833383
3359023 -8693603
-9383484 -9431988
5155395 -8871149
-9763230 7080921
1313840 -4924343
-2261305 -7478980
-2395936 8854605
-6931036 -4633990
-7020263 3774650
8058549 -71365
-2973487 -8352812
-6765048 5643412
1158934 74649
-1869072 1762232
6928849 -9247192
4575557 -1098115
-530103 -7195775
-6066924 5192073
2272995 7141645
4733654 -5830154
9207219 6103187
-2525856 -7527650
-9645288 -3188717
3102285 -6940540
2988095 -6665550
7497990 -6322814
9320598 -9985391
-7394390 -9267058
2495175 -7004116
-6251308 736538
2154775 -8059624
-5255399 8324250
-3967325 4141025
1282670 -8805970
7880228 822022
-3074791 8532676
-8994974 7087447
6415082 4399354
7458814 -8640261
7210541 -7966280
-4289094 -7036738
5494223 4708531
-2042175 7547857
-9456259 8099833
-8647277 2969352
4909729 6808786
-2350612 -3976149
-9835124 2170682
3364712 3682063
-5495914 -6036102
-7503426 -6238707
-9151260 1429295
8345001 -6498399
7377692 -219825
1813895 5803816
1283430 4588233
-8186884 41153
-2410990 -3222347
7393838 -7712707
5256646 -9350896
7457890 1262913
7286764 166375
-7662943 -4892722
8789341 7451640
3931890 -1781878
1979415 5809779
9755427 6428465
2446418 -4655493
5124682 8100428
-3579404 -175890
6928695 9454929
-503917 7704026
6998031 1258163
3545456 7085093
250549 4391869
8171135 -1197898
1484829 -2291561
-4667931 5457899
-4574108 3821887
4556361 -5878589
2447542 9357782
5786247 -3464224
-5603365 2202969
303398 -9250983
573127 9521318
8976247 6723994
-3055627 -9981826
-6207311 -1527670
8073776 -6057596
850626 7338146
8656600 -9159323
-1450883 -978239
6996012 141430
6479669 3881186
518949 -7578096
4296039 1036030
88158 -7033508
-2314187 -7401362
-6652344 4484793
-3477537 7989211
-2770442 -3562865
8971662 -4501289
-3512607 4173931
632687 -7235649
-9897503 7077521
7918199 3999665
5537778 8759098
-8583120 8983668
-4618794 -4949857
9988399 7896549
-8551069 5900156
1383000 4284438
6883077 -5946559
1054586 1585165
-425623 2747085
9184220 7577050
5592113 -679713
6010570 8155882
3436586 4595858
1673380 -3356743
3159275 3539083
-5185467 -7892069
-8908401 -1302947
3747196 8747765
-839334 -3527195
4889313 3735596
-9463614 609597
-2820610 8788665
373831 -64185
-7317100 8233977
5811027 2464560
-8215153 4383473
-4944293 -6080508
8515350 7795417
6955026 8492293
-5452271 -7294918
-5186987 114301
1327707 -8121386
3142732 -4095388
-5106230 -4925097
1326851 -7696602
-4570652 9783083
1088101 -5620410
4315405 2608738
842715 -8538068
3926492 6998306
-6101869 9170094
5605938 5711339
-3976892 -8529810
9962484 4121289
6826371 -7021866
3092436 7026565
1421531 4155737
-9939651 -5579857
-7988602 -5435737
-3132338 7470471
-230093 3338250
7717840 2297010
7422100 -9141992
-7680060 -5450403
4064255 -1735184
9951262 -1237216
6990475 7962386
9432577 -1926447
-7805158 -6986417
-4008283 1911413
-1062022 1537565
-4306698 1600505
6020648 -9640491
7440125 8270004
5740475 548399
6403001 -5692213
-878851 -4489618
8884742 -3362807
1186790 -3456751
-2675583 -8795318
-7516182 -4748954
5729784 -2724320
-2134415 1990645
5004228 5162361
-2926226 60427
4114344 3512298
7629155 -1471896
-8596034 2323999
594003 -3833844
6714555 8844091
5668230 8850830
6877565 3117556
9754749 -5210621
1332628 5762307
-516658 941539
-1291063 8657046
8449078 -5516488
6474158 -5561278
9601083 8831015
-1108558 -6005262
23388 9191210
-9764334 5522138
-2153863 -2347456
-3664948 4155984
-4483573 956492
-7676325 -6950393
-1316485 -8815343
8490388 1717592
-2520101 -1561736
1896155 -7660631
3512767 -520407
3963106 3121445
7560167 -5521803
-6690788 -7046384
-3051646 -322398
-8614836 -5282994
-9760856 6971743
7140639 -8379169
-1706833 -9398366
-5925522 -6524309
9041650 3809595
-2489396 -3601847
8115745 -2274835
-1320219 -3999007
-1659638 8111997
-2408410 -9424064
3697381 -8146871
8847678 4071048
7024664 -6226100
3451503 -7843110
-3126104 -6026981
3461114 4836667
-1026150 9629392
-9768974 -6881895
9110148 -216630
-6407035 -5694495
-6779990 8151798
8393315 -6380079
-379086 -8664244
1964105 -2926904
-2350968 477628
-5152891 9555695
3626744 3862766
7636666 -6305213
-4148323 -6832240
-2859221 -6395479
957541 -4758075
-5128682 3118245
6236350 9931391
-285239 -4897656
-8075799 -2137150
-3985352 -4175922
-556000 -4855788
8996320 6924315
-6002589 1581266
-7941105 960425
-6967528 -5837204
541914 9422356
-6882856 -824432
2343329 -1821420
-5700546 -8514827
9243451 2000460
-4881294 5256995
-2295262 -5885231
-8266535 3871408
4250611 -64148
5759930 -6342333
-8681769 2781611
-294073 7720282
-698451 2830903
6307680 3703338
7866134 -6123204
-6700848 1856504
-8967927 -1591952
-897019 8932648
2934174 -4108246
7892214 -4081213
-8824218 2177625
-1191254 5527272
-8084967 -1119480
1332724 542211
-3283770 -1318004
-8536393 -2907345
7329289 -9449187
-4101932 1169534
7389225 9147190
-6976014 -7794252
4062253 5255359
6179760 8839491
288491 -2389322
3502432 7799093
-6282120 -6777335
-2083358 -6089002
1954623 -5106338
-3709466 6725388
9783952 -3613992
5068004 7623259
7232266 9016534
2083700 6531611
-2298854 4561555
-3774902 7981768
-9812483 -4909629
2862082 -750916
-9395073 -3233878
4376800 -8441806
9357287 893419
-3367564 -9604416
-5693418 -6924833
-9514819 4549079
-6209181 -1222443
5163565 9292068
6915327 6091123
5107658 231569
-3236819 -3336055
3741852 -2808642
7689478 -3019321
-5412598 9966950
-783965 393347
7159469 -34164
1524031 -179038
3230733 1536269
-5551795 -6602330
8989190 9863170
4412249 -8728860
48697 9474371
8766439 719420
-3189456 -4787737
-2039816 -1801882
4862063 -8081798
-8374088 -2760283
-3263252 -1396084
-8912782 1831742
-7774910 1324150
3806339 303253
2640568 9384559
-6562819 -4669630
-8755608 8387653
8250823 -2114614
-843474 -9766418
9707954 -4820576
5898845 1721576
6933839 990745
9188864 -7290611
7143943 -5105977
-5349907 -3432721
-2312453 8769855
601597 1386841
-7289008 -1225234
1594371 2826687
-5272401 -966317
-3119595 6751291
5138945 -1835220
-1433482 -1875203
-1641620 3389768
8569193 239397
-8039027 -9417314
1573431 4468038
-306221 8894812
6305187 -6721353
-154073 -3162278
8123929 -9044720
-5141526 49826
1340944 -8758122
4068566 -9914182
-880499 -7064684
2202959 1312517
1993649 5999906
-5875297 -2658096
3248025 -9439833
-6684084 2483083
3065769 -5666430
1317960 -4723111
6688053 7155553
-9565800 -8988261
-2150539 -4490407
8981225 -7203521
2846306 -4026610
-2784732 -6160301
-6074483 -5812750
9638918 3800186
7629055 3045018
-955076 1841878
1700134 -377296
-7300776 3169628
8169063 -5051841
-8201919 -3984860
1292030 -6248815
-9093262 3116041
-3355868 -2019917
-3993972 -8659062
6653770 4493593
2983335 -5012746
-1173047 -499924
-3796322 2714956
9031494 2752471
8313841 8358949
200827 6660550
8799606 -2641234
3044746 4417313
9365473 -8501170
-9969677 1213809
4964994 3679906
-3204052 1322353
1818788 -1611916
-270977 3440080
-9549974 7824817
5328423 -3617207
-1600779 -4050287
1181021 -5844624
-575801 -2880749
-4521800 212516
9389418 -2261959
5096807 -1804621
-7387307 8189024
2204207 -9342095
1871714 -8021834
-1825576 2234530
6073235 9353061
-2258855 4970372
-9073195 -9591625
749544 -13480
-1114335 3893183
2359248 -3922033
-7250304 7284886
-5595862 -6459730
-3730862 2173895
9911936 -7601310
594070 -4341444
6363932 -2474905
-1817000 3206763
-2298719 -8915509
-4164627 2571067
1924128 5875705
-6637570 4424960
4833336 2181625
4684498 -5710765
698770 8099232
-5822800 -6429837
3371402 -6941982
-3401712 -3073104
1617143 7775540
2690582 2867426
1042334 1529080
1570527 -6715348
6491415 -2593733
-8992890 9753528
2324595 -5807304
2584754 -3157516
-8732556 6765075
-8536948 5947184
2752771 -1382868
-3283635 6147550
9717714 -6548459
9025911 893565
336813 3089116
-6618992 8140552
1007978 -8046044
-4000612 6071590
1872595 4566665
4489284 7569916
-160204 -1635990
-4926941 5496394
4855230 -7835609
1445818 7657813
-3878651 6122675
-5260193 2908870
-8427227 8874120
4842013 1456172
4866089 3806839
9412307 -3615724
-5475172 7719254
2189563 -7206685
1381257 -1950841
-7384176 705303
-1724781 -6746148
-5865785 7105108
-4882146 8115015
2795758 -8276374
1897791 9973085
-1387888 6757928
-333201 8019140
-590388 -4131729
7324444 -6244076
7562763 6767977
-6847747 -5293115
4942492 6975070
2284737 -2322918
5726241 9648407
353710 6182346
1952551 858417
-9520123 1145282
-8223351 6086766
326744 8114083
8087168 -2911240
-6153312 -7775465
-9756325 9215632
-4916096 -3970161
-214237 -7830361
8937616 4924700
2147937 -2651474
6839948 -7910131
-7716697 -2909571
9255188 -875315
-4692968 525896
-8615687 -391101
3270533 7259583
-4137299 4380542
2494626 5047182
-7864058 6189445
930332 -6901854
-7686221 8498983
-5471178 1174007
3343646 -2602317
-7677617 4314586
4179464 -5202386
-3112517 4470320
4077102 1019413
2660450 -829213
9696683 3332290
5457541 7967482
