67 249808 9609046
83
-5454214 -5558630
6256795 -6241820
-1972561 3519240
4164200 -2624935
-4072191 -4555939
-9039633 -1600001
-4317963 -8938594
-6294016 4420242
8676586 -5772565
286064 -1288264
-5056445 4801180
-5383987 -2195031
6347078 -8155440
5261304 5425447
-4324745 5392512
9833882 4870350
1144882 221041
-6259719 6090678
-6534257 9172321
7132734 420834
8820833 -8090096
-7028689 8093102
2513344 7019222
-8753343 -3322705
-2094617 -6293718
8507463 -5950926
1854043 -4634709
-2790149 5639828
1065275 -9282526
6109986 4987507
-142142 -743118
9477923 5943869
2034547 -8997260
2691414 5734557
-3844609 -1983358
-73453 -7659500
2949954 7492576
4511798 -4585790
-5392143 7979650
-8314067 5758456
2323882 2513241
394884 2709748
-9134072 6694277
7411751 7604735
-4891406 1931204
3704438 3521738
-534393 4966452
-1514455 3182362
-8566729 4016506
-7966852 3693311
-1449837 -2411338
7597590 1959695
-109743 -8499882
9479768 2109388
-9615804 4498115
9527708 3682053
-3608199 2708078
-597644 -77408
-9956321 -2742270
1705286 9330459
2852197 -4847727
2635078 -4590276
1108438 -7682196
6334310 3636975
9846638 2541709
2646723 883811
5359858 -1603199
-103081 244313
4870054 -4749884
9748231 -623312
5575093 5254250
-9521319 1792291
-8285117 -8033105
-8259023 -7602611
-8272152 4274914
9427187 3446263
1372339 -2903602
-8069446 -5421383
8215592 -7519222
-2461161 781217
-8334972 8062230
-3540968 2701915
-7053772 7024886
