559 -4188332 -9579162
762
2768768 1473598
-16977 -2737485
9458593 5063624
-5592949 -1386616
-3225427 -9927413
367411 -6588989
474231 4445886
2132332 2530562
8935661 -2792014
5107969 5484718
605148 4606526
5859547 1774377
-5952972 7729139
-1855852 1947663
275683 9385141
858740 -1435014
-1656147 5560804
624428 3358115
4487851 -2197554
-9608614 -2452169
-6524806 -8737576
5708310 758797
5805711 3949426
-8842588 -9643005
5841713 4741372
-8135750 -1218267
3072462 8963213
6692352 240149
-7812187 7119490
-979016 -5163500
-4082161 2463496
-1975700 9879724
-4245809 4261692
4580491 1165080
8712911 -9757958
4020819 4971877
8247026 -7811894
-1346116 -7754519
-7397524 -3430911
-8689539 -7672352
-6374267 960542
-76245 5691064
8447565 6698195
-3665962 -3383892
-6031040 3151730
8131579 5355022
5234746 -7596849
-818804 8672231
-162688 3505289
3747331 -6238313
1249916 -8933425
5771033 -9715498
-7470016 -7986706
-1417617 -5575083
9268917 7648812
-1390646 -7590804
616612 -7105350
9592846 1049462
181922 -935822
-7784092 -4073116
-8718094 -3332766
-929614 2863839
1536071 -966996
-7461707 8251582
4529621 3889735
4956310 -1198024
-913521 8295889
-9690817 727344
-2331387 -5867185
4297979 -1108434
1300762 -3062469
-7651467 5423686
-3526852 -8082625
-6502095 4457731
2900967 6655070
-6677696 8230165
1094005 4182873
5732229 -5090958
-6839376 5146428
-963837 786874
9588851 206597
-1497514 -6007527
-2763831 -8808318
7840849 -1188331
219587 4904783
4358666 2138828
-2437486 4036702
5954077 6707199
-6318717 -3447986
-6792916 1968334
-7285149 6582250
-6718524 9045741
-6045217 3808856
-8528364 9013705
-7683068 9631760
-161643 507799
-2983375 4422135
5613817 8340844
9668865 -3230854
4190281 -4028982
626198 -111547
-6074845 -1451053
7772499 705065
7257079 2395584
-5636082 -8546218
8036032 -9535836
2026257 -2921231
3403978 3833860
2847566 5981040
5612800 4875614
7899766 5164498
-413367 -4548842
6308354 7432743
6718241 7716802
6204172 5977219
-4134328 908523
1973822 -3169630
7535435 -7692821
4702763 -253679
-6283545 4792515
-2226969 9066681
8661803 4268840
-1897300 9799288
-1703320 -5417867
1974099 3466618
-8852532 6425833
4393343 -126135
9822960 -6749547
-9032745 701697
9195268 6541202
-2550275 7171427
-5998202 -4939059
-2631880 9423547
-8313779 4053585
-1153900 4587236
3653917 7919028
-5295780 -864517
-1065229 -5167928
-585795 2806921
8789891 -252196
-3826363 3904657
-6221478 9937360
-6812187 -9433020
1268677 6117835
-4824611 6671421
-3640800 463945
-1958762 -4858534
7081365 -7122650
6930936 -2074289
-7487053 8767586
-797033 -4222964
4912520 -1316784
-3968359 3907187
9230460 6363643
-3888553 -2037802
-8133145 536704
474064 -5198564
-4631584 8161730
4279565 -3821771
-7150350 -846555
9617391 9454954
7112772 -791149
2086201 -9825019
-9382956 4194137
-4521924 -8466511
9826878 -6870009
-5670440 4681043
-8895418 4739398
-6380607 361201
8323399 2851395
-6611901 -7752807
-2951371 -9809745
8351985 3862163
2556744 2417046
4086843 -4852098
7119208 5406395
7131598 3704234
-3604432 4231980
-1573883 -8265849
-6732359 -2987388
-7341044 -3579455
-8898412 -6905481
350269 -3011484
7349717 4722523
-2426082 -3513986
-8750441 5673116
-1620277 962017
7340532 -1701811
3231587 -3268292
1879610 -102724
7820023 -2681570
3539017 -8484830
5747150 -2532027
-8281523 9934585
9463549 6689620
-6889835 -5013882
-9403011 -7877495
-888979 6728106
1450629 -6536390
-7534024 8977090
-2833441 1540899
-7497084 -6284464
2013725 5546282
4794343 2359800
4773428 7761664
-4919906 -3326047
-1810876 -4890196
2577777 1135463
-6413600 6452626
3142246 4296254
1798724 -6950050
7688807 6252412
2980518 -5087935
-9107973 9316181
8293271 6947499
-1511602 -6641996
-2926460 -4540170
-8993887 -6492334
5867466 1603617
-634719 5800456
4990761 640894
5750698 -3038273
8097191 5696237
-5334784 -9155172
-2342566 4199943
-233755 7807462
-3423774 9456159
6884576 -2544947
-3228766 2073096
-8463053 7776604
-8865392 7580857
-6959312 25345
3533011 -9275500
2328117 6563153
-5120039 -8083171
-4925924 4209750
3687829 2387074
-9400336 3341126
-3297694 -5698628
8501316 -4735120
5588694 4359741
-3667748 -1732439
-1761034 4681273
-3245631 -6783172
3509784 5010200
-4892590 -1708683
833014 -2839256
-2114756 -1851902
7227603 6882378
1315559 2729713
9455815 4623916
-2989010 6389635
-7752886 3143645
-38631 -9872994
-4608114 -1050580
5825513 -9020963
-753401 3496933
-1821794 -7842235
7890946 7485565
-4987882 -2551073
-1743404 1400730
8561475 119528
783978 9089611
-1511659 8963071
-5790863 -9472067
5151849 9803900
-1290112 -6335048
-675051 4679191
4806198 -6526646
2422774 9286319
-9734644 2714436
8727721 -1751712
-7077595 -7971693
2030225 -3094073
-3128793 -9186649
2214082 -441305
2194575 5127803
-3266234 -6708091
-7745020 5494905
6022838 5222107
-2457640 -3535883
-7354578 -6308961
8370230 -1231400
2241954 1970371
-6226958 -4307220
923569 -5335272
-4570632 6554751
1099410 -348710
-926430 -1648226
-8318523 5645987
-4795318 5944777
-6411068 3895559
-296180 7399257
-4589486 322699
8061158 1958801
939270 -8566648
-4875609 8119870
-3111530 -3898956
587768 6010974
4220106 9130424
6311505 -3122838
-6568087 -4856325
-2688682 -8259127
-7391001 -2952324
-7306337 -1098760
7362369 -5709523
702388 -9585302
330307 -9048699
-6209648 -9593791
-5118638 5740822
7174174 4367863
2487733 -1663016
4438029 4814918
-6657756 1892556
1022980 7542149
-5580689 7562350
5222378 9850837
4108063 -9632423
-2584747 -7466304
-6048712 6717062
3523891 -7374732
-6960034 -8686343
4781310 6742632
-334807 3370274
-888904 8571663
-4544122 -2937093
5399891 8801622
-3867108 459963
-7647481 -7645728
9896421 -524864
-2962513 -4108148
-4257311 6832085
7199662 4776217
7309913 2367104
-915833 7131267
9756535 3777553
5091210 5124410
1867042 -7203498
6166776 -127480
-9039465 4048587
-8888506 7794224
6595846 8932765
-607271 6511386
1382010 -7271261
-5279773 -5738400
-7330196 -6205216
-9373131 1757714
-3466069 -9071154
3295950 342883
-2525850 6360196
-7345899 4896469
20880 -2769315
-7456461 7745311
-9865816 4404274
-1547138 1226667
-979109 3611071
2543837 -7919292
1108446 8133090
3378181 4452918
8714518 -7509543
8801593 8098408
-7627525 -8615677
-7686831 9428462
-7712303 -1093594
7782955 -1874529
-6978059 -238153
-491116 -9562944
698720 -4440827
9963447 -5431224
5795443 -6650744
6960327 -9067339
-6986630 7332687
5465777 -7979484
6473434 4121816
-871375 -1156042
-3057634 -2295695
-8395020 -2069782
9875032 -8168807
-6746048 6434501
-5440028 -7837271
-5559072 -8963093
3990315 -2418087
3141086 -3533835
1034941 7205387
-9445357 -4379114
9069899 -3169616
-5836929 31323
2051839 4599621
-8762210 2145200
3505510 -1474726
6229579 366415
812986 2964229
4795422 350911
-3214588 688018
-4632900 8049374
1602633 1345384
8927298 -191972
6274193 8109301
5314688 -5415264
-7278026 -2690866
-3344129 -1614316
8417007 -8208126
6391495 -6664706
5480495 -7014802
1510472 7629285
-2004299 -1013995
4466586 -9743597
607314 1325039
-7986943 -737991
-2688617 -90922
-8745537 -2619843
-295462 8914017
-460330 2698113
-200799 8495083
-4195782 -5145642
-4243606 2521176
4313050 -5023559
-1688265 6689753
9674952 704545
-9149817 6308582
-4705412 -6298224
6474532 -8637764
2687275 9761174
-8460465 9598198
-492723 4700332
4596842 -1149081
-9718712 761740
5976205 -5698620
-7203537 -179042
-2808332 -4224594
8296582 -8882967
8609826 2948063
-362184 2609632
5830530 -3078438
-6769856 -8170880
-4469103 6680713
8042949 -8958916
3318611 -7994571
4119979 730224
7946908 4858146
6225417 -6372744
-3094652 2543750
-638518 6506705
8844015 -7118447
-1343040 -5325702
8307683 -3964316
1500099 9469894
2079527 6917510
-6160928 3654267
5483388 -9573591
-376526 9585568
-9373347 3530637
-1947582 -2333577
912999 3945264
-8680238 -7827603
-4200346 -1140093
3920010 7545180
4051885 2705002
-1897092 5797844
2988494 2895901
1447937 6759868
6229762 1296178
-9269960 -7051964
-881345 -9174359
3768402 7085464
6671032 -5397957
649032 -6608124
-6425349 -185963
-6240699 8701450
-9126152 4487650
5863910 7595416
5140596 9189854
1894856 -7699728
614468 -8291167
-2878914 2514116
-726016 -6397037
-2584507 8569023
4033411 8020099
1362092 -1854467
-4769003 -6847933
-9729538 7646847
-8961277 -8097971
-5767581 919495
-379055 -5386625
1617377 -9491928
8103488 -6988855
-7799001 9997639
-7702089 3244084
4952918 -3387792
9126324 2912380
-968305 -7925996
3159380 -9083339
1453112 6447188
-5407279 -2807209
-7138790 5331556
2978403 -176282
-5757901 -6868327
4051168 4017127
1146854 -1525482
-1017409 -6327887
9199611 5280583
5278223 9602431
2846516 -8599390
-1987182 92486
-6995134 -9684214
-7610210 9655495
-9427844 2036561
-8999899 5549170
5258314 2025268
-2643176 -4407178
-2067108 8119524
-8748803 2851580
9385059 -5308656
-4317786 5302365
1490831 531913
-4187504 -2818843
-3216411 -6793206
-5392596 3607071
-6300442 9630105
9945891 -4863425
-5207930 -3295576
1257338 4852033
-7082444 7880578
-7577802 2257439
366614 8175870
6295394 -7704626
5146954 815858
5507202 62944
7881661 4532013
7580278 -8810583
-9113074 -8111156
-4904362 -6607225
6999846 -2329485
9816972 -296957
-2644030 -9300596
9920181 2279215
9647601 -5335608
-7455030 -6306129
-1532338 -7434843
3257379 -5032832
-2737458 8834276
-349865 -447227
2132069 4925849
-542138 7673689
1379458 13731
1902575 -2961859
-7052732 2266385
9936900 -485434
9217609 2463466
-4320777 2270225
-5450560 9089931
-6245677 8115756
-8190373 -5802959
9278550 -3700707
-6217187 -7206359
4144270 2535929
4605055 -6438293
8487556 6310757
3984446 -3262876
-732793 -9538229
-2500088 -4636095
146642 3686135
-6799299 -7036468
-2056650 83542
4870119 4934662
4024593 3622573
1738329 1935912
-1350695 295268
6594561 -3935692
-8625698 -2072144
2980137 2893726
6455433 5518572
1829329 -2414808
-3161331 4942990
-2078887 8330127
-6305968 -1377772
-7691637 -2062623
900909 3840674
6440569 8025416
-4523570 8844259
-5016815 -6172960
5762952 9501023
-7687357 -762134
5302175 -5587742
-5143534 1423556
-5682718 6676477
-5288599 7836603
7938148 -9227284
-1767942 6540730
4870857 7293169
-4084603 6153171
-5909452 1081242
7438268 -9259887
8765529 -2492191
8868420 -3604811
222230 -5758040
6259335 -6148395
3089472 -4014818
-7086208 8571979
-4465 -9092001
100828 -9713390
8123214 -3170830
-2398114 4812229
-6130689 -1422286
-4129117 -1649704
7019819 1256520
-7662238 -5697368
-4957255 -8889633
-8865472 2292383
8687572 6324627
3082939 2519300
6370906 -1090198
-2588663 -657726
-9569395 -8023270
5401081 325129
611740 -7057507
-228337 -4498091
2830490 -8748694
-7654628 -110099
8240197 -783847
-9527327 -9267393
-4964761 5260016
-1113265 5326788
-2380829 -7405663
8918964 -7462385
5056915 -3693257
-2267102 2001903
3860529 -6055827
-4079097 5144235
7985716 -3192513
-250020 -8678016
9340245 -8886192
4881466 2037995
-8072104 -5312913
3903240 7226838
7959445 2684445
-9539187 4375914
-7780946 -7005315
-4410978 -652452
-5598485 -161775
-1338680 7024338
-8457407 9458430
-6597396 -1089430
6571157 5403122
-7789391 -8160141
5678196 4556874
-1812966 -5523059
-968712 5018441
9705529 -6931499
2811691 959184
6159981 -3874879
-9498965 771137
-3717826 6620794
8484694 5236441
7591018 -5612452
-8588114 -7113791
4860992 -3747661
-2320739 -7045521
873953 779948
2619807 -5749581
8807293 -4399085
77856 -1701997
5832797 9510679
-7420820 9109145
-7415319 -1945322
4179799 5390872
8678361 1261015
-2118191 -2802813
-7566372 -5039465
-8135565 8882856
4285417 2540999
8793338 5792673
1263504 -853591
9926357 8988951
-6760630 -7862543
-2261628 -4937483
3360520 4563015
4073695 332581
-8041922 -8290331
-235653 6652875
-5439901 7059111
-1679874 6460499
6174038 -6761540
-9284653 -1281712
-9882504 1124018
-6334983 -7420218
8372455 4402913
6065675 4974707
3963659 -364041
-5710231 5992032
-8945451 7203029
-5717603 2028141
4877074 -3068578
-8842557 8356092
-2474681 -648496
8926968 -6561857
9898642 2085419
-2159769 9763446
-1518266 -1410968
9713050 -1444421
1135361 -8884418
-1965152 5894420
869127 -7975831
1660128 -5899477
2608907 7349138
-2931480 5949897
-9505609 -3820191
-4372417 1350917
-292991 -2112183
7239322 -3214974
223169 -251320
-8165901 6166290
5929736 -7361837
-6256453 -7809317
746262 6927823
559757 5972950
1867370 4397975
6422144 8594605
-7304872 5252849
2601988 -9401375
6548522 -2179612
4000197 9670508
-6462223 -440735
7447083 9627780
8929158 3244786
5509818 -2797243
5885399 -8331320
6823195 -139730
2050953 -5668513
3775662 -9433257
6539693 -7202785
-288458 -5664580
5446377 -1592937
-6340088 8650039
9248664 657858
8478246 -1221748
-1551240 -1686462
7872804 -5005205
-5377425 1986537
7747675 -2163761
-2444652 6068085
7736765 3257494
-6882236 -6559253
-9711414 4559961
5126704 -2314931
-7001364 4064249
916021 -5817251
2589812 2710178
1360217 -3637602
7020256 -1233924
60681 -6874767
1438772 5498502
-9506703 1025793
5528683 -8172072
-7819481 7632224
-3783338 3276358
9050204 -264133
-4307034 -6046573
1029740 4684320
-7630611 -4018448
2562153 8672796
-7144455 -4631975
