725 -677448 -3639660
758
-6341722 8873319
-5243323 7884227
1201237 -137073
4657403 -8617041
1063222 -6064860
5946365 4404819
2476237 -6071439
1395071 -4326562
8761383 5079885
5365474 -9976869
94419 -2412828
3898648 -5918273
8606692 3782609
-3852318 804931
-9872517 -9458551
9414768 -4975626
-7091399 6302114
-3834959 -5828555
-4445596 4109839
561331 -9177555
5227264 -866022
-4421109 9024048
-5302514 -9780147
-2183910 -509685
-7970202 -6541131
-6437607 -6818436
9779644 -5359431
8423179 7461041
-1734028 8386336
1444137 7087213
-7888413 -9090192
7211922 -6624743
-9936945 -4979812
1646379 -6623037
6715760 -4382541
-2732210 4724062
3748110 -5540624
7195581 2846681
-7663004 961948
-3062831 -4988328
-9290412 6883147
-8476284 499563
-9523044 -9510768
1391920 2463247
-449540 -1257071
-347263 -7163943
-3788685 1662047
-801412 9381011
-7242026 -3725630
-5591819 3361319
-1914618 9473735
6449463 -5807677
-444643 4349844
-4688207 3645045
8656717 -5591295
-8708148 2248962
5264877 1882657
2371890 -7184431
5278816 5741834
-5515237 6280162
1632572 -5170723
-992324 -3346148
-3965137 7843887
6634609 722616
6600288 -8690811
3299276 3559142
267818 7202022
1551866 -251260
5910137 9823175
-5768120 6863659
-8371026 4566854
-3550489 8040085
-9144346 6893851
2635685 1337753
-9865732 -1349178
-4003549 -363200
-1192996 1766840
-7872921 5004128
8243096 -2641781
-1332591 1278040
-5162818 -2640264
-5438242 4483037
6748129 5105000
-2555473 6113625
-4506364 2658266
9741472 1676408
-283507 9638962
6532814 -3809016
45089 -6911501
1739321 -8315149
-6161996 179357
4462549 7735773
-4743747 2645008
2519580 6589628
-2132332 6015701
-6624562 -8813011
-1813622 -4778797
2842555 -2062804
6567173 -5065492
7592774 -9712917
-5520157 4577162
4216124 7334247
6041583 4196336
-198813 -6734710
7466494 8603024
-8701266 -8459492
1792633 -8695502
-3534142 5761283
-5132736 7048886
3064588 8985438
2688779 2734932
472487 -1043622
6893574 -9124842
8326018 -6684957
-6397874 -4022900
-9445738 -1564856
-4230609 -1918031
4794657 4770386
552029 4327326
-4553297 -5404156
8652704 -1981477
-676979 9261789
5023072 445338
-9989424 -1694769
-2709330 2406688
7657973 -4408484
4547894 9979449
3370959 -1869540
-6038145 1441469
-65079 1696977
-9867878 -2436019
-1837698 489183
7775921 8417865
-4738456 5473311
2585507 -1672050
-1137175 -6775401
-7513612 1238212
4199902 702198
9007430 25812
-7567499 -3273170
2318347 -3701900
8793901 -9909526
-9262714 9382593
-6659586 2164861
6378190 -5300858
-5220525 3275335
-6235482 6510312
-2555470 2941778
-1584911 -8459560
-7615258 2706074
-1552975 -8999403
-5244839 1247568
-8050234 933413
-9040775 1471415
714597 3473548
9771648 -6608274
5998552 -6967056
-7584462 1081902
5763115 -747809
3951333 -4244048
9031288 2141305
-8832030 8730808
-5811062 5312158
-631050 -8871148
-3648722 2604028
-3879023 1753693
5517613 4798303
-4268284 -6607510
-2619743 -16269
-6542720 -3309059
-7400980 8094854
3644151 5745280
-3172818 1113924
-9633885 6059689
4331993 -7409703
-2752045 4317448
-4435391 -4120367
-8808208 -9067723
-7938871 -246453
4873927 -6922906
4830787 -1587593
-6789290 -9005096
6903746 -7135248
2848484 -1057574
-1850281 -5715997
4895210 -1177884
-5432604 748739
4379016 -1460639
-5400950 -6089069
9017580 4745131
-8421068 1447395
7327029 -3734465
-2802188 -2856459
6897088 1035173
4112267 -741059
7671348 1771016
-4717728 -8540593
6840511 3398410
-7659164 4702371
8986374 -311005
1027463 490556
3755647 -3602064
4937297 5594860
2022143 -1865337
5396147 2052699
-6499905 1039723
7305259 6975079
-5881380 3343476
6895001 7019423
8794717 3532060
7819428 -6476380
-5016973 6466065
-7619172 -6898299
320424 -8176461
-5971114 -5278336
-2271428 -8176850
-1778913 5056350
-6832438 4000572
4651587 -6841616
5211084 5189705
-3770572 47734
-2977187 1227531
-5428993 6051039
-4413185 -6342215
7189846 -8533992
-5010372 -5618468
3363949 -2474374
627327 -7510992
6828899 5744777
2982794 -9052249
5287254 -9142215
-1569513 -9288634
-2771710 -6491659
-3333275 -5885599
1820458 -8120122
1927612 -8122191
3105340 8049887
-3382722 1466778
5124563 192699
-5824941 -5279555
-898023 -5169239
2356388 -8318960
-5829952 4982279
727056 5500067
-1035829 3515299
4373084 -6290150
6937569 -5748575
-2240234 5319924
9434325 -5834141
-3954263 -3057157
-1179347 1254784
-8178977 489702
4472832 4442345
7151397 -9045347
-4324901 -402605
-3055491 -8673544
-6992504 -2706572
-7724293 1817249
-2682684 9693896
3209195 -4480884
-771034 -1202161
-4434384 -9901368
-2065092 8682887
5365099 3325382
-9731774 9885585
1140369 3927188
-5583110 -8394769
-1436072 -4522256
8948750 8889722
-8996530 -4284675
9558134 7140201
6949981 -9535669
2281580 -7434370
4775879 9225689
-5255195 2115248
3429440 -2014926
-9399942 -3509877
7689363 8995056
2320439 -1465034
-1579448 3054462
-3018350 -4894983
9226600 2077273
71370 -6085107
5320967 -2209472
-3977794 -979880
8676673 -1159211
-694880 -4419660
-9337678 5626654
-2631305 4103052
-3781699 5438201
5939628 -5370148
-6363672 9647741
8642797 6539686
-4925347 -8674309
-3103495 -6520412
-8899043 3495205
8088830 3878155
309400 -9672443
-9365562 -1839800
-303328 -4369632
-3012491 -3343356
-5246664 -1626655
6516352 6292630
-7087966 -4584342
-9146140 -6114953
-1485100 -8353313
3810780 6793488
-4150474 2151228
-4006729 -5030070
-1550482 924179
6935736 2889776
9284283 -7933172
-7605615 -2459081
5701119 -406316
-2259596 5545175
-7798181 -4602208
-3712511 4727913
-6463105 -3044845
-5112834 -7196159
9205241 8965282
-9388031 -4258974
5050866 -2279859
2387721 4422750
9392680 -9099608
-5659076 897344
-6212880 -9641450
-7574622 3793012
-8666069 5587755
-4818561 7336116
2881291 -448597
-2534453 -4561805
2682461 -2400537
-2929030 3753036
-926770 -1264292
-2299010 1958136
215514 -1721529
-1485036 -1687040
-7264290 -4733620
8683125 3419037
-5683619 4644742
5003292 5540401
-8150235 -9380147
6207608 -54977
9797491 5700049
7767804 3905400
9343595 2678782
2794597 -4766649
8986387 2026056
-9238235 9865568
-5659944 -9424031
-1145560 -9020893
-707933 4555571
2338303 7369404
788441 -5455871
9188871 -6462220
1594533 -2378826
-1758973 -3291484
-830109 3444299
-8339300 -5551364
8354036 -1032618
4162516 9428504
-5338145 213983
4756392 -3042886
-3177318 6164594
6740564 -1965491
-986384 -6320910
8234661 8111356
5480761 822036
5366165 572965
-3372903 8785554
-3593271 -2928611
-3703743 8221631
1665930 4647756
1612744 5466148
-5566470 -4157018
-4728514 -7516868
2697116 1112398
8069512 -7550307
1130639 -2546492
-1995631 7408546
-8912363 -9612445
8498912 7017985
-2159979 9322298
-7588385 -3503975
-4718421 5722539
-7206072 -961287
-2739656 -5795340
8852417 -909815
7072685 1442626
7285608 -7018487
-4535354 4022567
-4865035 5073446
39491 678114
8131622 -6795522
3129376 3686482
4074038 8652343
5670328 4217013
-3944336 -4910698
1585327 6026702
1749241 -9016369
22344 -616742
3587919 4543169
6149706 -200960
3758018 -5043312
-2061799 3222391
-2755042 -6440022
8633424 -4080801
6597313 2379923
-1899247 -8810733
4875750 -2754713
-4102370 -8769870
-2036505 -1050212
-3444558 -8432041
7594661 4019159
5002791 8140769
-9959621 -656098
6403423 7541487
9856880 3628298
1101338 2553129
-4224480 3614898
7174877 1555892
7475091 -4463170
7916753 -1675347
-486079 4072405
-8682308 -3982493
9763989 6906023
-4144189 -2784677
-8700366 -2272516
-8253356 -5072395
-6931626 1410647
-9245451 -734213
9323626 5625105
-8230244 -325676
-7772547 9180506
-4688243 2871094
-5573014 -9480675
-3943845 -7513366
-6672361 4418430
-1509165 -6027092
-7493233 -4642088
-7736065 -7675121
-7943446 -7729244
-7485407 -9363902
-4436297 -6643812
4766835 6777589
-3956624 -8851571
6773535 -1962264
228412 -4632998
7063861 8543291
-6069263 2455865
-4508458 -7624382
7378604 -9125924
5292506 1547697
-1963042 -9293757
8580508 6299693
1140924 -6939923
7847186 -9155557
-8519458 3197479
-929981 -9638221
7139368 -2955755
-1807325 6353207
6907295 5699096
3582450 7482562
6025853 -2864292
9591573 646311
-4461719 2472942
-4136630 -4916884
-852835 -7083115
6139481 -8844124
-28079 -299525
2760553 4719989
-1919216 3629198
-3173323 607739
-6514130 -438674
-878076 -1586952
-5233745 -9374762
6324334 7314599
-2686487 -8326449
-1190741 -93216
3069448 -6660634
-1671340 -9082816
8516652 8607729
4040967 4192031
-2135741 -2336182
7364293 -7303200
-66859 352533
-6018269 -7358802
3248937 8013925
-2424748 -6675240
1737808 -748841
-123603 6697176
-3471873 -979584
-6789681 8717083
-8859780 3841640
-302642 2019578
-4546886 -3273980
-4666251 8026018
-5265599 6486119
-5850063 1891068
4587868 2598661
5467546 4030582
-811867 -5478991
5051287 9449277
-7225963 4953422
-5795418 -7373461
1840067 -2971803
6048613 4080979
-4685585 8368194
-5273814 1775284
6311214 8970987
-4302993 4423544
-5034086 -8235671
8250448 1030756
5438177 -7783332
-2668319 4916737
-8536329 -7457603
9579759 -7200773
-7751496 651804
-4394773 4631046
-226063 7538893
7083442 -190191
6407140 -8385996
2498550 -4351592
7423692 4237907
3208894 -258912
6680984 3734907
-1984412 8905901
-7546990 4163250
6379918 -3733964
3699125 407539
2949936 -6288401
9027178 -2320852
8330953 2529695
9677093 3792034
1330927 6452532
8778693 -548970
-6418614 -9069278
-3420870 -2297815
-8059907 6079936
-4178976 -5997178
7737729 -2334661
9087593 5018360
-818389 8269669
-5464295 -8459397
1948142 -4438471
-8210519 751182
8430331 7414430
-7539522 -9183341
-2874954 -722364
-4269832 -7862429
1588602 8455973
9386695 7025213
-5272602 -2313660
-6233723 8482177
-7515000 9183843
-3150817 -7896347
7122014 2739081
1008751 -4063224
9993731 -3696375
-5618494 -1939192
8811991 -5541775
4389007 8687339
9503999 -241326
9036310 6849485
8987057 -3370955
7601370 7282830
4308043 -6907989
778351 -495582
-2013405 1551793
735637 -2939020
-8319014 -7012053
5727029 101172
-1445700 1319352
139329 9252132
-2687060 -1451969
-4477392 4520835
3208175 8641283
-1600043 9911615
6761101 -4771474
-5626077 9952619
7235449 -1735490
-6127127 4491645
6512415 -5940156
5611638 4651224
4228557 -5500989
-9996690 -3652725
6448447 5909543
-2771105 -1753309
-2501177 -4997253
-3932870 7368224
-5594589 -2671884
-4030601 1589738
-5982295 129938
-2125184 -3114291
-3161672 -9221194
-8440332 2248739
-3259615 6590130
-9350026 -4567459
2600118 -6747200
-9731837 -1222036
5125239 -3171325
-7261782 2787826
-8965483 -5909962
-8390863 -7516535
2368041 -8950307
-1622191 -9807381
-5701291 -710196
9419743 -3136440
-3734379 -1683585
-8388427 -2705441
2059651 -4379698
-7789568 -6828758
-1396217 8800036
4569188 5376758
-5845277 -8796099
-9451072 -2646296
-9858470 1796314
-1597295 5803498
8286963 3692399
4742092 -7471806
-7279186 -6828644
2461161 5636253
-7500186 9535875
-2147710 -5602744
-5791833 -1234565
-3097911 -536136
-4848542 6267818
-2415794 -8371127
7005632 -3728407
9991847 -7846605
-7976549 3676707
7989373 -9459225
6344274 4681333
-1626268 -3607922
-8563375 -2852411
-7164702 5632177
1268430 -5842561
6209666 -2187189
2210067 3768244
5050032 -5938043
-3957827 6418234
2686053 4468473
6097347 1193631
-18424 2786611
-2543642 -4380669
9296038 -26577
514199 -520191
6677494 7285411
6193842 9374825
9038766 -4948773
-9316596 7630467
4304258 -8125936
-313125 1951834
8236431 513924
-2907767 -8103058
831529 -4197185
2787640 3134406
6844389 6033934
-1179455 -1115013
4504318 -3174034
6799389 6276904
8273065 -3683292
6118472 9829940
9204765 4950560
2518139 2312314
-7540867 8243532
2633948 3201543
7669729 -720257
2310019 -7679176
6734118 -1577488
-3258321 9402253
-4946989 -2434353
-6400419 9529320
-1585693 4413753
3756071 -5063521
3729735 5434978
-8248314 -6928188
-7098247 2002800
9469712 7870158
-7301176 4622870
-4617246 1987851
7705746 -4842043
-3045948 8016703
2853879 -2108172
6314340 9264072
1182677 -412003
-330003 5572372
5101692 -1247960
5682145 -4214070
722409 6032351
1467329 -561784
2510029 -5547856
-1028703 3219016
-6394474 -2071866
-7448996 -9042639
2945213 -3695649
-6021340 -9549889
983166 -6832689
1059139 932713
-7286863 -6162955
3425042 -2626520
-7054148 3895814
5164206 -6904961
-1119030 563896
-3403753 846352
-9715432 2119731
-911772 579929
6315297 -4689051
3239083 575877
1533238 9920823
-3774826 -1693560
-1243449 6994803
-9837885 203835
3652900 9739717
6093114 -6262394
-6372562 6366037
261851 -481844
-4870452 9089642
-346462 7942409
-1211239 -3473130
1162953 -1233862
9346067 -8410318
9416983 -9748819
-6656590 5661364
-1901461 2656067
-9037493 -2606999
-5612196 -3159934
7043901 -7764590
4491479 7066271
-9196122 -6786847
9579190 584593
2619101 -5568684
-6479041 -7642607
-9700198 7748649
6791871 -4309151
4456987 -8395084
5710950 -9528823
-9277642 -3680594
4497122 5127933
-2216000 6582121
-6024878 -7404338
-564272 -8737141
-6501731 -9120722
7945550 8995981
-7790866 506100
-8909307 1265780
-1786552 -8211676
-5854283 3709795
-6025204 -5749241
-58391 6961871
8566787 3283020
3754197 6914948
-6765645 4277737
-8077977 -3007093
-6424972 7731477
2843491 -293977
-6514765 -2449850
-9054219 -7720781
