396 1882304 -6334016
696
7055346 1464281
6071701 5841003
9498147 9873264
-4248821 -5773099
7082490 5041087
-1381145 3119864
-722103 8325847
8229268 -2049821
5557137 -5942377
790069 7063265
1160813 -2565018
-2910726 6551700
7143531 4638713
-8616390 -7585193
4297111 -8774773
-4794140 7565946
3406950 1352457
1225722 -8722438
-4495537 -4578551
-9537464 -506747
-7386883 5103305
-4054496 -8402257
-7935725 1891014
-1535010 -5825228
3754390 7621412
7572746 9255059
-1676888 -5084797
2070269 -5337979
9593180 -4533357
9208222 3453879
1019825 3890291
7759100 -5585917
8207997 6943127
-7635424 -8498826
994427 6228812
1332118 5343464
-542440 -3876103
8014911 -206026
3968747 -5961813
-8340401 8996253
767665 -9760511
7671044 1748698
6410719 1607129
-409876 -258687
5711544 -1479749
-7589458 -8685301
8245134 9247722
6190849 -9830358
4187169 6453131
2681943 1071778
8931594 -4818404
1305493 6530413
-3675612 -9094494
-5056307 -8163243
3349362 2809487
3048976 9119645
868343 6633379
-1759492 -6763628
-4505962 -2720938
5799313 7830633
1661684 -8794418
-9546696 726207
-6587799 -93182
-3640051 -839494
2748636 7599370
5297319 9041892
-1911342 1680230
-4897911 9119164
-9044079 4413046
-2777467 45782
-8318221 -3178364
-6544985 2787861
-1459415 2550122
2345536 1695524
-7957491 4034623
5240206 -9338799
1387408 3704193
6127363 -1790138
7370368 -2684038
7431684 -7512688
4045556 -7364644
-3168061 2729003
1848168 -7865786
6547260 1934028
4496162 -4679559
2142077 6286145
-8409642 6177942
-1271936 5597093
9808969 130944
-5834433 -8926399
-8265198 -8148522
-1927977 1922125
-9868012 -4361437
2954525 -5800614
9203050 18708
2654065 386209
5631565 -4235042
-2100827 9486004
-6063616 -2520267
2800174 6962785
-4234717 8432546
-2873160 -5057748
3055697 -2644359
7486585 5854905
-555142 2864666
-2767504 4168505
-3909370 -6303988
-8149073 -2179129
2020257 8738970
-8725969 4805452
7708014 -6260341
-495383 3928096
-4069548 -4144069
3335664 -79858
9399280 -133164
-9184266 8652190
6110794 -4835437
2520204 -2057425
6313832 -833509
4547509 -7476858
6691647 8275042
-8028946 -8219995
-399124 5298629
4037600 -6178018
1143786 4137485
393496 5311631
-8243921 -8631848
-2775917 2414466
4850960 -9797117
-7413929 -9440253
1728290 4250240
1931155 5918157
-6139268 -2160916
-478072 6967712
9490854 2690916
965958 6585789
882147 -1301147
-6002518 2937013
-724653 2999375
9653213 8035082
-4136935 -9580867
-8212714 46709
4977527 -9864504
2854731 -8472279
4603821 -171512
6595080 5440802
1358960 -3667889
-3312453 -1473764
-4506052 -2263956
2943313 -1274173
-4688383 7501154
-3799993 -6090729
-637364 6193764
-8290509 -7286159
3265276 1154335
1573469 -8637296
-6074234 9128341
1780190 -4122893
9921180 8903293
-1268219 -5365079
-9924276 4525001
-9142888 -4673138
-3630550 -6048964
-5796568 -9938988
-1213161 1863398
-8119096 7146745
3572369 -3385192
5324924 -1919089
-6688896 -7064995
-3394307 7034416
913472 6576380
-1778926 8179162
6572621 4839238
3742532 -9998736
-5363815 6493801
-6464845 4990665
-9682473 7228261
3695649 6908619
6969631 -3313023
1066727 7899082
-2437821 8272823
7403983 2947631
3544894 -8865452
6585906 -4754740
-7720324 6855999
3432379 -6808401
3887113 -4290500
-9451261 -8346547
4171069 -7023914
1986239 4291271
-718064 1323607
-1448132 5521394
2430014 -7884184
-8680855 4763870
-4820696 -8084003
2705172 -5097775
7849856 2741483
-3607616 109156
5354416 -6088897
3283454 -7021710
8686241 150444
5859944 9232185
3401991 -4910294
-1934208 -1074965
-6783694 -2426940
8896667 -9947969
-1910222 -4985405
9646763 9964888
4728758 3036144
4952141 -9034092
-4131867 2424414
-4834103 -2342686
282822 6234342
-9854555 1558281
-2947077 -4362762
-1695966 -4054749
-4822564 8255516
-6654778 6680330
-4394634 8579427
-3847512 1411014
-6020602 -8661976
-3647381 7565507
46747 2069176
-4894680 -4000618
9481643 7291857
-283729 2573813
2747479 -4650224
4100470 4882169
8956802 -6969699
-8816109 -3237733
2707518 8526078
6781594 -512075
8684608 7884955
6464382 -9873183
-5945817 -5710026
-4372002 5133222
-4784918 -1966419
2619109 -5503030
-6987296 5261829
2553687 240781
-7185405 -7505653
-9639524 -7730042
-331521 5562074
8592376 -3022702
3739566 -1374718
-2848640 2292619
4296897 -3552916
-5667961 6449306
6576123 2981505
-212169 3312774
-9037652 -9369693
-8819760 -2067819
2429151 -3822570
-8560740 3799350
-5959869 -2041792
-7031093 3992947
-1220743 9371078
-2550495 -6670617
-7176966 8447737
9589371 8558233
850852 6562600
-6990316 9257083
5706389 -4852251
8129254 9858076
-4312798 -5201135
7945524 -9566563
-1634381 -3350450
2826981 9125764
-4558534 3311122
-8730670 -3217407
3291892 -8002050
-8630972 -5761762
-9916027 -7928851
3035238 -8665115
9893118 -7092993
1985959 2624609
1881692 743971
-1591928 4995644
-2629928 -9895566
7419651 -3462673
9487116 -4426374
2223176 5365175
4490939 -2147265
-8836142 7566509
-5650898 2448758
4446708 4949540
9187778 7640994
9712144 -1667912
-333026 1788104
-2788537 2747382
7888344 -439908
2820415 9197423
-3290581 -7713612
4907174 -8771512
-9717833 4079491
9653117 2326825
-2308000 9769283
-9861629 -5607355
-8040845 4699292
-2851950 3818581
-1231879 -3691743
6465604 -8405242
-7556802 -9527748
2260356 -1305900
3957834 2110172
4186617 9471819
8669242 1846178
-3351081 9523384
-9248128 -4621339
1974504 -8443907
3882919 3550391
-4163973 -5856027
-8947029 4091271
-1209437 -4025602
9792979 -6987874
-8163265 -1545035
-7433925 -8922548
-8450296 818691
9512791 -4990726
-364202 -3673588
-4201768 3470626
7833156 -6177585
-6654200 6983826
4878840 -5517925
-3961831 6614024
-7319232 9369696
-6486330 2437440
-3471289 -1483205
-2992455 7082993
-9904881 -2164373
6290592 9316876
-9605672 4448206
-4733102 8856668
-6134058 4460385
-9213203 7296041
766667 -3981908
-159492 9101381
6085208 -1400176
-4401749 -4297340
4833036 -6519600
-7149904 -5847228
6590212 7513804
8546951 8880118
5963111 5635276
-6529097 8070848
-95924 -1425418
-6977211 9761495
1134515 -7185243
7275142 -9193961
8102080 -2483191
3534902 578291
-320327 -8614900
-7498724 -6624590
-8405578 -4235119
-754719 -1900473
2252300 6427458
-3542385 -5388271
-6508152 -8641136
6994140 7520918
5591767 9454959
-1970458 -9534957
2742891 -4504157
-9173048 -6431317
-5625278 -6122594
1394216 8102094
-1319614 4993154
-1105394 7445470
3337232 8360059
6641292 1395882
9495410 4931654
-6124536 8402925
-6985346 -5735938
-4377074 333079
-2146002 9022854
8477814 5133419
5598462 5962117
3974312 9023708
5108743 -9142295
-5264888 4801265
2903359 1999817
-3007029 -1354320
-3908850 4100097
-5023492 5887578
9799812 9428382
-3123612 -8382200
2537077 1811574
6075636 751852
3601284 -1931916
-2909062 4214915
-8135314 3971634
-66249 8085104
7108812 -20500
837206 -6091937
8709328 -5266093
6733724 -1911330
6734350 -5870960
8229137 6243048
2130626 5341852
-2713414 -6794354
7339798 1930438
6258365 -3320674
7431178 -123124
7944960 2334001
9065268 -6451186
7520448 -4964102
5637355 -9070046
909455 -2545801
-6121385 -4737481
-3573 4263013
-7648317 -7412057
-3283017 -3269849
-7026801 1602385
9460589 7462473
3184471 -2379823
2066968 -3252825
3426501 524269
-9598855 -1674667
-9340666 -6625969
-3077154 862457
-1585292 2240955
-4312739 6959646
-5586154 -5947937
-685418 -886932
-6623919 -1707539
-6603244 9311009
8557513 -4272236
-153499 -7369908
-9907435 -8469288
-849110 -692910
-1429383 3277036
6317657 -8782142
-456809 4513470
7887502 -764845
-9902388 -7281123
-2523816 7326700
4286346 -8971328
7597087 3163446
4792866 1216544
2025357 9428022
1255383 8168948
6413064 -2061534
568558 -187104
1343609 -3740434
5566656 -6822525
-1029137 3010851
-3254939 6653626
1167096 -4711480
4523675 -1195396
1523481 -945402
8897650 -2862360
-9317336 1516018
7195816 -4299651
6916893 8279752
7707774 1988682
157630 -8541397
-602931 -1036843
1292406 9087047
-4653387 2481979
5659454 -7363985
-1836782 3429621
83247 -5369683
-7564811 4908279
-6287117 -8749656
-7178706 -524783
-870791 -2247284
1785086 4235297
9935646 -188127
-9392023 -1019098
-9030415 -631109
-6656154 8315751
9795261 -6356433
5246966 2740915
-4777106 1087667
-3759966 -9406421
-3460447 3398700
8029017 4403252
-8172117 -860848
-7094152 2980559
4972128 -4459234
-4190166 8243495
2478792 -5898663
3913210 7594921
-3424177 -5069210
4299681 -2962460
7869643 -9938240
6221680 7643528
-7099205 7664904
-8731077 1468646
-5421422 -9359958
4038742 -9974691
4428561 -6365517
2773635 -5415888
7564671 -1227204
4313562 5679484
3922979 2536799
-845512 2639749
234670 8918123
-6151087 5584050
-7378410 -673155
-611394 664946
-9175174 -9508766
672490 8126638
-404716 6241974
6882016 1941414
1966723 -3309786
324697 920758
5504870 8911637
-2315567 -6901667
1294169 -4414107
8122692 4514348
-2845903 7733500
6651623 -2722820
-7138769 -94881
9231964 3016888
-6318166 7999173
8490407 -8863078
9263560 7023013
3264987 -837102
-8895688 -8624803
-1934589 147003
-8932239 -4412613
7015376 906461
4004794 6572632
4674877 -5300190
1730510 7815315
5548815 2797570
2591102 8884607
-1210274 2200438
7733678 -2031315
-4032141 -9461958
-8325035 -8584488
954877 -5541734
-3862484 3454877
-2653574 -5780136
4366867 9758180
-4654432 -2071810
8834651 -2049019
7039965 -7639056
9577106 -4644203
-6828888 1714842
-5487588 1307616
-7291425 8719927
-6563283 -380133
104904 -5985347
-5447304 -8829605
5102259 6072763
3047382 8744013
-5284758 -3942863
-7206647 1701250
1459431 -5421979
2506211 7160221
-4888798 -678649
-5801353 1340862
-786989 4667519
-3617639 -6224246
-2400278 2384123
-6379598 -6588874
3030993 -7175350
-3160697 9573471
3260218 5652249
-5758635 -6091649
5168716 -1637523
-3064034 -194901
-8493651 2400311
6978332 -270680
9405893 -4517868
4803483 -515457
3341757 7033447
1700966 9002131
5294237 -7445232
-2544757 8083327
-8505547 5410311
8234961 -6408003
-6834532 -2958202
-7305952 7590617
-8501032 6425686
7304515 9451765
-743136 6667685
-8415652 -5759518
-3513846 -6720435
-1238302 8562680
-9436425 -4107953
-7074506 -6434819
5083664 -3578316
-1023548 4626460
-4773861 -7105747
8304565 -1051953
2540044 9236945
-3721257 -944122
-3353505 -1778136
7163902 -8510857
-9059092 -1854536
7329501 4468417
1225251 -7285876
-4006310 1430201
-7119 227757
6119804 4755388
836921 556456
6978140 1561650
8704462 -4079414
-1185161 8470944
9935343 -6069398
-6832453 9635756
-1308365 -5008261
3213603 -8037358
5968138 5338130
5999946 377505
7362274 -574602
2139523 -4154201
7276000 -8896122
1331635 8133213
-4595047 9785233
341689 9967792
1529442 6241874
-7837540 9836181
823477 -7249743
9197211 -6506348
5645760 -6724828
-1733089 -7635242
6843752 -5662605
2191878 3996866
6890723 2811890
-7762711 -9291824
-3446024 -3230650
-2126772 4376812
-4973623 6346328
6131562 1721215
1689007 431330
9189556 8989603
1342137 5734802
8485059 3868369
7362021 4681966
7957139 198622
2563380 3007781
-138471 8740402
2737269 -8076516
4735375 -7946593
5277935 -7855656
-1086306 6972664
-6134172 -8168089
694592 -696726
-8975510 -1107795
1839887 -3173846
-4184243 -4770151
3481003 1029443
7414164 -325754
-5643787 -5517586
4681036 4776185
-9699681 -7686648
3570106 9760768
-8315747 -7321800
7247959 -3692625
-9031928 6419628
-4091356 2525894
-3125842 -7601882
1701393 -225528
1183029 7568750
6911256 -4757765
472084 5539268
9085063 5243365
-5082388 6469440
-9048146 6499228
-6208235 -726175
-5896471 5632891
5393659 -5907916
9286636 7673635
6497363 7077912
3497540 6534595
-939510 7465435
9863553 9406184
-8302992 -1549000
-3980250 -5918702
-676467 2880037
-1580695 5447358
690723 2311970
-1218590 -2495631
-5996403 -1875313
7398512 -7750384
7882507 -2204638
-5596201 4018393
-5791619 -4207481
-7129569 -6309565
2741383 -9294256
687531 -1115676
-9193140 -8198127
-7230775 -6932564
-2851265 5020221
-2099742 -8694673
6752685 -1011380
3816942 -1164084
-1143363 9959760
-1915552 5114704
7364321 2860234
3171948 7999312
2017706 5246828
-8960653 92099
