409 832510 7310608
509
-6922436 -9668179
-9117709 7335177
-9778720 -448725
-2305799 21839
-8194844 -488932
-5404426 -1457001
-3461483 99681
7408970 6803120
4148424 -8024156
-2883612 6205399
-6680456 -609957
3533987 -196468
7184246 8985322
-4044648 6666690
-9984448 -7307894
-6976072 5782312
3117489 -6906884
-4839257 6422571
-3555590 3338770
5366190 2854945
3914296 -9234082
865599 9961764
-718764 -9547187
-7571343 -1725430
-5520031 5946013
7852408 -7938602
1864930 -9684135
9301187 1386395
-1946915 -8434471
-5742365 7772892
3555204 -9415011
-6321895 9797915
6220486 9189046
2527816 -1161152
4210145 5181248
5947166 -9589642
2888475 -1875559
-1422745 -3187234
-2396312 -7830289
632076 -6477736
8100014 -5399991
-5084126 -1515516
2387231 -35055
-5953174 6733413
-2977343 2956668
3541657 -1695539
-9381271 3094214
2283260 -263886
8574963 -644433
-5463184 7327428
7737786 -4698540
-4057746 -9516018
9813100 -6857387
-4687675 -2964139
558125 9933140
-5466851 -1539247
-538410 -1341860
1139437 -8034625
1215141 -8151179
4805490 5186263
6007076 8237798
-6151636 -9136501
599614 6625805
-4018627 6131624
-4024596 -8309071
9508741 -6965459
6034875 6229543
9372156 -4549005
2486856 5847976
-1702532 7200833
-4338413 5561334
-5780526 -4653030
-2687655 -2360471
-511650 -2124737
-6938474 1043838
-8202011 6810192
190044 1584954
-9272888 -4353647
4294330 -9210342
4996939 -3291515
-7740622 -9730266
6499277 4505680
9956676 8294253
-3341419 5871434
3072267 2443532
-1995134 4956050
-9696980 1250206
8889735 -5259308
2615955 -9868283
1175556 -9105562
220982 -1806167
9778788 2973545
1136250 -9588974
3717036 -9494100
9730737 -4569420
-4299685 -1286025
-6780344 4506467
2800720 4715944
-6896270 -6823668
5619864 9459302
-3068296 6175998
9942556 6141083
3398127 -2765276
9882793 1348644
2243082 -3985917
-3275732 -6425299
-935402 4980416
5391443 -3496944
9525308 -9799151
-4368571 -891521
7822455 1772397
-3721136 -6151904
8564041 -8957889
-5781557 1595937
1055239 -8332229
360121 2354659
-8987906 7986943
7738019 -7180970
4167674 4410222
2940657 137164
3711866 8927108
3907524 9664925
8684334 -7223536
5493665 -701033
923799 725994
-7501608 -8874905
7489543 -1253746
-7695283 -8706392
2889545 6053584
237708 9039512
1394171 6461136
-3035569 3114181
-1550437 -5077382
9332840 7218802
-2644033 -7382763
4060697 2273497
-5545226 3584185
-1122999 -9515426
-216459 -6860892
3865103 -5629333
8012114 3223692
4486298 -1120153
-7310193 5501657
-5928406 6791015
5830527 5579353
-5443159 -3174346
9939835 9741051
-5336331 -5962375
-8743573 -9094249
6039340 6512861
-8697290 -8871254
-2770717 100038
584612 -4242516
-1103407 6106285
2993304 2884505
-3891802 5278048
-5842105 -6478230
9023427 3110848
-98136 -3152298
4943407 5611373
-7562973 -4267609
7989794 2016601
6054226 4893215
5798966 5169815
1682676 -172995
955752 1838306
4454696 2985386
1259223 701387
9324024 -4960692
440166 2672168
-2049784 2317328
5839098 -935284
-7824436 -5375537
-6011483 -2621122
-7009749 2077428
326172 1448277
-6535122 7943631
2836846 -1684034
6002134 2035456
-8137539 -8847836
-4493178 -2315190
3186549 -4665435
6035953 9961519
7517179 -5554228
-365708 5359977
-9806342 -2042655
7022061 7584508
4725323 -1450892
-1555662 9197626
-6208594 8713840
-7321531 -6049058
-8105427 4117578
4949897 -3856653
695155 -2752229
-9083713 952031
1153193 -4926031
-7075114 -3576891
-3615372 -5660258
-8698134 8960839
-3162831 -6098192
-5624495 -6547490
-8962982 9547179
-9387361 -8602433
3111545 -1721307
-3007466 -943022
-4475728 6902951
1020530 -7812645
-9152945 -2581155
-2817032 8486779
-561190 1542210
6616179 -1900745
-2961284 3108355
-35550 9541066
1018257 3423345
-158495 -6217332
-2764821 371778
-7564691 4217010
-1869071 -9211451
-932757 -6952051
-5378721 -8757526
8145426 -1423871
763484 145551
80748 -8317692
-9830913 1610539
-6847250 7263716
7879323 -7875751
5232604 2285281
-5657301 -5081961
857736 -4802946
-1020277 -2122691
765439 3215593
9948956 6214902
7003451 3200749
-1234950 -1920115
-677640 8587046
-2836825 3386329
6048232 9984138
-8333554 7926660
-7946449 -3871020
5909048 -8164467
-6040218 -4793699
7935 -3695277
1222762 1708738
6905793 -3133014
-2739353 4596851
-2187556 8401868
-2866878 8026087
-6256812 -9722248
-1642362 6652925
5239972 2508238
8410919 196350
-7303160 -7596853
2846159 4459151
3104483 -5636714
8715171 4899711
2622364 -986469
5318254 5191305
-3099957 5146651
-7986362 9057368
-3829429 6322188
4724056 -725715
9816724 3983016
-3222880 4373530
1026456 -6440088
6068150 5134758
7847460 -3733572
-8814073 -3004579
-8545428 -9455700
7423938 4032087
-8551850 -2924593
6088938 -1344539
-6153234 -3413134
-8266482 -6076456
5497265 -6736838
9585350 6263508
8054145 -8332164
-1832796 -3174241
-8800711 387222
3947134 4944325
-7404565 2225745
1008525 -7468363
-472942 -9557104
3503548 2194453
8742892 -6502017
573390 -6556161
2099300 2707394
9294260 9178681
5618577 -1537581
1725581 3544130
-7676010 1115842
2783679 -6172717
653042 2894488
-6718290 -9049117
-1588440 -5631316
-889219 7228844
2276833 1006996
-6033756 -9880693
-5169888 -8196108
7818227 -13856
3429983 6089356
-1203250 -1608383
-9913350 8045636
-3491945 -9392638
-3332155 5705228
-3178930 8233636
4577271 -1008165
4402675 2121101
3071985 7746666
-7884650 7684385
-2570418 -8516455
-4993107 -6257517
-6138210 9706415
4026659 -1026863
8959282 -8791746
-186038 1844886
2752856 -5094383
-7048747 1127064
1734427 2839506
-1455266 -8024340
2725648 918624
2426811 -2117843
-9996742 -2697080
-4950414 -3170513
-5486128 -4408405
-2924859 9681288
-6576229 1943454
-5833778 -5401614
3571524 9801914
-8989832 8192881
37768 -4952842
-7530873 824131
-8048805 -7209376
-1853518 -4579619
9912393 -3798026
7120598 6691217
7089726 2638042
2457314 -7936238
-1106751 7092984
-7315420 7506900
7188188 -4076527
7866928 -7723927
-3125541 3128311
2930225 4549502
2742383 2962335
8009493 -3543254
-202771 5296503
603479 -9521379
8415354 -5735224
-7016897 8749962
-2042469 8327747
-6517859 2620053
4683815 -4952743
4656593 5939455
-4037293 -6422936
-499462 7341173
9617246 -6849105
-1204441 9883818
4433320 9008058
1970393 -8274216
-1817470 9692055
4988559 -7503761
5491212 496111
4760888 8108390
-625296 -3577082
7267017 7743991
364044 -151413
-2587804 -9250841
-795034 -4952140
-8858724 -7931210
9409963 5167674
834921 641814
525632 1543562
-6932028 9630480
-8643735 7475304
7167360 -2445283
50956 -7944853
-4932389 -5327729
5297013 8058520
-5518562 9828499
88842 -5328282
-2963343 -8251544
5013967 -9547114
8017098 4448854
6517644 -5781067
9386607 9158375
-7683459 -1556041
2503873 221529
-147991 2842174
-7166170 5571845
5642915 -6275374
8296126 2517542
-293835 -4306129
6268744 -6636263
5708588 -4996821
-7808751 -9249818
5014990 -4202570
8766668 -772094
-6323240 -7454691
-3235757 6783767
-1541506 2710756
3671068 8667202
-1111269 775035
6133561 -3825059
4263139 1257093
-2501929 8967392
-5998714 -93946
-1883723 8310549
4190638 3707452
8710631 6901373
167908 -100774
-1786992 3418232
-7353862 -4817102
-9755440 9496029
-1203852 8839251
-5933641 -2991197
-4323995 7254642
-9453971 7737427
6428721 -2918911
854534 6679591
-1836665 691860
3114266 868957
-820493 2164621
8388425 3746895
648269 -6629855
-4214276 -384592
-6966360 3332529
8515427 -3484916
-3988887 8196131
-448266 1276339
8285142 4807261
2061903 3618093
-6128127 6477500
6074941 -4875715
-8196124 -9699406
-6491194 -3070525
314784 -7516437
-2835464 -860576
5402671 9494291
5380789 -4447038
-2315278 8567292
1899821 3682865
-9802051 718363
-8569154 -7068399
4207940 -3790937
3532676 -6501068
-366623 -4990565
-8513065 8110932
-6764783 3505250
-3677804 78228
-475945 7555445
-9960992 -168998
1486778 9838839
1849483 -2796456
-4727142 -3110550
7973094 9746624
3429489 2957581
6192296 -127084
2804517 -3856210
-5130795 7623142
-8877926 9528809
-5461756 8401882
6512814 -6728197
6777054 8541531
-1380241 2264383
-180172 -6900750
-4553395 660166
499006 -141164
-421268 -550265
6339185 -7651511
4611465 -2632057
-9674476 -3171368
6701548 -1959046
4184744 6517820
-3342686 -7977583
-8448774 1570302
-27816 -9704260
-6432457 8605823
7147354 9001350
1265733 2860949
-1523448 8283466
-1056368 -8914439
-6539251 3923157
5889244 9442638
4307479 -4444167
2923776 -5255218
1573414 -1081056
-523750 3249300
-7716528 -1725038
297379 6177347
-2252351 -8542862
-8247122 -5635043
-7029220 7719833
-762465 7836774
-6785925 -9881865
917953 -9496732
4105181 1690627
8130136 9861585
1820576 82282
5638115 4019381
8764163 -3871945
-2436648 -1438108
4327544 337577
1128891 -444046
-4266699 -872631
584507 3942622
8307579 3480950
-6282865 -5146262
5206864 -8721640
3912847 2954670
