516 -9826170 -934816
918
9341233 -388065
-272447 2046395
7190682 4227320
8442793 -2123736
642617 1189739
-4778477 9042448
-5534208 -312154
-4468942 9664441
7800475 1336092
-6765073 7007527
-3788408 3805771
4004271 2865245
7714572 5397879
-4169010 -2963799
9726383 -9057510
-6929223 4896174
-3057431 9067617
-4188711 -4685318
3190947 -5866748
-2160657 6770434
5812883 6349916
-3962238 3060867
-4758340 2795027
6647471 1568820
-1423652 5558488
-635741 9882398
-4736005 -2695708
-7297829 -6631470
-7078916 -7021433
6437409 -1466839
-6570665 -7352533
4231436 2024539
7339221 -7111743
9537861 -9957275
6813160 530168
-3119916 9893556
-4529225 -4857605
7937422 2917847
-5513333 712436
-3729076 4584893
-3016357 -4420633
2883659 -1848465
-5963583 2247638
-2257443 5585830
6635343 -3042499
-7878679 -5820033
6204506 -9935321
5469288 6352757
-1088165 -3939921
6590248 5007149
-2582943 8241347
-6616258 5986684
-8579117 2887833
-6399731 3837516
-9061239 8423903
-5996730 -7612455
539080 -2077596
2686394 -596718
-5010888 -2908151
-3434297 -9571049
-5391082 -8375544
4205487 -1312976
7556133 3329776
9389856 -7808873
7198276 -3532032
-5290685 -1503544
-5516860 -5384667
19518 -1906943
4446925 8420376
6844279 3619787
-1476316 5385686
-6691910 -9152451
250831 1579116
8670966 -1489164
-1060212 -2243704
-8102896 -4763331
3923693 -3934942
1911187 6102591
8293718 -6003822
464147 -6182605
2313851 -1991654
-4859969 5173462
5782872 -686657
-2266281 5159550
-8704311 229797
-4384516 7094350
458252 -180626
3914842 -8560074
-49237 -9290917
-9018269 2585808
338829 1406903
-11687 -7121165
1497778 -5737478
-1741299 -8100500
-4283105 -7692152
-7167454 1239200
8929014 8030746
9860442 -2027422
5648480 -2771762
-25612 -9889487
7204864 -539479
1796247 -1893776
-453850 -2336884
-9111449 -4288910
8296898 2013265
5936520 -8129717
7265470 -1364272
-4585398 -4075166
-2175666 -1236751
-6412551 -3810345
-54793 3541230
-5911672 -3580004
-3091074 -1125778
6102460 6465122
6575636 5073758
-5465721 8593200
-3300576 3780500
-8556384 6330527
-7958383 -1238073
-9224808 4848519
6718802 2854867
4006947 6711713
-7363453 -3499375
-2219774 9421550
8127557 -7022767
6518463 1367675
304023 -1927235
-536661 3123144
-411734 7212949
2286707 8082151
6675352 -3836098
2460754 -662661
-4332134 -6625224
2136703 -3579278
-8730758 -9774165
3080702 -4571752
4656313 504396
-478627 9604002
9025552 -190788
2786445 7301599
-8814373 -330539
258578 -8178739
4944405 1489650
-1297400 9721917
7804069 7049023
5729278 3505659
-7157002 -3004227
370549 -1809968
4610755 -1489136
-8746949 5023605
2968205 -1603651
8900745 -3149894
-3545892 -2375482
7433730 -1577881
8240070 7996012
-2334527 -7263473
-5442212 9425697
915348 440404
162321 2018545
-8416079 2134300
-4360041 -9517258
-2521485 7313199
-4496769 -1517042
-489826 365417
-4610978 2630338
3543039 763226
7613332 873579
8498097 -5039863
-4101392 -5932560
4579804 -1551821
1184706 -5861322
-6435624 -7754723
-4797967 -1741153
2793744 -3003924
9130376 5364355
-1636551 4377665
1690864 7286687
-4230355 -1641683
8723734 -289552
4857138 -2203828
8559398 6629108
-2497313 -1599822
3360315 -1310918
-4727126 8517136
-3034685 9258923
-6602399 9852678
4614307 666373
8925220 9478329
8990757 9816341
-2302952 1718965
8612982 8121133
5407821 -1423151
6935166 303847
2530647 3693818
-8510010 5658900
-5195640 -2612215
5787963 2565740
3771174 2307047
824183 -851722
-1592799 1560400
-6070570 305850
-9027776 -5678845
6315836 8543738
876431 9897444
-5867239 5306594
3427727 1089831
9666680 5262096
8082295 -8648100
-2437929 6601847
-5222901 612942
8000727 -8431587
4134154 -418540
4404859 -3694957
5453321 -9578320
1982081 -4770957
5534893 6376875
-9301970 5911511
-3028399 6507117
-1079086 -469782
-5163188 364384
-8545785 -4429973
-9167877 780892
2132792 -8879104
239095 1430770
-7956288 2211215
3779629 5016194
7114006 2560792
8865835 -9569865
-9148185 1518866
6747909 4319156
-6787617 -4649752
3778112 -5200846
3822624 6426765
-4043016 -9250287
1114098 5259890
3346269 793796
-8425312 -4915335
8721913 -3305255
8125515 -3776167
8435048 -1038992
6493555 -9830772
2730020 -5268971
-4838836 3607561
7642779 -5887793
8431363 8529332
-6120420 -3092960
1706195 4160099
586864 7657692
923758 8045171
3305061 6543848
-2662355 4554208
9638873 -3348670
3346075 -8571315
-2347482 8360787
9838147 -6012057
-5842829 8603919
-6665052 -1151946
4971968 -596457
3515750 -8987535
9541797 2614747
9521788 -5536535
8623564 5937729
-3888226 -6255665
4305858 -789571
8270629 7035532
1589740 -2389081
-3221399 8124626
9553312 1228613
-7894248 2641029
6628972 9722182
842453 4460252
-6691694 3302495
-7293962 -3306246
-2293781 8280274
-6588626 -1261860
3201605 9764368
5702097 -7066838
9193849 1825170
3551951 -8186129
1365755 3499707
3626978 1822580
-52793 -7044505
-3299539 2921931
-4437040 -7983129
-8260947 -8677435
5782817 4708284
-1989221 2581507
1791613 9091124
-112250 716817
1971309 9497832
1778552 3299124
-1251362 -4827085
6998085 9997001
4327225 -9541161
3958546 -6933612
4888968 -4307020
-8835172 -9898124
3023808 -5163825
-3146954 -2134711
-8295794 8586768
-4188595 -8891548
-3793689 7487024
-905500 3822184
7055354 7997924
12108 8982250
-5202273 -973337
4199578 -8209340
-8212339 -3937283
-3478443 -6285985
-3219597 6114886
4324219 2996455
3098332 4185724
1538251 5489047
5870688 -3877860
7225260 907650
2016102 7574894
-2421730 -6963335
6858850 738765
-8746959 6672770
-1828627 -3569444
5457219 1265149
-4427839 2969100
9031817 -7826850
-4112835 9876174
-1492587 8069726
1066182 -4816079
1885997 -7168368
8320679 -5835486
-7196994 -6575752
4331898 -3292281
-5717387 -9971734
5581284 8864352
-7880531 1860884
-8949994 -5043514
1387042 -6627490
4637659 -778621
-7809521 9360613
-8466237 2726172
2602347 3738649
1808375 9937281
7637554 -8890240
-6058608 -7125443
9555423 -476449
2947799 4778423
4002494 -7641571
4903048 9796050
1176754 8285107
-7337657 484332
5440818 3296224
6668734 -6287650
-4549919 9344212
8704825 -6177254
6548918 -9843087
3895562 2754941
2692222 -8332383
-7222623 8220289
3611199 329776
9853327 9235121
-3470104 3166622
-1958596 -4682522
7629880 -9467610
1333850 -7055548
-4054864 -1193365
-7897141 -3487455
-7258753 3902306
-4237130 8771593
5110691 -1808671
-1651758 -5532305
7222636 -5824038
-4156421 4760156
2980445 -7568790
2760986 -8862691
2888782 -3408356
9758267 -4869335
-7035504 9418679
2467421 -9683977
-6739525 -9405624
-598989 -6198729
-7169831 -8278037
-1859379 1503870
-7208184 -4428584
3762745 3903491
8371186 7902507
-7921531 4627339
-612505 -1889825
541385 -9561599
-8424290 -7632059
-8524063 -6697628
-9050611 4464492
-3600477 -8765796
4066579 -6086115
-5491738 8866945
5184568 7327054
1565369 3909273
7929496 8014737
-6413846 9705990
3609481 -9278688
1140171 -134749
-5507409 1980668
2607195 -4265007
-3826606 -3603562
-8719269 -6851420
8967304 -9734544
4729948 -7243331
6507225 9916694
-6169421 3645824
2512769 573805
-9582789 -9144807
4764467 -2302663
-4287925 1982581
-5795077 2693963
-4068373 -8185419
-5803816 7814405
-7688575 7071798
-7193209 -8794873
-2398434 4918620
8067200 -1019815
-754359 -8601351
-5844682 -449143
-532449 6491942
137766 3178896
6269053 -4185518
-3330324 5166887
-7135776 6686264
-8814803 -8565857
-3355542 -8907349
5423584 -4609879
-6795474 2576085
-7835765 9619769
-9175104 8032303
2950923 -5028973
-3532436 -9057186
-7658536 -6465525
3085332 -1770442
-5278500 9013134
2192030 5069235
-9116282 -2624382
-7457495 -1538917
7663700 -2446606
-8496111 7923081
1532085 8848897
-5760982 -9335301
3240784 9472021
9091790 9959896
7992199 -2078629
2892398 2433039
3375853 -6540526
9510302 1876315
-9894127 5717317
4730452 2595634
-9818778 7343725
7235695 9438834
-2100082 -8935060
-1381666 2294552
217633 8079970
6928867 -7361425
-6696726 4266070
3738092 3684238
-3839514 -939590
6981781 -4653766
7779273 -5847314
-9871488 -7609468
-3216801 1155127
9388796 9638814
-5249199 9405424
-734499 -3364400
-3925565 -5067977
8513315 -3498804
8795748 -3509295
-5429325 9648001
-7713424 -8470267
-1687844 -8500458
-2299868 8106202
9682964 -7949752
-2603518 3860619
529657 6664745
1571629 7692108
-8636413 658169
-7186664 871180
276604 -9247617
-2612016 -9919511
7528864 9542105
8559653 -4021229
2469476 6042179
5690180 7355401
1401487 -443497
-6427603 493108
-8884338 9713643
4280243 1272530
-4866851 -9201374
-20277 4193077
1885185 5662806
8837327 -8448647
2422533 3248772
-3482492 4167015
4247504 5215490
4757595 3905492
9884263 1776368
-9665101 3317249
-6810998 -5129909
4426594 -1458569
1550891 4590489
-3179516 7998991
-728479 2666553
3465179 -8899273
-2189843 -3078978
5100180 -6555097
7512608 9695342
-4539533 3937508
-1895477 -7548507
7666983 1977975
-4116533 4868380
-3355252 2424579
8258180 8284082
5670525 9496000
-1962569 -8552818
-1445976 97119
-9387538 2104675
-5228772 -2109140
-1008412 -7599664
-678642 752760
4197663 6801745
-986561 -5578461
875399 -5773377
-3321884 4473906
-3548119 1496274
-3635346 6861452
-713969 -5148300
5652134 -4474245
-4978245 -9939437
-8492255 1322659
3936130 -4424462
7680213 -7421879
468982 4548593
-534719 -7548558
-4279446 1976922
-1221333 8786639
5724530 2434569
6661192 308458
7298717 -3400071
8096204 5855660
2717112 -6249402
-8881349 -5539142
-7497035 4519495
4580058 -712863
-9390203 -2475280
-4383389 6087804
1182277 -2937721
4127224 -6703176
8264618 -8348741
3628181 -6407495
4895497 -6014828
6419741 4923200
-4768341 620027
-263691 -4402715
-8547054 5046728
8797326 -9651135
7326075 4170058
-8794094 2432329
-8280533 9829041
-2646239 5785964
-5609880 4845616
-8092105 -4513276
-1216451 5572398
7223657 -1448528
2143977 -2951833
-6450308 -6631809
8291391 -2960526
175854 9969433
-4433281 6039402
1086130 9912163
2777380 9536017
-3777573 -7600191
-2651510 103455
-67504 -2571667
-6785702 -932043
6429925 -197390
5289334 -2395582
5693168 854173
9405645 -5927117
-6362597 -4566822
-1198631 -5934026
-6378199 -2812905
9672880 9609112
5648515 -3685993
-3773830 7755951
-191680 9250997
4167158 1519902
-8376643 6030748
5975433 -8484351
-6900042 1555854
3874816 1706083
9310502 9529884
-7099591 -835850
-4246614 -2479978
2953200 -7693946
8888380 -8092859
-8389412 -8245431
-8636318 -7489819
-1175812 3799820
1555772 -471451
-8704102 -2433290
9086612 3880444
-88808 5463057
-504942 3226322
-5217824 8402978
109061 -4888632
-5358748 1173344
-9662506 -8064085
-544062 -9941987
4880419 8607232
-9485627 -7590862
6680060 3768800
-1204667 4641313
-1558866 560094
2604995 135874
7702584 9996906
3877350 3900893
-8119698 -694451
-7468129 6304895
4707873 -6108288
-996919 9830399
1003743 -5183066
-3247150 -3839315
-3781301 -6142411
4981174 -1274860
1134278 -8900882
4867918 5495547
-7346787 -9669310
-6592864 6179604
-3684522 1094347
-6392395 6012131
-7570623 6534414
8356315 1307
-3693798 -5690321
-1798608 3404538
3234937 3530427
863714 7204473
-6634842 6755032
3128974 132916
8858056 -7899791
-6800672 -1889852
6122047 -7491314
-7160623 583598
-3236798 8775260
-130393 -3753487
4774997 -4404968
-7870553 3477212
-6521480 7204374
4030405 3002114
-3593347 -7698926
-1652146 -7768203
1952622 2157942
-1087025 9211568
-655516 -2165867
-65658 4558301
-7331551 -9281108
-6772422 -4349978
6233621 1306848
82109 8583307
7346173 5513175
-8891792 2468068
8461633 2121170
-674456 5754007
-1243879 4456505
-726069 -6644051
8104099 5162774
-2679283 7621785
6833353 -7426927
-7076442 -1249956
-6691655 8694189
9413081 2857901
1024275 8493146
-200006 5157012
3740319 -2742104
5287424 2398455
-5133476 1086492
5724014 -1088016
7182343 5844509
301014 -4950442
-9078140 8454816
-3866057 9574945
-286917 1542311
-3368264 3454660
4721056 -3453564
7756978 -444705
4929548 545753
-961101 -313589
-5156577 -4046177
-4271928 1355245
-6246299 1100095
-7813413 -8984504
-7556168 -8863423
6981086 7910602
5476512 9626175
8080991 9798452
9373397 -1085276
-9542965 -5785066
185946 -913520
-1850731 9605124
-839581 7423354
-2030893 8422599
-1890990 -5910033
-7439858 -475642
-9120396 -4531214
6568881 -1711786
-8179938 7149657
8286234 1271820
-817578 -5736106
6406421 5267320
-2417876 7175287
-3909989 -2996235
-6264949 -3044479
-1441646 9063399
8668523 -3562650
-6139296 -776025
-2353426 -2171058
-5564739 -5653836
3870522 -1728064
-3742926 -3004597
5283618 -2733522
-5583865 -7174045
4097776 -379968
-3599721 -7297631
486041 5796550
2971837 -7193300
-7673183 8068165
7540039 1578201
641600 -3938131
2499219 8614745
-9644928 -8173525
-344583 -1123725
3222439 -9482002
-1210066 -3392970
3602433 9609314
9392144 -2436639
389316 -8597597
1022436 -6191720
9027001 7003444
2799995 7422715
2745767 -7970605
2613912 8288184
-133615 -2411063
3650806 -7329697
3801400 3024337
4850812 8666377
-9940996 4156472
4674470 7022581
-6370389 -4202204
7923462 5980757
-6455882 -251603
1150800 7315606
3640238 -3550214
-6546769 4689588
-5371345 -4816408
-2787013 -1230422
9574114 -109225
7479712 2343251
5013555 -8043148
4981189 1130518
-7686753 -1185045
5487780 -7651646
1887287 -7627749
-9313601 162250
-3856993 -1966749
7781648 8609861
5925468 -7796523
-1346736 -8551200
-1345259 -434294
4749298 -5377153
3392425 3283396
-6825829 4478637
-3178111 -4517109
-2560257 3170235
6817105 4351796
5683103 4937285
7285639 9130352
4018956 1170883
-8666866 -8310722
-277471 4705355
3315217 9992493
-7804029 -2495823
-8530670 -8242963
-6160905 -6634413
-2011566 124071
5923819 8588394
-4416617 3897211
9380102 9097991
-5215422 -5078376
9273420 -3180154
4273483 -8398316
-9267964 -2527124
8643759 -5924526
-4235248 -2732656
4489052 2493245
-4997909 5487282
5507811 -2195731
-7922342 -2801938
-6919999 6977141
9617564 -4083247
-5494853 1068435
7481998 5541384
4639375 -7395117
-2473493 6862100
6198298 1940305
3541989 9316280
-3210844 471781
4547255 4274026
4057722 7949267
442513 2828360
-9168006 -1453226
-1132605 5444604
5159018 6339805
-4166701 945053
6861807 8239019
-8176194 -4549137
-9007753 3883306
6488189 1822156
-8799392 -1852026
-9911720 -5985303
5847329 7398907
-9612960 3630269
-9579353 -7363515
-9414248 -2549352
-9720992 4478370
5541496 -6455383
8989221 -8888998
-32841 -5591108
5353945 -3335409
7419962 5800458
-8748678 2215752
-3900941 1760120
-6417724 -7756431
-7092104 5103600
1634649 -5217115
4698144 -7003824
6626445 -2518022
-7365185 -2398464
5052184 -436555
-5958185 5736920
9281537 -2152456
-8525102 2099663
6508555 787111
7451702 1442058
9758868 1862501
6594605 -2611983
9148137 -8989810
5770112 5210016
313617 5246766
2546003 8678008
4190536 4464618
-8053403 9760499
-2637965 -6666667
2896778 7097764
2834684 -7585780
-7221884 -545055
-8445391 2116222
-7096667 -5746985
5695073 8063164
-7557983 2871387
2775756 5453941
-1019516 9036623
-3237009 -5559754
9687012 7266948
-1538692 7076608
-5942421 -5250633
-5490134 -7348156
8501529 -3995824
-6898060 1871901
-3197527 -6085340
3369605 5936625
-9430801 -419410
3833605 -2559434
8020083 5988884
-1139729 -7954970
15323 -9537900
2015075 -8363972
-3923726 1512159
-1220893 8778067
-1628973 8279638
5545357 7240415
2408611 2428606
949134 -9944777
-5556524 -6573507
-2658847 -3432573
5020404 1245950
-9173460 -9289242
-9332323 5589603
1578487 -2823503
-8262121 8687760
1666212 2955110
-2892510 1753202
-6734638 6197640
-2507941 3183764
-6020246 -5439179
4317589 -1620562
3324397 9525111
9580334 9242552
-7330955 -5726469
-6642690 6540163
-2213887 10198
-6762691 8377714
-3516331 -8870995
-9178146 -6095014
5109098 578508
-6466381 -7440267
-3170713 9291662
5489302 641109
6341226 -7388999
-2828177 -7018639
1360800 -9679020
2362444 -8510588
3248316 -5314803
-8524920 -5540870
-9000707 5917362
8443912 -5167609
5726457 -8698242
-7569237 -8318779
