335 -8168001 6127028
664
-3782894 5560613
-9196942 497447
5487500 -471388
-776798 5932412
-67319 -577062
-2990577 5663707
2405094 -9378735
3827551 -2269166
1757532 -5674401
-1050551 -1712222
-6906567 -8175025
-4867280 -7773992
-1982831 5994622
-2297326 8135738
2484090 834184
-3605203 -6170298
4327149 1217548
-9253840 -2802144
5646620 -7668998
1753940 -7514285
8149422 -4420699
-3799434 1279715
9010549 554516
-2603533 2544470
3348600 -6715566
-4890591 6345916
1088277 6442033
-5046992 242129
-9105780 1621798
-7544018 -4827966
-998263 -4105338
7112210 -1149221
-1435013 5845238
8176240 374723
2860438 -5788393
-209092 -7553468
3726248 -6473788
4080728 -1492173
-8947703 -4746851
-1462417 3993547
339463 -3082751
5875634 -3836655
-1078174 3944092
-4434110 -9171358
8517029 -7667602
-1772940 -1978128
-610996 -2481234
5880356 7855623
-9253302 7953991
4681951 -3427051
-8464167 3607136
-350300 -5527141
2980686 -2221567
3031583 6246780
240327 -3450665
-4017064 4085518
2765215 -9420210
-2959765 -8141429
5203565 -8312958
-5980560 2606125
3144350 3720594
3755712 -5237147
-7381524 5049706
-4479951 -7847579
-8758278 5881526
-7994986 -9798000
-5325140 -7222445
555989 1654714
-2098506 171898
-762414 6103924
-7294206 8141821
1237963 5220522
-404555 5471010
-325596 8278198
884324 7315363
-6447691 -3789804
973049 6545026
1594732 -175626
1976795 -3892123
4505755 -368867
-166866 -4265131
-1487576 6510769
-1834517 -2975654
7196244 1584765
-9794959 6066977
-3274850 -3566170
4170705 -7089164
898198 7963114
6241312 6282502
3597865 -9427398
9299150 9641988
-1296634 7150175
9490901 -7211448
-8587219 2814450
-7554416 1467696
7202565 5918537
2429306 2278718
9303064 8231341
-183893 -9405210
-821881 -984340
-2034157 21148
-4551664 5903270
-3617264 4652900
935402 6346534
-564512 -7375952
4782389 7049620
-3283853 -1265361
1523191 6002107
-1183442 -3792952
7674744 2935972
-1145491 1262142
6057212 -2606339
8141354 -8716184
4394958 -2123372
6892288 -2042539
494962 -6426923
1992699 7374483
2027383 -1540350
-5193815 8375435
3515836 5479138
2528758 -3241975
5492664 -1701775
6816684 9244905
-4548047 9532207
2468180 -4366758
-588264 5643049
5553062 3839041
-2360791 -4531052
3345576 3694416
4168230 -7965833
8123597 -7245783
2645052 7179544
-4360806 116296
-1508268 7188788
2667926 -7038269
-280243 -7992432
-7177855 7713036
6957941 7728773
7260981 9638829
7788424 4926246
-6914353 -270839
6084554 -2799840
2669109 8638709
2333125 -6276236
-4242069 8531037
3801606 -3498645
-6319101 -6118472
-3485823 8963011
6151799 -8163554
-5201823 -2477739
-470171 -8663923
9049113 -2965714
-5236940 -5131674
7023507 -1476594
-6550348 -7975959
-5730446 4811931
-7987908 -3464701
-4825992 -9645892
-5922128 -2802447
-4271410 23485
6524841 -7647844
8750036 2046549
1009560 2722092
4558538 -4735787
2786474 -2838641
-1502564 1873068
8907354 4832655
2217333 -9937099
-1413693 -6329586
8210807 -759159
-5947228 2035959
1087610 -7519639
-7165530 -3935136
-4221231 -1222030
8801455 9428694
4297202 -5976288
6070261 -2157352
3081093 3047239
827804 9596173
9273884 -9844017
2029051 6130631
963286 -9712328
-9649427 -6547242
-2876828 5696972
-5062187 -1063120
3489191 -4666020
-9669307 -1009415
-2428198 7093153
-4128877 5681515
5110210 3350571
7374283 7188930
7547931 -8076236
4971003 -4039104
-4442931 -6854624
-6698641 8315160
4445791 -5169047
-4881375 -2153237
1299521 7925429
3622401 -4530802
-3077570 939045
-1210623 8560214
-9932848 2927973
21126 -8363577
7317938 -9844694
3505877 -1591399
-4402468 -5055500
-3131735 -6603487
-642591 5661815
1323543 4355620
2670780 -2569169
-5221864 -2858746
4988017 -2883429
7558353 -103238
-2117688 8803890
-7740712 1180754
-7742679 -2678905
-9750932 -6434983
-4798560 -7675527
-7520221 270195
8678796 5035731
9980231 -1497992
-5585127 6792680
-5029153 -3151504
-8795883 3772283
3719466 6294390
-6564355 3874897
3507821 8497602
-9089284 940014
-7739743 1066174
4763280 -1206971
-1369524 -5480455
-9399086 7020601
1861426 -1120456
9149739 -4197645
-9161914 -3142443
-2124082 344888
9653920 -9181683
-9816834 2290791
-3936926 -5375232
3435510 3903635
-9705116 2298892
796495 -612493
-9672478 3802705
7385231 1707211
3016592 -7412221
9623676 2148512
-8314535 -8352932
526613 -9775410
8543297 3546892
2920801 -7807296
-4946056 9381383
2716053 -9203281
3087511 -5292135
-8151015 -4584429
9319206 1666937
-6034170 -2199153
7188355 9614090
-4066852 4762325
8985888 32229
2620008 -6681621
-2016757 2002481
3649549 -5239964
-5015374 -331291
5731953 6692514
1401571 -6472076
5425659 -1347246
-550526 6455515
3679732 -1858288
-3926365 -7463015
-3279726 5528717
5845917 -4607159
7523284 686104
7964781 3034272
-6933499 -6543568
-3225189 6950670
-1046849 -1797139
2962897 -2725593
6943116 5119052
-5672081 463875
3991799 2675069
3844175 5729490
-5298643 -8066189
-7408125 -6706351
8346986 8381090
-3573841 -1334489
4058352 -4932739
-1730283 -7727924
5306348 -5902012
-2445580 -3765501
-6814831 889201
9092062 -3154416
4119991 -5345328
9773724 -5428689
5035187 -6420541
6254528 6617995
2347485 -8456662
5993501 98703
-4091295 7048843
-2053715 8585377
-2749112 6772043
4355656 4372444
6644521 3825592
7923581 -7374626
-1140127 -5532779
-2127225 7994353
7356289 -5438606
-783934 -3035163
-5947499 1476280
5055739 -8493858
8124138 1604040
-4336270 -6173381
-3558325 471623
-9963182 -8342768
-9757391 -5133268
-8361225 -2016897
-7644452 -2506503
3835441 5994432
8619806 1516421
-1500006 1759022
-7730272 9996031
-5442575 6372769
5853959 9626017
-6381350 3773491
5279633 9906460
-5973148 8674389
5017361 -4079877
-1091901 -309418
1347814 3975388
8842120 -1055083
-555627 1590423
1600272 -9519105
6475327 -5683727
-1650954 -4564286
-288912 -2388515
-2392484 6849040
3221810 1980816
1606834 2164941
8454784 -924231
-8501419 5225484
-3583775 -3749230
-5312755 -4474567
5216015 3949938
-9558322 3595344
5056614 -3436170
670605 9283798
2281046 -5499013
-8666388 4787230
-9777056 -1243627
-1115789 -317342
-3468302 -7549616
4431201 -991921
3689373 2269860
-8654371 8554387
-3703777 2144157
911279 5360562
-9114005 -4771200
1695091 5598525
-806131 -1381637
-2301455 2136769
1420568 6766835
3784174 8369150
-4327268 -6298386
-5025661 5117786
-5199556 -4104324
-9137587 -3625098
5382982 -6151505
6118355 -2190034
-3635647 -927645
3732864 -19663
-4659101 -4823072
-7077920 -5355856
2759021 8743247
-2638390 -2866477
9270293 4469242
1236078 -2423493
8462009 -6792787
9425179 -4979748
2654391 -5865258
30418 6915870
-6709227 -28813
3819682 892831
8702797 1190107
-9737538 -7545610
2434727 7583502
5276782 -3488322
-6327826 291978
-964775 715215
7848738 6431195
900438 -1086813
6489694 -364617
2842596 4652868
9673120 4951704
9086446 -5215873
-8300002 2327511
4815051 -8366784
-4957600 7507123
-8786418 -1365267
1089123 6261549
-3638596 -8523956
-9495926 6040202
8848533 -8361814
-5130247 -5823751
-9392556 -9599890
-686702 -7281508
2353875 -5975766
8677102 8319344
3271048 7712824
-7503049 866575
-6805914 -5126154
9023415 6713301
-3263224 8009137
9160223 -5934185
2843716 -2049642
-8057246 -7234302
1322253 9205120
3359659 -7553171
-3376922 170786
570896 8229412
3464256 9746874
-6228891 2400546
719891 -4181868
-6469044 -7551789
3314786 6507291
3897490 8544259
-2226087 -974775
9550714 2920905
-496928 4510689
-7538952 1227289
3992988 -7653212
-8448091 6920154
9366983 -4684759
-1997621 -2572080
-4342668 -4009939
8253288 8573275
973822 9121589
7456073 -7975603
6988960 4210065
717356 3503381
-5436008 303747
1845324 -5385154
7535751 2337905
-3151405 1396038
-7376672 -2961177
-8098036 -8174005
8746149 -867332
-3035739 5970225
-6601855 629485
-864102 4966640
-3943733 -8428171
3209770 -2610814
-586417 7030089
1240154 665843
6685576 -3597456
-777357 4473863
9088709 -8750431
3587474 -8932033
-5019643 -859187
-1304012 2952421
-2705232 -9879963
-8230943 597952
-3431823 8557270
-813245 -1266682
-6300042 -7517326
-5945496 8322653
-4288160 -243774
9302667 7264274
-9553530 -2358225
-3439329 -6940826
7533037 7132046
8381615 5783314
-632367 -861902
795263 -5514558
7437863 -3135657
9500732 9491252
-7394444 7248984
5806254 -8730210
3108 -8309914
-5827240 -5006991
-6684338 -3780581
-1508003 -9256384
8007891 -8456146
-814370 -2205336
-6629810 8454361
-1897241 5746301
-5954032 3419579
-7442322 -3515625
-6513831 -4070047
2794296 3352941
-4639455 -9075968
689368 2295029
-3918829 -9517546
4688892 -3504378
1488631 -1399369
4820050 8861652
2121621 -2679354
-1135500 5828399
6139416 -7354136
3616577 566482
-3687216 9509606
2929186 -8280664
-9279937 -7124896
-1194943 -1996784
3872509 -5793768
7646617 4115706
8927087 9233055
2231861 -1664015
4831608 -4991742
3608889 -3079247
8298757 8836591
8673589 -9054708
6773691 420378
3066242 -9945558
620924 2913107
2422714 -3317181
-9081492 -549940
2325164 7868252
-4128532 -8361429
-4155196 -8869778
-2237720 9743977
1493384 6007773
-5656242 -3310633
-5786023 -6274755
-6837650 1691718
-6955338 7822866
1284510 -8538892
-5602162 -8281749
-8227307 -1941798
-9028691 -19567
-820396 2393618
-8156322 -4089625
-6221373 98112
-5746964 -3314805
-2184583 -7833553
-8089575 97840
8621965 -1905951
4783416 -4079839
-7838241 -7034277
-2826206 1513745
-663389 -4675891
9301569 218456
1936707 3137474
-8804324 6215760
-3803807 -3774247
1135723 4683337
3110065 5375797
7990262 2979401
2180948 -594956
1571492 -7756702
-5142510 2512717
-9393234 -4001731
1918430 -6520545
8961530 -2093466
9420279 -3403459
1920651 -3864676
6353780 -8726757
4410717 -6261428
9954332 -9193160
9548945 5606393
-7193918 8666877
-3440973 684668
6180421 5916147
-4678808 -5450711
9308939 -1638630
-9125913 6892684
5407305 6682781
2678588 -8519146
-612612 9842087
-3561371 1640118
7775443 -1192332
-7402737 875632
-2869444 -3354425
9968767 7007980
2614373 -2915111
-4248234 9517712
202380 5420455
1336603 -5172855
-623566 -3617198
-2739476 -825853
-3933169 -8798275
7884506 -1865389
-7868183 3990488
3832575 563094
4719565 -5964442
-4640422 2787556
-6336812 -4988640
1656935 -2043159
-5035179 793745
394986 1625703
-6340233 7579194
-4483999 -1336896
3490250 3862148
2761302 -631044
8543103 5383036
6584762 2538178
-9327211 7126286
1116774 -3014380
65067 5320959
9356517 -5050650
253258 -5215368
-204008 -5283905
2672936 3916447
7226544 -8547073
-4405018 7637757
-2266697 -2378470
-1199014 -8228898
-1850398 -4234344
5134613 -7708764
7674273 3427256
-4034566 -3805932
-6679645 -3224613
3761007 -3361777
-8040818 -3046519
-5580817 -6173926
-8872942 3832051
8548146 4672442
-1411111 923050
-5107670 -6262566
-8624809 8331785
8469667 -6996336
-5225234 -8375154
9906855 -2729347
-7921758 2924368
8867976 5041468
3751888 9752515
9044254 -5166590
-6012014 7072243
-5974275 -4678387
-8335960 8463520
2295572 -1555092
-6882650 -7208902
-3769499 843718
4581153 -5777409
5070728 1122831
-3357153 -1527304
-7386105 3540395
3327401 -6066034
-625314 -7479250
78570 5405643
-2325490 -1757337
3076073 -6169542
3419054 -3281236
-5443271 7064059
5527580 7444779
8406039 -3779231
-8471780 -2176848
1183222 4039742
778685 -2241279
1397904 -4235625
-3246576 -4150586
1906161 8040751
-8025283 -632681
-5595579 -4766438
-9360795 1349404
9592067 4482991
8313449 -9169933
-2451169 2668140
-7751448 1732503
-8306366 -5378087
842682 7776132
8115636 2616026
-3344232 2370902
-9870377 -701142
-2420414 7434453
5800219 -5956121
