227 7977038 5510281
675
5085028 -2275326
7873008 -606920
-2276360 3684664
350189 -2679504
-5739193 8230702
9506320 8040588
8392564 -9084349
8695475 7071527
3834259 -3577241
-3279507 536415
-7710153 -1669454
-435449 509396
2832601 -4739609
8221519 9075038
7052077 -8886725
-1162051 3731800
5641233 -5346543
8338121 9227309
-3452194 -6635127
4111927 -1311690
-3271102 808613
-5759383 3618247
-6793874 -4878537
-5939426 -7063908
-4011141 7040385
7887284 781067
3806815 -9204942
-3944550 -2548165
9043225 -3360583
-2247308 -5723031
525121 6095302
3265111 -893006
-1665697 -3833646
-468772 1603233
-9708457 -2601539
723427 6159507
-222245 9536794
7174609 4964044
416488 2983881
-7459381 -8764817
-5467398 -1078301
-283242 -9572097
-2120262 8339418
-5021165 5772208
2565529 -3077037
5534618 -4752121
4354873 -6909350
-8226643 -1200271
2919314 5205529
-7396010 1304585
9980444 -4272790
-4735996 -4156231
-9192187 -241801
-7257919 4954965
-1293500 -6259347
2662353 -4717300
8226955 -4244546
-5905128 4895463
667671 -3893307
-4453992 -8409941
9354291 -6766800
8840202 3596978
4913060 3709164
-8568955 -9386441
-5565504 -2167626
3559584 6551388
-7604843 -5585059
4173140 1339940
-3705095 5719323
9459976 -568427
-2769375 -2482243
3273212 -5361319
9534144 -4542420
-5919375 7368084
1474496 201815
-4048633 -7857014
5739964 828787
7054303 7307922
7921481 653024
1001751 1001701
-2446911 4872330
9287271 -5438665
-1582372 -7535402
8183921 -4023237
-2075311 4712533
-7769709 160250
4798931 5155314
3129247 -1980145
7904291 -3150572
-432405 -273776
-5614438 -621213
2723926 5518963
-4656763 2641879
5811255 -221770
3296283 5781070
653400 -3186994
-6109306 3365724
5830322 -7542977
-1566213 2308322
-2979145 -3469404
-792802 6358476
-5969858 -8232502
-7696295 6522481
-6628091 -324259
1918318 -9792003
-413216 2939505
-9025180 6303880
-1054241 4827063
7121645 8834409
4615479 -5242985
-5913627 417928
-6216348 -4731120
-2274097 -2022933
-9714611 2130326
1177274 -1323958
7550870 9822597
-8409905 -9615528
-576694 -8418987
-6226894 -6106199
6618150 2795215
8251072 5691424
-5488343 -3795066
-8968003 1742244
576653 3457416
730783 669994
-8912078 -4807867
-7022635 -2666491
5310576 7387926
-481747 703268
9379311 5595966
5418563 -9304473
3596352 6930181
1027546 -474990
-4064837 5536010
-9152423 -2682995
-6991571 -7446687
-8725400 9098650
-6642754 -2479914
3493855 4822949
-4507056 3933900
1642385 6740990
-5925501 -3419134
-6031207 4619750
7839370 1901428
-2502606 -3996602
9215277 -264967
-3334785 5432309
-5042681 -4672019
-9136009 209113
7526118 892483
-4037852 -8288431
3326571 3050900
3087338 -2763252
-7940302 6683817
-6865931 9097545
-1645112 -9931006
-3350140 4776454
-8087444 -5054261
6847167 -6864995
-861597 9751927
-513040 -5655439
9776870 -9129967
-3801986 -1331473
1393993 7250542
-9340623 -2937994
-1226425 -1079889
4487363 -3378475
-3625374 4616498
1300315 -2425298
9188599 -9049324
-8980330 4434385
-8272809 -2456513
2489227 -9814118
-6679112 -6360252
-6608325 -663606
-3802692 -5024357
-4154324 2878635
4063515 -4025822
5741072 -5439957
1622049 -4542492
4377619 6400449
-6978025 2911976
-2471526 -8618665
-8527611 -8087047
-7136371 1345141
-4220474 -9339012
-1795524 -6116701
-5930819 -2493282
1146466 3210055
-7453551 -2609931
-5117935 -2945507
9933128 -1256243
-2765712 -6755907
-2195864 -3487005
1970503 -7024640
9375810 1942537
7370865 -3651877
-9754190 4914137
6827090 7415691
-1239167 -8281801
-7620813 9690719
-6425982 -2943289
-2920219 -6899985
6310070 -9840449
-9934027 742599
7797092 8856520
-9883371 -5051962
-9291517 246573
6759568 -2649083
-7157370 -8971028
2971509 -1269928
-2405453 4734792
-351071 -7141273
2790770 -2159643
-7925092 8992371
8683090 -8448397
-8875333 -5545905
-2445889 4773460
4933011 -1795552
8947048 6380533
5237053 -2484664
-5020274 -739508
2023417 -2129965
-2262696 -4311790
-3282818 -1217014
29410 579934
-4685274 2205043
-2419878 7623957
7980666 -2519993
-3527622 -9629107
-8077504 -9944426
7026021 7671820
-5038368 5563515
-6232036 7096484
3477018 2410996
9926332 5231364
-5508144 -8769577
-899542 -5093941
594269 6515274
7814612 6837763
9934049 -172197
-7967154 -2155978
7984331 7765128
-4754865 -387031
-16138 -1518651
-1463077 -5766134
-8094314 -5577290
9986226 -4437056
5175781 -3132681
9278315 6270542
1501906 -1347201
-116778 1720999
6627058 -1489886
7541740 1500033
-9145852 -2778673
-434518 -2127296
-1766922 -9211803
1069677 1598329
3727650 -3782591
4698758 6314813
3065031 6227864
3166926 5752033
3831330 4970717
4354388 -4330496
-8059954 -992889
7659910 -3850945
7870055 -4041696
-3015229 -9940516
1559517 4497113
4234793 7042863
-5084432 2413665
-4281785 -6199725
-2085044 3148646
1882408 6787892
3102705 4158958
386822 9097518
4849552 8684088
-3828842 6070101
-8260395 -1319118
204345 -9474454
9190954 -6320348
-7845692 -9619393
-9559909 -422639
6590826 -8344569
8698295 -5484039
6929626 825619
-2857753 6130215
-721139 -7352159
9435734 -2426445
-8267486 3677621
2775140 -4945209
-6261120 -5364312
-9294211 -2375308
-1178074 -89962
-7048064 -7554605
8641399 1542623
1923230 4659242
-5763397 -9204293
-7548861 -5120327
-604366 -9172570
-5830599 3665786
-203999 -3674739
-8510546 -6172000
1401556 1591214
-4731164 3441540
8496332 -4349578
286110 8043976
8185020 4751564
7177954 991900
-4046353 9523298
1065921 2646242
-2694515 -5404954
7907105 5505503
-9614824 1542088
-5114130 2874596
-3459618 -219189
-1377576 -944728
2883272 -1147265
2960302 111878
-6446581 6801180
-7548398 8229138
-1210534 4566103
-8165981 -4745935
-1237683 9490838
9014136 9011973
1658215 4715964
1827362 -7403591
8101912 8963700
-6977859 -265533
5125416 8487088
-9215749 -2091989
-520365 4182150
5551238 -593325
2034906 4879260
1680440 -1488460
9257030 -1895323
-7329220 -3351605
-5581188 -9437152
-9946314 7021151
6033124 3181129
-9586555 1584174
-3303065 -9792309
1687744 2240807
4491626 -5201153
5802287 -2773763
5134248 -7866606
6315545 6586539
8509566 7130236
2009496 1866783
2894675 544472
8649149 6206288
5371035 2151705
2714553 3836281
857432 9789847
-4512672 -4715409
6868765 9406908
9614600 -4099227
657932 -6434300
-9119101 -6181304
1044933 7665911
9799305 -800462
-4213923 8695533
5825769 -1368798
3014337 6811996
-2643532 -2164735
-5958446 -4090988
577069 -3994382
2358251 9412589
1718789 -6708378
-1423787 -6784316
5138944 7206117
-6893109 7961330
4043382 4753544
1088592 -3718825
-6052914 -2559367
6640172 -7866475
3345411 -6253608
-5106054 4942601
1754597 -828820
-477202 7908284
6333648 1627418
149388 3564352
-4506707 -3089282
-7281308 -7492361
8239675 -271566
-3065448 1294906
-8227412 3378620
-9351484 -7442205
-1161030 5815971
5772956 1737109
-3613014 2786057
-951199 2413128
9872082 9732397
-1096422 3942747
-5632617 1626679
-6745903 8426376
-5492920 3217384
-9871898 3403485
-1572523 -7483275
2245160 -7153206
-3341948 -3332848
-9954228 9179712
-8262493 -9053007
-720684 -9305711
-5052250 -6907171
5878886 -4947728
-18247 1334736
-6416514 -5072313
1386787 -146165
3996866 2487064
-6570208 -1729478
-8512094 -232684
-6829199 -9546776
-7030051 -8383992
6979155 -5885370
781783 -2268539
9427525 6153559
7100552 -6656093
6554548 3681384
6774214 -3620132
-6051507 -8497702
-4646613 2653100
97140 3930246
-6215919 -1063127
3940289 4000279
-7729199 297299
-9935385 7370081
7823305 -6241292
7891068 -6764583
9866399 3309606
-8958932 -2613425
6056487 648182
-3491558 -9531407
4149978 3157039
2053260 -6937010
-5434711 -6559456
6093644 -1481895
-7551649 -81324
1371901 8707136
-4776233 8748784
-953917 -4687810
-7317729 -9989079
6285981 -889301
-5137532 3021928
-3668466 4177049
4079977 -5271133
-2106598 9888954
2873900 136464
5809855 4401844
-18814 -2976122
464422 -9620533
-1102428 4546475
6981503 9074418
297907 -6137725
5127411 -9130244
-3818054 -1961974
-1951053 6689847
8316898 -8619431
4402497 -5665072
1028330 -6820634
-9575415 3250384
-4344310 -4891693
-2238877 -9165661
-2247465 8529590
8069820 -6429022
6466798 7733722
-5203451 -8949406
2641365 7880722
4259350 4294405
5164161 -7060728
977298 -613239
-3923392 -8653892
-7273323 1542598
5877526 6909858
-9910776 -354473
5412263 -3094144
-5469485 3030162
3864501 -8932047
2113896 2291638
-1621031 4133389
1867111 183716
1234311 -5154233
5242841 6663660
958065 6392028
1847652 -497809
1405305 8638579
2501039 5341302
-3116100 -1735
-3091876 5227716
7389595 -7238573
-332717 -3002652
2543862 -4681790
-3613836 4197799
9005789 8924716
3058105 8500060
-8799872 -2615242
-5253123 -5074784
4105228 -5049209
-8657181 9989719
-508090 7579646
6218225 3190471
-1468226 -9102785
895481 -1280736
6463332 5415674
693453 319957
7317305 -3630720
1687490 -9639263
-2925112 -7622480
-8697764 8073654
-909934 -3919323
-4018212 4360341
9285557 290195
5240986 728665
718384 3390785
-6513217 6583806
-7709371 2726647
-3859786 9705008
-1575728 822403
8754430 7035695
-2644348 7403957
-6226763 -552117
-7675028 7189310
9566830 5460727
3534382 -8083788
-2003110 3385418
-2254241 5140800
-4569005 -3504970
7223695 -2968684
2938453 3188334
-7711508 -2057920
3185079 6425237
-1353403 -5420879
-2082123 9325293
-1122659 -412778
-3008821 -3327693
6120190 6232993
-4061345 764416
8741495 961515
2877727 8021837
1407255 -5207771
9933030 3390969
9885999 9153014
8700682 7880377
1068711 7109695
7568127 -5844512
3097077 3357203
452677 753206
78499 -8256326
1330896 8370554
-4957139 8955840
-2294814 8322075
-8397157 3679403
7157270 -3839807
6698383 -9655661
-4863432 34998
-6574033 -1894362
9775005 7585950
5466328 -6688033
2938014 992039
5147527 9051391
2408595 506141
3775699 -9239044
-7495369 5377624
3748178 -6145802
5326391 3835527
-5326045 1307391
7503146 5547929
-8291878 8793150
1653841 4660417
7211767 922857
9028496 -693238
-3107288 -9362266
6466053 1319853
4828244 -7640960
-8589568 -595933
9910208 -7507876
-6746920 -3664621
-8286997 3685907
56458 -4242289
2109591 -2022467
1801276 7899201
3447130 -700102
-9390600 -695578
6481191 -2328396
8594462 2263242
-8429996 3692958
-3152955 139310
-8540837 -1537284
-6661891 -6686902
-4766482 -1196241
1295883 7264893
6116624 7660078
1345986 4548964
2823027 345979
839864 3918796
1817997 7448970
-3251132 -7358860
-5538086 -4734873
-4546917 -2641731
9621511 3459458
-2847584 -5952455
4186855 3707867
4686935 -3484187
-7654736 5646018
-5550222 541396
-2193711 -2421218
-4761140 -1737987
-7189023 6439265
-3214756 -898802
-6980006 -1849643
-4400673 141460
2782600 -2645657
-4864178 2348196
2222817 -239133
-6779675 588906
4636451 -5639320
8068547 -7110907
-595093 -1176693
6985677 2755482
-6703121 1750171
1845305 3951807
4730173 -6380480
2575138 7084165
-3814636 7541150
-4308493 1876734
-7981805 -8278290
-8407594 1290835
6155383 4800795
-5438338 -3271772
7317134 -1621800
2738880 -9701661
-6812567 -5530062
-4190403 -6676221
6079261 2592340
6858863 5311626
-8220214 1892492
-1971635 -1295832
8304685 6509959
4051109 -9396497
-5003411 7006401
8728112 2258969
6066156 -2985216
4331932 2836870
9565098 -5262109
-4367557 1409946
1708286 -601415
-3615125 8371323
-8304898 4895719
-9995589 2194472
-2493902 290715
4699560 6863274
8083794 -8197764
8312195 5244277
5847780 6388479
3394881 -5120343
7138626 3360721
-9624494 -5360655
7476215 -4278866
459025 -2776210
8633736 -442335
1472602 6091468
-3020857 -7141626
7754093 7857477
51949 -8809403
-6002336 274856
9654482 74400
1876636 8697224
3941501 7738276
-3356892 188832
5068489 -7694367
5666355 2554341
-289962 -5276533
-7039047 -1441787
5782003 9702605
-739730 -4063670
