385 6814150 -5330747
551
-8195797 -5666377
-3228797 3670626
1540594 6878612
-303133 763181
4742129 -9780168
465604 -3088732
48009 -5173517
3714704 -5011240
-9973936 8532074
-2906467 7993987
6651921 477115
-9934172 4464533
-5701736 -7632182
-2676994 -8106294
1224208 3946166
8279789 1992259
8179237 3028411
-92976 -4949007
-1669474 -280169
-60336 2120243
1547863 -6927345
-9584510 2921620
426733 4112224
-4839350 4130195
-5359466 452797
-9070088 2254183
9235069 3808807
-1307023 3512093
5405799 -6466667
-4148 6015983
-9475406 -3369993
9658418 -9208007
8359338 8703831
-1576337 -7918206
-3281610 -3310136
-7721128 879679
6317651 782605
-5105170 -7305638
-659091 9260736
-286466 -7428168
4826016 -3502204
-9693397 -6840202
6671891 4061085
110770 -1000419
7531916 -5405958
1224049 2622974
-4068680 8056511
-723306 -6601180
7996966 -5709342
-6503125 216709
-8903612 7231708
-1985686 -4224253
-9013539 -69608
-808872 -4574504
-9486320 -7156277
-658481 1421014
-2902835 5339696
-8082867 -7835526
-6319593 -6230944
-9120549 -5455744
7167230 -8787676
1785187 -5380148
-9464976 -6901450
9905561 -8938119
1278591 1048343
-1719949 -6597564
-8305465 -5108669
4821723 -1189283
-3247435 5197348
8041071 -5987148
-2049782 -2733754
5122294 9898942
-7936583 5047383
1332792 -444220
4100036 -4256176
-3043852 2212243
6832095 -6216382
9398521 1257687
2319569 -116528
-9068185 9304082
5222870 -6401840
-1510509 -8271782
-6944712 -566243
-5368895 5827567
2356771 -192147
-409549 -7327823
-7428881 -9693011
5354373 -5287254
-3215122 7150888
-7105287 -3312835
8899408 -9115086
7184884 -7632787
3624901 -1752145
647679 6583405
-1596161 -4055530
-7941018 1579494
3307713 6143061
-4423182 -6935175
1408744 6363001
8687206 207924
2880101 -6234485
-5927495 -9205990
8023108 -2032428
-4881539 1943230
8630395 -5192014
8209252 -9470474
-7103261 46155
810362 5394136
1977542 -962008
-2501186 -8541958
-4446112 2897733
-959205 -7925852
-4861026 1377953
-9742694 4617613
-5174463 6547718
2829586 8944513
2254875 221990
705915 -581557
-8638327 277983
5085969 5824376
-1129746 9992068
-7445425 3295221
-1310643 -5716655
3321338 -4118711
-2660669 3183251
-3919015 3336504
5410653 2893220
-5728827 5121780
-260607 3065979
-7869951 7044832
5989345 -2918717
7303273 4959635
-5621922 -9239428
1038555 -9474460
6349916 -4260249
8248171 8640876
1936097 7736522
-7980132 3319098
9200388 3141806
8841410 -2142442
-8805938 9056071
1949291 -5077605
2560527 -878933
-7812954 -1263183
-4218351 4816272
-8102445 6833448
1793083 4287346
5047918 1717181
2242721 -1312486
-3056383 8602825
7243701 -8891010
8845512 7708141
1027239 -8303850
4837956 3381732
-8760710 -7256021
-8199949 3679366
1118113 -7566647
1554420 -3734306
-2481137 6194992
1011265 -3742181
-6908733 3300512
-9895790 -4574828
7142353 -2599298
6088216 -2331520
8787657 -8098573
5526769 5548186
3256327 6031358
7727508 -3111367
-9729634 6799918
9543898 -4918183
1277535 -8490344
6459361 -8656051
-9874005 -7604351
1106993 -9469866
-3212047 -2355141
3461723 -7881742
-2456569 -7604428
-203726 3565934
3750766 7202136
1619915 8400843
3949029 2538424
-8913866 9663036
-3448330 9721708
6521626 8813643
-6104540 -3177964
-9151956 6065524
-74175 5172995
84996 7307406
7837540 51821
7696680 -8808010
5826600 7141845
9537417 1158403
7240689 5886383
-4395128 -8149957
-9749114 -6492192
-1437416 7224787
6887824 4199915
3921623 -351282
-1537639 5955846
-7222118 -7040398
1541478 -5125827
-9952831 6142278
3449684 -8532696
-5964523 -7351483
6356859 -6196424
-9054579 4248509
7923264 2183460
-1930157 2999190
4849234 5163954
1188114 3674715
-6584145 5100120
-8183612 9750698
-600584 2820031
-1224123 -1745637
1213965 7861778
-7264049 -5929889
-9787611 -7244556
6739100 5299472
464342 -3821574
-17998 3290929
-2460562 -3178799
9004661 927424
-6073386 -4537298
3143008 9590857
-4218076 8775848
-3607679 -5668878
-5918180 -802221
4534162 -1791291
-1020576 3481237
-6140633 5826391
9896502 2709742
-2018462 9111670
-3072505 2625244
8803670 -5279362
527919 7391837
-5786962 -1214328
2229448 8067357
-6469941 5734052
5324909 6156063
-2551737 -810580
3520542 -8893167
-7179035 3840584
4565645 7602363
-6400048 -128521
-4302129 6061422
-1228836 -2540681
9087341 -4405627
8219617 6752702
3989692 -3985164
-6593327 -460361
8325312 -5482389
-7415032 -9863936
5870116 554760
9227175 8631379
-2179201 1195025
-5181790 9191791
-4451273 3857694
-6023591 -9844473
27007 2630725
-1307853 -2423639
-2447968 5724878
3835603 7463311
-3267635 -3360627
2654210 -5428427
4111212 -9277943
-4760332 -1422765
-1286701 -5047124
-1976011 -9659012
1488719 7099767
-9188856 -2748836
-3557045 1825871
-4316435 8145707
8301234 -5491965
7138760 -340026
7236335 -1671759
6569471 -4169093
5810570 7304719
-6055908 405075
4976648 -7457065
5781344 -885346
208242 -8395788
-3442911 3537364
3878352 1437893
-1462339 4581078
4348594 7883423
-290706 -651195
-2505488 3307902
7815937 -2090789
7569185 8312099
-3359660 4954697
3301956 -2678128
-5373409 5726164
-3868761 -887474
-5828187 -8912964
-7281958 3624239
-2255197 9953157
3490521 2926284
-5635822 4301892
-8600678 9885225
7768648 2901839
4766996 5747917
-8427829 9994295
-2096494 4777861
3089960 9388108
-3140843 7989044
7827268 9730300
-2027184 -9838887
-726361 4970212
-1426400 -3379593
-9755354 3445452
-4085039 1291642
-5782073 -9494198
4807694 9405482
1807059 -8901543
-3483352 -1276631
6987638 -7907941
-7913646 -8716356
6061505 8559809
7947917 -7493787
3011609 -848535
-8601882 -5192926
7484539 838877
-4190911 -629066
-1492306 9274530
-4763666 4382689
8190684 -1247660
-8225506 1151295
-6926871 4924963
6023420 6582189
7821910 4880188
6972247 -7459932
6340064 4809548
3369357 9058602
4081167 2401570
4069387 -6166374
-8842948 -2907224
7931653 5467505
7354792 8641591
7916121 6257095
-6843864 -4137514
-2868822 -6847545
4303750 -8653180
6271783 -1094327
8004214 7376879
-5226581 -5188445
-2648377 -1657524
-6847976 -8254334
3320620 -6308312
-1390390 6521381
-9644993 -2598213
4494563 -7321003
662855 -8487941
2670002 -5057431
3716016 -9466001
-3603515 586123
-3745070 6872152
735325 -3955985
-2533960 3075032
451911 9523460
-5664984 7986606
-3670918 -2258318
-512652 1686639
-2105321 -518894
8518839 -7192031
209756 6504289
1699639 1390198
-4581391 7220672
4679593 4878846
5412845 8088611
-8808914 -1604391
-4732239 4325682
-9630303 -2553984
-9478952 -1480562
-1957101 -9647910
8338696 -6510689
1230993 2377915
6580906 -5332221
-3334763 -9281658
6042663 6991938
-3987421 -4815923
-909373 8768771
5989443 7712218
2591064 4509237
2597848 669036
1580997 -1996091
4845943 3788935
3751303 -634889
7884549 5215641
-1915917 4272352
278015 -4072552
821715 -3577221
-6393090 4025361
-2739945 -2597378
-5605440 -7211500
-2027423 -6697282
-7928511 -7076509
-9364290 -420444
-5911207 8060933
-8753679 -4256874
-3736612 6686642
-7008071 2827319
-7807570 -8890669
-1158676 6743232
-6468064 2593331
8520780 6925407
5864539 -3673696
-9648335 -8141153
-738531 9471449
4776301 -2388280
914438 -3827619
-8387775 5265230
-5155213 -4497721
6079564 -7752065
-9492587 -1066420
8136574 7325886
-7330443 9287153
-9603515 3644855
388088 7378339
-28330 -8245839
1195921 -3563624
-4720968 -8991198
-7132350 -2939540
9048261 -4369303
-4241231 -5354529
-6665795 3824563
-910207 6673207
-7824513 -5053570
9710717 3934580
5384513 8255051
-1902711 2734482
2021636 3521087
-2834057 -6716802
-9338463 -5065527
-3311366 70383
-976889 -6850440
-5841638 7884555
7461367 4302144
2449193 9542364
-5812164 -974019
-7149456 8207963
4881170 -9961607
-5015177 -5543311
907622 -426991
-9655587 7211892
-53626 -3707865
2329574 -9041946
-5758747 -8031990
-3097517 9495517
-7917748 -5097210
-9431298 -3892530
6508377 1105364
-4592492 -5272935
-5730571 3969745
-7004274 7856701
6064664 -9026383
-8987990 8362622
5335663 -6537813
-4448452 8513185
5725077 -3756715
2535420 -4104039
-3145984 -4328548
-2360538 7381347
6876864 -6388379
-8969237 -2941702
3165768 8959117
-7419167 -8400534
-3673469 -325855
6160242 -2011659
8361394 -6887688
6602282 1672320
34942 -3057589
-7079050 7614292
-1356170 -4629394
-5869757 -9011150
-3115188 -5631093
-7443289 -817984
-3436637 -3744820
-7616847 -7287474
-229176 -6559773
4915696 -6586084
-4986618 5452944
7643441 7496529
8001222 -6143735
-3031422 -3679964
7992356 -1121031
-1662268 -6429140
3701504 -9456349
8430609 -6224966
-5236116 4861686
1746946 -7439148
-5740780 -5834952
-7063420 4303657
7016183 822583
-3220837 -4680267
-1266350 9303359
4756303 4211211
-5775907 3747032
7603298 -5083903
1236133 -7774685
-6379364 7088228
3175440 -8255159
-7711508 -5525280
-1750246 9393296
4254983 3235453
5796306 3013639
7178687 -3998071
2821938 2571878
-6605538 2631620
7951353 -161878
-858519 -7310023
6901188 9201355
2948388 6414137
3846586 3641633
5866949 -6931962
2672618 -4917281
9343912 2003937
6478658 -4151942
7757706 -8367595
4867858 -5271588
258403 -5470959
-6952678 -6819484
-1731253 9953443
2585063 5869261
-4292617 -5820439
-3130462 -6947232
-7745876 -2634784
6295705 6287078
-71288 -2281136
786902 142291
-2258638 8312013
315950 5975872
4340282 -2914725
-8765968 9310960
6555725 2097988
6627030 -1381758
-5684889 -3185872
9283923 9674352
5543613 2583858
6763419 1868986
-2561893 3767348
3648917 -6367043
2436387 -307769
7411095 -55378
2603266 4881451
3193464 -9285651
-793427 -9655372
9946255 6025767
5336727 -6453145
5644843 3696639
-7685118 -5591196
-6260715 -5211775
