65 502171 -937896
392
1943816 1382777
-3350317 3179119
-8156320 2189406
931906 1673363
4475306 3201525
4743721 5110652
-167133 -5410581
-1490157 -2472745
2134122 6183956
-3656427 -5644003
4746868 7704204
-7186230 -9036907
9499657 1932564
7600622 3416601
-6081228 -3423600
7959178 9179079
2358198 -1621060
3084698 7125213
-1201424 4201878
-2596597 -5983395
1643609 5790234
2896006 4663476
4707084 3992828
176784 -8594151
8278198 -3158794
7061762 6520357
-198 3025066
-5042369 9875533
3292134 -7984188
-1407788 5074605
4253684 -272742
8106198 9067742
6192955 9128234
3330112 -6292752
-2276147 7507883
-4185530 3249868
-9570304 1883814
-4123358 8710476
2632677 5136780
4494338 6053426
-4909865 910876
-6064058 1556101
-6052014 5089938
7105750 -8590075
-999117 -243528
9483730 8214314
7282057 5770919
4899154 106280
3813528 -4008636
6015600 -9254382
3995486 4053734
-4062452 -8169930
3056898 -3058465
-7921685 1814191
-9616031 -4310425
-883197 -910994
-9354893 -4525895
3080395 -4430902
9495375 7109445
-3134083 -7297503
3433163 -1503742
6783530 -3650353
-1027721 -6768428
-777063 1682684
-5055346 -7214193
6839541 -4761463
9584959 1456493
8398028 -7222910
-2892367 2641857
847784 2992695
-7918299 -2508398
-4517941 2480940
8050038 5243160
2352605 1078806
3781303 7545413
8558024 9218522
8084521 -2785533
-7037609 5341554
9540590 -2943200
-7641040 2185328
-59783 -5514756
5941737 1714853
-2991705 -7958472
-2800263 4339765
-2667539 4115928
-8392469 8047522
-6955186 -8069486
7173675 -2910410
684749 -8905148
1156617 -7957368
-8738845 -5533948
-5803129 -285359
-4943805 1862028
1435181 -2840737
1860943 7113137
-8401618 3794141
-4491006 4317513
6359041 7540119
-5603763 2517290
9149570 -6441221
4122653 1728698
-3824436 -9242899
-9636956 7167467
778671 -6650761
-4608128 1047793
-1969803 -8064712
1649930 9169379
-6452241 -5256579
-5580964 -777523
-3664385 4982940
-8706567 6279979
597492 -9549651
7990468 9318780
-5647578 9472886
-6968335 -7613295
-3368245 -6498008
6775446 -329330
-3161863 2807320
-1327089 7138490
-9297365 7616808
2068448 -3418865
8266866 -1267168
-4007395 -6281622
-4542792 -8185374
-686082 411641
-3308379 -5690825
-5240476 607352
-7557516 -194535
-721649 5266344
7653050 -3205094
-7186750 -5173632
4497038 6801157
-7875171 9588696
-756462 3851527
-6015313 -6685907
-104772 -53827
1195358 6053136
2287866 -1837905
-23279 7187963
-2400395 7745074
4570601 1806991
-7585657 -3192422
6613043 1846477
-2887178 7373179
6684437 8407747
-6765885 7282224
4083381 9497688
9086384 247506
-5900967 -1275437
2038656 -1670077
8276096 -1916279
6653209 -8066116
95979 -8012194
9175770 -1058925
9202502 2589052
-5603956 9291727
-3900695 3773103
-4380419 9326739
6699919 -7287652
-8879905 -4751245
-7469021 3384356
-4601604 6870563
9634421 -869288
7855275 -5515219
-4668944 -6266546
-5666473 -106069
1827816 6123504
8111311 3503088
-7555836 4440147
9545552 7287081
-904840 -8353334
-2063879 -6058404
5784687 5194465
7906813 -3927946
1320809 -4999042
901667 1543261
-9069824 -3631860
5498853 6300063
-9215156 -9435403
6814403 3354128
-6751940 8632252
4755757 3664283
-2832629 -2407772
4548727 2867068
-7329499 -388465
-6225447 -3389369
552227 1765661
-3039874 1710675
299081 8853267
-6145775 7383291
-8557096 4136243
-9495617 -2727756
-6427692 -7626920
5454029 6003236
-642635 6873504
5505757 2268433
-4067284 -4878223
-4769643 261514
5644934 3100087
5227975 2295436
8906068 8315435
-7402552 1518880
-6770445 -8025353
3344266 -7926074
9457217 -3955011
-9818768 7198492
-5529264 -9099878
5789554 -9314385
-794796 -9440604
7432901 1243584
-6487983 1078921
-1282950 -4544990
5716524 -8038915
-2422476 -3536241
8759195 -6122190
-7806755 -7194501
4324380 181615
2156263 7307045
9380971 70287
-1368372 8016881
5215373 8838188
2254662 -1187140
-7985172 2202462
-4721790 -1955783
9287801 -6263616
4815305 -7288889
-9317527 5316170
7277255 6048707
-7487534 6398997
-9723193 -5145221
-9823369 3788013
-6030371 4986404
2293449 -2982637
-395998 -1357756
-3340875 1674420
-6971039 8235631
9564843 4390851
9109665 5283623
5844192 4096023
7832407 -5612125
9615339 -2351655
-7035485 -4835936
-8787229 -9702188
-786838 2758122
129254 6241589
29603 -7993679
-490922 305885
-160400 -3484416
-2325820 4318879
8509652 9443602
195585 -3150343
-8759492 -8461387
-661412 -239571
-6143548 2866525
-229247 -4817219
-4652522 4205212
1885628 -613908
-7799744 -1688006
-8929884 -4385248
-8143659 -6070230
-4063908 1199370
4021607 -5597704
917880 -2038478
-7719599 -6138793
5821162 8592060
7958070 -9209947
4845018 -3983253
5777176 9198578
-5418544 6699959
-8117260 2149981
8871545 4352209
6254653 9746570
-1941436 757173
6371925 8454909
4901032 -8354967
-4639245 8228267
-7369437 3353476
-8685002 1898715
-1723726 -3935204
7173208 -6404601
6901805 -5902564
114184 5131278
-3153791 1746823
-9036866 8407712
-6925955 1427665
8296226 5362226
5108797 -8054410
-4780884 4550879
-4477860 -6832639
7328746 -8408959
2335660 -9576828
3776648 -7310498
4588217 -2517424
-3936276 -2392002
1203398 -7135509
9478280 -6763068
884563 -9378445
-5115270 -7891184
-9483472 7730772
-8325211 -4152135
-8789909 6106926
8052516 9971015
-2961754 6318888
2002602 -6728368
7379026 2560386
-4500089 -668652
-5462798 -7768962
-286386 1792911
9400910 1641771
4506263 5777338
1530623 -6879340
-6257785 -3499105
-1390289 -7584814
-9854042 -8856703
-3008838 -873761
-4766835 4337099
-3175534 -9282394
7036494 5802034
1590018 3862712
8939450 -960904
886797 -8514604
-6283565 6955713
-1251375 5423999
-2934229 3430049
-8276260 -9334113
-6213453 4088386
-9410719 3254363
-1814099 -9954886
-8811589 -801008
841583 -9151789
5185310 -9304074
-8586468 -1408899
-5606865 -7990224
-1611160 966378
2521827 -1500495
-15098 -2671710
6800356 -6591376
1348975 3701337
9647738 -4451019
8731220 931098
-4980516 -8628522
-2857807 -7482233
5079233 8125117
-2675891 5328094
6176305 6267644
-520078 682045
9273146 -6122033
8404095 893454
-8140167 6182633
-5317862 -3207065
-3362422 -3101988
306636 4667040
-1631623 -6562066
-8496733 4171963
-4896938 -1983884
-8096054 -9765513
5268606 -7361102
-9235984 -953860
6890586 347839
9131835 -9395523
-6197126 -4416756
-538789 -1388242
9505212 -6923980
9258653 -2134693
-2825406 3881397
-9220591 -6059208
1124184 -3671476
-233542 -6397603
290713 9492562
-9974970 -6213923
6536916 5393775
549025 -8071024
-6508532 -5678126
4669713 1313041
-5566129 2898407
8481651 3801549
4929659 -1763255
1312766 -9540786
-9159127 4434871
-9167379 -6912229
9544915 -1984532
4343992 4128382
247132 669100
161662 6626803
2929232 -9462155
-1552028 -7296956
7148372 -533851
-3695625 8996997
-7173609 -9360159
-3945400 -9025911
-2708010 -2739738
5497007 -5463749
