198 -821670 -7063397
543
-5402472 1122592
-2602468 8389958
2788466 -7400377
5252644 8318899
9006775 9606697
2434728 -3995919
2017315 -6773986
-689597 -3867630
-1438557 8728620
-5384777 -8202418
3014067 -2004239
5443814 -9434763
-703274 -4092456
5620741 -4930383
4247947 -1261732
2377212 8557344
-536345 8845475
-8554902 9774745
609996 4768473
-3108478 -785906
5218176 -383229
2842786 9326251
7974973 -2764509
8480464 -7846811
6467123 9052768
-2951471 -6904313
6177276 -8002457
-2094913 -7507656
-9921687 -4525997
-3271377 -6474172
4599525 4326260
3171735 1622188
1396933 6579532
1348005 -2866815
6347280 -7993071
-5859947 8239527
82130 -5918192
-6166349 6982839
1652380 -9426545
9626223 -7685885
7926155 -1880496
117047 9191105
4199801 -3380217
-5389862 8022134
4064314 4278114
-8879274 1338762
-7039050 -8819809
7759723 -3191187
3941998 -3125765
-8602484 -8375920
2379960 -7194370
-3112562 -4462431
-7479592 4978442
-1931750 721090
-4448443 -3310859
4808645 -2305527
9401930 5994064
-7386152 7442044
-2019470 -3881917
-9603803 9740338
1079100 4561196
5741388 4033275
-9157912 -3443598
3430637 -3982537
-2358456 -2699561
106069 4828154
2882075 -9978496
-2483702 -490140
2747302 5402484
-7908375 5584548
5795374 815211
9325628 -583378
9375018 5197304
-8684612 4455828
4196166 -2644452
4433096 4227937
-1738787 -4724733
-5651979 174484
6191948 -896699
-1079908 295011
7639517 -6166508
6371348 9026162
-8947626 521592
8440428 6403998
1988547 3799676
7131239 -9467947
-7534973 -2216079
5497577 6456867
912695 4356397
-8288055 6812965
-6442745 -4891138
-7099519 -1338606
8835878 -5665180
-4045527 9764854
59865 5027826
1377670 4874566
3900728 -2300618
8220975 -9734630
6669369 -2530546
3785482 6661403
-290191 -1342084
-1041811 916721
9889941 -5308812
9047586 -5544234
3785084 -6681012
-9055798 3275883
-8062723 7342339
-8322841 -6155317
-6390462 -9226844
-1682666 -2368368
-7493802 -3814245
3885138 2211357
2476727 -1076722
6392732 2106113
-8716132 -8337552
-7163284 -7305434
3611288 993677
5684866 1794905
-1232976 -3982419
-663431 4732452
-9475313 -7447892
9894447 280772
-3358193 -7538035
5751473 4087958
4235942 -7232303
-1046547 -5931193
-1203484 -741507
8181771 -7161409
-2538944 -8726756
5452044 -2909144
-214578 -1255076
9738602 8288761
-7399982 5913062
4446995 -2060180
5188624 1367042
-3564498 -6216435
4064337 5713311
8175276 8846301
2934259 3222496
5990194 3926749
511909 9686554
-1054953 -5056353
-2217762 9308425
3098021 -2873182
-3265974 5243294
-6011782 -1449934
9355179 -964199
7465215 6243172
-5817008 4471549
8354944 1912211
5695776 9371616
-2398720 -5209554
-6363252 -7723535
5498961 -4223444
2219658 -912641
-1226087 1489155
-1050846 -7268433
4556344 7718960
7362131 -752256
-5508962 -2345634
-1279216 6612509
-4351690 -9004391
-244867 -9407685
5063864 5629878
-2457911 -3545522
-4173906 3418808
725607 5754217
547034 3427374
1720283 -3121293
-1517582 8562347
-7432145 -6060059
9187860 7256332
-2508356 1517009
-9235246 3744204
3914922 7370127
3982637 7772144
1284105 -7364294
-6771979 2147299
-2222823 -8960761
-2506283 808238
6743398 -2164382
-6410165 -4163837
1779890 -2530995
-3135936 -3346779
-4784431 -6499827
9956466 5346483
-4880833 -2216576
1816785 9144326
-4595118 2610811
-7502709 2581539
-7129964 9319805
4471863 6479928
-1372773 4154141
5193380 216237
-8975525 -1079243
6756375 5203449
-8960387 284225
269583 2862563
9515784 2819503
-1163972 7133647
-5003518 7247705
7547481 -1207506
-9546828 115649
5242813 -635733
4462158 8374406
210563 7740104
4220032 7332194
1486336 -5317573
-2584984 5363611
6800720 9196068
4399518 -1560509
1240068 3557096
8936011 5439131
-9225014 -8490349
8643299 968147
-1784147 -388986
919860 -6360219
-3728217 8279686
-2356047 1373032
-252562 -8485404
9254700 4622464
1954658 9958002
7156781 -4008916
3871047 5957346
5153415 -5428203
-4472360 671768
6745216 -447067
-5007936 6767708
8277360 -1802421
9165726 8283402
-2105584 -562989
-4406856 9897931
8177618 8814276
-7296340 1864927
3379523 8337923
2960387 2451098
-5074548 -4849425
1141659 -5084954
-9127608 4598585
1686734 -4987293
-1799173 6025807
8095092 7214374
-3501565 7462395
-4340026 5603508
3886910 7292147
-3270842 -5174300
-5276368 -8218674
3111954 2322302
6703582 5417602
3755525 5815614
-9216935 83105
5233681 -3284087
-5852689 8224869
2823455 8891692
6420751 -4980297
3561863 -5489811
4240916 -5378422
4600325 1656955
9776816 -9260649
8031498 -9739701
7602352 3663726
-2038595 7277008
-7884338 -7674016
7743586 -8926641
6888974 8819244
-8581298 -5984537
731376 188391
-1586740 6652383
-1939573 4878687
2414743 3753067
779609 -5518821
-8380891 -4023394
149913 -4979475
8276228 6219435
6479734 -73271
6106808 -1175922
-3898914 4082086
-1075578 -5931787
-4858428 -9266900
9552345 9184360
-6800176 4546898
7251641 3487399
-7343866 -3552448
-8673760 -4335098
1934321 716561
5197740 3740983
2233941 -7286070
-9749193 6816850
-4447363 4900206
7343288 8527035
-2648887 -7967629
-1369190 3450096
7518309 -4031449
9218004 71584
-744055 5176233
-7760516 1286701
-5225900 -5027879
1419673 9491125
7672379 -2569766
8146795 -4737735
1519600 -393299
-5163017 -4139112
5194090 -6246459
1170100 -4912209
-6385174 -9253273
5295450 -1486612
-8036516 -6517708
-8032805 -6073740
3997845 1998145
-2825622 -8814801
2471900 5770142
3258615 -586138
-8578660 7246000
7192586 -5321712
-7543094 1610071
3733124 -2144266
-3767026 3976506
246400 8570108
-6342101 -8572936
4690143 -8583500
-70112 9789077
5787721 -14407
-3571794 -5590276
6407869 271269
1456468 2942403
-8771103 -6417753
-4487538 6444721
3690721 4487512
1682152 9450154
1060225 -6600340
1255394 4139058
-1884435 -5206650
5879810 7488368
1431784 878317
2294817 2054061
1843138 -3878073
-1376128 4741057
9150781 -9852788
418481 5052078
-9489167 5558650
1657249 -8125051
8319670 -8260270
6227242 -313937
-863783 -5473256
-9557244 -2090605
4564805 2712795
22497 1698150
-8297130 5196722
-3924961 -4097693
7956368 3134654
9256581 8369856
-4372735 -7684142
-7536930 -9603195
5448884 -5221954
2853048 -4602097
9789205 -1523931
215800 -5489702
4196361 625227
5151971 8959394
9385141 5848931
-1438274 5594727
9809229 3949947
-853331 8584223
-5513470 -8487901
4646753 -2261939
8624269 4959250
7275108 -3580314
9332844 -5748465
-8454067 2254531
7652434 4781728
5774149 4398982
1425632 7441639
-1933133 -4010051
-5050656 -4378007
3987276 5735190
1329918 6850837
800784 5065354
3649577 -6344501
-4832401 2463806
-9798133 652459
-4388291 2330704
1266743 8826136
5594023 5403170
-2342299 599587
7897667 7139957
1538939 -4689865
-7248225 3671816
2178118 -7035429
-8897084 -6665006
9070184 -356186
-3505349 -2393455
-7328101 -7083546
-3428046 -188212
-7724406 6321477
9490288 -5744095
-897039 4993813
3819949 7618350
3021520 2886056
6001995 -8069675
9070282 3195573
8505708 -3583986
-9912169 609221
-3909856 3773835
7108829 -5217699
4426115 9709412
-2684043 -1304634
1611820 3437118
-6751094 -12143
8825686 700126
4956031 -4475500
-9481687 8315974
5934324 6575345
-538599 -3145385
-1215060 -8527804
4667769 -4536603
1879411 -2144778
980795 -4310170
1980017 -5516406
-8217753 -412709
-703297 -8394801
300565 -1275286
-7838167 6612661
9116870 -8087615
-4871136 -4589261
-6548408 7942556
-1225118 2601247
-823408 -6030095
-6659128 7225559
8697755 1154346
-865905 2125812
2497386 -4118123
-5911941 3529858
529805 5994533
-4418176 6068076
7673275 2312052
-8963233 4878528
-5992459 -9509808
4918930 -6801400
-8874309 -6875589
3583319 -9952206
2649041 -5422717
-8936459 -7641799
9583760 -8174366
2979980 -5595587
-953422 797868
6679745 4630427
-1839715 4060316
54850 -9232196
-647768 8690090
1002143 5636674
-6968446 -2974492
-2484300 -5444738
-2246138 -2960905
-7320142 4950982
4998776 -8604095
-4026811 6263177
8621379 -2352182
-8010196 -2963270
-6042505 721491
-8480641 -2513864
-7883437 3004073
9580742 715456
-6000388 276848
-1033061 -364408
7788618 3351845
2893705 2485434
7040696 3336525
2891972 2925757
-2123260 -5205442
8706815 5571831
1835008 -7124484
-6960314 -5319996
-5766914 -7027261
3694231 -4970510
2515626 -1809418
3711007 -2270058
8445399 -2851459
7425390 3291749
5443693 -7554989
5796856 8908681
1394115 -4251336
9085189 -8793087
4132671 -1565189
-4254279 1977161
-2451008 -7990589
7401279 -5547464
-8351107 1900353
-2610556 -9559034
7986808 -4118021
-3411087 3600027
-8670030 -6981213
167328 -9700079
-3891978 9775369
4736732 -9890930
9017751 4068068
9816732 -6950059
-5743146 411866
1363029 8901921
879082 905877
2915288 7108750
4077639 944427
5361132 -7167080
5790238 5726532
-8391489 -7249424
-1133044 3777046
-687815 -1802575
-8986302 196926
-7511353 9479514
9588584 9638072
3706140 7225379
-9724680 8606336
-8465446 3522872
2424793 7048527
-2045596 2897584
6334 5820228
9281007 3386045
6218965 -5916027
2326857 4642139
-90933 -5474445
818953 3935369
4649146 8776023
-8510699 -9868861
9610653 -1820804
-9666380 -6022052
-8796672 1715589
-7161723 4039761
-2437367 3995000
1043527 -5627168
7270416 2503779
-9159641 1514284
-5099671 9793102
6393428 -9878634
-2720143 3635646
8161201 -8763363
-2311642 7188924
-1518700 -1019846
-8372355 4853856
-6966948 -29399
3948550 -8761702
-4529760 -6633327
-77214 -2331770
4179582 -1691483
-4802299 1771
