137 7648952 43049
604
5676689 -5964689
-5083587 -1261112
1646881 9198846
8200042 3580654
4532071 516493
-6503531 -4803932
-2844234 -185107
221278 -5358764
-6070674 -4210517
7004265 6319498
-960227 2150468
-6754584 747145
-7107019 -9021696
-3552082 -2678181
-5029229 7669936
4221600 6490967
7746208 -9352539
9846307 9138013
-4764981 -8090559
2425934 8046349
5758770 2283442
-7901665 5922403
-9436360 5430888
3736723 -5164034
-8844536 7009318
-840213 740989
4004486 -7288410
-6310106 2405203
2243374 -586181
9600108 -7345836
1661483 7214146
7861607 3821708
-4523927 -592309
1317133 224266
-1729385 711092
5510886 6259419
-5301825 6545737
1976625 7609221
-7554813 7778167
-2696163 -4286651
-1029310 6117004
1344946 6463624
-8614821 5491528
7421699 -2448808
205356 3628554
-6640948 7021807
843515 -8133161
-6209117 -8779341
1444925 6319588
9547032 -2375632
6400139 2231892
-8706018 5057918
-4816508 3614666
1392833 3270607
1500308 -2371321
6262035 8696671
-2323353 2987350
-9004770 -2393019
5158173 -8421821
-2276915 8416930
-2044911 7879881
2263073 1082137
2302796 1314957
-9849103 6053956
6194676 6264073
-8987683 9697930
-2727800 -4888833
8725834 -7693701
-1906741 2455692
2600724 118667
-8668310 2109919
-4902730 -1137241
-1013907 -991662
-6897131 8608852
-457866 6660618
4540500 825954
-8091909 7497224
-1187819 -3196427
5373881 -3272761
5507664 -1036922
-8822640 1568557
-803924 6519981
1342633 -1550439
-9094747 -2078090
556930 1952244
-5937837 3505977
4885089 1888620
3413310 -8324215
-9715362 6387534
3048152 6516179
-2657867 -7656876
9840348 -2411348
4392225 -8233424
-8989833 -8831119
131960 -7717542
-3632633 6517831
-4445835 1309320
9758881 5563444
-6514646 -586850
-8634606 3180487
9202816 4042284
8447257 -4572443
9619695 4087905
475439 1860567
-1623253 2420685
4763809 6039944
-6371404 -1764768
1809 4604158
5773039 537174
2819632 -6471672
-9953840 8421351
-269328 1703352
-2733204 8116677
-2470173 -7994095
5186392 -6731498
-172861 -1104779
4322778 -3094439
-9006534 -1725604
-9865037 -3541175
8879510 -6014742
-9974798 -1488290
-736705 3643320
-1752522 6170150
9223676 1781456
5309784 6536869
4958221 2043309
6263013 5355944
3472621 7205245
9211150 -6470191
-3201689 -8997552
-7585979 -3086105
3819456 -858198
7416198 -746848
5711977 -2670726
-6169116 7551162
8579224 4591488
-1765192 6372438
2542589 -2157481
9623975 -1001362
8051859 1766265
6325926 4933760
-7193944 -4473568
-7268323 2588939
-1364900 -1204970
-7686170 4459180
3889427 -2050236
7091566 -5272148
3981004 -2291117
-2445491 4507765
2058927 -307019
6800821 1385394
-2242168 -6845497
-6486625 -4964371
-3449381 2816773
-5416961 5653702
-6896186 7118831
-7354737 3425317
-3985743 -4090129
-2778747 -4623059
2352473 4649357
5115473 -464917
4262935 -3758100
3950783 2207040
-3285195 -9239709
453273 4021644
-4592962 1290084
-3039061 -2745906
-5193924 -4318777
8497996 474314
-3871983 -6126953
-9008122 5597387
-977295 -768169
-2341946 -6362858
-8469565 -2446686
4719023 4879307
6930743 3882908
-9875192 -165503
-7958463 -6289970
-5529678 -3408057
-9386413 -1243658
2562778 -2560053
-2789607 8536978
-5781799 9523717
-1968 -5467179
-1594131 5232549
829937 -1357599
390584 -8085901
-4448759 9852642
-2594044 8048639
-4555702 9598028
3480936 -7875021
1959476 4891393
8601424 -3877904
-4769609 -3482635
-2209941 5588098
-6971955 8360331
6897309 -9647163
2392907 238438
4771260 3631862
-1135589 4907291
-6450308 5693481
7607580 2210700
2063342 3940276
-5494733 5675174
5273202 1985650
-3373018 -7534082
-126337 -8729509
-2607413 1102810
7620176 -1524913
-5936815 -4860669
-6500338 7926587
8279425 9607582
-153979 2913323
-3454815 672332
-4420377 7133633
-4656534 -2074052
2653001 -8354333
-1897705 5467398
1142572 7232695
-781654 -4876085
-2410167 -3584225
-9797382 -1638320
9464490 -20152
8454936 -2404795
2734536 -398982
-2472394 5034473
4642056 6234198
-8336127 8323383
-8487933 7004429
-3345586 -9274590
-1348641 9608042
-8746291 1997880
-2534722 3820712
1053407 -8127644
-3003729 1124203
56330 2788105
-8850215 -2897544
7082305 258948
7854153 3130628
5247998 -1946407
-6911934 -6894958
1855592 -7224396
3615339 246474
-2749097 3519466
4244876 5127406
4735448 -3578331
935901 5412587
-766701 -1494491
377866 917532
-7958265 2803059
-4408836 -109511
6992946 2098065
4873365 -3259050
2387930 -3408397
4645196 2727518
-1651088 -2364072
411533 7733262
-9503911 -9795495
-3759677 -5973128
1670631 -2253008
-3314986 3001551
-9069509 8922431
-2572059 7620915
-1461553 -7319858
5483201 322159
-9787352 -6903466
-2289049 -8925634
-9668332 -278054
6313549 -7415684
-2171813 2719598
-9644474 958745
-8791640 6177099
-1102044 -6716589
9826636 -8295551
-8032207 -2345369
-9343817 1497267
-7063950 -1347193
8790075 4103026
6783168 363991
3202502 9844874
-7058591 2266370
-4142912 3415151
5653449 -6831288
-4246971 8705108
1424706 1966999
5442096 3581216
-7725333 -5703416
-2420004 6650456
871257 -6311024
1343607 9922984
1420251 2839051
4008210 -5483858
8619168 4356301
7236645 2798285
2643160 -2081311
2701411 439147
6370650 -1899079
1269633 8558499
7263607 2024100
6507451 -460986
5636582 -8795335
-4498751 1949547
-1399996 7911250
-8399774 -4402403
-4479419 9471261
-5173336 -4539815
-23672 -542816
6329838 8834875
-5850488 -8888152
-969463 3566483
6521982 6792672
7409945 -8268052
2806799 -4591015
7433085 -8804069
734945 -7413242
-6208577 3940536
8406435 -3628472
6799130 -8190975
-2593378 9522791
8994053 8399356
6375893 2927204
-7615612 6337069
5171944 8868573
9980422 8714226
-5202939 9321457
-1369519 -8472689
-6740740 3835396
9244381 8556779
9752710 -1417589
1169170 -806182
5650706 -6995993
-8108113 -2523055
-714030 4057141
3579933 8691017
-393275 6692593
-7863851 -4909662
-8572593 -4017381
7367544 7036889
-1732532 -884296
-9046487 7347966
1391630 -4419119
9416277 -7899654
-9342875 4650890
5749653 8660658
-2145524 2926187
-1553453 -3081177
4395769 -6494818
7562324 338434
-8454196 6198091
2890684 -6341391
-1251053 -6331119
-348500 -2456815
-5419925 176354
1808410 -2980955
6883363 -4636105
944776 2761923
4862270 -1725007
5442235 361054
-978288 -1964253
3478287 1191889
627064 -607459
2897723 4441186
-5220380 7539185
3737277 -7023601
-3364992 8841776
-7489342 9144313
-3312501 5383955
8076662 -5321490
-5786093 -6216074
-8335827 -114928
-7353004 -8902729
-8111384 2608949
-7029997 25618
577717 -152796
3555445 -5491932
3900609 -5943996
8497190 -5817491
4238047 9314684
-7708916 5793163
4634939 -2024676
9635989 -8557556
6826400 -338051
4340460 8839840
5140118 -2580586
7304486 8554367
2167990 6804291
-586759 2467834
-7506548 -3427041
6420163 -5100404
-8075984 3071170
-356474 -24392
-3325531 -1659023
-2344338 -1859283
6450232 3428868
3920544 -7536902
-6094458 -6398477
3263473 3556534
2396374 3248294
-9332292 -2396067
8674652 -2463507
-5659216 7972195
440029 -6641005
-68046 -3729623
-6313674 -4550166
8521004 -3647883
-1155923 -4389658
3951320 -9319118
-1178401 -1965102
-8536233 4123334
6586432 7788183
-8610293 5384311
-1059155 3008326
-3743379 4653180
4773465 3853572
3906417 9440681
-70772 -4035531
-676536 763553
7033931 2885610
8335444 9255418
8123887 3236609
8846951 -627200
53682 9484316
-2480785 2798271
9437957 1391634
-820183 -8500666
6883645 6024389
-8450932 -6914124
255408 8340843
-5289233 -9677959
9762722 -4971127
-6490305 8617184
-8102911 -308049
5093913 2833159
-5395070 1447372
-5316019 3429357
5318509 5245169
-2754162 -6469067
-1154444 -4627809
-719823 -2718595
-1219261 -1716486
6824255 976347
4062223 8180736
-962069 8373323
1211716 -5682368
-8137143 3748698
-5117766 974439
3182742 -4627448
722064 -3220676
743048 -1723345
4222364 -2156654
5604867 5427030
1474315 -459127
-2570584 5367057
-7351538 -9680129
-8880263 6709594
-2314059 -6054447
4642642 460345
-1166332 4264516
8582148 -6319427
-54376 2561737
-6463824 2961358
8333910 -2655790
-3360114 -764730
28277 -8427674
-8067976 7382935
2809965 6766993
8824218 53244
-4579699 6800632
7120503 -3746366
5479580 -9414884
-5469331 756593
-8783062 5681873
-53610 9173311
5370237 -7433042
5128695 -8955110
4006248 7832213
-4823577 1181223
2932845 -5143489
-3571163 -5667338
-8284403 -7038878
2244467 -9122786
930458 -2958086
-6157454 1068685
7322320 -1132889
-547773 3479401
6752346 -4681748
-8999874 3982897
-4327440 7969284
-9463757 -6537132
-5492242 3559149
1391362 -1818710
9362514 8514007
-6629482 -915862
3416800 2295359
-2227166 -7684293
-6807079 5132397
4690663 -9982699
1085987 -3360269
5506843 1049561
-5471038 -9075341
8759263 7475422
1458319 -8718691
1766945 9759389
-6777743 -352768
-6793619 -5180460
3000831 -9753632
8760375 4597744
-6318118 -5120303
7175056 -7869107
6962952 7098682
-5252569 7464242
-2104 2672226
9311957 1954446
-6995993 3600235
4524894 -2664848
-5189425 -9950679
3846982 -4199491
-4440101 -1214754
8432478 -4386072
433468 -8701492
-8455124 4155212
-1247044 5950651
-9169652 2821603
-2531152 -5048810
4566224 521757
-9497649 -5568199
7104027 1830007
-6215547 500247
-5899518 6415984
6267489 -3211540
9354133 1141728
6942238 -8921936
-136690 3201116
1331396 5018489
6316997 -9187859
4967353 4281216
231868 378226
-6800171 -6279691
-8812149 -6421432
4100325 668678
-2383169 -1729573
-9899566 -2880971
7619276 -5279142
3653194 -6115113
-6810301 -8280241
-4622161 -79317
-6484901 -7456168
-1738700 -7679923
-145082 3378410
-3293097 9592696
3873913 8688268
-933506 -8325744
7910917 6622133
-9799299 -5217325
-2032295 9098768
-2630805 -3182621
3936408 5584536
2821746 9985981
6387220 -5927964
8308147 8991293
-1088024 9576919
4637103 -6314013
8522416 -5056572
838190 5414756
5007452 -1622665
-2934397 7545093
9219349 -8602283
536202 6132097
3431124 -353382
-1254614 -6746744
70635 3915182
-7983930 -1369067
-8866734 6523395
-9404569 4837817
3829110 7520486
7097405 8903579
5105918 5257438
-9799134 -5749140
9665616 3628334
-7994331 1039056
-8899499 -2810579
-8896510 -928728
7719721 -9680150
-33532 1639693
4892949 -6332802
7582380 1228206
2375491 7479936
-3480317 9598450
4436267 3508757
-6454405 9631466
1051397 -9218271
-1444480 3159352
7410213 -3842685
9785650 -1243614
2311795 -407819
-702046 4307671
5895296 3412296
-3751501 401445
4557490 3615017
7282215 -1268681
2475878 -549561
9446727 -2619053
-3020602 -5148631
876479 -4033590
