40 -9156426 6708967
111
747636 -8560365
-3873609 -1623293
6085515 825724
9344144 -5750947
2663003 -2760167
3168068 3186246
-3134264 -6331201
9169021 6583241
-8718725 1830398
-1851145 -216728
-3742378 2639758
-3866914 -3172079
-6340552 2073262
5894730 8464977
1824904 9428558
3384546 2603697
-9019595 -7427460
3398264 2027289
6276342 7065920
6822105 -4741240
961359 -1060654
-4875503 -9826
-3426585 7827095
-342507 -5706482
-3406858 -2145310
3010800 322700
-333027 2850765
7440379 1660238
-7358432 3326422
-4728668 3335109
8455158 4466472
7039012 8655878
683167 1951915
-8465812 -7046372
-1787611 9475862
-1584792 8356293
-9137181 1690100
-7966453 3539705
349575 -2563766
-2192724 -5792608
4530092 -540930
4826187 3334429
-5005333 6713417
39839 2266566
8118027 -2363765
4619059 -2172476
-3516598 6573185
-8958547 1658071
4611700 -317078
-841216 -7424359
-9068066 5340441
-2969459 90344
6146401 -8205246
-8252660 -8419560
-4212168 9012328
-1528602 -7929031
5405398 2834276
-452307 5813937
-1919497 2916417
3069005 9587533
9931409 8714882
-2195580 -2311936
9346136 -3585189
-1385915 -1154127
1421514 -3525812
-8185371 289221
-9620435 2353448
-3335446 -8638478
-7058038 -957682
-1945353 -1588105
482864 -8753854
4080422 -957603
-5143665 8404614
1321031 -6371885
5732000 -4546810
6684425 -5609964
2078101 5663409
4594573 -5511155
3334718 1424237
414777 5725010
-3985768 -5243768
-373968 -5254242
-3892720 8910149
-9531180 -1193061
7218834 -8434406
5328092 -1476533
82216 -9781950
8622664 -591486
-4447019 4938551
2908094 -56305
-3149916 -8715018
6948391 -407481
-3402284 8928185
-7131226 -5940684
9784327 9932434
7205018 3283551
8029309 8314911
7225060 9347402
-1845659 6652941
734887 7693880
8733699 7889527
8107577 -3937021
5471493 -1184084
6270819 -753407
1706641 -8975526
4825808 -8304735
-6195864 8556725
7484910 -5709448
-1650132 401852
334286 2870036
-3846413 -9349453
