291 -5819881 -3256211
425
-5720066 462164
-4753644 9428055
5059237 -4641885
-5179997 -7727840
-4065317 8150344
531105 -2331924
-614614 8295765
5878099 5836316
-7283980 -5437468
-6554541 -2334385
5160110 2097402
4260405 3200763
-43011 -7344623
-2149154 -5522128
-8825657 -5426235
-2447719 -2889012
-3460957 7970630
-6671255 2798638
-2412850 4114633
2264977 -9334900
-1666824 -3961815
-5666049 5312435
1148751 7718562
-7718905 -9787950
-9605982 -3618877
994878 8242906
1443669 -1929520
725857 -4744717
-7750493 3917010
8490776 1093055
8204043 -6576150
-8605520 -3956943
1358047 7259439
1374072 7239577
7904678 1461550
7499735 6155401
1467836 8754206
6472769 -8166314
4562089 5132939
4030415 1270216
-486878 -2527541
5542939 -4974707
280576 3473143
-2609847 8785148
-7605445 2530083
-1529715 8397281
6956691 3114951
-7109258 -7618882
9620695 -9168910
2292640 4264814
-7063433 41725
-1204068 -207624
-5857586 -3079244
4570047 7785053
-944731 8704503
-3823038 -1399538
3625755 1084743
7074238 4236253
3021401 6422683
-8530882 6980743
5378025 5415957
-1469092 -60596
2320522 -5148932
-4317842 1421650
8202816 -5542431
4499295 7974799
-2232825 3655735
-9423509 5811579
3596632 -5574059
-6869555 -2337109
-1220295 5168253
8769348 -8176241
6060013 -7594539
1344496 -1640062
-4659319 -8402234
7013723 2813615
-7246981 3235058
8086126 8060983
-8001015 -2410107
2047462 6284637
4259436 2718153
-3626111 9063109
-2608960 4542963
8968904 9466732
9645975 -9012328
-1327723 4615701
-1044187 -1574319
-6652506 9957977
-1682085 -4984174
-3386408 4691990
-9978043 3658597
9410007 6143668
-3278997 5291328
-7118779 7496134
-3702877 -8763659
3954494 -2554964
9024497 -9443441
-2384126 2844735
-5172180 -3584462
9919562 9101130
-3766816 -5526205
2899476 -1408160
-8933831 5188997
-9795177 6246970
-6544687 -615915
5559034 9334767
-2005213 -6522730
8768599 4969041
-5018473 -2767857
-1531516 4166172
-8388792 1278650
-5648439 4939330
-9699582 -9364294
-2948756 -5516213
-6415082 -4871762
-397967 -3029194
-1921002 -181898
7523451 5017862
-6218816 -8338480
1045605 244626
-420607 -2763503
713768 9120991
-3393616 90533
-160972 -8001281
6164891 1587912
5382914 8307512
-4236806 7776100
928158 9734476
-5781737 -3936388
-6291798 495754
-17088 -9680467
-7346013 -4173412
-9155550 578263
2239783 -9822562
422064 -5374366
-5621516 5801740
4922731 2517810
5124695 5092252
7090971 -8470885
-4366621 -5036277
5787587 -4227786
6064666 -8983706
3267122 -8449219
-9869254 -3007176
7488578 1737
321271 -6161052
-334464 9987843
566106 -4508390
8185401 -6973662
-9831675 5322241
1123981 -8876183
3641627 -5453191
2155413 8563064
2608531 -8717326
8762749 -8237264
-2465050 8241911
1774557 4550336
-1382530 -6400383
-6891207 -4958321
5043416 -8735432
7619868 3113724
3101567 7881039
-6627350 9801757
-7171905 6184025
1506266 -8441949
5198220 -7003580
-9940419 -7369753
-8806689 -8643800
-7361126 2214994
3977730 3801842
-5439895 -8598376
-1531688 4029033
7628650 6334662
-8623659 -397866
866702 -9262557
-3632481 -1063890
-3182851 -1513429
-1711672 9469086
5653111 -7293849
6780554 -6367225
9145548 -2840623
-7694024 1978775
3334975 9205129
1420124 -6500713
-182518 5973849
-108175 7914206
1943239 4377587
712250 876490
-9521376 -7911759
5342037 2088591
3541053 -6138321
-5135398 -8290444
3694995 -9641797
5580706 -4330718
-697943 -651894
-976164 2361261
-5659964 -1552395
-9830913 1329812
4829100 7675011
-3834788 -5894437
4536121 7162934
1540521 -1426610
1966232 -3520639
-8916046 -7747229
-3142285 -5038792
-1177113 -1057657
651900 -9601232
3273323 -3796159
1873123 -5653105
-3788647 -1145970
-8784709 3691533
4655490 -2248459
9081354 8071679
-1736958 4824577
1446492 -3573194
-6410260 -3055394
-1965652 -4017386
2461975 5130261
-100615 -9999420
-5038211 -3937719
5004625 -726548
-7811428 -3698972
2504870 8172877
5036124 5461896
6832278 -5622007
585878 -8752523
-1000981 563921
-1364400 -4758631
-9934054 -9403275
-2976469 -585006
6359600 1512439
7495053 -6870377
776236 6910301
6910881 -7526620
-8947987 -9324379
-50927 -8127330
-1826301 -1427010
-3254133 -5346002
-9884106 3194921
7572914 -8218009
5545821 -535476
-9971555 -1841207
-4083486 7061192
7657917 -8819603
-6888257 8498812
-7472397 7197800
-9672577 1987695
-1102004 2539008
-2471260 1103659
-5704367 -4191122
-9802100 -1419246
7153744 -3238942
1415056 -9112049
4082872 -6100388
8197955 -5952698
3511826 -5827861
-5152716 3743776
804968 -3943377
9753372 763798
-737390 -9020763
8177037 -7134885
4852811 1790214
-5670778 1020812
-7875528 -6249193
-440315 1857963
2955069 -3579895
-4302485 -7726062
-6838111 108813
-3475223 7112572
-8840126 7244762
-8583099 -5277267
982861 -2811947
-4238972 -3735815
7027983 4304182
5283419 -4485599
-1620484 8806945
597159 -4023191
6997621 5748679
9499487 -2557266
9300697 9122093
8058550 -8424476
-6150538 2255766
4880931 -6243934
3384990 -2988648
6772466 -8594291
8644794 -2938784
4249269 8189367
-5546448 -372345
-6068163 2526650
8041051 3997887
2804832 1731609
7708418 8936919
4685599 5918344
-6638922 4706039
-3655515 -3298562
-1723038 5178127
9950245 6919387
3191805 -5357223
-5829519 4831176
-1246763 -3423205
-3845636 -9057053
9132314 -2601969
-457961 2919985
-4553365 6102218
-7383543 -4009772
7721837 -6512314
-7575394 -2062359
-6144015 5430255
-7347353 7110205
-6188357 9733415
4911542 -1002868
8432871 -5395043
-8235914 4861787
-7790684 1624677
717824 -4065433
-3122486 962553
876937 6872188
-207826 8526180
-2855250 2935328
8925556 5238809
1242848 -238793
215201 -836254
7110353 3667454
-6705989 4071186
3804602 9763000
-8723516 9622006
6743315 -8767504
-1389364 9709356
-6149615 8507402
-5558031 819952
4298857 4568209
1440398 -6164164
4878368 7692146
627474 3748924
-1012267 4539471
6817030 -7930617
1233129 -9769419
-3585613 -2967769
3619770 -1656518
-9377165 -291602
-8153244 9940724
-8826780 -8100681
4125027 8590072
7097474 -216144
3120160 7975412
2543622 4055795
407983 9935370
7627516 6500372
249296 7802704
-5141473 -1745009
-7159274 1753381
1983963 -8324443
-1292211 4073855
4933689 8398350
-9376899 -7672441
-7731717 5556524
-27804 4986209
3576281 5957855
8258064 -5902777
-7927364 -6809893
-237745 -6105424
-6170054 -2867390
-6367018 2686590
-6994354 -8542537
-7771194 3882278
-4364341 -2135827
-460269 -4930468
1659739 135974
-8949323 763872
-4392217 -3406572
4666305 4190130
-823661 -9607582
6350273 -5361499
-8747924 5268973
8459080 -2875311
1019266 -6675288
457322 -9262313
3424278 4849212
-1176973 -3393344
3005286 6429924
-5705902 -6431815
-8845931 8640946
-8706728 -3649819
7114053 2813808
1923589 -7656051
6534079 -7278164
5630606 9106246
-6255253 8226771
3495744 1980879
1621921 7513175
-9162112 1954824
-4791136 -7358813
6751 -6188438
-7065429 8633142
-2420582 8829779
-7602036 5939857
4580803 -5610132
-6743599 -6447966
-1117806 -1609572
734377 -9629546
5608642 3322135
2428381 9784809
8011580 -6244400
5736480 -1310520
-3797344 1507324
5978500 9874753
-7484060 9556896
5884810 -8812636
2336858 2522691
-6131178 8819381
4759239 2432629
6822497 -3733213
-7664827 -8143606
246822 -9921101
2965705 -6266281
-427793 3497552
-4201287 -8909300
-5153700 4516940
5722773 -6189707
-2166031 3099132
2973885 4441781
3998677 -6187531
7516186 -1993823
-9471131 -7600161
3735573 -7630604
