55 -9829706 4046038
112
1190706 8625651
7622597 6074686
-4333133 5390935
-2181584 -158347
1421069 -1051275
-9085814 6034817
7629263 891980
3235277 1420551
-1436156 7148412
756672 6450882
-6567722 -6836143
6225218 9923287
-4331974 3557199
214064 3464809
-3848544 584137
-790212 -5739898
2851140 -141486
-4750550 9348738
-809609 1034360
2499437 -4415782
4135388 3127813
-5980207 3413623
7350527 1764651
-8570585 7255070
3705952 -4085629
-8405420 2186087
-5374274 -345418
5728133 336151
6317312 293752
3394242 -4057803
-7281348 4985120
-5156365 5120382
-3014528 -1913856
9120504 93085
-1806345 6175864
-8179971 1619942
7549917 -7670957
4093694 -4160178
5611244 -2583204
-4152480 5523109
-9774452 -8166452
1488130 9958452
294603 7367627
-2338621 9732615
-4325187 -3388084
4113388 3571973
-1307644 -9090183
-8487687 8957023
-8433540 5677828
-5629956 -9367182
-5230888 -239884
2089159 -3809927
2029895 4835381
4768530 -3817146
4222315 -9842509
-8008961 -9383950
-9425498 -3035784
-5668157 -4004479
-4271863 -6614542
-7486274 -5490426
8081548 -6080698
7345471 6627114
5584138 -3226096
4968084 8857784
2006954 7150598
-3089286 9338129
8044554 6776066
-5872200 1516226
215432 -7409198
-7251707 8896330
9512380 -5562253
1401963 -5260667
734854 2603234
5988692 -1749842
2759733 -1020657
2898645 1018770
-2354115 841281
131537 -7239532
-8381747 5746375
2896973 -4900379
6954102 3625207
-7082374 2324040
6356618 4998657
7589459 -2954574
8458108 -3427950
-6473851 -9662248
7593437 7970488
-6909926 -2555535
5694623 -9155356
-176013 1595119
-7386111 -1545644
1811989 5238985
7999453 -7223874
8522501 -8056474
9559500 2134058
-4240734 -6064173
-1223781 6513602
-5971389 -8806756
-1761330 -4867163
1704887 -8381930
4472175 -3303222
7183618 5231036
-7324499 2065612
-4573392 2790044
-5614837 886477
9340833 5250596
-6994067 9515405
-7708469 -6330825
8129053 3521738
-4344203 3330385
7266212 7688553
-3281492 1415063
