197 -2759080 5682483
391
-1233225 7378285
8463083 6608489
1402747 2467920
-1683963 -5399021
-3158283 -1965
1438398 7165015
8891565 -97410
-1013661 -7997757
8022 2237610
-9490246 -6592219
3287132 9877772
2713640 -8990800
9066294 601043
-7796893 3631766
3389039 -3572315
-6194030 401942
9526783 -7844186
-2859914 4785405
1902736 929531
3443918 5456124
-4862509 8744454
-1352956 -5117684
9400912 6545409
-1216981 149736
3557517 -591066
-8196941 -707227
301973 9361001
-37956 4516699
-9335183 -631732
-1687695 -5318497
5083445 4053856
-1273978 -5365373
9420033 4610228
-4460241 5866109
-6161415 1322769
67223 1500029
-1101302 -1023924
-4478515 1230620
-8619644 -1700390
224896 4304504
6113630 -2545775
-3184774 2027955
9061006 -3584397
-1699777 -706378
3975125 9725824
3779680 6612528
3763508 -941430
6185150 -7494297
888164 3183541
-5493690 -8275090
-4258709 4726749
6219177 -2910114
836858 4639989
-7060401 4257015
-1438481 -5266434
2187791 -4319152
225155 7191501
-6392895 1519369
-9187009 -713838
-8471662 -5576320
3552561 4788116
6363038 -2175630
330073 -2683931
3015962 2548188
-3210550 3734589
-9022310 7522272
7128510 2530742
9687083 7196868
1453883 -9518280
-4784714 5143035
-9176117 2531754
-276744 -80571
-8561202 1049038
2851552 -4153287
-7213255 4768141
-7927391 4379890
-7795739 6339306
6171727 8435647
-6499812 -4949314
1301628 -812311
9226314 -7194010
5336732 2279318
-523814 -1128824
-647103 -2459832
-7316797 3446421
-4021824 -2915465
7003965 -6492914
-2927524 -1782216
-3419151 959115
8243609 9924029
-3179729 -632406
8223253 -9683782
1268218 -8459116
9107923 4394980
-6417330 -2715242
90748 409551
-7311131 5325336
-5803488 7943833
-4515999 -5318592
8127829 3549409
3150297 -1832796
-5809358 6622357
-5159859 -7329386
-3853919 -6220530
6219851 -6062658
3304937 -5610310
7222261 -6959877
7097359 1528190
8439522 -8993169
-1708411 6205282
9131185 4538544
-136120 8382337
-1157478 4336407
9017815 4060393
-9873846 4326523
5010079 -338004
-3715646 3276451
-1536583 1717073
5496544 -6359153
-9905458 4609499
8999189 1716395
-2727130 3399479
7444021 6221450
7228281 6886582
-4391784 -1600105
-7061560 8036222
-1065088 -5260598
9075809 2802320
9379065 7777434
-5379690 609976
2788324 2021572
-4701977 9630389
-6136185 1589030
-2253770 -3722207
-9112708 9360359
-6406894 -2159228
3756603 9886481
-1375716 -6617671
2785263 -6283024
2116871 8368917
6405140 8393479
-6867119 -2428337
-9626016 7856404
5633838 4725042
7851370 2269401
-5709027 -9745852
2400890 639695
-7771275 -7894651
-1616858 6264705
-1858584 -7508693
332079 -729566
-8326733 -5749126
-2366797 -5911318
-2194342 -7186097
-8817179 -9581534
1328298 2438882
-9989455 104313
-2039283 4461179
-8297426 2900881
-4829717 6110907
6365056 9553944
-7290009 -8022392
6599309 -8717702
7547003 7455069
9946376 -5017549
-3230763 -4311581
-60707 278456
-3116510 -9041143
-6227240 88849
-6976333 -2794499
9644383 7471933
-9907402 4351965
-1186855 2171280
-4927838 -9430333
6680575 -6967929
5102367 -7241203
-5263595 -4438017
-3155719 7812359
-2216220 3852067
1350870 6907636
-7403945 -2269844
524964 8120108
1595317 -4948300
5140549 -75193
7130308 5368077
-4643637 8164217
2516182 -708957
-8537677 -4551039
8534981 3845679
-605898 -3465515
-706718 5215556
3293891 -5503530
4825181 -3453960
-9601893 -9861828
7045808 -7391039
339117 1748977
-7614563 2158215
7209915 3380434
-6694759 3980754
-8134816 2350465
-6968966 2951901
-7757056 9737899
7703212 -1936432
-8090752 -6294733
-7243895 6238193
1453749 1303350
-1683828 -5434261
-6371869 7263992
-81484 -6858647
-4249686 -5973762
-1708432 -3035676
1638891 -1394216
-8013782 -6806643
-309536 -8634841
3715624 7807811
759712 1555648
-6190101 -736990
7326578 3002656
-775725 -8486889
7751305 1752178
5571881 -5503268
-937528 -8278594
8985399 -6111947
-2970593 2690603
-766806 -1096085
-1615408 -4703927
3901857 41114
3234471 -9976517
-8611358 5888075
3695886 -7075065
-3003065 -2379382
6883628 6971950
-25394 806834
2319946 -3273441
8478737 1715234
6211966 -7412397
-5690991 4050618
7938672 7790790
-7002254 -6705592
2198324 7484431
-7219496 2230940
4788406 -9417084
3122751 6682362
-4913211 -1977123
947813 -2972254
4648364 1299028
-1729022 461100
-8732065 -5951655
774904 761937
-7522829 -3895767
-1308164 -8230007
5820612 1205489
-8487368 3000845
-1188394 -3724364
-6239933 -5489622
-742330 3526282
4109198 9056923
5739285 -5953924
2068953 9748301
-3223953 3342427
-5358545 5533118
8510571 3940764
505461 -4571215
6190722 9778506
8399091 -8719635
5566710 1184245
4906087 9607279
2608124 1387322
179310 6418719
-9070903 3936082
-2537636 -3544271
-4487347 186767
-3250805 4087914
3836216 3768290
-2889283 1334500
-3132381 3128615
-2930621 -5731476
-302690 7894542
7673048 7574840
1371557 8404384
-7895018 -1411509
-1804230 -3061732
841942 7011069
3429788 3320246
-2743671 -8978747
-2523018 -3124763
7062004 -2764955
-8677040 -4494013
9274278 6327551
-2337949 -2324472
-9195857 -3615005
-6830128 -2953978
-5059436 -9610125
7964715 -4616466
-6212082 5129964
-6281545 -8147375
-8692755 -4107100
5420321 1914225
7750824 2149187
-4313208 -1149891
-1758302 7523505
-5241450 -4319873
1186114 -4696298
4147605 -3918490
3757038 460392
-638260 -8190343
-1144321 -2922466
-2532591 -4952036
431498 3796244
-1073792 -4567876
9801101 4219416
2628669 -4838984
-408407 -8891654
3257534 -9434658
-584548 -2657583
-5134078 1460678
7140805 173502
-2006443 -375527
-1777665 -1673080
1303664 -7858838
-6049181 -8020626
-943092 3181756
8229720 2806499
9119095 6524317
4472793 -1338782
5396987 -1954697
-4277329 4273895
-2101407 -9457992
-8892650 5314265
-7343318 -8843873
2616806 -6960846
3212657 -9961043
-7820218 -7726037
600883 -8793786
-6652624 402117
-5102157 4420900
-9880992 9814548
2621047 -3528897
5511772 8348729
9526299 1740142
2301797 -15434
6774813 -2560362
-2018354 8024469
-4144914 -5326594
8345886 -911003
-5355497 -1488232
-8932923 -6520956
-4246993 7857160
1579726 -6753141
-3834671 -1129757
5807495 -2556545
-2741997 1063172
7534276 5926503
4275232 9879050
-5864456 3046048
5546966 -3682116
3757522 -1046307
-3021838 -5161869
-488462 -8260831
-6655482 2833248
3861369 -9626224
6369172 -9494627
8362534 -2555202
691658 -7877821
-6491226 -7541388
-97933 6856987
-9563489 9316269
5242773 7160070
-444528 7970787
-6466812 -7965643
-1647759 -3792632
5161062 9080154
-6081714 -7890236
6365285 4655576
-9994823 -4053824
8836304 2226155
2731528 -3617102
3827696 5205476
7327655 -6389586
-3930973 7035706
-3590955 3352782
2669051 -1512554
8163869 -3154443
7332696 -2088176
-7537466 -2280659
-3556938 -9134116
9946039 814775
-4559109 4120476
-1223948 6380677
4843205 4322528
-3451317 -1218771
