459 981620 -6376695
504
9424992 9744422
1338697 -8971729
-3868788 -2720411
-8260881 592740
-4612607 6850252
5994339 383557
3653264 -8408445
-4665649 -8146225
7390044 3374653
2156631 -8919739
19225 -8633683
-725676 66343
-3917673 -544461
-7066653 -2488472
8493149 -2001169
-9740395 9073004
-9898725 434493
230434 1598302
4707394 8748840
5599092 1969553
-7646890 2611140
4202695 -5890217
8479911 6006375
-8102620 9537046
3133660 5869955
7236273 4054011
-5879646 -6847115
-4875224 9026949
-3461523 202682
717865 -9425524
9647480 7547978
-2017529 977470
5092124 2265108
-6469700 8212906
182459 -7684129
4927011 1645744
5755527 -4948078
-8941703 -870294
-8816895 4235438
-7378254 -7044323
7009689 4316765
-13998 2374371
1401320 3646395
6365429 -2372870
-9282042 7939797
-1995872 -2916706
577116 2881791
7663251 -1497049
9232209 -4330759
-2014888 -8806449
2839295 -585331
-3017057 -7087877
-5441819 -1405178
5346613 -1958760
-6486731 -4258714
2574403 7968359
342730 -9477042
-3314294 5076757
-7296112 -8255950
2200199 -6948865
134430 5938198
-1180011 2720679
-8776369 3227898
8897139 -3516760
-2323209 -9544160
-7613139 9398603
4827078 3032438
4143613 -630196
-72604 9385260
7642898 -509774
-2541415 3440666
-3520024 217302
7810411 317667
-5421931 3165682
6216818 3030651
-1031150 -705380
-7984700 8867600
2095498 7788839
6788432 5755283
6211123 -6491010
-7092407 6981575
14014 1114337
3000493 251024
-363716 -5842373
-3835795 -7072110
-1115092 -2720818
12836 3622790
-6059543 5364884
-1469433 -9660400
3370251 -1481474
329498 -5252615
-6385015 -7660899
2644293 2344798
-1899919 -1773165
1735825 -8050923
1447004 6827557
-9541754 -2840229
7410795 3977370
651349 3458739
-1097019 9563431
9358965 6815554
438344 7787889
3152774 -8111846
-7772246 -3104847
-2069969 -8316659
8947078 -1885643
453459 8259530
-6879320 5078415
5821602 5614104
79533 1220762
-9435329 -2442572
-2766449 -8473463
5503908 -8977083
-3001992 7160698
6724129 -3844743
5487164 -1582658
-3794769 -1400554
487600 8441860
-4662986 1874357
-3925950 2715354
3346064 -4216603
6559279 7537480
2615895 6315875
1929979 9679960
-6582926 -1562502
-1488722 4525864
6052401 6498097
37366 -1738819
-4578121 -5927339
-7255729 7035374
7969068 4662360
-6738194 8231435
6673295 6690652
-8918639 3749407
8981113 4526661
2826411 -2844588
7209244 2327177
-1356948 -614310
-8417998 -174860
778990 3089383
-2384753 7515428
4013525 1806620
-9932199 6184001
2773014 -5949109
3602618 8006032
2668392 5517285
-3734928 1571686
-9221310 5930198
-7804043 5454720
-18619 -8139948
-984536 -8822929
-3979400 -7192208
-5290165 -3775292
-1433800 4663653
-9730612 8808189
6323618 1861542
6184514 -9599012
6584989 337143
-3095613 6252315
-3225301 -641997
7391641 -9492995
-5404957 9443091
-2110358 -6343287
1627785 -4626266
-2766214 85599
1262670 -8390833
6933311 -1234398
4990310 -200377
-5536724 4159498
2967688 6072863
-2065595 7249016
7650004 -708694
9628449 6635272
2887587 4234993
6109349 -3467164
9556193 2178639
1621730 -3982658
-7809593 -5848763
-475029 9511372
-7886676 3818193
-2056288 -724891
8040711 3375994
-6824383 -5122977
9036522 -4452627
-8379764 -9844755
7404262 -5479438
3811868 -7929006
8706266 -2429382
-8194388 -4043331
-4994142 -5889795
6288844 431313
-1034993 -5437949
-8770360 -9573073
2454651 1155414
7489959 -6729037
2546072 4567975
-9539678 -4566329
310695 -6896865
-1349491 6152291
-1176111 -8136431
8900483 270745
-5141909 8744503
-3684879 2712351
1185372 -6435643
-9809085 -9362915
-6415250 -1292418
-4214014 -1003889
-8060610 2549757
-6294828 -2984374
-7197058 4394042
-8521631 -8804869
-3371197 5349014
968502 4455043
607335 -544150
-6164229 9619011
-110244 1947576
692079 -7263746
-2035043 -2735800
-6655091 -476448
160638 1666681
-9625736 -6464176
-4951712 3745388
8811498 -3839750
-4307772 -3012322
3898072 -7483330
6228153 -1504830
6360537 5376442
-168515 5373308
7345510 -2670961
-3051950 2955172
-5097252 3697633
-1049761 -645842
-865290 -1888821
151084 6915196
-8901770 2479620
-1468204 -9688278
-3426538 3988846
-9850904 3580084
3084115 -4615040
-9582018 8357676
9369199 -3017813
-7641371 -837512
-5464204 5729736
5575127 -5293533
177991 -8118693
5578940 5039529
6910039 -2402908
-1775377 -5470820
3960728 -3955250
8524370 8375707
1203781 -2424690
-8435844 -2943834
3152603 7777244
5678556 4229604
2587281 -3763282
-4264743 -1387109
7775379 1956480
-9797432 -9389761
-4683294 -7688825
6708834 5777695
-6666424 -1988951
5608141 -5195873
-8150341 -9756385
-3711635 -6167235
-7791528 -1673261
5902050 7329087
-5614746 3412254
-6294150 -17442
-5787837 54209
-1192721 1900758
-9486351 -684204
3788628 4542536
5152775 8289028
3116556 3991196
-7714757 2985833
-9003117 -174610
-2854131 8135171
8378786 6605024
2954141 -1004472
7322268 -5332848
4512591 -2321034
3607572 -4259330
5723228 8897845
-8531594 7313422
-8269468 2451743
4283891 275685
7334574 -7755818
3049562 -1927481
4580067 2487349
-4526817 -3833882
5991509 -618338
-2483167 -3529934
5591442 5653730
-5350741 8411972
5595476 -8938064
-1259098 4487879
-9771451 108067
-8477735 -7651526
2178248 -1531871
3436225 -7009329
-4217291 3908780
-1330686 -2279884
-1691012 -6882717
5604632 -8281123
-2115005 5405407
7303422 3594167
2580585 6392856
2046587 -5179745
5748579 -9311620
-8249684 -787802
-6299923 1344055
-8547877 -6992430
7872396 6444978
7429459 -7025612
-4034941 50644
6475776 865684
1102153 1747768
-2618597 7661443
9380320 1927493
9849252 -7013964
-903445 9781667
-1309124 7152674
4489282 -8322859
-7634479 3253815
-7533987 237861
-8418083 6632189
9639759 8682442
5127420 -6965960
-3991572 7512155
-9920849 -4926769
-1544732 -5510161
-1246040 -928721
-3267278 2073773
-5998734 6135363
1637751 8629394
8411062 6366870
3519545 -9265693
4927800 9618290
2872105 -1991173
763040 -190327
-3558138 -2145530
-3463088 2344957
-2104651 -3918379
6110128 4180684
9253915 3903777
909969 6189279
-4739442 -9774465
2299308 9663929
5799292 -5490367
-6860973 -1183074
-4816203 9953396
3204055 4066441
3684731 1219694
1744873 -1868145
7941528 -3443164
-3072342 -7492087
-2630777 -5616610
-7018637 3464570
-9838394 5264572
-831650 9091491
-2202878 1931874
2157409 -9921681
2258600 -4425968
-7399983 6973070
-4210004 -9425756
-9472360 -4260955
9805486 -6509855
4709839 3731695
4379902 -3993430
-4920242 8971064
-8521022 2321430
-778828 2007417
7988339 -1151799
-5887227 -5281113
6326730 8149946
-7401828 -4202525
8392146 -5876148
-7785763 -2728067
-5754997 -6832902
-6258657 -5185746
-6930349 -7448648
-3958503 6785335
-6966617 5391490
-8601940 3267689
-5244895 7413285
-7748932 -3522182
1001587 -3765917
-2401364 -6011408
-1292520 -1010073
9656225 -5772238
-7458411 -4965790
-8325585 4770749
-7957318 3450088
6617186 6405004
-8780742 8804038
-8644610 2874881
-339783 6805262
2196752 9913239
-4302720 -4790048
5139589 3594812
2588982 452386
-797179 -92991
3895602 -6409430
2580497 -682190
3545572 -7396918
-9846356 -5246926
9523823 -1396487
-7946399 -8171941
8233063 4082857
2886895 1187140
6578373 1968674
-1226064 4242285
-3328123 8754942
-6035106 -9029312
-2918148 2369157
-7178457 9104484
-988507 9670834
-6738596 2024365
3858527 5423447
542881 -1641747
-4372321 -2595901
-1476036 696526
-4959063 -4848498
1750712 -6906082
4281058 -6725999
-2240973 -5362393
8879893 859431
-385626 6532963
20003 -4448230
437279 -3904380
7716456 7101855
6772689 3258823
7799540 -3272050
4667749 2550446
3425051 1658067
1578518 -4789369
5907157 9052731
6720585 -9897518
-6803600 -9051906
6738447 -1528703
3108905 -6190
3369594 -5502526
3546789 -5494850
56920 5500320
-8404060 -6433208
3184999 3010551
-3730626 9312397
8556699 -7525959
5024487 6585266
-9240315 3224448
8435079 -1550462
-9981379 -5145445
-5042962 -3141412
-9676965 6739207
-4789496 -9330210
-6820047 7061482
4075309 8319409
5340911 6549547
2049867 -9861550
-6294757 7914183
924735 3645807
2958204 -593406
1880635 7194109
-3704272 -5968745
7255704 9421474
-2128987 9571765
-5573679 -1792865
5065724 -2110366
7145193 -8100289
-7430499 -2094889
7482945 -7644302
3191459 8265806
4815353 1558254
1696705 -1467629
-3553446 9381572
3027380 -2081700
7324894 7371289
-2918249 8501936
-7466808 -8278118
-8856644 -4106169
-4534404 2305248
-9487617 -8469279
-579644 -108083
1791628 -1905541
5999570 9081901
-8562401 -3122518
-4856712 -4001132
7557122 -2854589
5677782 2474994
1856566 -8229821
-7795169 4640688
-5471670 7400298
-1581413 9529726
3767960 1610081
20264 -6531869
5773379 4911316
6442038 5485860
7894130 -1197886
-587074 8378746
7460647 -7797890
-8404056 7928848
-6072284 1414599
8560010 9255585
1730579 4001191
