622 6004480 -8628402
983
-638616 -6718879
3252118 3961429
8826432 8109600
-1660800 -4952455
-847909 8446775
-1876938 -2522995
4959693 5722649
5204896 -359160
-6673815 2436594
-7180515 7297019
-4084445 -3599932
-3476102 2299244
1376308 8260216
3529354 9222375
-2256792 9824291
5621764 4900952
-8621267 7104592
-2269456 -1126118
3921428 2721517
1168292 -1413904
6063102 5589871
1312520 1807706
-8551454 -6460853
5975741 -3482583
6330788 -5225268
-6308848 1311579
6127175 -7753657
3022911 215051
-8046222 -2496517
-2672226 -3447735
3969569 -7786662
1834282 -7050462
-5660227 -2135346
-9413829 2081178
-9332725 8261201
-3632576 -5729185
6078522 -753271
-4697772 196296
6713713 43420
-2665496 -8722030
-4894099 -4439146
-2192803 1025657
3757060 -8766924
-1263441 -9169891
9898726 5710838
440529 -1419314
-5953424 3868296
-8267050 -7725189
4355990 -1613651
-3352450 4835474
9106289 -2460383
6786346 -4468674
5727623 -2298837
7744584 4604926
5882896 -5042312
518542 -4920912
-1378903 3505149
4738225 842092
1672201 -7621843
605348 -6525215
2055471 1570927
7955575 -8954123
-6679312 6102047
7004749 2204878
-2959648 193030
248999 6168651
-8300022 8662993
-3635843 9551697
4156624 7427601
4901641 -5891259
-8295819 -7444128
6061022 -4579816
6262276 325279
-4780212 799247
-3209616 -9549171
-5461892 5825136
6871013 1362207
9980607 -7506316
-2785086 2708054
5417436 6985356
3154007 4255266
2918259 -4333564
-4781867 4853985
-5202062 9282416
5907509 9374757
-8069370 2215932
7636116 128043
-9546678 7991652
-1209101 -3585256
-3134427 -4326890
4014599 -1902364
9459843 -6079967
8930069 -6598036
6110018 9440450
-1057842 -3855017
2916601 1527455
7193891 -7903834
-533497 -4165139
7633629 -7587976
4303134 -3219206
8996726 -3942509
6185534 6233764
4225416 -850806
5563938 -844792
-2655330 5532667
6146655 4945863
1382248 -8640731
-5238766 5606499
-2436699 312318
-1026347 -9128748
-5084941 6505460
1117978 -8109745
-2274884 4625302
-446321 -9415519
9881627 7875097
-6067412 -6143187
-9909423 8878353
-1972453 -9881878
-726670 -3167655
4881364 6107837
-6429948 6618001
493622 1028020
-3365481 4952301
7780971 5254856
-1357539 -3285828
-6780368 -3245376
-1355121 -3926128
-9300825 4337610
-2561556 -1113653
-3238555 252854
4109667 -2679929
-3801575 -6789615
-6671492 -3283404
3548941 -3257676
5366514 -4881810
4252543 -1569695
1974677 1452918
8921571 -5253834
2517374 1125548
7839721 6702542
-6542833 -8840165
9750060 3575705
-2086684 -5381602
3504746 -9550765
702089 -2131888
5188183 2782543
5992928 7328108
-5955296 3902960
3161637 9321436
6955979 7593645
8540302 -8955497
2497421 1208522
-1528960 514980
-8359472 1418993
-1878465 -9011585
4664602 1996601
-4427693 -5904946
-1286547 4414662
-2619751 -3998025
3870087 -7781801
5000742 8082338
-2073202 -941730
5477583 993670
-7168541 1971502
-7918501 -1360780
-316277 2303790
-6487688 3138154
6169486 -7818856
-3883511 -5500295
-4511880 326366
-7677032 4238025
849431 2669074
9600089 -2104725
3897250 9562884
4297435 -3019662
7579029 -9716311
-8141689 -8185471
-4675448 -4494173
-6318 7335894
-4024886 -9327637
2976153 2075181
7729687 -1824811
-7127314 6488465
3504522 3899173
-5774460 -1010825
5743552 8992642
-5821931 9064860
-3039865 9109336
8672220 -6221842
-6725152 3373737
-3826222 -4513992
-2699463 -9146123
-3640295 -1967911
-4632016 -4858559
-4186196 6353387
-9055080 -6140550
2034640 8789957
-2205225 1190960
-4909867 -2576322
-1070795 -8700703
2808292 -8167975
3413237 7189110
6298446 6986361
3280871 -9626628
-3736539 -2512982
2973026 6555719
7409597 2437239
-9530671 2789916
7931357 6285654
-4844607 8353665
-7786885 -6254838
-7464881 8616665
-192375 -3235893
4187785 -7153754
-5854456 -2585889
-8237512 5633343
2822453 6953836
-3543451 5175726
-1934550 -879101
6607917 9737420
6293139 -3154736
9282503 -419056
4887212 -3780912
-7495258 2268184
-6861799 2818569
-919917 -2339865
-3723199 -4648683
-5368224 -5868445
-3022199 -1399222
6014889 8819562
-3030743 1123345
-9406467 7777378
2953104 9791710
-1087391 -2949918
-3212498 3534906
-9619830 8036878
-9865826 5596994
-8183918 2179026
-5552790 5021386
-9643692 6837177
7013664 -2414588
-4546919 -563609
3567946 -6709535
-5592404 84857
-8579229 3062100
-5814555 -9577515
716215 -1609972
-9301910 7295331
-5654587 6185671
-279422 -7872949
-9836070 1132916
9246262 -7382900
4796126 2814456
-2164157 3578696
415873 9243337
9345101 -1807849
144894 -2570462
-6763645 7314534
9915743 -6287159
-708707 -2356049
-9417211 3852867
4759247 3476738
772069 -6184644
2517380 5457338
7584389 -2366165
1283103 -7762042
-5144942 264671
-6920872 529365
-5891939 2167537
-6072774 914971
1623474 -2959713
-3013823 5788679
3103213 -8231632
7997561 222532
382836 -4464692
9388175 -2711146
3281945 -6518023
9813685 4147423
-395239 6570366
-5795799 2331065
-2914625 9705502
-29826 5487304
8533021 -5543214
6624323 -4434346
-1003023 5157435
-7802278 -9448451
6340228 -9379549
4905171 -816101
1922783 -556559
4978749 2902733
2707939 4821971
8303948 -3116723
-8969300 8506236
5076603 8117634
448699 -6848187
-7142685 9280804
-2715539 50427
4507213 -4656159
909495 -4182518
-9025083 1131536
1683085 9906472
3043275 5688991
7389242 -1976687
-16894 -2051553
3367532 -687974
-5866003 7478207
-5638516 8591823
7098060 4954298
-4411716 7908536
-8939651 2174663
-6028181 -1446665
8603762 6434017
-8222142 1256280
-409885 3110975
-5757489 -4796294
-4889822 -6918616
1286728 -1558052
-1018387 669806
8618253 -1324030
7987996 8964719
-1040721 -5497863
-6906040 4638346
-7891004 -4162885
-6254348 -9807980
2366683 -2302720
6250615 -5193999
3756370 -1145145
2627487 -2629270
-9518295 5534229
3254287 -7782398
7815339 7240569
8198869 880817
-8449377 -897933
294389 -2819517
8661554 2685228
7187365 -9201262
5437084 -2379167
3457949 -9718674
2989698 62432
7759712 -280047
-2957694 -4643618
4211237 -3473321
3897409 -9201323
-1150742 9355076
-8427321 -3104533
6652388 -7896455
2984362 1904370
3522789 4851257
-7968260 -2948662
9736566 -6182822
-5384084 -9306705
-9169520 6923932
-278390 2569352
-7368216 -3195219
6524734 -7288692
-9415958 2907848
9434528 -6432959
6882070 -2688369
-3333292 -4151711
-4739892 -4268672
-9648775 -9244261
2660109 -8087504
-719894 3335587
2903277 8699250
-7483572 -6171802
7037845 2639844
-7919872 9648697
2218049 7868326
-5326893 -5681910
9545750 -2633814
2790386 3714194
7281235 -9870207
9957776 -5258734
589556 -3320343
2410985 -3375516
9896575 -1633984
-7205135 2762210
8614149 -4926964
-6227714 2074971
-1580479 1517427
6673623 8805067
8453764 -4542633
-6674307 8753751
5588193 -6811835
-6929297 -9484848
4229346 5133943
-2219912 5861090
-9397644 -5973067
706590 -2262135
-3121299 -6291736
2074281 5633927
-9087511 -3224723
1848313 -2614502
1976821 9526639
-6439582 -1863048
-3057981 -9603658
-4146291 -9765959
1504144 -4604217
-8899700 -8304246
-7789093 -2907663
-7773720 -5828996
-9967906 -1043395
-4500109 6369
7744234 -9365550
-5657285 -1277167
6873113 7139287
-6085436 -1066652
6318846 7785602
7312241 -1720770
6416182 -1704333
-8791639 -9127341
-8893300 -6641799
-8729664 -2937929
-1242175 2610844
2219533 4886988
9057992 -6514916
-5041958 4445814
6968535 1606438
2240889 -7025715
1697118 -2770879
-5631592 -900044
549656 -1429769
-3644166 -9200675
-921445 -3131498
-2319479 6184427
7057087 8011089
-8630710 -1111118
-1532695 680139
5807336 5155978
42966 -258517
3226567 -1973131
4989035 -8382689
3223749 700961
3675246 1957570
9186691 -4535362
-2919054 7888717
-3541052 6071452
6870777 7630602
7015456 -4668866
-8484438 -4050668
-6039579 7212329
8617564 1089001
4285492 7846063
-4481607 -2915131
6826352 92828
636050 -1922289
-304978 -7430728
-4213415 -4374915
99008 -7081228
-9100238 9461832
7350549 -8197949
7873503 -2019291
8127663 6325849
4173336 4744280
3209964 -2340528
7388153 -1794750
1810603 -313263
-9950848 6005717
-6909413 -3903905
-1294724 -4432455
3645257 2433291
-2481085 1857678
-885 -6659721
-3740949 3305501
2767333 -9901877
-8099825 9675166
-2344125 -7365766
1476435 9773678
-2965689 8299890
-4040638 8166123
-3628627 2760627
-7552635 -6652484
1869585 698328
6794424 -7503483
-1935937 -2523476
9909816 8016052
-126270 4225672
82303 -2571269
-9265768 9872845
2487321 6341355
-1467127 -3982083
-8831497 4387496
-3322474 6188748
-2995010 -4838709
-6672586 -3771811
8988817 -4519295
-8655427 -7784860
2913468 3952534
6449051 3214158
-9309317 -7775756
2756648 7029466
-6228510 3116851
-9454418 -7369622
5019576 3853794
-7288499 3796167
2330436 -2493103
4410745 1244374
-2566878 -3984708
-6307065 3604623
2349165 -3045536
2435169 -2979651
-8248159 1337982
-4709484 3779742
9510253 -2818338
-594094 4255919
-6198262 -9799064
-4165861 -7837445
7309285 -2426772
-8572978 -3620279
2692240 -5154787
-5131538 -5861477
5382897 7539029
-6445679 1795559
-4599817 5332371
-7713164 -2752744
-3216043 7749348
-8396318 -2761643
-8981900 -1464201
5717461 9410550
3666469 3044705
-4238007 7639719
2318626 7468207
-4958564 1596132
492205 -372088
-3010523 -3531542
-6876666 -6815554
-9276525 1857940
-6346501 8506231
3838603 6794148
-5958596 -8429966
9319382 -1358209
5880148 -6658287
-5606136 3439416
2849966 -585400
-7540695 2627677
267397 -3483564
6500995 -1778702
2333782 -7413977
-5269713 -8457569
-9472758 -7174012
8526786 1719765
6094057 -6349424
4673159 9250261
-1439239 9747556
3833943 -8971886
-330095 -4881483
-1539770 3153325
-3407258 -4449946
-2518994 2854095
-4518228 9442708
8475496 -7543336
-6805686 -1734479
-6632103 4976492
-964725 5528097
8354085 -1901816
2334301 -7921131
-4270555 -602777
-8836164 -9055290
3208619 2918957
3947071 -275403
4843114 -2957438
2712239 -6383023
-8316617 -6696656
-1326209 1821333
-6219606 -835611
-5862595 -3328084
4937437 -7744110
-251266 -2668280
-7140183 8305334
8919871 1300362
3379231 3730254
-6872523 1254172
2198883 1625029
-5456014 -5708687
4015910 7923854
-5033584 8491057
4624386 -8624624
-5321280 7678655
-500011 6307769
7988511 -4131136
2540780 3280383
-1947375 -7874084
-542364 -2521783
-4216448 7801360
-898278 -5166195
8564059 7219775
-1526053 -7519047
-3377666 4207888
8499201 3189182
-6370612 1166320
-7826270 -4968537
-3593161 -1404196
-3725540 6798116
-4377762 -6398088
-529224 -1709199
4087536 -6389251
8253017 -7988444
-7993875 -7859839
9941521 -9772994
-4939189 -9693971
7525804 -8440405
6556901 6141223
349111 8516104
-5778362 -6820765
-3138092 -8635335
-3603872 -2148973
-1036817 -964362
-4166246 2802968
6404880 5237643
6044796 1455992
-2416907 8392008
-9596436 132332
2272494 8352463
8579469 4926041
-2251577 -5269633
8806315 6156632
-5185793 -4725773
6306683 5363216
1058803 5163319
6527984 3044674
-9104299 7920711
-3043651 -7075888
-1756568 -141116
7612880 -4693544
6762448 -5351688
-6959680 3657676
6306361 6861894
5214357 5960236
-6597370 -1421145
-4174426 -3689822
4983162 1151053
-1058368 -5368111
2511457 9797370
4960689 -4751684
8292990 -6429739
4007324 -5994975
9445489 1705043
4080279 3480026
8786482 -2311078
-5146414 -5790489
383540 -1934718
7443528 -9589741
-1113153 -3310099
-2214892 2657885
1484415 2289477
-6559470 3610682
8242572 -3532422
-3735052 2382163
146831 -6729619
-3159358 3741989
263366 -9043827
-4822432 3364319
-3155655 -291145
-85871 9257847
5983711 8147179
8728813 4767716
5177975 -3632749
3057152 6172342
-8653421 -5935178
-1129348 3358612
-3030706 2830995
1814925 2311182
7209697 7728218
-9001400 8079873
-5661786 9872880
3345405 -9644406
3719913 4601580
-5689565 8522973
297173 3080610
1227789 4224565
-8491367 -3719116
-4835513 -43397
8645297 -797040
-4215866 737991
-5903397 2508228
-4660777 4654786
9482321 1065897
-1205884 -329500
-9733275 -791630
-8402397 -7690932
-7335338 -5395061
9206519 4943008
3465982 6384576
-534814 6033307
-7225776 6279507
-7439609 3209328
5682283 -5717143
-3997831 -9758770
979221 4327580
-3164192 -5697345
8957442 5075824
8658073 -5308616
-3121764 956115
2680837 9968541
-7722391 -2855038
1749901 4278440
-778551 -5057728
3843200 -6527227
9506080 5203783
1483290 5824738
-965934 -7719696
9079513 -3439967
-3198737 -5283651
1560281 7598034
-8099311 296836
7889012 912442
-1879822 3374483
-5669402 -936563
-968021 4998414
-7856624 -472212
-6193772 -6174060
-8715436 -3590370
-117597 -4455971
3264164 5127764
952503 -611517
-5814861 7263806
-6176161 2502921
7219271 -6735348
-9137314 -6858546
-4045358 -8704096
2208346 -7236625
-1345789 -6156346
2907092 -9671476
5326939 -4498839
5028949 4455423
797715 -13333
6396297 1351530
-588089 2082280
-2789956 -3721300
5667183 -7323924
9939882 678899
-6818179 2368674
5633326 6280074
1937880 2917444
4213348 -987636
-5707908 7892523
4252529 8938047
9266571 2946303
8447464 9675973
-3352252 -2890138
7096530 -4007234
7344296 7445464
-472256 -3990821
2287880 -3243793
-8051365 -745860
9933040 -9528585
2840090 4404870
684944 5631213
-8934991 -9010232
2133 -7377176
3031699 5278357
4216404 -3189423
9756880 -2715771
9476554 -4000672
3109190 720696
6713462 -3875697
-6430233 -7277928
-1268748 -3425890
-4153330 3097511
-7648349 3535484
4006899 -9688343
4716527 4801043
-7051392 -3153011
-9646890 -4598529
-9459352 -5986383
1808327 -7128405
-317828 -3911301
-4110720 -3975269
-5459589 -8044596
2676100 -4634165
1490138 7649602
2888026 -8094085
-9003623 5059905
-9326232 -8380722
5154762 9359399
9671057 5541771
-7140833 -8321986
-8958645 4387584
2305408 -4192225
-7662255 -8605535
-5733940 -4637592
1451107 4146072
2687155 3948232
5903636 7340388
-7293777 7227567
4877169 -8903911
5518356 -3287287
-8227382 -2234805
-8099174 -968915
-1609515 -7553614
504509 -428060
1249954 -1938458
-7550874 3363676
9171452 2291310
3685775 -2729114
2633294 -8490803
-1828379 468188
6932772 6600754
3941142 -9141224
8086343 2836409
-3551150 -836283
5876430 -4520136
3245060 4483558
-6485357 165400
-4871862 -2337762
7234178 1905128
2483022 5632647
-1003676 -8999515
3291795 4932149
4719387 -9315872
4709677 9493922
-37890 -2647318
-6046564 -7118702
-6259926 9411235
-5236004 410930
2090999 -8173582
-2693718 1212846
8212756 -2032571
8132829 3067694
3246284 -8272601
-3851120 -6739033
8893614 -7003185
-6002700 8631902
-3919597 -9593710
-8909582 -194553
-8184279 -9200209
-9331175 5800095
8681393 -5705816
-6294581 7138613
-9934105 -7578532
6764238 -1530585
9682261 2156894
-9875677 6586872
-7829081 411369
-5344880 773504
-3449177 5417203
930370 804000
-8047745 7960789
8367080 4927670
7249469 -1967342
-8651199 9457498
5257594 9065191
-6640625 4533978
1672591 3938987
-1123193 -2935206
5534209 -5745162
6411732 8157397
4744270 -2267178
8144191 -947593
9825911 -568459
7365096 -7200689
-3880336 8893086
6853876 -1704533
5739489 -9411729
-8862719 5220956
4678454 2988959
2054150 -7513917
-463587 -63952
6391388 -2070123
4994671 -8790995
7980195 7784547
5941945 -6954768
778054 4391928
-6555665 -6797433
2634108 -8561403
6754260 5786599
4679685 -7484444
811023 5390276
5978547 -5950087
9270869 -3449487
2055824 7115829
2118264 -3534324
-1081924 -5890026
-5443797 -8345323
5380034 -4690536
5610364 9550874
-7403894 3360230
-2247842 1552309
-2728772 -4109488
-2670891 -6287155
2015796 2421688
4937244 6599721
1989998 9211834
-6738253 -4251732
-5184867 -2031455
7600726 5048969
-8485355 6870957
3497283 -281010
1373668 432721
-1741462 8053486
7604360 9270054
2630284 6385254
-9546085 2716818
8607330 2898794
-872008 -2274857
-9853169 8452791
5052512 -8856212
2871974 -2399573
3348695 -2957490
-2472592 -1349926
-6300957 680180
-2448863 -4871866
4847125 7730040
-9320887 3564772
1618258 8737145
8007199 -8545997
7839257 -8261030
-3027860 -6846164
6052630 8293172
8534667 -4420530
6548613 7696974
1357115 8681498
-3718074 1601126
1159988 -5770911
2879163 2146973
-7172846 8687396
6331883 -905442
-3175402 -7105357
6459416 -6304640
-7567495 -2496288
-8525933 -9405974
-7667003 2956056
6109892 9313325
7606497 -694863
-2599040 -5321125
-7624151 6141165
-2660985 -6050427
-1932949 3732964
478406 -3862707
800619 1743392
-7052860 5873921
-5031520 -3855875
-8444880 9279023
-7025617 -5690570
-5670506 8014536
8608563 7923240
-6604351 -4196438
-4883113 3457912
5279401 9505541
6700768 5239736
-6102747 -7319639
9146287 9076618
-4674066 -6247379
-7593734 9729690
1473082 -1679308
-5805386 3206885
1867362 4420223
3699246 -836906
3472524 3422483
1437019 -810018
-2886778 318371
6121933 -7438066
-1463802 -6974777
-7469235 3755172
-1005092 -6184400
-3504039 1747885
-6659145 -4591486
-838865 8158600
7888291 -1333210
6987482 1567401
7290639 -638627
-6218404 3698448
-7138458 -841999
5096836 -2805
9187177 -1149581
9168790 9050208
-8387858 8816751
-8158025 -2192925
-8437753 148341
3963941 6889092
-1363023 -6926493
-1517979 2976254
1134855 1977833
3160975 7643156
-8273090 -8460502
900871 -7335191
6363258 9017549
-9308098 -2801180
7196015 1741152
3107923 5788739
4838947 -1100456
-9767353 -5206935
2600140 -1032559
