75 8897117 8914384
752
9519762 -8421286
2617599 -8526699
-2344719 -7928607
406749 3195954
182102 4777357
7520092 3836001
9668787 8296814
5591711 8723923
4840027 -9301852
924420 -4924463
5303576 -9669766
7968690 6195650
-7908632 -8925930
-8746324 -2144823
9268647 -2478529
-899815 2684412
-3325935 1304761
3376154 4234137
9946443 4329346
-893297 -6217096
135257 128545
-9058289 -3373205
7867071 -7679604
5534896 -950226
4125311 -4776550
-4446315 -3540684
5171319 -571113
502957 6038727
-6106095 7262687
7300510 -5727015
-526251 5678904
9500017 8917047
-4332464 6147814
477161 2876171
-824573 -4386021
-1741123 2100216
1243364 1827036
4147433 -799412
8250363 -889565
-3149763 -317671
-1342002 2375674
4320914 2403922
-1557350 -6170683
3608356 7340223
-8386791 -5147093
3048163 -6574782
4858617 -6396690
9751125 2548180
7940703 -9473846
-3859867 -7255362
4844854 9632483
-6024129 -3084638
6115951 8604570
-9768643 639656
-9678014 -3117334
1774692 -2918405
2001869 -8503664
7842005 -3904394
-6564170 2960871
330130 -6033287
9908283 7565391
-8831299 5894645
-9040823 4766900
5293054 -9080174
6180816 8899881
1048716 3949540
-9135098 1025671
-7853407 5024587
-4335756 -502795
6379871 -7622049
-540454 8502582
2515270 -9329084
-3233478 3977767
-3061361 -7126373
-3159660 -7281296
-9715905 7268769
3163415 -3251377
4031875 3969149
-2594673 4122592
-4461175 -675070
5790822 -6413856
4611815 -896107
-5871519 -827924
8669282 -725240
1652711 -7690923
3328011 -2434495
-1763579 3628609
-2393623 8359633
-8766740 -2480704
238000 -2938632
-5669863 -9410048
-2661425 -6961552
7007597 9904
6648849 -8629550
-6788268 -5587076
-2000932 4704026
-6192080 9002554
-1825369 5127235
-5598004 -9547247
5278182 9360265
-3074230 -1428941
-7800331 -8877455
9482178 -2321456
5197840 -193954
6867414 -9284562
-8694610 -4564160
-9009360 3713903
6240160 -8839683
5047119 7998237
-7588838 -4594639
-9890613 8258852
-222242 -7073418
8053818 6433659
-597236 468741
-170994 4972166
-6456775 -5319054
-4196509 -728871
-533975 -4257106
-1934708 -4714331
8517459 -5336135
-7383943 7449058
-6320686 9822849
3499518 -6393302
4121287 9919474
7841187 -1453362
-3194510 6532449
1975384 7950574
-3099414 6583248
-2948010 -7454446
7517720 6303350
3500649 -602652
8668477 3577297
1836544 1820492
7106162 -1865498
-4685281 9901836
-132753 -1860027
-2037177 -9552871
6570179 3546561
-4017613 -8537659
-7474669 691466
-2776084 -6176426
4290500 -669179
8430422 1715652
4261206 3707438
10789 7998764
-2603888 1778926
7872575 -6488562
-2151718 8580942
9231796 -290881
-7872692 -5045556
-4389230 7062868
7509997 1994555
8057468 -3910055
-2447714 4080176
-5228358 6556207
2896133 -7406030
1924791 -5488090
6227562 -2813367
3410424 -7128435
-9129671 488768
4784046 -6578787
9449003 -9217206
1880088 2656622
-7634259 -2702715
-5231918 -6371764
-9308896 7009401
-8479692 378852
6468797 8201101
-5202371 9577776
-1349665 6537435
9131405 -430728
4081182 -8453532
-8750546 -6427451
8960466 -7174903
-4169783 4659878
597443 2347148
3129942 -9385736
3270886 -7437202
-139917 7526382
-8845382 -1847021
-4837619 -2855483
39721 -8154277
2563176 -3317311
8776818 -3491482
5562306 7360806
-3069922 9943505
-8510026 -2789937
-6701036 3527612
-1130939 5255780
-7567990 -7740569
4606579 4699279
5313543 3029453
5592251 -9747127
7779255 -8899219
-8229888 7968686
7629556 1450225
3295948 9448845
-3868465 -2330723
-3305852 8375477
5736283 7424705
7368210 -7743546
-8017131 5182713
-1289675 1374536
-3369684 -4718166
-2458735 95739
-5204982 -8421322
-2875517 -7852156
4917069 -9891439
3725694 -7283266
3201773 2696324
-5853451 5495806
4944652 831329
8500606 -41150
-1665673 3592539
-6466404 -4805246
9967560 6586962
1769675 -9098194
-5207305 4466782
9748616 2996352
-6907909 -6060637
-4481958 9806233
4470429 -2112891
-9487978 2642525
-2124388 -612502
4600174 4237716
-7750125 -8922615
-5574934 1263075
-8778075 7194527
-6696582 5442024
3153131 -7927396
8659566 -3162986
-9744828 3120691
-9896175 429241
5941946 -4952133
-1012769 9852441
9658674 9034037
-3078853 -2978375
9664150 -3354545
6032953 9949521
4187238 -2460238
-8866501 633127
-8103797 -1046535
8664344 -4441435
-8999410 5634480
223437 -8032238
-8678872 4153721
9790764 -1116997
1828597 -8423700
9140520 9894590
2263383 -2229457
9320932 -1872249
5149376 -5561590
1083865 8758431
8707953 -2670122
4869641 9633171
266298 -4588457
4365008 -1480508
4078058 -5321147
2829686 3029352
-2486534 -2405000
4265073 -6946877
1936126 -1165406
-7072754 4055837
-3533221 6281075
6567970 -7932234
-7288131 8730163
5684925 5888903
4647334 7861245
7707476 -3231210
-3598039 -4128361
1283182 2577117
-8903391 -815388
-3620183 8164542
1193894 -2308981
5286019 9209503
-7737374 1223712
2574658 -448908
6123282 -3284895
-7003820 5501905
86023 -7409939
3836576 9564151
-2030594 2797893
-6824510 -478499
-1193356 5133092
-8995268 -9117034
-4023565 5208605
6909569 2287914
452457 9589397
9796768 -6710613
-7501110 4162703
7902768 5082788
7150232 -5238483
1476622 477426
8495683 -4210134
-9103720 -3010846
9069657 -8901941
3895952 4732856
6770710 -2960937
4688508 -412206
-7012887 -4422646
-9214041 5693240
-9502494 -8520100
-8930703 211881
3501268 949963
7629019 -9133934
-1534794 -1483490
-4205621 5531787
8525565 8131790
6438009 -212647
6776508 7021249
8119308 7334289
2067145 5846165
5401581 -5468388
-3364242 -8645793
-3068439 90089
8299681 -377129
1102772 -9766127
445754 8797187
-252849 -5311579
8070839 6463374
-5020116 9892522
-2059339 9052397
7184188 774264
3077969 -3533774
6003827 3622197
956486 -145523
8216995 -3360513
-6312549 5539983
6894191 -3865072
-1258631 323210
2462433 6342104
6575977 -2958950
-4161763 6081557
3286331 -2978269
6001457 -1898260
-2005738 1357170
409568 -9018658
-5728042 -1548725
4917502 -9889892
3732305 7349927
9720757 -6562319
77169 7205143
-4738522 454104
-894616 3764620
6604182 4672021
1014126 7846753
-5112197 -8417032
7664525 -2409897
-2871813 -6757608
1344133 950856
4824379 5645996
6627338 1854747
2822375 -4766053
-4655945 3415648
-6718072 -2260123
-6306090 1592712
-1202145 5519037
8489493 3771079
-9947948 -3424315
-8752293 -2405123
-4558370 -827414
755554 -5221815
-5115360 -7154215
-3911823 -9063568
1887288 -5470821
-9824824 -51338
4319762 9228019
-5538034 -681134
-7265485 -2857863
-2601634 -7677627
3915085 8532795
4051832 1092276
7379708 5229292
4321330 2541325
2652554 7431760
-3395654 -1914611
2863574 8094184
3456321 -123747
812685 7748214
4793746 2060850
4525865 5216325
4444345 4968922
-5712212 -1154373
-1495884 1422663
3745037 9538655
8071450 5902482
9511110 -9823526
-2077881 -5360366
-302689 6890818
-3161070 -7756551
328838 -7650135
2960401 -4040371
5835882 5708764
-4026670 -3583278
993925 -3351433
4381244 -9232924
5735998 -4480210
4365417 -1174411
-9751747 2540139
2078794 5385885
1288367 -3490358
9202468 -7333403
9822583 -6684171
-9793352 -2875413
-8115612 -7963753
6902464 -2954422
3005207 2213226
-9561658 -137134
-1204060 -1158911
-1993992 -3588327
-2821251 9789865
-4690345 -7612747
-6270806 5431100
-2028761 2191424
-2422691 6493799
5519793 2566385
-2250666 1382028
4697858 4722262
-8153151 -2428082
-391835 4904506
4466436 -6268762
-1539184 -3489371
-1110153 -2528356
-1170915 -1100841
5310832 202140
-7995 -648554
1738699 5005933
437033 -2181987
-9990563 -2015755
-5521955 924624
-6508990 -2413253
1485127 9997838
-2763548 -6243304
1328614 -3817015
3603843 -916698
-4669108 3453131
2480113 -1929720
5541924 -3691940
-2276429 3886312
-5911548 6887361
-3761193 -6965597
556689 4080458
-8101529 493858
8478104 3510074
-5565301 4424260
4527359 5472501
-2013309 -9557939
-5801243 -3987513
2195472 5223144
6822798 -1956276
4013207 -4200684
3869596 -7846310
-9021898 -3506680
2895985 -8072128
1331585 -1298326
-5747571 6984437
-6418753 7570393
-1935749 4809118
-1680807 7996070
2420331 9058707
-2952440 -4729756
-4287695 -3052310
2960177 5034252
-7226252 -88938
471138 7672002
-6528682 9596546
4266588 -5515654
-6505982 -142734
-5698510 5244690
6462716 6390003
3374441 5633075
3203468 -9284854
-1959384 6955688
4951759 3784072
-4640869 6359809
-8369947 9888442
-3163868 -5076956
9957296 9858710
-7713875 2312662
-15336 5247396
4843942 2757263
-242039 -4027666
-1654048 -8373118
6871572 3251980
-358017 2647442
-9203131 3334289
-3434213 5532776
-4995183 -3483310
-9699238 4606403
-6517435 2472928
2361370 8176245
-6900711 -4887382
7487681 1713854
6542868 5572937
820333 9773806
2531069 9043884
-4983782 8180627
9807509 -7710969
-1942637 -4121478
1042316 -804566
5046075 215698
8264827 1839186
8355876 -8388138
6218265 -6730356
-1741076 1172990
-8134413 2217182
7329801 -9379706
-5149500 -5035123
3054166 -2666166
-2892360 -8606631
-9562747 6390852
4571479 2155061
-3039556 7969824
-6151654 -3104659
-1392873 5017807
7749858 4890663
9246201 -6346798
-4734936 6014685
9284329 7602077
-8708581 3999681
-3783136 -9940395
-9320101 -6842994
-9361765 6063017
5913203 8046751
9440120 3692402
-7400394 -6979157
-2307744 9877374
363550 -312563
6582778 4652701
-7813140 4211896
-8381089 7706257
-8640541 9936718
-1532245 -9134888
983541 9140875
-4343091 -9731564
-9671959 -5208688
-2051681 -5609875
2969494 -8992060
1571044 -1413446
4795308 -1117303
1903540 1011164
-6595110 -88734
9598704 9595796
-3235151 3768440
-9503311 -1302166
-3595908 -1048290
-8595220 4631952
-1986583 -2236449
9420779 -127464
140972 8996958
-6211729 -4922312
-8015835 469014
-6006694 -5747058
-4644152 4953659
-6163644 5564350
9091867 2667509
-7421225 -1743752
-9631604 -7503243
-1218450 -7822521
-6608334 -2866754
-1398692 -8205409
6426543 -204242
75661 6088
2394976 -5560040
5953271 -503560
-2909520 -7464051
-4478685 2257894
6510836 -925355
-5971696 -7969027
7595324 4383036
-2949455 -9618988
-1362740 -796457
-5783348 -370679
1806800 -994343
-1344745 2998202
-2690855 5198466
7510576 7256563
9779003 -6264311
-9307999 -2413762
-400970 2173980
-2773719 6645272
-8580482 -794137
796860 2747596
4778569 7930354
-5170257 -2658483
-2277471 -5109755
4093788 1880288
-8490391 6359790
7881799 8310441
-6175005 -4167238
3547580 -3462946
-6206383 1134141
4869830 1058157
1160747 6088972
-1737048 -1921817
-5276544 3276129
4998344 5489233
-9246819 8659326
-893967 -4204795
3136722 -1951897
-4545300 3935776
-4183936 -9140749
-264607 9548489
375282 -2674326
-4325212 -2382808
-3329402 -3283371
7850770 9222368
-7203123 -7019433
9069540 -4763048
3315136 -3526024
2266458 9848844
-2145570 554944
-785730 -2735198
3060007 -1392389
-827934 8320303
2256079 -3803271
9572333 4626767
-3308392 588496
430522 -692274
-558729 -416758
6299871 6105310
-2155970 -1371779
1608789 4150642
1903946 -6842740
-368764 -6805319
-6956475 -4780918
-1709622 -8102306
-837503 897955
2021919 7504649
-1658696 4738856
-9064414 3710337
-1662896 3113736
-6297768 3024271
4848349 -2454936
7128306 4132754
238064 6805972
-4565806 3428178
-9904828 598446
3755706 -440665
-4729632 1999118
-265447 -6613057
7800989 -1686107
1728201 8024931
-1954068 9479838
4218695 6266472
-23191 -1096411
-7982675 -2329367
-9305096 830266
8375330 -4280443
9852311 5543253
2349226 -1980011
-8551833 -7393273
3205173 299772
9859107 4059691
-3941191 -3039120
-7135825 -4870525
-4040280 -1690286
-3665354 3181516
2661355 204273
8987097 -3103070
5800519 -3119950
-2932965 -8519741
-5173123 7817844
6053753 -2238061
5821544 -6797793
-6261452 5906064
1029143 -9312878
986894 7703067
1762758 -5765683
-6288451 -6637647
-8991820 337920
8647634 9092076
2273592 9484253
-311474 7498632
-5604437 -5065053
-5668651 -8808024
-7327765 2712434
-6953369 1398384
1676675 -2500888
-6782329 1616736
-2477199 -9985428
-9298306 -3043780
7175639 1068296
-2181035 -5795059
-2432706 -1061602
9276318 1530514
-6861058 -8908173
-9423920 7923952
-2061063 5412535
2863834 -7219042
-6027066 -5149148
7563286 -288464
3626272 9161521
9176985 3126269
-5256994 7819300
7833872 -7605343
-8132771 -5217841
5850455 8535566
-7259493 9042868
-9502382 -6330579
-2283713 -7175846
-6084019 9773936
214241 -6628418
1300469 -5507939
9789371 8153178
-6995970 6680655
-3607809 -6237694
5440179 3083668
-3790062 2534816
354116 4617165
-471826 -6530704
-1748545 -1812012
9239906 -6088245
5470975 6618262
2804035 4496766
-162728 5968594
-1741118 3036675
6408257 3753253
761666 8473123
-857347 -2291274
-5610619 -6932611
-3170305 -5336965
7746704 -6702075
5832741 4786227
-596608 6472994
9942290 -3813143
-3108803 1447918
5359673 -9289903
7328359 8647455
3144221 830648
9315594 -7351253
5685422 -7018507
-748902 -2425523
-3952400 2093679
9802405 2529116
5596506 -2293394
2369641 6708138
-9993937 4942553
-271220 116345
-3410661 5838804
4542013 1648524
-6903558 9047981
9758078 3949562
2597018 8456115
-8196884 -397210
2251537 8257591
3755437 -8881290
-1306813 -2063041
2546990 -6993465
-1947996 -2742860
4963746 -5134253
-8426115 6164862
