12 -7607016 -6404290
970
-6702833 -9690739
-1052286 -4483287
-3116584 3020282
9307117 6847466
-6161976 7464402
2850528 855459
1153733 -9658706
9067694 229034
-4315113 4553790
-8107025 -3482413
-9787041 -1704594
-9759558 -5819733
4044842 -6824372
4796227 -5497913
-3104928 -9299189
3526424 908289
6425002 192239
-6787479 -7525862
1837957 -6691582
3289172 5035990
-4108551 -1807667
-1466373 8656052
-1114913 -438466
-5884676 -9882327
-3364740 4569974
5381732 8524651
-7295081 9364571
-7459801 5622174
2640613 -733887
-33076 -147222
-9238932 9535685
-7755724 6009700
8483839 -297578
-4472807 7973150
3009140 -7161852
1030481 8816365
7472418 1416942
-9021524 9564108
2198133 8873857
3443831 7610153
6134804 1349745
714316 -8658085
-519559 1356075
-9377812 -4229133
5623645 -7878946
-8343260 -6894536
9115165 -1098935
8603488 -6098984
4390518 115356
2953504 -5869319
5463398 9916011
1332953 -6016015
6064445 -4547832
-5673975 -5172219
-7562066 -1737422
2128675 286208
1628123 8572739
-71186 -7157009
-1386142 -8891436
-6770381 551003
3656467 6753855
8171273 7402711
3820079 -4712016
5403340 6774761
3421794 -1789402
-1873391 -1643156
-5142819 -1114808
4337361 1975914
6803695 -9078374
-8299444 1179738
-8534053 1757982
330721 -3654417
-811426 3094070
-3281013 2775887
5843242 318784
9588992 -7535042
9867669 -500290
-2695954 7760265
4535026 3687748
4414698 -7292613
-6419417 -9526828
-8125284 -7458693
-2966427 -1562235
-8124257 6212077
-2608184 -6162731
-1888397 6092652
-7561765 -8625885
4468185 8442324
-6265437 -5856838
-3021702 3703524
6168482 9577806
-8406132 -3432710
-5672445 6036151
-276100 -1102086
1605301 1378933
1852105 -5861402
9196258 -2297763
6140002 3726822
-7544749 -3770169
-7416548 532097
9141101 -7636581
-6262466 -6788593
-8346269 4095689
8238851 722072
-5574404 7904647
7482453 -4782851
-5699208 -9405921
-853418 9076321
-2025765 -1371653
-9992719 1386834
-1958215 2095889
9798126 -5624262
618912 -2761957
-4015774 -1545520
1502929 3074164
-2046065 -8915969
-5704562 644031
-5260280 1691470
4929894 8465522
6370169 -7021429
-9287928 9355490
2465921 -3631026
-4554705 -4987136
-3842436 4128856
-4484310 -4064118
8031771 8681197
-6943065 3557475
3311870 346249
8800729 3675848
9266364 1812449
2896480 303659
3464042 -2779701
1428121 -291730
-1826208 8203762
3698685 -3641985
8229858 7060313
-6570713 -3072891
1939974 -6787869
7340987 -8609066
-2673183 613890
-704913 5373030
-1069495 7874940
-9262458 2352022
8544222 -7757624
4054825 2054623
-7641718 7810586
7547238 9467657
-824073 -1661324
-3457562 -1024641
-2150273 7349720
-3073615 2757475
9684585 8595937
-8191932 355673
1746607 -5859089
4754801 1665408
-2961562 1589776
-8018931 -5950112
-1081738 -1514705
727671 -7281389
4773234 -2537515
7789423 7298848
-717143 -352131
7986545 5336661
6828373 8458785
-1675143 7045336
-197189 -5321900
-6725963 5251242
8123267 -512604
3628307 7598457
-8219783 -7613773
3976003 -1616892
-5050652 -1181345
7303951 5957072
1192035 3867611
-8669904 -9452026
363175 -4034730
-1870509 1635871
-3027467 9646032
621169 8632388
5677724 6317258
-9004642 1462378
-3286379 -4519464
-2515716 6785747
-3099444 7353240
9739467 -8887408
-7987948 -1319226
15781 -3768177
-7811105 -3038599
-9170988 9836084
2900411 -4102717
-5621095 4675460
8827683 5779938
-2057678 2508396
1140784 -4199784
-7882526 8563492
-7457778 9334861
7331749 5629184
-5068717 -744157
9125436 -5183967
-4071375 1831840
3028966 8864903
-4903274 -9542970
-2581569 5561099
5397184 9801974
-4300743 -9236205
-2044393 -9186053
6593885 -7405486
-2380738 -3216710
-4900141 -5463793
5616051 8760046
611259 9733685
-2120778 8158274
9930469 -2056992
2759042 2810505
7158697 9055905
437161 1204019
1661049 -7295985
8265115 5533887
-2147787 1595832
-5124021 -3821349
-3007402 -3932178
-1337664 2831586
2131229 -6413517
-1877310 6281598
-2442003 -252560
-8002523 6255094
4413368 8169256
-3887735 -123301
5203557 4343837
-4083905 1387659
-7408322 2362254
-2417378 6353256
-5596505 -3230920
8364912 -4152263
2026388 -5227939
839883 -6759108
-1411170 9018986
5121821 2018572
-9183478 3236411
5500203 5760863
2015957 -9109129
1576480 7497681
-2625620 8945677
3289515 205097
-8407244 -7422063
-2543456 1721962
-1924782 6700786
-6530134 -2444482
3403255 -5004935
-232874 -8165221
7592023 7945995
-518667 -9392990
-4858066 8697205
-5550031 -5396846
2880369 -4041544
-3150672 9950172
7447853 -5103673
-6157996 8425808
-1369095 7338586
2432875 -352129
-8630167 -7259987
9440799 2405771
9961289 -8038597
-3043531 -7089334
7261797 3364544
-6173109 6723595
-153043 -2629828
8583729 3308224
427730 4988891
3463700 -6966302
-7016129 -6691900
-1795573 2829380
-6228460 2948076
286662 -5437217
-3272993 -5081203
-2341190 -7280462
5125309 -9386808
-7425404 -2900391
-7473373 -2397049
3483847 -7952583
8771012 2304776
9674948 7310739
-6864685 -8865678
-1360435 775030
3808728 3563046
6871146 -7896735
-2551003 -691049
-7742972 7591925
4671060 1220537
6139334 -4939958
-9704068 -8601933
-7988740 -6201856
-6585894 -2062406
5540545 7102208
9149625 8457085
761862 -975608
-3664869 436989
1571311 -7046838
3728192 -8013201
5549845 -9789123
4830494 -9946727
-637776 -5062657
-7470732 -7720508
3500029 -5864396
-804353 -283320
1114748 -7844284
8470212 -508421
7429173 -4357640
-7255432 4400670
2857756 -4513930
4510463 4410545
-5152466 6135970
9089132 3361946
5348745 6418846
-853925 2817325
2870598 898590
-1647715 6492921
8772413 4749174
8884779 881553
-9401766 -5211205
-3055489 -9403222
-7395291 -5770666
-7611954 7931075
2331746 2550235
8036305 -4867386
9543159 -4810498
-8674528 -4936880
8425067 6907045
-4157757 2930956
8264633 3773812
7188755 -2495330
-6002408 -6348417
8400758 -4458960
-1061054 -7229995
-9924848 -198111
-7084981 -7946468
8799218 9536015
7467091 -4480272
586315 -8812736
8836230 -201163
-2495309 -8861027
-3797907 895741
-2197214 -1169837
4277471 -5372840
917325 3645030
-8850300 2542105
6193688 -9377568
8679824 7663644
2950002 -2889202
-570961 -9864878
-7811346 3025154
2561170 2344058
380139 3504224
4691488 28261
2343450 -9033546
-7894573 -3955930
6939811 9848141
-1321696 -9176127
7967385 -5257402
903980 5472127
-1985768 -8598938
-7976506 -5429968
-7766323 6724273
-6164929 3219671
3354793 5183679
-9274815 3264111
8124521 -1940200
-8435976 3286355
5830968 -1495340
-8012533 6255513
-7700417 -1825582
-1977441 6609246
7433119 1755747
-985303 -782785
-5310657 5400505
6801567 2435029
7005061 -4780073
-8055800 1341414
-5438915 1755090
9455121 8295624
-5923913 7915878
-4024322 -9819693
-4016986 -7799392
-6778379 -2460297
6311568 4330335
-7495247 -4790912
-8181666 1127503
-7116750 -6956335
-5222768 1767806
-2831689 -5585701
6849328 -533425
-2797145 6486230
-2172356 3854390
8125832 -8336593
9959031 2388729
-7179040 97306
-7206035 6551470
1268431 -8687010
-8630955 -1223021
5623666 4490052
2215492 7680613
-8675531 644772
3688437 -3449822
8317984 6724071
-8861629 8465669
-9551403 -4513705
-8027474 7987699
-5641559 -2348548
-685141 -7683478
-2778396 5000626
-4902068 -8209757
858065 -7441084
-6128094 -2108103
-814772 -7873504
-867100 -4759048
5437917 -5191105
5453667 3864744
-9585077 6762386
-3997190 -8341544
-9875875 8732907
6735555 -2858819
7645232 3089074
-9259474 1224433
3540955 4520026
-479348 -7428262
6878333 3278911
5837827 4618584
5026833 -2263602
-7620753 9709734
-5049314 -5787939
-8462692 1512147
-4623108 2904955
-7816306 6990975
8649431 -4208185
7041074 -1813496
-2155963 1289909
-5621017 3776629
-4998938 8005621
2525647 -4880490
-9792400 1058370
-5662719 4562651
-8302413 7085933
7338683 -9824891
2401195 6724420
3452834 9717930
1230078 -131767
-7226812 4990142
1981118 -876678
-2568511 -5043118
-4340262 -6853099
4436810 -5527437
765545 -3979873
-5974251 8815794
6451656 -1717041
1857681 -932252
-6369600 6659256
-3738459 6194963
-1113576 -4672013
4568760 -6399776
-6681845 -8712381
1155852 -1978406
-6988264 -2935415
6187907 -3554608
1402275 -2490794
656108 6135748
3124663 -421635
5598493 -4907082
6425064 -6109792
-5310480 2140594
-8791658 2876720
-464024 6547201
2742164 7355094
5199434 -1686131
1914094 -8371412
5432559 -231806
306140 5232249
-7703166 -3411589
3033804 3317876
3343435 1001093
-2863159 6952431
9047148 -6000457
-8391187 -9738496
-5848287 -2838007
9302587 8033878
910598 -8642415
7904786 3027282
382376 2962927
-8723204 646951
-5208109 8098162
-2133644 3190890
-9060509 2740803
9329214 688848
-5993275 -6763675
4237418 -5120630
4348153 -133488
3866055 3890611
4152116 3395302
-9442705 -2008780
-3974902 820181
2177766 2376235
-4596483 -547951
-7585024 82552
3245855 -1697755
-3599592 6208124
-8084633 554099
-6705098 -3216884
7471965 -7145142
-3908816 -7375884
-9980161 3995042
-6138446 2844954
9251918 4367992
-9720354 243961
751533 3404034
-5775785 3353294
-4270471 6776632
8745033 -1081667
9000885 -6350602
1951643 -8839991
-115515 2246741
-7199160 868403
167872 1799852
4654711 -3904258
-8763790 -2360163
4151231 3262247
8623553 3772401
-9343254 529137
3289450 7875471
-6204143 -9063608
4289686 -5959017
3333967 -1979928
6938405 2535567
6184965 2079000
-4244639 -1544357
3218736 -1863391
1521364 5639847
-2560301 6019576
4631670 -8310764
-8154575 4610762
-2126991 -1615768
-7843366 -1486992
9042145 9012915
6888386 5329732
6266124 2331595
-1111069 3200596
-8779332 -6927837
5607730 -7777102
4301899 675426
1647421 1792696
2445657 2573612
-1786541 -5133843
3402085 6483373
8172610 -1830489
5296625 -9449893
-1065661 2534387
-8952604 5685987
4698902 -6392675
8937057 2605893
7453841 -5896360
7304236 -2280466
-6691951 -3657228
-8917978 1041257
4233035 8915779
-6775173 5383921
-9526114 -4119544
746613 -1813164
-5329790 -1312655
-626792 6665050
7215157 5359172
-2106441 -5330166
-9644179 -3850504
-7726826 -1059045
4063201 -2428925
1674715 3726583
3962469 1517042
7859814 -1021048
2536561 7270518
6186298 8941836
-3157890 -3230404
2650052 1927477
-9885686 9832348
-1480307 5913017
2578067 7300876
2660048 409254
-2404560 -206776
-1540928 -9446393
-7989085 -2048739
5522336 -6751402
6975182 6074116
-9892490 9713403
-8791293 937651
-1791830 483676
-574488 3745268
-9485136 6910820
-8645351 -1216026
-1383678 3164916
-922067 -8531037
1286191 -347632
2577974 4172352
-6034424 -6053761
7016199 -9826586
-9358973 2424649
-1810401 9027114
-2382418 6163363
-1606882 -4835219
-1381215 -9758556
725120 -398174
-6652906 -656693
8770479 -9849368
-8549041 -6138041
-456773 -9874872
4110444 -7416367
-5247647 8621161
2793513 -4603365
-657125 7330327
7503741 -724558
4216443 -3640926
7902540 8144768
-3175517 -7593958
-9912824 8036474
8277918 5217602
7335780 -1294039
565620 -996962
-8329978 -9317126
-5455167 -663901
-8022421 5637333
737319 4088061
-4774426 6088023
4001011 5489672
-4663648 535439
2327233 5860238
4735664 -7159907
3501214 -3456324
-8533929 -4845444
-6808970 2842049
-9423997 -8446753
-7224440 3985300
5504690 7911783
8594658 3341180
5193631 -308936
-4671602 5655843
-7739744 -312438
8291938 -1417931
-5928259 -9997818
-6946026 2292949
-1846813 -591907
-5235461 5381207
-8075116 5405203
-9440241 782105
-6375846 5907307
7460554 6267141
-7231207 -5799842
4628293 -9763886
-3906354 8273483
-9519101 -4260697
-8604853 3803629
-6508809 8325649
-3092282 6171755
6173938 -8216871
-3407570 979460
2903905 9227912
-2874529 -2738031
-7332828 184796
-9033099 -8433293
7474014 5743283
2010424 7107408
3823918 4934568
-2312966 -2704431
8085404 -1547789
4191515 -3702968
-9899339 8566304
6891953 -1896986
-5725231 6108205
407686 -6200328
-2704516 2965059
2192971 7000117
-5737914 2715741
-7099462 1834795
3401502 9445611
5188894 -6132561
3491199 875517
8326437 9715671
-2988760 -2684883
5767329 8529824
7343208 -4903355
-6337051 -7524804
578210 -39778
-3931573 3071254
-612722 -2630669
-9665609 6476113
-4007418 6682762
-601496 2527362
6878509 254669
-7783368 2299042
-1317167 280012
3671881 7405526
7121197 -7825967
-7994498 -5485330
5560846 6648790
-8254565 289183
2764379 2904055
-7135723 7924736
-6487658 5858941
-6771727 -8550944
441521 2899621
-417617 -6437336
-1393622 6434104
9205125 1497239
6312633 -4515112
5764900 -8578243
8827283 7511819
2202204 -8046867
-3532197 -1535167
7629975 4207706
-5503110 -7971350
-2550943 1891762
-7667150 -222379
-4363437 313334
1762390 -4154808
8744813 -1135164
2427500 -7796089
1154367 -9156451
-5142860 -8966122
-3481234 359492
-5702399 -8830226
8681593 4800018
-730497 -6875115
-5893930 -6599851
7607855 5737307
282309 -8263955
3627807 4621097
-5601281 7731366
-9438948 5960657
4322201 35282
8900118 -5160206
9560057 3067015
-3573084 -6156030
-5122152 714425
-8926083 1284056
-5029818 -6087033
8712985 -4628481
-8987244 -6348225
9568276 -2017511
6236148 7635178
1887575 7176132
-5686419 9034809
-717473 8031734
-3491257 -1287700
8747582 -156421
-2800275 -9169056
-3585689 164052
4008022 -3240218
7474207 2841227
6641636 1402223
5315190 1064477
-1047652 -8388182
7779946 -3455473
-2956632 -7518544
2632986 7348222
-2959294 -6720484
4830677 -5479439
5068647 1354288
-9933412 6629556
8989487 -8422610
-7591666 1330523
-8505425 -3810788
2948995 -8661002
-3303423 -1981050
9421173 -7060446
4004031 -6661787
-5049968 4736363
3797242 5472731
7954187 -7270022
2594552 -9159389
6636479 -6896475
-2375914 9635259
989547 1467157
-1903287 -7307267
6786475 1056135
-7613342 -2913799
3275413 9194810
3050160 6397586
-5583464 8740760
-8319685 9746737
-6915049 -6162291
1090424 -1799302
-6326570 -9448665
-6718687 -5112334
8244629 4143969
7247495 -1607783
-1972524 4881109
8864618 7387933
-9919333 9017023
73159 -3038669
-3436116 6867142
-1421696 -5023831
-8626245 2355650
-6387238 4144816
3891554 8306643
4660704 -4706923
-3989872 6976505
44192 -4248872
-6844853 -316442
6343879 -4158143
4234074 3916128
-1202763 3591374
-6504340 -7738449
-8721426 -2338145
-2860461 -6423673
2959821 1351733
-1155745 -3780225
8575425 4054478
-1800706 218010
-1475346 4704540
9997617 4607200
-5899943 -6814642
-8547161 -3992255
-1792345 4144249
9986106 7124338
1040466 7067887
659261 4220181
6481732 9837704
-9984089 4154921
247600 276658
4144744 -2844550
-4108422 5723774
-7705396 -7011001
3207009 6983355
1687895 -6989750
133803 4248015
-50274 1685513
209610 4233860
-1621890 1402565
-8956745 933618
-1998495 -9119432
5100749 2083721
-5562223 1177118
7848392 -5901167
4375492 6970041
6641843 -9387656
-1147530 -1479764
1509235 -7466579
9516777 -6336574
-3326323 7232596
-6003036 1204672
5406537 6807480
-6442308 3946690
7865607 8132500
-8417530 1935802
-4667277 8908862
-6491065 -416025
3277445 -9566528
-5467694 -9536935
7433106 -6357811
-5745466 1424150
9944386 -3408699
-875277 -4376644
-713217 -6030027
-8797431 -8842148
2362524 -1523188
7800644 -4800467
9146223 -9714586
8417914 -8641664
-4189509 -471818
-1562956 -9999616
-7899289 1143214
-5906962 -5537668
7441749 -2105492
1536698 -8858304
2565846 -2608793
3982508 -1692416
3930940 2510232
-1003443 5623583
6781435 5734075
6727239 199127
-2084988 -8339688
-8054274 4527883
-1597428 -2938764
-894230 2879992
-4603272 -3270585
7872629 7542815
4521499 -2502561
5391947 4482019
5623716 1963248
1870807 9444997
-9731067 -9294086
-4267501 -4146685
3993251 4199874
-7549699 4729056
-5071817 774686
-5048650 9177541
-3778224 2843196
2420784 -3102924
2293420 4624348
-8646237 -8473446
1585721 7690148
-4812413 1742744
8741116 8623572
-6896828 3095887
-4942764 4364832
5070746 4973979
-9172705 -4673830
2042396 3319597
-1951346 -2663102
8111584 4492697
-3813410 2976837
8336385 -6937065
-7523637 2408367
-2967285 -6726479
-5199924 4769784
2459932 -9097169
2645575 -1097851
-2474278 163872
5776111 1386691
8267875 628894
-4397126 -9166653
-3840483 -4145026
9174571 8946521
-3716581 718265
-4789037 -2776775
2716415 6911355
2490642 1397553
-6194080 -6430848
-3157326 4967006
-263210 -6645012
-5742181 -5840898
3061251 4713074
-5123054 -580254
3322790 3103325
-6267780 3169409
4002757 1590665
-38009 -8148554
3314319 2678626
-6603108 -863437
-1123860 2114090
-974555 -8875793
2521760 -8407445
7678060 -8483912
-1000554 -1155967
2199021 -5479266
-8803812 1252588
-4034338 -1026808
8392938 4257439
9877117 -6641039
6528370 1715728
5822746 -6390663
7977135 -6952521
5726106 -4215263
-2562348 -6192194
5921896 1639350
2763557 6313793
422700 -5052659
8979781 7801669
-3354298 -1899240
-4862154 -2020773
9231815 1361075
2850619 -3665966
3107826 -4802522
-8927209 1243558
5475638 2984943
-889368 7601161
-9351359 1298384
-400526 9604119
-6588075 -1108901
-9469551 7037126
-4132729 9333821
-5718838 3294006
1095675 6289972
6907084 5777296
-6243477 257730
4135157 -7955069
