186 -4535569 -3918432
715
-9766356 5266105
-2288813 7332015
5787584 -5770593
9262813 -1648145
-1277202 9921298
4743522 -1296760
-2941140 5277761
-2023449 473450
705469 3151770
5040701 1276062
-4186082 -4843084
-7252939 -8658385
-1446197 6159388
5715031 -2502131
2962300 6899869
-5317674 -8203401
9128614 -4287703
-58296 -5090135
3261721 -2567449
-2646151 -795482
424110 4500871
-221368 4613723
7603525 7482970
-6848908 7755183
-8452403 -9174654
-4017737 708145
2049760 -2638485
6037255 -8754324
-1256454 3119915
-7463863 1752286
-3934763 4222198
9934495 -2781537
-5355319 -4806148
-4857245 -7607448
1597070 7906402
2407273 2496604
9626679 4537532
-5463146 4702257
2457441 7230204
8055550 -2312053
8396092 -3478610
-3600742 6554165
316194 -7037795
-1401528 -7563487
-3294848 1576092
-4201710 1134609
869425 2770389
480593 8249138
-9358310 5514106
-4063140 5623348
-9363696 -5244888
9292644 860485
-4437258 -9737017
9539 -6170502
-5966203 536535
7057926 -9418558
-348041 4946242
7908447 -6542816
8410049 9968153
1544245 -3493081
157881 -4884799
401943 -141112
-9375622 -8972694
-942236 -9117464
-977763 -8733932
8537532 4994624
8371461 -341459
-7562123 7830176
4176026 -6065797
4470739 2447416
-4454790 8209824
3156066 -5954983
-2497799 5197170
5165323 -6419135
87784 8428602
-6456196 9225921
-8398839 2762017
3789323 -3537901
9860987 -7774461
6007959 5363439
-7125585 -1116776
1058118 4545491
-5107981 -8754124
7696432 3495995
8459763 9068045
7277869 2167171
-1271460 -5995026
9202144 -7049713
-3468848 6230741
-2824305 -3116181
8626092 -864711
-8102694 719499
-302050 -9772747
4969144 -1797018
6082773 -441062
8442162 977103
8038946 8957189
-9796935 -499720
5512627 -7069035
4515363 7899497
-7416980 3972391
493717 -5690416
-2740128 1311560
-9941347 -304139
-903968 -3692624
5442665 -2765651
470200 -2277875
-9534270 -143676
575658 -9831849
-7756559 5434875
-3588022 -3341569
-4384380 -9314397
-7297764 6967277
9898242 8335038
-1249113 8214863
-5296394 4413605
8723190 1333908
5161820 5197323
7409536 8499414
-5193210 -2263174
4971175 -3494431
-3255954 2765808
-7377868 7957727
642230 -2790224
-7355349 3197790
9856221 2885671
-3912373 -8427018
8540259 7988194
6323232 -8693785
2037430 954853
7884811 -4925881
-1075621 6741037
-5545288 -875647
-2376233 -5913800
1823026 -8135751
-9113830 -5053091
7712717 9310553
-215368 -2369784
4839992 2851201
8565343 -9573137
-4171114 996
1573978 8421565
-1073889 1916513
3222728 -7369411
3585442 -4750657
323462 -4739841
4517548 1470253
-9405394 9247842
5850394 8972260
3352861 -9265275
-4318365 -9810228
2016677 4239031
-8130753 -6605648
-1238094 -8198691
-7771828 -774408
9226588 -2672751
8265166 -9426589
2489924 -6683082
-4052493 -2808723
-5043028 8229005
6005516 9532949
-6480445 5280435
-2955371 -6960584
4528028 -5885839
-5151113 5411375
5601147 -2119110
-7880079 -6953126
8957578 -2382176
-8064515 6505521
-4268887 -2280516
-2436914 6680010
7253421 7474053
-9209029 -4171748
-4464118 -7740303
-9511298 9254830
8787779 492854
8289641 -989430
2049986 4823686
1454200 7850622
3261997 -3421985
-3024743 -1180561
1866313 -8620504
-8486328 -904822
8117051 823891
1059728 -6550842
-9870832 -6151836
3838569 8622814
6967418 7382589
9642286 4629540
3884370 -7496700
2996155 2647341
-8342089 -4811498
-9987812 -6197852
-8347229 -3775750
-4681383 -6017260
2802179 4914768
-1189383 -5189774
-3578244 -5331508
-1991264 324289
3773447 -5461192
-1613028 9068464
207630 3902615
-6198444 4741894
-628566 -2824952
-7805299 -6556157
-1392464 5772157
-9039341 -2292792
1509356 -7218201
-8477599 3489199
7471940 3162127
-9406752 -3158982
1651244 -7209529
-2541036 -596135
2244506 8073001
5128161 -2015948
9568868 -3982046
2436921 6031485
773379 -223502
-532102 6238478
2198673 -9855186
-1566677 1662599
9369807 -9193791
-6411992 -606018
5399533 -6604484
6557643 -4889590
-5532220 -4612175
-1821703 -332757
9071108 -1364623
9224730 -1846387
-1345983 -6168033
-150079 4352891
-7099272 -1777115
515735 4803194
-6441976 3674108
-3664726 9983633
-5837415 5756697
-920742 4768597
6678931 6048744
9444260 -4816381
-7189619 2078464
-17358 6001904
8185499 -2721839
-1570110 677291
1347256 -227040
3604927 -9829028
-2959785 -9998727
-1775842 5971200
774394 -59056
-6384948 1256245
1239878 4332419
-7394532 -49674
-5281077 -2081185
-6032440 1684727
-615302 -8602146
-4007330 -6588180
1930076 2195079
1989592 -1508336
9168955 115576
9888536 -9580517
3106807 516211
-6966164 -3990185
-8018985 -9852977
87967 -6225654
5030591 2755409
9604180 -3780629
-1313951 -3729530
4189285 -7790351
-3589272 -4078676
9835530 673197
4085018 5795426
-2009495 8344552
-3163783 8531446
-8836626 2496449
2915932 8521524
-8445912 3568262
9578077 -3977260
8686115 -5412076
-1637729 -8440908
-3169146 -8709566
-2490195 -6607138
-7820316 8951386
3677387 -1287794
4633530 -1114678
9558519 2604467
-1600107 4469060
-4670036 -3840111
7207688 -1093250
-8596800 2166181
687706 8371062
-5544323 -3164516
-4625424 2241794
-653930 -5966246
8109199 -5939309
7867477 7708341
3617556 7456405
6407791 7893634
-3394160 -1686408
7198914 -7398469
5205998 3755722
-9258866 -726214
-2049973 6122244
7545346 -3928901
8237280 -4842285
6045130 1464898
8300383 -8558662
-3800516 -9499193
-5465439 6191311
2768355 5545555
-4229752 5160112
2616517 635832
-1470533 1904156
-9782251 -8459339
-5857808 -2348341
-8592618 7416663
9206801 1864542
-2013214 4664868
-9264033 -2843171
2314544 8048485
-486617 1489600
-4552710 -9123974
-8623167 -9669882
6521430 1646775
9708682 -4088605
3587859 -8193863
2441969 7995282
-100561 -3795623
-9738610 3487788
3655800 -7366460
2566555 6919934
-1215524 -2420466
-7755598 1773357
8930186 -712385
-2663900 -7019630
-3013678 -6238918
-5362891 -634165
-304046 2433612
6596739 -3986058
-5558311 8733736
-9460127 -1178227
-3182944 545901
-733370 -4501806
8985983 -767153
1866387 -471980
8964306 -4841865
2737669 -5567058
-1277349 -2251218
-447251 4982071
478793 -9830811
6446624 -594799
8771037 7465115
-7584920 -8916267
9614027 -1533009
-2799273 9011819
-9650055 6572069
-2882030 -2259400
3238794 -2832999
-1083800 -1099048
8428972 -5258871
-100736 3298939
248233 7393278
7658412 5153285
135357 8970885
9140074 9727514
-867285 -9385850
595618 5586698
-813217 -2096248
6370743 3010698
-5461131 -8682837
405584 6087822
6344774 -5111186
-5427833 7523554
-3575494 -7900079
-3158950 3488367
9303658 7369830
-2720540 -743333
-5590048 -448108
-1477223 7454224
7181738 -2938339
-2324188 -9820797
-1717746 -3685546
4218206 787782
6314832 -14611
1302552 -6894698
9193124 -9146299
8258868 -8291864
1748042 5537899
7637820 -7168965
-1164245 688900
-9424918 6995222
8768241 -1860587
7691305 -9629106
7825119 -6821806
239855 8730434
1425990 -2476791
3837663 432019
-8780199 2224596
-7790015 -9427778
6193876 50985
904687 -3971110
-9746622 -2096648
-6558749 -836445
-5489058 -5482227
5206673 3595423
-6893002 3346697
4002463 -1701892
-1330998 -8124761
7569785 -5789880
-7059445 9010473
-3466317 -9674007
-6725636 -3117103
9107493 2887698
-4023728 7010518
-2938497 -8682522
9862720 4686500
-7410147 7966190
9646097 -9883901
-5366128 8547456
2142880 -5842960
20089 2356897
-9344995 -2233770
-358531 6538904
-9250975 -8159640
3367185 9727607
-9946400 -6310420
572477 2417220
7821271 -6672036
-9661518 -320030
-6486200 -6202457
8484044 -2600014
7882528 -6623479
6008972 3590249
2137705 7528626
4202018 -9357156
2999741 -5719415
-5436833 6738459
3277364 -3828901
-9472189 4204637
-3551404 4026389
232321 3894996
-3687783 -3497804
-7653488 3321150
5517472 -5866512
-9552617 5201347
5117685 9031272
4924145 1447779
-4961972 3000213
-6954809 933117
-5907687 7175734
3972671 -236439
-3497979 7092055
5779506 8535839
-4743172 2295737
-3677874 6307317
-7281335 1705424
723972 -929201
-7608051 -969118
-4319278 -4413164
-9211817 7909421
6940693 8644458
92237 5905868
-1093918 -5618809
-2169340 5130266
-5177648 -5532375
4231187 1922974
-8468619 8795023
-152786 3249560
-4454703 7310887
-3865444 5104042
-3190534 -5616225
3454574 -1146779
400456 49790
5636627 5846523
-3727704 -1402470
-2758012 -1058838
-5152969 5729341
-9889468 7334226
-5019156 -3730535
737090 -2058807
9864167 -196804
-8885429 7484629
734189 3911900
1222787 961786
8582180 -1204162
-4304035 -126305
1243268 7907999
-2042211 9150539
-2486586 -8356276
241255 6110768
-4948069 3785710
-484948 -405
-2666179 -7584686
-1315221 -7858064
-7400519 -5168983
-2849435 1938221
-8060797 4980000
-1108100 -9218511
1743275 -4810256
3985583 -9885313
-7495266 325455
-1766546 9681548
1348440 3748003
5391727 -1292404
-5181636 1378206
7680269 8149334
-9334718 -7613353
-5198039 9711673
-8146391 -9484545
-4653527 3486740
7941314 -5546909
1949443 -4986610
-4205121 9880517
-4929739 -9158656
3472383 54506
-9620038 1572196
-6229903 5977118
-274879 -8870232
-7646284 5118537
9013095 7633200
-1701113 9688433
-7924920 6693364
6405037 -1035831
-520376 -3122958
2880134 8258647
5228090 -2657551
2355840 821448
-6781683 -2822467
-9464771 8150719
-9278422 -9195069
2377127 4007613
-15269 -8898460
4747660 6147224
-6217887 2226204
-140596 -382271
-693838 5311561
2004925 674643
2155164 1381242
8258284 -1590037
9184962 -8365211
-8506410 1138419
4476219 -3070596
-3376711 3849430
-5483498 7694537
8499468 -2841481
3682484 -4761920
8855972 -6607053
2056524 -6332785
-1590229 -3880016
5737713 -1645011
-6333450 785527
-8539829 -4956125
-1058530 5671476
6597791 3615335
-2233524 -2800246
854525 5782753
5228509 -739933
5625849 7847097
5541634 -8148202
-8473331 2658703
413135 -3442546
-49599 5209153
1392720 -8214541
-2094556 4523277
-7121733 9802491
588019 6159509
3719737 -3455183
4732645 2048190
8179877 -7338793
-139039 1330436
-2886811 -4053646
-2277227 3231839
1078936 4858050
6709849 -6651378
-1476322 9136922
8210728 8236518
-4037976 8936813
-9277727 -9322519
5200759 7354744
7157236 -8855931
7303578 8079026
7140195 -9738393
2309797 1023315
3684522 1872841
-6796723 489674
-1047620 6061836
-8189973 -7167181
7690869 6675153
2540128 2888963
-5457763 -3082930
-4846411 -8936194
2516971 -7247035
-6569554 -6368035
-9013291 -4244404
-3100335 1147557
-773417 660297
921904 6719596
-9740737 8883131
755972 5748053
-3762272 -3539862
-7478026 -3524399
-691580 -2293540
6897966 6848353
-262684 9515642
-3567288 -561906
-6981748 -3204095
-451130 -5897347
-2265382 5535223
-8709180 -4504332
6643226 -1278672
1897977 -9293163
7426433 8386161
7269292 -7180118
8567935 202049
6662187 -9458384
-2982782 7322015
-4971524 1700513
-1451134 -1158010
-1642368 4442794
-6119112 802534
7598439 4790345
1409350 -3100860
4950715 9663661
7675681 9143969
-9618351 -1242113
-535275 4318907
-4778579 2279626
5099508 9407510
-390441 -7509287
-6967670 -3816204
-6494189 8788098
488611 -7434100
1407890 -8949361
5493433 1553829
-7643637 9765523
-2927780 1890673
1306165 2471154
-5348833 8481570
141891 -3743119
5014768 -7673151
-837892 523540
-7196833 -5520507
6403356 4383529
-609405 419027
6602823 8529267
7317366 2422925
-2494823 2624987
-3808022 -2194023
9359807 8913067
1194942 4201764
-3907563 4232522
9220029 783514
-8218563 7398603
-6344516 -6128804
8714397 1923328
-7553131 1186604
-1817550 -2123494
-7739965 7766388
-9298233 -5414194
-6884927 1650630
6589907 -179057
-7554070 -9567561
-9245231 -5904916
5524504 -8845740
5356024 2630928
9379802 9235798
19313 -8551538
8847065 8599831
4987380 1800750
6240430 5018901
-3794495 3701777
-8421717 8687299
-1029961 4387955
1490113 6354671
-1994699 -328193
9492750 4605187
-2446022 7111561
3722997 4455032
5609292 -9174901
3456027 -752499
-9000348 -6518331
-5069869 2835830
-6047987 1018965
5336067 6293548
-6171199 8939393
2641171 1576497
-7219851 34306
6938614 -3264194
-6909523 1750188
3938347 -9054921
-1933382 -6387869
-9276308 3431097
-9597519 5620597
-1037952 4446689
6210543 -1471874
2009795 -7581924
-2229742 7210195
-9254488 -543722
8266178 -5761377
-6821983 -1402069
-9825572 -7905021
-5354363 -1664460
-2412302 5470929
-2778882 4100603
5045683 678176
-3193341 -8840535
-2893085 -6887699
1249250 -2469649
4493392 -2490604
-1446126 -9788701
5145727 -6779713
2946834 3080021
-7463701 5432337
9670960 3692346
-7709723 3318829
5413808 5365329
-6299131 4981058
