262 -5358245 7473918
311
-7207319 9272270
5396440 3252968
9193018 -8203375
501395 6435725
6956810 -4209449
-8206403 7066889
-1910289 6715352
2791612 -70285
-7856923 9263453
-14590 2608473
-8409811 -9682012
-7364524 -1704118
-6116521 -5824713
-9938083 6399984
-8958261 3477141
2749412 52187
5821507 6350772
8147397 -9337796
-385719 -2469123
3321428 -8834856
8232033 -3428909
-6713556 -2368623
77444 8838096
8101550 -1405592
-8797118 2220522
2538510 -1913040
-1100805 -7206929
9484710 5173987
-5909677 -4700974
8776167 2062979
4631518 7648414
3999186 -5958069
-5295865 453025
7983902 -5337065
-4171920 4318416
-9110492 -6178318
-6030589 6576465
5414562 6692304
-4713288 4046856
-3732622 -3967536
-3364224 9005946
4315369 1322240
9012579 -1948677
3350349 3800079
8379410 -6897098
-9248684 -5357131
-1315200 3010928
5980305 4750502
1929790 3388936
-2292648 -3519441
-7181407 7757870
-3149313 -8886788
7805516 -3211995
-9165139 4781601
-9185935 5608581
4614527 -2897761
940831 9966194
-1982483 -1070103
5246328 -46589
3056313 3884219
8527088 3625739
9153019 -3676018
3590836 -2788112
3117176 -2350323
-3353412 -4479374
5794848 -9175471
-8062259 -534818
6253187 -7354464
7427137 2259610
-2131809 7088048
6706639 757555
-6759899 4999070
-6071033 -9836178
117233 -6226030
7658189 1691648
7833739 5689899
-7986119 6185277
5913518 6986758
7152787 -1878931
3641696 -969306
-7628425 -6200624
3264558 -8047104
7114784 -5690683
-914721 -7965903
1638497 -2941726
7815829 6953470
1952540 -9138512
-8974690 3572282
7346252 -1602140
-9910492 1142544
-3167557 5004442
-6293929 7923247
-2573643 -8637324
-516255 2135941
-8833364 -5420855
-9105127 5641793
111042 -6461789
-9636120 4159431
-1290120 -2774174
4284100 -550841
8918981 -9651623
-8790135 -5383719
8188563 -6612126
1785734 -7764825
3377719 -1948832
5571962 -5608406
-7685159 2726514
-3394458 9278033
1413975 -7742450
9353047 -1394360
6763785 -4903037
-8848474 -9752080
-3076297 -3125173
4100654 -8484593
-6519082 5633583
5981960 -9098894
8033740 4916252
8304126 7191825
1943353 -1261345
6789823 89860
4481454 7837424
563939 2361785
-5843829 -687353
1570197 -314167
8291473 -1913502
3183461 -6560403
-6312483 5055259
4446438 4334987
-1633254 611221
-3755196 -8936556
-8035449 -5635983
9280269 4743117
-5548706 9998291
-1263054 100747
-9809393 6394647
4232072 8043122
404907 -2811587
-982588 7312363
9514548 4561078
-7352424 3103961
6543558 322374
7893985 -1652611
5198729 -9768924
-6641351 2340423
3403868 6081827
2962196 -7880195
-620726 -2115229
-9600586 -5241183
4859564 3830569
-7258432 -8347288
9695834 5050171
4754936 -510008
9318707 -7382906
-305476 6288700
-607338 8833256
-844370 -5141547
3205842 8452572
8683648 -2950385
1906390 -9079077
-480897 4558649
6678455 7826610
-4288619 -7518701
-2759883 8574081
2404650 8627147
-9720140 -7900319
-333795 -2337429
7152563 2492046
5109140 6937493
3226194 6471271
-2179121 7320017
-7821530 -7381144
-8928572 -507139
6542476 -2099336
-1178412 2271429
9346430 -9034782
8791829 857043
3338342 -1458763
-2884681 7019562
5646710 3094811
5194493 9519969
-2817460 5926570
-9065032 7377050
4314543 6851456
3322727 6044109
-4119522 -2459263
-7324055 3659958
-6847181 -1941052
5959612 6263726
-8948493 2211647
3176865 7297552
-1845405 -9602063
-8544473 1968694
-1011743 4009290
-2895899 -1429154
-9392833 -5365033
3077889 4814946
2191996 -9693940
7157516 4012857
-7426682 9022892
9079981 -7003405
6656553 -1546204
-970904 4272279
536005 9809372
-5462629 -5011291
4802613 -5896136
7018153 7714236
-7800717 5473561
-517149 8473680
-2955474 -6296108
-1661141 -896696
-6081749 -2348306
-2042246 3933100
-9537691 6110247
-2350509 7631622
-9371783 5551980
-5994224 -3270527
-8998248 -198878
-7873154 -4448775
-6943714 -5945891
-1842027 -3335783
-5621547 7858899
3332460 7692478
6166159 -3422264
281628 5331663
-5565032 -6789315
-6621269 1136839
7586291 -1646781
6979818 -6147163
-8515541 8048601
-3883067 -5370690
-6124865 4629028
-5569850 -7360939
-1809714 -5123113
-1069004 -3443004
3221213 1246572
-894528 -394679
-2702201 116019
-789893 4954284
-7197700 -6536042
9190996 2008088
-6855073 -2762732
-1893161 5086079
1455269 3247571
-6187476 -4913343
-7767681 2939728
-9914891 -70543
2568518 -3892546
-6499307 -5484741
-6411392 -9241195
-5478271 2431689
4553362 -673827
9442192 3627201
-8902162 4367514
347824 -8831348
3176740 -6099862
-6346242 -7944828
7141252 -1161981
-7914410 1760597
-636394 -1403479
4052601 -4101886
-1656077 1595926
219732 4137710
1169322 -9087558
4187599 3720426
8668467 -2725718
6600455 8709328
-5147118 -4261818
-9894304 -1441000
-272348 -4049280
-7632790 453520
2508693 5420744
-5741237 8537320
297917 -7833703
762818 8860706
7275172 2177875
6290153 7331771
-6014166 -4380904
-3468462 -3490114
2746664 -2328492
4945790 3235489
1944817 1415131
-330335 -5937403
-4862051 6797699
5264771 -224639
-9771118 -2618047
-7197303 148333
-1314347 -4746073
-2579776 -2938539
8438519 1499922
-6322202 699394
-1968835 5713691
-8667213 9967951
8994189 -5466649
2204859 -9619323
3616166 1740853
5672337 -2849351
-6270401 -4439016
4875035 -4657998
-2366284 -1132452
6249502 139807
-9711860 -9621050
-4367123 9052199
8630012 -8509854
2990068 3053101
-6247505 7068531
-4701425 -815782
-847830 1783660
-1166636 -3368638
-2987960 -9337289
-5080083 -8961777
-9294775 -9371794
