261 6140274 -4712108
438
5972386 1396011
387701 -8739268
-8474073 -5999763
-7010181 -6745224
7334628 6178298
7871735 -7040998
1818917 1564872
-1843752 6156240
-3977772 -9112244
6778960 3203236
-5276817 674995
-548109 2450439
-9395366 -1080299
-2674002 6354363
-4989011 8615423
11434 -4869757
-3609025 3499727
7499964 2915488
-1313384 -9566745
-872095 -9510217
5965137 8537596
102468 -3000360
-6844119 -2215945
-8811837 775068
-6021696 -8305539
2369456 7967124
-7066085 -8782161
137540 4337699
692063 6054901
4670324 -20109
5110134 -1780596
-8280868 7198110
-7370050 4017461
4450716 9219096
9708880 1316567
-7629485 6094974
-6905386 -1809631
5974424 2472984
5764404 8766847
2977660 7162588
-2353936 9742709
-9039452 7863468
2201168 579979
-3365120 -6385559
-3889316 5409583
-6371013 3821556
-6463982 -8779182
5238279 -4651881
7083568 -3834031
-1112 -7794652
8300322 -691200
7499169 2369403
7358739 3911288
-4805512 -4010054
5668886 3123144
-4617795 8172148
6035617 -6685050
-3588719 8859105
4989898 -9246863
6162720 -4437487
9384069 -8899418
-7678600 9791707
7656179 5436439
4118760 76032
2281380 4739747
6564899 -5882352
-996596 -6901946
7009342 4064068
-9945986 8878495
-5482009 -7796170
2892331 5722900
1554202 -99804
-8724346 -1072052
-318915 7965483
-6472004 6265552
7366135 8360157
8151864 5428417
864857 9687535
-7720081 -1675605
5580494 -5016383
-8382382 4561299
7659353 2145393
-3790538 -6862626
4532221 -2814952
-611122 8779828
-2980919 9050213
-8533239 -7718791
-6274491 8573283
6538767 -7257585
1524320 -4077054
-5716897 2583115
-1988467 -1109545
-8905658 4951320
-6724285 1392742
-1107289 -6625738
451913 8856210
-6482045 510329
-3835945 -9372381
-2187333 -7756231
-8976402 3212629
-5220806 7201545
1999107 -1957321
9132314 -3754045
-8495277 5724616
4163915 5671081
-1745803 -4454605
-3047798 8447018
-4085310 -1217918
-9825176 -1953456
-6062842 -809594
-9437032 -932465
2094217 -3094576
-2466957 -5919077
-3675307 774624
-6012747 5345710
2547255 9864643
-9576326 -1233553
-2471245 7062714
-4696317 9555988
-2256578 -8450170
-2904775 9467598
430968 -1486029
7296053 -3436221
4610323 6345659
-4463935 -12771
9054764 1063834
7969258 8615385
-7303692 -6334667
-3043690 -4497699
3364363 -8462647
-8598004 943563
2226363 -4088382
5490685 4342022
3898011 2271470
-3662348 -9205632
-9738034 4157785
-7328244 -4050771
2513008 -6790714
9554945 2484161
4987742 9639683
703517 7607362
6222747 -3441142
224192 -8810873
9207780 1435408
-4510887 7180502
-9359583 2572143
1000114 -3108890
3749484 -4616868
7654602 -3509201
-2714833 -9836153
4321632 -6007746
-58517 -9936515
-6727229 -490260
4510253 -7545509
4610527 5344069
2951431 -502005
6056854 -4685956
-3496828 -8309469
-4357709 8797398
5977900 8227304
799448 1131404
538866 -865331
4517802 -8200438
-1709639 -5711649
-5547802 -5311244
-1318989 -1908120
-9328283 1290183
3316275 1138846
-3890310 6460840
1804909 -2173471
-159124 -9279783
8550613 7272693
1479576 -4102270
-5304872 7570137
5797442 7121867
-1746729 3189380
4840402 -3403110
-9087196 1308490
5596841 -641796
-3436688 -8280483
-188603 2565391
6371926 5244323
8899522 -7000534
9460306 -311798
7514731 7525564
8245781 -6218432
3570613 -2644393
-4230310 -687254
-3117116 -4949811
4688408 -7018830
6170551 5196678
-8206432 5458031
-3233479 -6472695
-4598139 5222724
6942241 4879714
-2554894 1965173
9725849 9269990
-7730544 6333384
-3978414 8625371
-1332713 4246114
8027682 6052669
5924629 9429420
-1257834 1598295
-835164 -8305681
7191841 5625050
821728 -6146756
9311276 -4121256
-593951 -4868352
2870724 -3922203
3473864 4807910
-3226916 -187035
-8400693 -9081030
7252354 -3501067
7640656 6385115
631230 5790293
1842962 -3692057
-4262637 -8824736
-4710088 -2232409
-8021738 -3004119
5137284 4454748
8307993 9170104
-4951152 8475364
-6392987 135621
-1270230 -3028750
-8220840 -1005911
8807055 -7796366
5638956 -1447756
-2432471 2922714
-692170 -4592337
-8802044 7724537
-5967520 2455412
3630676 -4442730
-4158786 -7713805
-8201571 8920588
3375337 -2180524
9505932 6935713
5411077 -5800318
-3148345 7071133
-5957617 1534442
-9471468 5581425
7785060 8337895
9406492 9335587
-5225347 3424016
8831679 -3025979
-5301441 4082483
-3462105 2545987
8103258 -8752609
6049939 2684924
1605512 -6055528
-5719700 7848368
-2699567 7497201
4213235 6302585
-4109930 -7288490
4245953 -8935110
6646316 -67547
-9213300 4774485
-3373576 -3052272
-9628256 -9806808
-2832786 -6082571
7999913 1719776
-5734237 -5617875
8145868 7054160
-260916 4885373
8829845 -3287841
7076879 3860949
1358150 5626498
1929083 -5622688
-2911177 8087738
9152628 7819153
-9732042 3851128
-8858035 -1684704
5263024 -8945342
-8752149 -9715259
-5797830 5634769
9870897 -9068583
7829894 -7797917
1772596 6653012
1538386 5975762
5204274 -8488320
5372629 368231
-4005271 2281153
6658466 9247132
7334870 440164
-1740683 6263641
-7368879 -996150
7319147 -1472725
-7901714 -6226914
-5942173 2582171
-9266708 -6653863
-5722446 -9223651
-7021567 -9395811
7257202 -7892552
599562 -2732619
-1220939 -8688060
1680171 -4196164
601342 6668043
-1568473 191253
-9368583 9776160
6039801 -4233603
-2713401 -8592913
-7549286 8670922
4960360 -5394254
-295730 -5451000
-2104863 1534539
2310888 437562
-6441896 -5310957
9312843 -2194327
5073054 3331658
4643598 -7571242
-9251054 6368468
3036511 8840121
-8452274 1350288
1126448 -8531962
9750787 4695496
6102583 9682601
869875 -2962614
-5840515 1069649
5618650 -4169765
7364774 3863755
6817669 6030139
3235535 -7807985
-2312 -9624227
-3776217 -4935270
-2506512 -4929257
3955563 3383733
2223855 -1757565
9592723 -3007926
-9023536 -3712067
-9016571 -6764476
-7081875 -9272749
-9719011 -397636
-9327986 3788001
2134588 -5559526
8304229 -1192984
-5162845 -7984285
-5792270 -2361749
-1985976 589042
5653773 -3278230
-5691135 -3245840
-9862107 -6852739
-6093952 8264428
7772854 -5121900
-6317614 6015124
9250648 8749318
1992921 -5334185
-3215468 4685125
-9010522 2273911
-769263 -2543454
6263562 3124067
-2343866 -9948681
-2310430 3617069
6722464 1863864
1101986 5703594
4974106 2376237
-1960150 5410852
3675280 -2371648
-4977196 -5537749
-9522625 -6035513
-7286195 -1294810
-4112642 2244375
9445852 -2776921
2013342 2671890
-9871564 -9564669
-3924250 -8755921
-8704602 -1091650
5041771 3731884
8112100 -1015032
7204915 1764235
6656824 -785914
7141290 2179021
2323725 7213027
-8324722 -6667077
-2702590 7346530
-3948280 4669005
-3086620 -7472433
-249354 1939078
7127320 -3640768
9310915 -8236012
-6991932 7255756
8680458 -4613335
1634901 6819818
-4195213 3722230
8002817 -252999
1477440 5526054
-9778573 -2824006
-5610979 -1381270
1951653 2545153
-7591965 -3935701
3249656 9249063
-8223369 -9023893
-4568462 -9836964
9038620 -5956371
-4192382 -7441142
2330967 865888
6252553 -8667962
668208 1011425
7250007 -9596193
150808 -1010653
-5484599 5252825
4945171 4144600
-7236669 -5263171
-201666 9334192
7914843 -2768664
8996752 2206369
-4301172 1164499
-6156113 3289735
7333364 1130366
3689225 5398859
-3735253 5657334
-494276 8536544
-452031 5033653
5437460 -9826067
-8320368 -3202023
4567154 8104620
2249221 -3804966
-6551785 -487675
-8637131 -2471096
4760240 -4237099
7969270 1794064
5474915 3756992
-2953273 6184450
-2685183 9318802
-2765987 6896444
2553778 3520394
2056938 3498761
-1467586 4575855
-2733860 4121259
-9080764 6486226
4590846 -1054228
5140806 -1997258
31419 9356419
-3114677 1105373
6868274 -6089360
5704704 4161916
-9564740 -2646104
-6461653 1179619
-6985227 9998340
6894784 -6630484
