173 -8817113 2233352
764
-4464979 2453208
-4035291 -517909
4729935 6073598
-7790120 -4717585
4734734 2494203
-4116307 -3688343
4833842 -4005009
7197221 -3518778
-500930 75669
-1385652 4993429
331198 5381638
2202561 -6923418
-1531557 -5724708
6226695 -9628608
4070632 6373207
-1173585 -1539953
7942138 9605653
-1804397 -2692524
2589892 -4811574
7682629 405484
-766507 9840978
-4164031 -6433677
-7436103 6583688
9175709 -6966809
542972 2062967
-2555395 -9693590
5899344 -9125830
-4850537 2163518
2534911 -5632213
3257346 3892510
-7647442 -3394457
8727548 4600114
-8092410 2811048
7999474 -3076849
-155013 4497482
-3145187 -1801544
1764779 1594833
-1821479 2690782
-1759675 -3154972
1424348 9870582
-9823008 8783297
9657468 8868953
-6451176 6076336
2960476 7323283
1215793 6083735
5205630 -3782178
-9182064 -3915297
8895752 3933178
3372681 -7274473
-260639 -588422
7610034 -6782331
-2671146 6594174
-8198691 -8108835
-8747454 -1976273
-2105691 41634
-8658716 2676894
-5937801 -1928698
6663990 3515104
-6645261 -2388977
-6305242 -375534
5842289 -2913116
3171588 8900388
-4650082 6660225
1902104 -5416308
-3488378 8722600
4456621 4157818
751992 6638009
1045526 -8214525
-190798 -4930347
5111288 2298072
-5025034 7703511
8291165 -1031076
5000380 -962834
6648189 4955156
-5420378 8355119
-4557997 2859300
-5723960 2938263
-7885159 1129943
-1770013 -374041
-9135089 -3466703
-9308885 4741610
1379619 5321532
7107007 1443108
6512761 -7574855
4723218 9432561
-347576 -5859599
-4374323 2214536
-8748298 -2056410
5415098 -9373943
1497528 416244
5791896 2511072
-4550664 -544116
-9414173 2584288
-7789753 -9919471
-3386174 -1184185
6073777 5591510
913042 -2695058
1264402 -2546604
-7605107 -9463599
2485314 -9706485
6950269 -365537
-8151000 -7862261
81329 -7424054
5718356 5617054
8549650 8012779
523851 -2784116
6671768 4341546
-3074165 -1510461
-1429932 7257596
8589763 -8347566
7243945 5183895
5005189 -2820108
4633288 -9326661
3726093 -3730409
9079458 -455467
9178997 -3788593
-9134502 6029727
8605674 3544349
-838597 -6536821
-8524042 4324030
-8460086 -2288946
4568952 1999810
-9510651 728035
-9498017 -8505213
5663574 -8424230
-723983 9091746
-3728362 2907519
-3902790 -5718794
-6932851 3421278
5482163 2339655
1067415 -7853393
8176335 4661160
-1794491 1932913
5396093 -701639
6138743 -116735
7594319 -611597
3904565 195009
-9076956 -5320377
-3825589 -3089733
-1513963 -8574973
3033125 -8162015
-2738144 7762054
4559612 1821115
-4757607 -4124582
8215074 143113
2289720 -9275443
-2097931 -8201159
3731754 -7017593
2280768 -1376069
8507196 -8355801
-6451045 -9064137
1130873 -1382133
-4186158 7453520
-5636213 -5429731
-4004703 1988253
-3657410 -4633824
5644582 1544774
-6634110 -3879202
-5487431 -7279454
2863659 -1391717
-8150808 -7272357
7042836 -4846620
-9347861 -7732386
891545 -6709058
-5064858 -4550740
-3614877 -8084907
-6950688 -8999551
8453969 32348
4602618 -1136846
3367760 5334109
3216637 3114267
-5340959 2226702
863853 -1138780
1581766 -1975069
-850433 5376422
620417 6961778
-7884842 -6484889
-4217275 -2336747
954195 -7232703
-9267091 -809378
-6377933 -1594311
-593862 -2881967
7150381 9187731
-9432762 -9623540
-1773079 -5730649
7383618 -3548650
8678052 -8556442
-7178870 4559012
5100295 -458095
7434679 -3080751
-6118973 -5750138
-9718674 -1944904
5718349 8512537
3796186 8580403
-9712622 9188897
-9889062 4529096
-8352871 -6090555
5613529 -482923
-7590111 1313862
5583214 6180767
-7367883 636810
-5403280 -4516816
-9957804 3826521
5884779 9934203
-3146548 5142492
1908706 3319458
-8625445 -6749169
-8236632 2190032
770436 -390744
-1201847 5559554
-7394998 -6425834
-2516389 -1090908
942521 -5747869
-1917654 -6902860
1794259 -4131238
-978076 -6334440
-8334904 4426376
-9230750 3618644
-3930801 -8292707
6849785 6654029
-26513 2922651
6173482 -8725157
-4018772 1348042
3473651 453202
-3987243 -731984
2842182 4788156
6213600 -8865889
-4613757 -9674207
5939286 -2843879
-4458765 -4015059
-7833147 -2266455
4676274 4563159
-9301844 -6168051
-4460758 5445524
2099553 -3232645
2206359 4905379
-1303425 -7926960
-4062565 -1620159
8833044 4677803
-6054181 1927438
-3284406 7362153
8496264 6788001
-369854 -7070805
-7398332 6398859
4900152 -4430568
-4180670 -1857096
5222415 7067005
-9101045 3011956
-1542520 5920571
5204279 8954549
-3623719 3073385
-2337223 -2589362
-1693169 -2410792
-7732989 -3883436
8044002 -2860125
7018380 -3787170
5517183 -5240403
-9794856 -1969003
6946208 -4852671
-6766886 -7193188
-6533932 1846361
-8570282 -947556
-7935600 1204836
-2874593 4845025
3799575 -6961768
-1372031 4846038
-7743324 2692208
-9718584 -1192902
4923663 563508
219735 5064779
-8722391 2967665
243614 9754468
-2214535 -688856
4458473 448758
-4228077 7248025
-905614 7691587
9260383 -8245657
2959179 524105
-4630870 3841135
-604281 2600939
-2553023 1685057
6893617 8023688
-3169213 -296346
2783514 -308615
-5243836 -8245550
-2761533 -6996751
-7242283 8550125
-2138731 -1566
2963544 -6940466
-9692440 4836095
2527682 8735467
3006163 -8081702
-5041245 -5695582
8145553 -4034658
1082633 327886
4529295 -2458727
8081313 8529611
-9250383 -6060735
3630650 -5087900
9182902 -3950517
-8430916 903167
-546708 8937722
-1063844 6843154
9902688 -169086
-5332991 -8100300
3151520 2726600
4644899 -288957
4015461 -3842317
-5360623 9603654
-7552108 -5322633
2218640 -1761637
9284326 -506460
3432805 299953
-2271594 2550295
8599778 9579807
482974 -3088692
-4150970 -9831138
7012016 2452619
-7716467 -2698462
-798761 -568943
4674009 9466894
-8305711 4869111
3543146 -681092
-8561085 -1773897
2903470 698875
8937238 6403159
-4103301 7638462
-2061585 8221564
-6711789 1845856
1425664 -1816827
5094482 -8112011
4573204 -8091362
-3122391 3459864
-9238597 -5898428
-3951019 -8322506
-8855612 -7521006
-135543 -9277009
41899 5355030
-6418867 -6592397
4106478 -6002834
-9599674 6484603
4123065 -4439931
6297985 -3702975
8142882 4577832
-7238994 9586197
-8525814 -7915102
6509888 371840
6348056 -1436258
2665315 -6612502
-4935008 -374189
-5378843 8714296
1953639 8725733
-3402885 4485614
7893217 -8004461
8509057 178248
9179203 -5483952
76117 8909383
7722761 -4181380
-9603548 -3625898
-4039701 -1618005
466893 5673810
8562002 9950838
-1485420 9493133
-7119369 -2573589
7052222 3696247
-5073104 -9538024
1704061 4189732
-1324654 6880535
1392426 817528
-9004224 9084916
-6399036 -98516
-1189133 2691331
8509951 -3806567
-4916113 9049980
-2568025 1422755
9612918 -6439461
-6488623 415220
-91646 8174920
8117683 -5457691
8238557 -4694663
8283665 5169906
-8124010 -6834547
-9954012 -7495922
3321606 551336
-7847396 1438415
3856251 4317382
-2991287 8269920
6979705 5183470
4233451 8035016
-542228 -7936407
-4375868 4181778
7113351 -929310
9761962 -8348139
-3805830 -2978295
-5156606 7879646
-4434096 6949079
-9885468 -6872940
-4368862 -2558106
509582 2676873
6631640 8952745
-4213521 2662187
-6551541 487891
-4328639 -4688455
-6653439 -9571835
-7508242 9904812
-3397057 -4679315
4391375 -9367758
-7715897 -6283706
-6745649 -3330310
-5450664 -9005375
7943705 -1902255
-6258843 -7368408
-7410162 8058237
-6748538 -8111352
3357745 3099420
8277959 9883102
-7112655 9144224
6972121 4242771
4670936 -1441293
-9020129 -9681317
-4360632 -320954
311288 -2417186
-6184540 2547096
9216786 -4888257
-3893632 -2930189
-2316091 6282474
8914066 -5949927
4624663 -6058582
-4169934 4020256
-2880324 7876125
275580 1704163
-6635260 7913988
2156759 3162925
4237984 -9663139
3171896 9344047
-976907 5217856
5317022 1327617
6391065 1850733
6962476 9132483
-3797706 -1875797
-5593323 -6931156
-2881082 -3597445
343974 5837095
-142649 -8256419
2136058 -1309608
-9605444 -506621
9923719 4927990
-1909084 6275648
6612509 -5403170
-6059123 -7671100
63108 -7699242
-3855273 2963970
-5185297 -4619869
-5487386 -7464208
659995 4293531
7362376 -6768740
-7849832 5066672
-6579881 -5518706
8741227 2494142
3700886 -4206178
5287201 877285
-4194724 -3388206
-7112558 -2272727
2324103 -3587456
-8742204 2016304
-3166586 6264981
-8254697 1320905
-782612 2978141
5513933 9076359
3369890 -3753646
-522386 -3826072
3756952 732266
-2270088 1627782
6638276 -306577
5487245 -3528861
-135223 -7144485
-532691 -6709202
1018071 -1813595
4598949 -5128896
6887408 -6657825
2123508 5856745
9694002 -6279178
-784685 3868811
2945170 -1088610
5157744 -5270752
-6580472 8831413
-436321 7151711
-8704155 -307168
9386255 7293592
6281083 450474
3305989 -2610148
-6802998 -3854140
4332265 -7226702
-2355598 4215074
73601 -8552434
-179336 7048162
3285336 -7802891
-1417728 -485334
942409 -7499349
9746251 4043795
2875208 8616505
-1715432 5682131
-4625037 -7561113
2248831 -419586
-9969112 7277570
7183774 -1470085
4675775 3336877
-1373473 -9619223
-2887797 -8475607
-7028041 -1212718
8351796 7185804
1899265 2792623
-7692710 -5846515
9170488 -9518463
4525332 -4233949
6898908 8916740
-2884777 -2599460
-7644220 -4816523
-2719757 -4993461
4800461 4604611
5650878 -2688869
3164360 1984236
-5118635 326654
1851047 4307239
-6905479 1993568
-820628 4823006
-9868018 3962670
8116155 -8921363
4076526 -7560728
-9278325 7286643
-1280265 -8881789
-8964897 7620583
-7195940 5834959
-9158502 -6609117
511847 -7399345
-7571862 5641959
-9857453 -3837275
-994269 5592498
-7583910 -4976088
7017480 3373130
-9287511 8026963
1989633 8713204
2308193 -9155529
5800095 105788
-2607568 -3615280
-2497069 6521770
-3341295 6112167
1947126 -8945614
6961622 -8020882
-5420227 -4695024
-9053064 -2526531
-3847454 -2992088
5116762 -8910517
8629748 -2325370
-8952240 7532852
5559816 5647228
4360433 4276601
5121072 -2450551
171590 -3331374
-4430302 -6562481
9959289 7564022
-3807459 -4411019
-3356632 -3382005
-8886535 8139668
5960996 -6395010
-6405189 -4306762
2701150 -575716
-6969880 -252643
7421987 -9665735
7867117 -8340132
7307096 986100
-4737299 -4056715
-3990913 -5816119
852508 2900126
6337645 6180677
3744699 6422206
-7988812 -1186713
-2052366 2453592
-6890388 -1345444
-5224102 -938901
4754337 9070609
-1505107 -1629291
8118066 9971840
-9693895 1525013
3184881 -1943594
1558858 689574
6632860 -6991670
-2807789 -662089
-7761963 5158299
1338976 8044719
-3016722 1092035
9905322 7600027
53619 -8489182
-7318274 -2147044
6914055 3163232
2233841 -2542376
5828333 -5815256
-5843416 3245086
-5229900 -3537249
-2964491 6979041
-2331384 471333
3479663 8594367
-2067721 6817828
1976127 3188227
-6250702 -7313332
3778703 5831455
3431482 732576
2243394 -3799623
4053333 6001453
-835315 -2558528
4899096 -6516260
-9815163 3914878
-2840035 -6756219
-293467 -5658579
3836815 -5553583
-2565898 6742042
-2147238 -8494569
839611 3430118
-3381655 -1698607
988061 5332090
1163545 367643
3616572 -5233235
967142 7111379
3112832 8376318
-4182209 7536828
3536920 -7722482
-1291252 -9283113
6477021 3721757
579531 -1614935
2831482 -3816446
5441948 -5583654
8438129 2781937
-3787945 5811062
-5887545 -722260
7126182 -4653248
-1769253 5100517
2383634 -1710273
-4598894 -8152681
2739990 5867128
-4079692 8513938
3307808 8557781
1791020 9457229
3178986 -7983443
401622 -1731959
-3032053 6274869
-9308785 5749457
-8952254 4926248
-6746338 9129344
-9076564 9776153
-4877095 -2633882
4982987 8049618
8855697 -4129996
-9766324 -2633379
5750101 -5743197
5287094 2973666
-5952201 -8329590
3643991 -8888746
5644163 -1644829
-860435 -3177023
5614199 -3954214
4311595 -1376136
6066464 6305414
-2048889 -2124307
-2348154 9320127
-3313755 -8609101
1956870 -4708897
1161107 4185584
4068557 812567
-2414277 -6088865
6884801 -181342
-5994580 -7127183
6500423 3448952
-8195876 7649411
6988741 2144587
706725 943689
2083905 2602940
-8575294 7534672
-4589635 -1849630
-2529503 -624183
-6716931 -4421437
869666 -3326906
-9141322 5239939
-3947494 4547125
8458261 -2556413
7262245 3638229
-972602 -2140586
-8691633 -8732334
8917077 -4472178
188761 5628843
-3427468 5905818
-8974890 -9104514
8430158 8656437
-3193193 -7550183
-5658014 -6159477
-8064562 -3206344
3466750 -2374945
-7135006 2805104
-2647771 -3158220
4285367 -8566147
5072082 8326842
-3813743 -5936035
7847983 6615833
4660007 -2505376
-6876533 6765060
-4812769 -5151232
8260606 -7787649
3385140 8728693
-8821490 6690764
3047639 2708300
9501956 -4479503
-4338096 4983077
-9695467 -4514941
-5156809 -1473101
-39248 -9826886
8499957 9128559
-6807476 7549186
-3318629 -5313786
-5302810 -8959493
321919 -8658622
8706498 -9662991
-7450640 -1974498
-3245804 6967104
-3825780 -1549148
3675504 -9550942
8485907 1738211
9237640 -4306187
1178872 -5852188
-4808937 9542173
9715288 6022063
-2333026 5151815
-4782647 8215245
5417811 -6624150
6932709 1898725
-4243545 -9884999
-9547990 9770981
-9687165 -5537046
3946410 5517722
-6031426 9583383
-9967558 2636983
6891546 160431
5854244 1034701
5182513 6129187
-1812288 9549468
5571531 -9626424
-1958257 -2097000
8634597 5754858
1647060 3259097
-4842178 4052408
-3316239 -1420230
-9132897 -6569371
-9590065 -2864229
5169845 -8820062
-9236678 -3127302
9509681 1654772
-8184797 3312116
-5653183 6401227
-4953234 7669447
7218915 9529331
2419259 3234479
3653831 -4693202
3578008 -9538997
-3763548 -5195219
8857189 -4774931
-3678809 -6089374
