149 -8089286 -8664573
508
-2631119 8714683
-3584630 9058920
1318088 6713210
-9638366 -2848184
-7731801 9380408
7302778 791295
7852966 6092865
6572334 4092650
1818339 -8365932
8812072 -1892491
-1001274 7150937
1752249 1923912
5182048 -8216069
-5792439 815807
-4757126 8427555
-341409 -4457012
7118260 2611755
-8158683 6073961
-6774223 -1563652
-9666891 -7797049
-4489402 -4506023
4103194 7635887
-5755111 -6636436
-5002367 -6808119
1299390 -1420420
-4269483 6326057
-1750031 2814469
-2885248 -882
-9185074 -6567982
4375925 1322313
-618347 -3942200
1185907 6550868
2624829 -3500086
-2547386 3027225
5230176 -1633041
-3622712 -2214277
-4578390 3257127
6620691 2996834
6188715 -7817148
762432 -8381676
460734 -2511894
2818927 -990698
9008420 1227055
-2824575 9933679
-6227656 9823346
8397498 -8448649
8102219 3153997
9653911 -7900242
5126983 -6756599
1610360 9622878
-2591399 -7126489
6130638 504000
-6499166 -4653436
-9954232 -4732318
9402358 9689550
9694008 808200
9817502 -136908
-8909852 -4970713
-5037034 1342275
-6318027 -1734427
-7666724 -1264690
4405659 -7920528
6695582 2951848
-1288399 -3424077
-3801199 1822565
-2787572 -9678039
-6657687 3607402
1470318 -6656933
-8872899 -3156853
9049049 1516086
-7675713 -9470541
-7091096 1259409
6288696 4658141
-3999584 -6000948
-5219023 -8748338
-7496676 -7801258
6794566 9630606
2582454 6908984
6001259 3490148
-4687287 -8705945
4132368 -7799940
-1676186 -4958507
-1615440 -8967
-649468 9794133
1310219 -7971987
-7442527 -1600418
9658991 -3849142
3325352 7982729
4498133 -1535960
-7767946 1842120
4040862 9279110
1426068 -5264621
4160715 835428
-5674424 6524874
7818929 161974
-5121614 -7845359
-2803865 -5532351
-3024966 3202200
2996333 -1902953
125061 6325567
-5274851 6822905
-7026237 -4801114
-6818385 6900492
-4635468 6299115
-9342412 7679748
-524790 -2403413
-5151682 4698450
-4466121 -9098721
7426153 1525385
4203711 -7624193
-5469551 -2238565
-5254564 9082097
2284297 1726584
9823631 1720471
-1953962 7796983
4619888 -7534956
-2336070 -4712461
4704383 110003
8925471 845545
-8958355 2585268
-9818145 9583059
4281509 516856
-6065513 7546525
-8411738 2331740
4707548 -8639360
-877925 5791973
4874070 9237997
-6519067 3867512
8104335 9674719
7471702 5820916
8285961 -3849627
-6045736 -5392058
-2765702 8466243
-8171859 8658647
1243915 -3840231
8259180 -7130214
-4097006 -6057878
4004999 -4942959
7388782 -162519
1198122 5593261
1385234 -5387318
-6149321 2836549
9220413 8775656
8450376 9847964
5668880 7324748
5991473 -1561570
-4437275 3954841
2421085 9945737
1120737 2797023
8956792 -3234422
-364636 -7635348
8823127 7215972
-7726987 5538359
-4624160 2828126
-1578612 2178147
6790829 -909686
4443216 2322974
1098631 3157860
3005824 3663629
-6495270 -450993
503789 -8808943
5145898 9496203
1958293 6066514
-1136463 -9916665
-3151087 5595382
476386 -9663319
69005 -999370
7055341 -700487
4643992 -5141629
7036518 4947533
-5962152 -6934620
5388354 -3656300
9501560 8481064
-5338955 -3513015
-1447656 -4976263
-3785206 -1834225
-9821669 9056134
-2361000 3877044
-3523268 -5347024
-9751642 6502538
6839219 -4158003
4842627 724744
2540610 -3091775
1766596 -5585680
9361854 -2815398
-7233666 -8680534
-2336834 5916054
-3086530 671040
-325622 9681079
7221168 1574515
2256643 8226722
-200792 -6564038
-170642 -5048674
-395698 7438209
-3542901 6306090
4664440 -147340
3093756 5812670
5237247 -492933
-3562260 -4365634
-4664680 9520195
-9160338 -4200406
4232000 -9381994
1289047 -8980820
3216611 -8854530
-4763663 -9036575
1706499 437779
-3609907 7492980
-7555694 -8494292
1460269 6219452
2525542 -5435040
4417620 433720
-3753610 -2810018
-786598 -9972271
8178447 3999990
3520185 -1832506
3967088 6030120
6648126 -3123801
-2104620 -1800912
-8139090 -2062827
-1099402 3628343
-5933877 -2902753
7106580 -9392902
4629158 456216
-3324332 2067238
6632199 8605779
-960501 1717563
1423897 -6433829
6110252 -2197759
-8197769 3153651
3837497 4288700
318820 -2161231
4714968 -2195415
-1479975 9483298
-2579528 5126700
-1244956 -7102713
-5465 -1162578
-555480 -4662481
-1689913 9617467
1684705 6590030
-2287839 -2497892
9219671 -9166744
6915780 6751660
7070254 -6840080
-1170076 3026032
9831084 1388837
9227606 -7332579
-7011641 -7333744
-7850445 -3541073
-8414373 -5975264
-3077976 -429973
8407449 -7142977
-1805458 -567089
-949622 -9631678
-525296 6504630
-5993262 3251435
4084692 7186866
-3545122 5742761
1419033 1000472
6542856 -6474868
4913970 2765309
-2050917 6373941
9040197 -3342072
3116855 937442
-2521470 -8810248
-6723869 -2781165
75858 4400554
-6166535 -8316419
4568255 8270401
-2708617 -4599805
8651631 -5957041
-8770175 -6185527
2073586 -4747325
-1230501 -2315296
-6273812 -6507381
-1225719 -4687645
4202648 1156510
7814439 6723364
-9822842 3242846
-3051050 -6552354
666481 -2344312
-7943757 225082
1908663 -9257660
1529093 8406060
-6193744 8993270
-6963771 8820476
5151301 -7542113
-9773086 -5733945
-5532889 -2775113
717506 -1003587
4308768 -1806701
9349810 2008139
-1268497 -1488583
4270615 -319399
3128247 -1091339
-919298 -8780435
1444647 -6205271
7053421 1136945
-7940643 5869662
-2620716 -1417486
9919342 -4134387
-9160148 415514
-2802079 5070643
-7704470 -8933234
-7420469 -5818616
2374683 -4470612
7537528 -595348
432421 -5759155
-3562202 8785383
-2305955 -5296964
8438953 9566046
5877127 6774747
-9571956 -7600047
785967 2930548
-8486938 5003753
-9130633 8165252
-8902882 -8567596
-980601 4225571
-2191310 -1704961
2476423 1314929
6844317 388221
9792873 7367458
4124656 -3101803
-4316419 -7258354
-2555318 -9437546
2644852 -4106022
5185077 -4116364
-9200059 -8961669
3968879 -1870527
-6866774 1585908
-248840 -2001707
-8052951 6518945
744517 848278
1659669 966448
4797729 1069559
3974132 6652444
-3463745 -5841601
1056596 -3716642
-974996 3177263
-3743931 6740177
5150507 -1013961
-2613973 8900922
2455605 335584
8465057 -1814032
9771876 -3575515
-3060870 -8401716
8117229 -7960611
-4595981 -1113820
2368980 -8621902
-5035991 7063689
-3767515 -2833290
1325109 8938142
7737852 2768740
8462355 4898057
-5845413 -3237144
5748895 -5281575
6135699 9305094
-359321 -6865078
1320890 -1408696
5015789 -9377912
-7779628 -6390881
8164860 4471272
5873804 2853954
4232052 -6431121
3148920 -1757216
-2074154 1712414
650556 9381406
-5333502 1767307
-3334635 -1611592
-2332384 -6871146
-2152721 819952
125046 -6583488
9067786 -6017022
2574282 2282077
2904166 -7094971
9030500 -9893576
-2905952 -2359110
-9505156 7195360
-9235761 -7032148
-6273012 -2756751
8955663 3913160
-4189082 1652835
-6579858 -393781
510979 477416
-3877378 -7398141
3421811 8178595
4111459 -3513747
-7014417 6063210
-9138361 -4304402
-1399373 -1923782
-9301006 3765805
-8593304 -2368873
7342839 -2206958
760894 -8098460
-8338859 8107078
-5463410 4487882
8657069 -9383196
-7260625 347508
3341277 -7922788
7195423 3250354
-6054698 1980251
8466505 -6866413
9196797 8056761
6268711 3968440
-7955342 -9941564
-3659406 -5130662
-4983183 5260004
-6946954 -2252710
-7834818 4876008
2983087 3813940
-9181825 -6173676
-5556872 36029
-9616462 9475244
4068808 -2817496
2949210 -3758833
8221418 1264232
4397819 6894512
-2532374 -795725
5689068 -3889032
8685756 -6263663
-8877972 250078
-4489917 -4973650
2773640 8655197
3531206 -1436871
4893422 -2544825
-6202149 9030645
-933326 5711597
-2296807 -1759021
-2060165 -549788
-1792269 -8227998
-4447414 3405398
299910 8945502
-1850223 2466757
8577725 283888
4020226 -6161155
-3394724 7263481
-7710168 -2341394
-3686197 2115359
-9321512 -2420176
-2448649 9845009
8875654 -1911738
6316211 1349202
2106534 -2057671
-91107 -5980595
8307759 2562721
-4031881 632977
-421521 6376697
-1156546 6268030
-3448082 244608
-3400194 -2578821
7201012 3088496
-9252898 3205082
-4679559 2007196
2103373 -2939094
9422267 8515281
-3396456 9654724
-6479721 814274
1272955 -7080245
9455512 5626813
-9294114 -8818152
-5668823 279623
-3343680 -3325994
5458388 3909656
-5845735 5499774
5437305 -7989694
-2384845 -6729577
6475505 2638318
-5354486 -1637743
-2060485 -8204054
2827579 -734761
-1080036 9878135
692409 9431123
4867231 -5043405
3099760 -8034636
5663564 -3160905
7118719 3805646
-9520348 9994742
-3579250 -6224961
1791166 5938040
464699 575015
-3638210 -2771529
2383141 8079854
8958463 -7162705
7149593 -454992
8810247 9414331
9292466 -22827
-591704 -9753437
-4796842 -15125
1950239 6791879
-6369025 8302918
2108565 -2386197
-9875103 3266046
-442563 -4895431
-8957390 -3454352
-362985 -8651397
-8906573 1507309
-7896485 5998806
8836101 3476568
-6978424 3578330
2992661 5985695
8479220 -8168176
4594739 2285127
-7729998 -9596132
7195748 9797898
617168 -3263407
-3133251 3343075
9125473 5242085
-9653345 -3008354
3537294 -1317090
