114 -1623668 -272990
615
-5934551 6202439
7909008 5278887
-6959777 -218000
493002 -374734
-8089474 6074907
-1440370 2855036
1278707 -5473329
-1864734 1752303
-1421724 -8694585
2289670 -9415365
7841791 -4634987
-717895 1458077
-2878710 -7610556
4535660 148991
8525323 3773904
-7507305 6779022
-5425738 5107124
7405476 -9598297
-7456678 -9869163
6205744 -2101522
-9246486 -5546152
-8503129 7281726
-8449619 -5451426
-4146011 -7851511
-7266876 128657
-1989978 660011
4634440 3091267
-2002936 7292127
9957471 -8244270
5529635 -7467276
1828099 999146
8622623 538682
940386 6402361
6533198 6028099
-6073422 -3999940
453908 -4744706
-7462979 7196444
4261370 1950779
4099268 6603754
-3267588 -9884641
-6708278 -651255
4956364 4742434
-5449086 7926163
9681893 -7046572
8002505 7024737
-9459765 -2272120
8266563 -169396
8749317 9162858
5190958 -8276699
-2276639 5282515
3054161 1633888
-8653316 693621
-7355600 -1892466
-5288711 5608055
-1760234 -739980
1125117 1443701
8702487 1531489
-542348 -3918518
-8448738 5769753
2794490 -8344103
-616222 9553767
-8099277 3334726
-4986064 -9833307
4406346 -9349960
5932555 -9795106
-5644866 -7870293
2823328 -8496931
-389397 -4298181
3826226 -2015920
-239548 4321892
8281945 -7934008
3597481 -9114430
9483404 6984433
2754186 5571485
7227383 -8965334
-9411566 8065029
-6083893 9127513
1810558 -7510843
-6860802 -1069957
-8348710 -3783096
-1653389 1588105
-4392474 8522776
-5775405 3686291
4186723 5218130
-459978 567173
2633166 -6052825
-5167255 -2178032
7322753 8746999
-3165163 6832501
7867168 -7406709
3174672 -5937780
5706085 971954
3461111 7090779
8537175 -2483357
-3750101 -883339
3221119 -9811535
8711241 4596510
-9200847 8828645
-3436873 5452189
-3980638 -2497772
1449403 6103150
6441470 1168880
-84120 -1201499
-4368998 -3719425
-8609782 6750717
3329289 -6501830
-3013524 4564891
1655670 -8448274
-8415279 -9552412
-7919399 192845
-7102338 -2165380
4947482 -2181928
9163070 4125256
-7906203 5746635
-6751137 -4273803
4345699 -1886841
1798392 -2785382
-1470529 787169
-415904 4230624
981341 4160474
174996 974315
-4460794 6826982
8378708 7161473
125413 -288772
2420426 2479781
-9685599 -5277634
2540439 5318088
-8040304 5261883
-6475130 -5780139
-53942 -5946507
-5316995 9290085
-3495297 6808110
-9888369 6481397
712021 5034175
-8288999 -304272
-9329957 4209714
-6446952 1885997
-8436178 8725601
-1563171 4448108
-3072111 -5794413
-1072046 -9142745
-1308304 -2757710
-7495827 3984745
8204606 651392
4704886 -3970957
7835480 -9332984
7475126 1904243
-1614360 -5659817
1890710 7586758
-2717514 1614013
8340079 3601711
8004061 -9531119
9194482 -8106873
6341235 2084235
6289823 -9852337
-8995081 -6730876
-6972234 -4782223
9202522 -7787033
2864359 8048291
6593686 -76520
590496 -9914403
1989840 4429166
8769349 -1934377
8168733 2891832
-5494155 -6823588
6778123 7967571
8436452 -7154076
7255403 -2701464
9382772 147286
294949 3596638
-617886 5672595
-9109628 -6183780
8545539 -5073768
-7025477 2609246
-7467274 1409899
-5988152 9568209
3997375 -4360426
-3778451 6001689
-8590127 -4716923
-1540511 -5609718
-7642147 -4084281
-8722005 7753964
-4947499 3310657
-6542057 8533399
-5353611 -5564727
2624220 -3730755
-7398183 -3455144
1471088 3514592
-3876162 -8852643
-4926392 4445612
-3469827 -8827084
-3187510 -914544
7603497 3043901
8326978 3034040
-59326 9013371
7445442 9302819
7056783 2298528
-4390815 8723437
-226812 -7890716
9060909 -8416519
-9630922 -3064070
-4002862 1685129
7716073 -7029105
-5881748 7468226
-5569810 6356263
7529179 -808140
8277317 -6523284
6520617 6858022
-7591586 -1602834
-2589463 4847595
4150414 2349088
7163968 -5144021
6095769 -6276451
8349186 -7226846
6872987 8385309
7837591 -73553
-8388423 7242065
-9787040 -6165271
3819308 1844002
-1799734 6847565
-3960575 765850
4242566 8245797
-2379829 6833094
7746613 763183
8127130 28585
-7622326 -4842850
-7470518 -5206104
-8966202 9541642
4831148 8625251
-473088 9382984
-690569 -5779513
-8537448 -2635496
-6284415 -6562640
-2202285 4191865
1039430 7534893
-9182904 -1485667
-3239870 -404793
8944654 5059662
8339198 -3103346
6925239 6691267
4364769 -1017320
-3707071 1819265
-6122740 6894251
-1964146 -2673273
9226063 1224760
5445248 79119
7443623 -8948154
7005559 -575848
-6383983 3675560
-6273194 -5196726
3317607 -2828201
-716641 -5456098
9603564 2594089
9490743 -1771987
7435632 459114
1958147 6415983
-9248400 -5683247
-8788995 8251076
8094155 -5371140
-1630027 -8236789
1842330 7320218
888416 -6184779
-4244275 -8197695
-2005782 -2106025
2697249 -628257
-940106 1721024
6264926 8531208
1125298 8343253
9087618 -1615158
1360309 -6867607
2064728 -960398
3356356 -6681544
4085884 2816329
-38459 -2916287
-1153076 2180039
-7983391 8331514
4663087 3205607
-2475736 2905025
3315353 2935165
4823260 5518482
-2760494 8528954
7060163 -6116846
4742760 6020784
-5594373 -9298187
-6165794 3830378
-7130019 -1717712
1600744 5898935
-8768384 6226337
-6689950 -4313372
383019 1193157
-7958976 -5326674
395285 -5084020
7821005 -779537
-7844372 7919550
-4045616 -6347290
-7818335 6978888
3378395 -4289757
-8268973 1758180
-5023655 -1878845
4467885 8653006
-3064706 -1189449
7225838 7337866
-3919445 1052390
-744630 973806
4683316 -8093043
-3419716 9638389
-5445631 -759308
8461155 6975569
-2588529 4891727
1060789 3133136
-7371624 3365856
1592451 3242454
7516986 6006771
6644278 3323478
-5507163 -7506669
-6179765 1112164
-1549970 -6055517
4996874 3562425
-5463768 -2953062
-1046105 -5747756
6406986 9219548
-1539760 -1949469
-4973899 -9038645
-1630566 9437747
2570883 -5046076
8319780 9430224
-4810970 -2284388
-6277617 -7571417
-1731586 -7293983
-4800652 2883014
-6004822 2761251
-777914 -8464065
5098361 -5038440
2008498 -5781040
-9012443 9634593
8854141 3478746
-8470723 7394543
872250 9830733
9268480 -3444622
-5974345 9241685
1188261 -5644284
2071328 4861787
7290371 6377291
1599660 5793711
-8806923 -4441215
836388 -684639
851296 -4811745
149816 -9941526
-5722565 -4050343
-4415750 4674666
-1846588 -4735008
-7340465 6954743
6785476 -317310
-1245580 3531785
-4710178 6053957
-9590327 2780075
-2358137 6478083
-4628273 2481001
-9208936 -5067766
-6992629 6971387
-3713252 -8015858
9688749 3843759
3902233 7138045
5604054 -7645083
7029584 696020
5961012 -8811695
8143048 7699348
9898390 1136899
7185037 4928525
-6501166 -8830837
3949238 -7525141
1469295 6424859
-1094140 4107453
1556039 -642626
8845113 -7786724
6713770 -2920238
-9076479 7648214
-2697389 6402520
8757437 4825755
8038127 -7093335
-5905030 -1696627
8519074 3999140
7652391 4754371
-7800752 8417464
2102979 4837428
-171360 -4301918
-7877059 8568570
2676023 -8702065
655309 -6454847
8274781 6748415
-6171823 -7983226
9664988 4988552
-6092576 7268051
-5389842 -3032401
-125735 -7335139
-6515413 -7351715
6647425 3969235
-1276394 -7996339
2937477 4299817
-8346403 922854
-862712 -4959543
-6390973 1482237
-4703476 -6223419
-2678266 -1198598
8066169 -1531815
484960 8112868
3101420 4410699
1678750 149948
7117548 7008844
2190057 6288908
8937193 -3008187
3477400 -1809004
-7288991 5584619
-7599212 4717359
8156565 5648487
3205296 6570737
-1947025 -2706146
1070435 -669325
648429 3349499
-8182315 908522
-978610 -1285401
-6874702 2302645
-7547407 4639162
1648006 4804048
-6390692 2086493
9078306 6354415
-5454588 -7453499
647472 2555707
9789418 -2743579
5421260 3048260
-381002 7945983
-4760163 -1373444
473583 188325
-6462176 -1173375
9735147 3638365
-7647036 7871861
-7309142 -8727111
5912051 7994614
-4684986 -4856548
-253703 -9923591
6430824 -1075678
-6012825 -1175396
3896663 3492588
-9250990 4634648
-9800740 3686081
1632064 -1313378
7313179 -7665390
2522935 -611746
8214879 -9696886
3941479 -1422888
-3551027 466378
1739267 -1189205
9321761 -860168
-3200364 -2348682
-2272273 7153127
8593801 6545933
7886889 6674903
167492 -7419023
7215625 -5700096
7985985 916502
9603124 7414885
9749496 -7865598
-5960992 -567345
-7747878 -5211217
3365895 -7746113
2720265 -1290047
7520749 9814869
-8528947 -5540468
-5372798 -641138
-3488010 -1729311
7332974 2354929
-970168 -4894209
-9796880 -2263784
2036120 9197324
-7369822 7418745
-2650017 -7461542
-5327140 4749655
6698662 9615831
-5595386 -1288132
-6517893 8950784
-2339262 7770510
101731 -1281276
-4305392 7697839
-2943299 1572784
2359825 321810
5193091 -3914957
-6292813 -7790849
-54633 -5777077
5936600 -6089693
3845405 -8018512
-5480054 1083130
-4167215 -8804612
3327571 -8290842
-7062622 5047800
3998584 7732185
-1980953 -3580515
-2345439 4175674
-5610135 8120778
-7790086 3349169
-6329021 1446567
47962 4569739
-704757 8864070
5603345 3755149
7665457 9240610
-8777902 1539945
5139428 1510862
-4777398 -4257956
9967554 3488565
-1463635 8550173
6282358 -7095068
-8159231 5051302
-773024 6817758
4938536 -504670
-7155501 3616842
7579761 7148451
-5765458 9031830
7895900 -2372277
-8617127 3529785
2770396 3499246
7555543 1564682
5591896 -3491154
-5232757 2694971
-3816463 -9185502
9364671 -5265203
-9843918 -2763746
-7712444 -1836619
-5018861 -8003149
-5991466 1514533
7647727 2436028
-7899169 9369385
8401216 5227488
5371563 -3664627
2381511 6297116
-7687286 -729212
-9164530 7668259
6693457 2384610
-4920419 -1056282
-241784 -8539300
8711850 -6220530
-6467923 -8360761
-7681027 8867932
3381135 -4180367
-149482 -2699888
2252492 7389669
-724593 -2501755
5242085 4353323
3205049 -2323377
6490091 -6869999
2400789 -4413440
5771171 8802806
-6296232 -4247388
4696330 2464628
-3558319 -1216651
-4920828 6970899
8610138 -4846469
6537815 -8872399
-3052766 -9070889
-9254424 -81050
9824972 6797753
6812350 2998068
-2648608 -899621
6777002 2054436
-2299211 -9443559
8659353 -4216555
7102603 -9898422
8370542 -3053124
9411504 -9193629
-7893927 -4416775
-7445876 8369537
-6476932 -2814755
-9170802 3680614
4609726 -9939117
-7503814 -2223568
-5425815 -2128346
3386074 -7678842
-6062111 3902888
-4042676 -9262534
3810259 3231243
9014688 3658113
-3723957 -5014036
1932840 6117292
6923663 7162938
-7253837 -6139303
-7769766 9029736
8731333 7816639
1497253 8269655
846890 9560531
-2663036 8623331
-3505015 3343076
-1819414 -5572499
8330389 9881060
3134878 2118475
-4650282 6804065
-7021470 9461490
-5552546 -5635593
2998051 -8229074
8933864 -1103353
-4726304 -78286
-8532197 4196379
2013018 -9979718
806289 -9800864
2276020 -6489729
4649955 -8346820
-2487392 2129336
-926811 -8855060
3542352 5693195
-2188330 -2596421
6723996 9193583
8655073 -4322259
-7441500 2218879
3989805 5618879
7031878 5556551
7994617 2923669
-2879952 4821926
4842209 9462420
