121 253996 -9552151
306
-9871193 5470775
4714786 5461699
7777140 -8063210
-5666953 8673154
-2165751 -5148756
-3003387 4893412
7743268 4418077
2482845 -8934890
-4238769 -1242754
380832 -7545650
-2797646 -3719978
-9696163 8105400
7795859 -770304
-3979819 -664036
2106313 -7039484
947643 8984383
4446082 -5248528
-3311738 -4337571
6851936 -5260426
-7892830 -6462339
8431074 -5313815
1620614 -896217
168894 -1309306
7447940 6619811
9074161 -1553523
4726499 -9654876
8450524 8792868
-9461084 -2453312
-600995 -1237265
-5760396 -3440903
-4456520 -8494682
-3743210 5187247
3366029 2505914
-238160 -4538595
-1000934 217965
4904150 1869010
3489146 9946492
-1362814 -3475235
-6855424 6174392
7137221 8601478
1462954 4735090
3527958 1863720
1926761 -7570170
1192566 4066874
3142323 -8674234
-7168916 -2051478
5652121 8685804
-6291930 -8395774
-2934369 -981850
1752467 -4013737
7855273 -1418950
-1472458 -3343382
-4302265 -6139229
-9964837 -318919
-1717441 -8641337
6093753 7172384
-8447543 9745514
-7824656 -7861937
6204937 -4004430
-2678664 -4115738
-3650864 -652739
-9450583 -7331228
-5727002 -7998742
-6464240 6773839
-7239898 -6145018
2436032 5288228
-8055154 -9384624
6992499 -9036426
644655 -9841067
-8482404 7027663
-3283601 1443567
-6294567 127702
2265765 -9214792
-3219222 -4119223
-5718608 -1529297
334316 4102114
6770886 630528
-4851862 -6599915
-9826076 3560237
7415219 -1316101
-6027873 5450379
-1417893 -7632397
-6668823 -4083027
-3924094 -4425394
5118621 -3507815
7935752 -9890146
237556 -8164979
-7379771 -8358815
-9961686 -7496678
-6509623 -598992
6019474 6836058
-2533413 -3658955
-7742518 -4693287
1383302 2614725
3814976 -7568594
7881785 -1201479
1166124 7787103
-6295924 8980244
-5445149 -2986347
-3977810 -7703666
4922541 9673472
4024845 6474294
631831 7676449
2696123 6645075
8562435 670146
-9977444 6186500
5043897 -2901739
2404974 -9994505
-4863427 7301379
2249138 -6211724
-4896851 8951549
6738653 -7352725
-8372480 -1214375
-1684369 2959081
5255416 8698723
8372195 4337821
812116 -7305691
-9629242 2397041
-8441532 -8556053
-5369555 3066882
-8230266 2637255
9735516 7169354
7174849 -670016
9147715 -5343157
-9038529 -7688578
-8737028 1396853
-3439519 8580973
9882950 8001625
960706 -9295647
9403076 -1801419
5052755 8732474
3943135 7775271
-7311336 -4135129
9825170 4313894
9897128 -5752868
6884387 6971968
4141322 -8333138
-6486802 -863744
3793099 -6167477
-3856054 -7339086
-3425881 -2729078
-4148105 9923270
7924895 3134600
3838953 -4265154
-3550221 -8598047
2650780 3242029
-6466347 -8497466
9883757 -3406085
3424161 -3777683
-7014198 2225280
-8286400 3321289
-2495496 2386541
-8477203 -1628726
2203797 1017702
-3805032 -2167752
5103171 8347743
8271013 2769088
-4096312 3471418
1722616 -1287740
114214 9742642
-4498977 8172396
9674930 5281346
-8124739 -8448972
-2226654 9558688
1783968 5299423
-8862936 759148
5662041 3497568
-8131158 -1358432
2175623 7184839
-4982913 -3411009
-5063265 8370591
1139679 2636610
-3891971 5724100
6952713 7043368
-697638 7830645
6003041 9583279
4864625 -2680263
-1129234 -1805676
-9730636 6739886
-5444339 -839536
2435964 -5430316
583604 -4307274
4334294 -1901995
-4717156 -5031202
1557789 9026269
7396861 -7183716
5452894 -989124
7251329 -1463460
8096260 -8439077
1907921 4204042
3787321 9914974
9751064 -9572686
-8862010 -8831702
7908184 -1378170
7782294 -8592646
-4022962 4980198
-9327076 -7265390
832615 6560642
-8470560 -2476430
9066192 6115460
1448096 3087230
4614458 6463053
7515945 -3099010
-9021734 1865787
-3930171 5612206
-1956468 -4597461
-4170147 2373502
3541800 -2205404
-1067222 -3032156
-9108450 -6033663
8946535 -3284928
-8033966 -3131411
5945583 2135811
2175733 2798650
-8569538 7475024
-6921394 1241925
-9778670 2878558
9779548 7693064
-441148 7737276
-4134166 3274166
8676705 -1854967
-9481464 3909366
4220315 7022911
6507107 4060336
543025 -6846907
-7615482 7398657
-5732754 -7994088
4141723 -5649448
-334446 -9787170
204206 8833809
-7407914 1096016
-6025426 3282812
-6507772 -7186583
-9449307 6270475
-7939007 -4432568
3712466 8932879
-4641403 -9262301
276962 4231002
-9192310 9578912
5248358 -3215931
-5817274 -6132932
-4127020 149228
4499780 -9033675
3695507 -9985296
1364865 6681687
-2222297 -6100287
-301123 3956951
6770368 -5731370
-9460895 3191105
8758538 -162587
-1229708 5116450
-1629499 -5012644
1734710 -3354758
8740506 8647463
7947884 2542400
6409468 3988864
6654444 -7869389
5613288 -7717551
4813505 1154225
-2164088 -691205
-4275140 -3821630
2651673 -1870033
2398597 5423737
-8868806 -8061606
1775807 -4545946
-9429495 2406084
7393440 3062452
9707694 -1058994
-9895178 -871850
4186903 964552
-5046583 8052706
2699669 -6887277
7911524 -8392139
-4721562 -1687043
138104 2725029
1419751 -4369298
-3722978 5862964
-6196947 6587777
8526171 8675619
6646026 -5065752
7340332 301978
5880782 7216531
8673889 -2749875
6378275 -1895172
9069381 8778711
6831418 -6918470
-3805746 6539150
663363 -468913
360397 -5894222
-652840 -1541846
4088856 -9501499
-1122182 3283263
-128960 2882230
1557850 2680871
7615119 -1602789
1215542 -1796124
7936759 -2528196
4721929 -2903676
5201153 6610648
-2094288 -6383444
-3301913 4270534
-6673964 -5262870
-3215431 -4591307
-485529 3989399
-7552447 -338682
159820 1377983
