300 -9551586 -927090
393
-7189051 -4992555
9363520 3756745
-5982080 111341
2532697 -2136226
-3659995 6167245
-5058069 6622659
3984647 -9649311
-5335640 -8725751
-8942451 393263
6835137 3642061
-2274167 -769477
-697914 -4266080
2190322 2884361
-2082790 -7901840
-7453426 -1624934
3382511 -493528
5779570 7873876
-2014783 -4737616
3126158 9797490
5964735 -9482085
-343074 9466164
9816853 3423018
4697268 -6358427
-3448812 6997565
639626 -1728831
7501692 -6613675
-879755 881811
-6233827 9320130
-8581709 3826920
4718338 -5800265
3706208 6481217
4355093 -9382798
-4120414 -514222
-716732 4856663
5374578 9005744
988260 7764356
1187374 -4968496
-8810571 -6678535
-9680970 8400994
-3327837 -2259382
-6356705 -6524992
4356820 -5826145
6010338 -4720107
9106813 8122993
-7677272 -55019
-3573802 -3658497
-3041295 -1454712
8031066 3297644
-9329341 -4645357
-5639612 9830687
7595043 6045237
3593093 -2135000
1186466 -8701231
9699764 -2701126
-2444156 1505496
4980505 8888279
5578487 1199140
6479033 -8146323
2493022 1588825
-8466194 -1897802
4443701 -2667898
5877391 -9523644
-3709648 3918759
1789754 3908457
-3744504 -3038989
5522600 6150142
-5984857 -6149461
7665661 -8367955
-1069080 -2282039
9223457 -118223
-1229944 -996884
-9797744 -3279686
-8909657 -5651457
-1546280 -802359
7299839 3583365
-9084532 -7496122
-7019765 -5740107
695004 -690789
5734020 -8213061
-1252049 -7515242
1151253 -8010483
8356408 6786903
8418949 -2317252
5400709 6022069
-4096154 9866221
-8614311 4624166
3860833 -2809745
-5944850 -8412054
785587 4951176
-8949106 2508871
5012749 -9398221
-5138328 -8033638
-6208075 509336
2296276 5556676
557786 9525945
-8484538 3560579
347482 -8290961
-608213 2388223
-1589708 -8717217
3665356 -5207504
1933015 -3169509
-3462902 5051046
-844656 -4206152
3261376 592248
5617471 2457283
3059062 4312270
6278632 630221
3655909 437086
8510114 2586909
2112855 -4047815
9512764 -932099
776940 -3855331
8532892 -7623401
6175734 -9831272
-5038776 9459537
-3709972 -7642557
-75159 6894239
5204439 2827126
5935726 9080185
1537468 -1534184
-7221914 1553198
4699771 7112883
-2450031 1573071
-5840020 -1644320
4307866 -3939916
5127985 6272835
-7582495 -3663018
-8770067 8421277
8590005 -9049603
-9590066 -77980
2279463 6067582
-4521827 9216314
-5440208 -7795696
3800841 3198965
-8335219 -9504481
-5434931 7854661
4967544 6959219
-1467710 9264840
-2379480 5033866
3610302 -4791377
-8518542 4444738
3298073 -8745361
9675916 6415315
-117935 -2955642
6966378 782274
9366208 -7191649
4541018 -754159
-6033503 7360733
559698 9100810
2112681 283690
-1861648 2224479
-8299949 -805898
-1541058 5622248
656114 232341
5440964 -1404185
5556905 -5733584
8037407 -561225
-4145910 -8628670
-1584311 7713324
-1504402 -1747493
1060859 -4617933
-2855739 -9621842
7738891 8118229
-264609 -6372890
3910801 -1701410
3039421 -8151927
-6441473 4565505
187753 4739472
7488166 2017470
3129637 3360220
142988 2929130
4884257 -1313458
-7425775 -1819604
-4106280 3254700
-8492793 989914
-1111667 -3094330
-2716172 -4915582
-6797353 -1451054
2176057 -4977281
3321309 2938039
-2697536 8603210
3168715 8877083
3616555 860991
5394813 -6643532
6716688 1104721
6550204 -1475550
-272655 9376029
-2443575 1434461
-5310839 2301570
5807836 3450145
-9644185 8712721
6313491 -5303831
3245116 -9844005
-4821286 9516139
-5029470 7937525
6540735 1016376
-106541 2272994
5650337 -7774198
8098622 6026366
-2868912 1045151
2085953 -2668337
-3292308 6197644
-9851543 4329650
9147572 4264117
-2285738 7353971
6066692 4955408
9651578 -9413571
-9257576 2380183
-5587326 -4586954
-6649429 8437490
-546134 -616796
4172550 2407658
4633460 1863677
-2109956 -177112
3384391 2732082
-9936255 -2462516
6251480 7986696
2316347 9287789
3551906 6399937
3753908 1463919
8935680 -8733832
4368949 -7663048
4717136 1103610
6516656 -2372275
-3934784 1646162
3545719 2383579
7307589 -1964566
2415464 -2281731
57509 -5542599
-294165 2821860
2875696 5958252
3944949 -7714067
-8426278 -872824
-4472887 -3738704
241567 5125629
-1091851 1797374
4134326 -822753
-9719143 -6722901
-6578824 -8632186
3013977 -686135
-8302556 -7997256
38179 -3440304
-3205683 1521385
5978786 4969995
-2208145 -631821
-4673569 -4315378
-2029445 -9332449
-205273 9271380
8049028 -7939371
7186258 -2161808
9635566 -9193052
-15805 -3905592
-8112141 3769893
5137707 -7218595
2095270 -4690965
-2688220 -9331964
9744084 -3690933
7830452 -133689
-5163694 -3461598
5906581 -3674409
-5473435 -4855487
-4187936 3749364
3020745 2497120
4557749 -1876857
5961335 -6413875
-5606927 -5739640
354768 -1886746
4399499 4377269
-324974 -5241021
68014 -7946442
-7278405 4286648
-9404285 -103854
2278809 4982031
-8479567 942520
-215537 -368533
4775980 -56634
6209083 4311028
9324500 3104396
-8772461 -770172
-4667695 -3601399
658961 -294773
334833 -274621
6619000 3530081
8289060 -5265668
-3212110 -3705974
-9419326 -9126573
-6714075 -7974163
7007869 3692742
7151614 5564735
-4803798 1044654
-9011979 -3063923
-8752895 9972183
3076579 7197104
8943284 3087957
9486558 -3179529
-957950 -5724411
-3482680 145520
-6324399 9376883
-5888785 -6863680
-8053302 4481014
5354441 899105
2924943 -7472627
-1263533 8640366
4205101 -7550836
3493818 8404433
-4659490 1917656
1889839 4481839
-5804705 9103967
-5291724 7482770
6819593 5654931
2446873 -5805166
4340354 -4138357
-4761474 8964193
4616866 532308
-4986678 -8133907
-4718449 6563564
1607289 2884115
1524481 722846
3172010 2860108
1264541 8245935
163591 -3334172
3664020 -878597
-9258278 4569782
-5431096 375667
8546951 -4550002
-355167 -8611502
9766493 993824
-7525631 -6014813
-2966153 7521372
9387465 7091235
-3828848 2047169
-5068716 -5330984
-2091786 7778441
638550 -1027882
9734405 -8919776
-9737595 -8096909
-6459153 -7585652
-499518 3926425
-5697908 -5717431
-267432 4069386
-2025764 5365395
-3640781 9377401
5878940 -2259270
7778454 -8650059
957528 -7087212
-2523691 7165919
4351288 7128680
-2576526 -5076054
3896064 -7740498
5856079 8062024
2481467 3630469
-1438831 6118484
-7438739 -1461334
2821236 8061651
2131037 9379705
4745101 -7446196
-8068795 2621626
2878708 -8895680
4970613 326497
-4244363 657162
-2176919 -4071858
5573174 3231947
8155893 4690721
-533424 -7003352
3575024 -5431691
715130 -4677345
3957491 8572844
-2888490 9276299
7337950 6518752
-1585191 9932746
5002902 -8014661
4606965 -6840090
6780583 -549541
9776957 -9997975
659187 1751196
195690 -4467406
1280893 998621
-4310658 -4231135
-8718135 -563214
-3478553 -2327730
-4488723 4856890
-4053914 7236577
6512876 9468768
-1496128 -4426052
8023047 -3632822
-9131130 6918682
-9921408 3025949
-7523591 5475835
5477861 -624473
-8873276 4769718
-9697688 8653400
-347979 1322414
-392369 1583206
