214 5987428 -1189577
231
7923369 -2987628
4378413 -971616
1913287 811259
3154600 -5414673
-4631503 4942960
3881611 -6444562
-5866987 4923395
-3614755 187787
-2143914 2774870
-3711061 7038772
-2914744 837233
716691 8715576
-5661713 2514811
1593128 -6231349
2272431 4636869
-8350759 -9596449
-8051713 195800
3523411 -1455994
-4354314 3861575
-8679113 9194364
-7250198 1014183
-4062422 5202499
7906638 -3117185
2174037 2322823
-8122052 8279076
-883691 8462977
7178553 -1036796
-8521985 2349353
-1365644 -8483160
6153709 -4412505
8507398 -9093213
-6381060 319303
1379661 -9544315
4317260 -341297
-1146933 7025347
-1960470 -1845500
-6643001 1602870
1002037 3977108
8816284 -8736363
9542713 -6823925
-8360948 -9305768
-7826212 -8824625
-3958920 1333957
-4632851 6168155
-8244350 4675436
-1901425 4037210
6872865 -9736952
3235085 -5766133
3892571 -1747473
-4722126 -9931302
-1776802 -7254362
-3135140 3317405
9810865 -5903451
7876538 7866898
-8957027 8627149
1837733 -64397
1110978 5198377
9048686 4011521
-7303972 7152058
-5656154 -5584165
969397 6968030
-252570 2442422
6676289 -2157737
6094790 -7017484
-6948786 -6914788
-4169149 -8627336
-2793579 -6209236
-2112687 -4787937
-6921039 -2982713
8160788 -4236149
5699454 6638286
-5646985 -1478
6526395 9326785
-1004805 -6598299
-9666112 1738776
-1293194 3339042
8297816 1303286
9145549 8454237
-8563247 -2509543
575670 5240339
-870645 7004319
3311435 -1077127
4134936 -1147871
-1614232 -8801252
9478951 -269750
8884888 -3453444
-938570 5178405
-2978458 5754256
1672309 8104178
-157046 6016738
-8127868 2006198
-6690516 8549760
7003997 2686300
-9823243 4971385
-7271924 957102
-9522227 -6731221
2191652 -5626217
3225912 3789208
4987956 8842941
-1426809 -8388320
-9325411 -3016741
4678017 9974431
5728687 -263981
-2159803 -8300441
232649 -2599003
9407195 199503
-1250736 -5378867
7307433 5233031
-7279232 8269613
-773284 543
-4214326 7965196
-7661021 -295511
6010050 493679
-663380 -1918756
-307076 -6485642
497618 426163
400594 -7116135
2619885 -4824365
9391546 8645634
-3953369 2976434
-6824062 -375804
-3238319 7970178
-4280439 -5558446
-7288833 6585467
9102362 -9043319
8921877 -5545765
-3324923 -5111964
5381715 -8739144
-657900 -7314873
8715837 -5281665
5144498 1551377
4435242 -786545
-3094558 8061445
6707079 9571479
-4935734 -3703011
-1562463 5270062
3240240 -9243444
-4801890 5199218
1784685 1476153
2432834 -9574371
7396217 887047
-1708564 1354711
-4868081 -5928706
9272773 -6326849
-9092161 -3009628
8541749 7988610
9718418 6052337
-3369866 -4506657
7581175 -3376140
2920849 -6662787
8607275 -7354559
-6598003 3874738
-926043 -5636133
5840020 -8883541
-8457912 3374994
6778394 -1727146
2143917 8938305
5525951 -4930170
-8740667 7275837
-5733791 -2684924
7820039 -7832828
735862 5324310
3334005 7538457
6678669 7365996
3219562 915180
-3923027 -7884129
5990609 -5656811
-8776591 -8004678
-6888219 -4935434
955913 7063429
7852636 -5346130
6108527 -2265693
-4679511 -7487095
9788742 -5849169
1465907 -3420178
-8736653 6571303
-5588035 -714054
9340755 1999209
-8118443 7745971
-8822497 6019425
651648 -2382529
1960661 -2745523
-8233849 -3357743
-5776824 -4299578
-7236149 -5122067
-7951845 5179089
5429748 3132839
-1837903 8156682
4823865 3266589
2362763 -9532809
7038495 -3710227
-1907929 3626110
8141671 3966812
-5770865 9949179
-1515044 -9976771
-2359300 -4593361
-4822532 9136604
-4221139 2117713
7818135 -3056381
-5662096 2037
7697478 3098339
8747530 -3613941
7059094 -4356422
8910167 -3090373
-2623181 1882959
689084 1272931
7415393 6931666
898478 8781156
1246687 5557065
5580294 5127614
3050605 9731643
1384599 5737346
-9628588 8228073
7688044 -320188
9681850 8189547
-6195762 -7974051
-9071640 -104320
5539259 -7448231
-8022252 7987454
-129586 4449426
8238709 -645433
-3713767 -9440502
1857006 5654103
1211168 -298936
-5171322 -6896307
5351688 9307814
5045160 7879283
-1376292 -3263713
6416100 5416572
-3877528 8828104
3370405 -1385698
