79 -1969088 2907566
589
1967597 -8487026
-5901114 6755846
7292529 -4718643
-5560128 5599681
440391 4217232
190502 -6238557
-5513909 -8456474
-3646736 7518270
7605176 -3396172
-2620212 7986041
-5683494 1641344
5954525 -6923646
4127094 8115087
-5437717 -4545395
-3998131 -8744318
5285008 7469850
4225696 485819
-1716472 9383894
4983575 -5965423
768162 2723400
6484843 -4576034
9483844 -9041336
993286 3487286
-9908886 8353460
6339502 -1401538
2756158 9987255
5579961 3172360
1287447 -8772964
-3318359 -292945
962737 5849731
-4164067 -4800138
-1797967 -3752254
-4368360 2577981
6612558 6485561
-791038 -9384784
8555534 -2619280
-9144264 -4306195
1697444 8039379
6392839 1849022
2963837 -5695090
-5707835 -4751307
8421054 -4280005
9463383 2388478
-7904467 -7775147
590936 8661376
-6138761 3058271
9306017 6426869
-8478798 2063272
-8934814 7454009
8069225 650113
547185 274148
-1515695 -858888
9696843 1402922
5768296 -9818251
-5513340 -1393966
3854728 -8751515
9484833 -8704823
3683656 -5207866
9533339 8948216
7609593 5779189
-8646188 124276
9067497 -8529168
-3949544 -9340171
630191 -9411300
-6244835 -2884358
-93858 -8784232
356880 4302350
-4294728 8390448
1088549 -7429925
1176110 3989921
-2245242 -1908439
-613261 7547190
4855676 -2760409
-3812192 5586747
-6117712 4389015
-5486709 -6202599
7784585 -4763899
8412282 6097141
6685841 6351393
-6532964 -957527
258242 2957358
-2740292 3373178
-5720022 3131474
5701550 -4518667
9471254 -2115120
5976441 9394012
6941202 -2773988
-3018044 7879532
3466279 -5686770
8702245 3169764
-516483 -135080
-2382627 5731889
1829030 9784454
6135847 -3970345
-2411519 -8968777
3988581 9602883
-4507586 363075
-6505451 -8751711
-3270378 -7711256
173624 1712451
1106463 8717228
8459593 -3849934
-5970402 -9435983
-5122753 -4558451
1127665 12230
9877150 6095845
1827734 -9388818
-9604364 -2505477
-3959470 -6343236
-5312013 6531483
-1349281 -3854637
6508438 8676568
9924857 -3340515
-8535419 2519340
-5768209 9170832
7888060 1638206
304624 -2145393
-9065024 6347653
4305554 -3149426
-620844 8328576
4424421 -4566781
-3955599 -8227342
-732819 -3747845
-7574729 8956389
-1995775 -2175936
3969427 -2886742
-4210174 -828704
5830781 -7005782
5513558 8231035
7401867 7295362
-8550080 2261701
-9883692 5289928
-5846067 -5729104
1121471 3567637
1896213 8459488
-6107293 -9499373
-7726714 8836986
-4910859 -7546539
3926202 -5943181
-5602765 -9969236
-2855978 -8069573
1101723 8366663
3877233 -4549800
-6318765 9448856
-739429 -609209
-8347508 3599455
-8594265 -6773157
-2502260 4285153
-2147210 8076020
6535508 1135563
1636190 2265355
1102341 2944568
-2085619 -3574172
-7001000 -1292166
-1261402 -8159417
-6228989 -2603765
8279250 5882620
3849172 -2610914
9354295 2156483
-8452726 7530407
-6353786 -1385134
1841709 5716119
1272 -4948051
-6872030 9339449
475012 7854062
119417 2179830
-4875602 4627555
3569735 3738110
-7554056 -4444869
-2604285 6568735
6481323 1184542
9583514 -6316922
1072164 4760573
9433409 3432686
-6520555 426459
1557677 3497035
-786846 -2874340
-5306039 -6600613
5255188 9214426
-415160 -9661717
2518114 8246553
-4609540 9704257
3442367 158864
5713996 8960195
-1954717 -1595337
9589205 5626063
9309141 -5473394
1803531 1689071
-4878243 381305
3324117 1236940
-5266024 -8882445
-1756785 -5118206
-9202467 3947130
-4322091 -4546472
-4208188 -1430926
9331979 5262749
-2516641 826278
3501494 -5277561
6198986 3442078
-8153258 -784510
-5158447 6760621
3803579 3952299
8157723 6667046
-2951648 -4392889
-639597 5795832
6913387 2888821
286967 4094379
-9442138 7672954
-6873517 -6399147
2169927 8752123
4014872 -8565353
2260925 -5981742
-8742951 4014583
9973014 -4237581
-2505738 -27613
-3266991 -8180244
-1711593 -5147833
-8480786 -9463412
-3856301 8962482
4758315 -8916082
-3510909 -1979545
-7885166 1671702
-655343 6776058
-9623089 5189048
3941171 2471140
-3577861 -4936810
-8402200 -9527604
4486979 8683064
6961835 -7145151
2827237 4459993
-1203899 -5543903
-8175383 9560246
2613186 -399139
-1436657 -6656169
-5572251 1273238
9293693 -6678342
4993361 916840
-9790750 -8591473
-886072 6854370
-8158138 3102514
682056 -6944901
-6472505 -1735999
-3052935 2279857
5134706 8014475
-5009180 -6091100
-9118650 -2038057
-9961459 3786922
5904135 -7294033
8566150 2651728
-6075034 -5532522
-9694511 -7006101
-3572909 -6781341
7143538 5298850
-5330428 -3363659
2255207 -3742534
-687434 -3488566
4775435 -7062736
5217121 -4643587
5887240 -8277500
8147752 351827
830123 -9121939
-2818665 1545454
4251421 868664
-6479608 -6914530
-9930700 2817571
-1672178 -2554642
-6819631 -9625211
-1810009 -2728735
-3576041 -9676092
-3418626 2859563
9370997 8679166
-8383570 -1589708
3766706 4146432
-1614716 -650097
2218083 -346054
-6951641 9049389
594843 -6951794
3916870 -7253954
8347868 7362617
-7303460 -46385
-84675 8417169
1308310 -6459285
811980 3095695
3419603 2014654
7390569 -247709
-1568542 2517329
-9072378 6761567
-6575649 -7435760
-5569504 4694328
6864626 -5674012
5891729 6648579
9696785 2429338
5175384 -3513428
6365541 -3869993
-1400026 3523253
-5543226 1578434
5119149 8515300
-5872653 -1718564
-9703910 8447481
-1800227 63302
-7419369 7686660
-3035421 -852417
1711823 -6491747
718933 -7094718
9747622 -1341329
-4692750 -9900088
2529250 5639351
4642276 7520387
6166747 -9779014
3744239 -6475831
5102603 -5233279
5798373 717365
8998802 -7261896
3701938 2442072
-7494626 1811244
-502096 -8098289
-6434354 -4913994
-8889389 -1021165
-5599530 -2206179
6452493 -5654103
6962161 -5851908
2303796 -8240257
9280131 -508589
-7771251 -3053928
470241 5446878
2729951 -1510659
9206706 8089197
-9172699 -8955323
3486749 721860
-7466895 4529239
-1052698 5992124
3594482 -5452639
3526197 2512948
-9693230 4705093
1567342 443019
4591111 6759263
1035358 -1470497
537266 -3105093
-3642669 315489
8278719 2766016
-8744643 -656075
-2566878 -6474977
-5430300 2978415
-6299724 -9223225
5306015 8056449
-3435075 8749733
-6702906 6769669
-8201030 -9840593
-2619147 -660357
9782662 -7894260
1381355 8948195
-2522301 -3109874
-3698615 -7583287
-4751445 531317
-6702667 2658717
4518994 6043626
9568649 7069042
47458 -8047884
-7271109 6654701
-2772497 -3735914
-4986181 551258
9837280 3792428
3951836 -9172735
166909 -8363750
6258342 -8667311
-9719116 -7534077
-8127599 -2360303
-7427238 -9725065
806253 -1826213
3348856 -9662331
-1102352 -3380062
-6311019 -2132150
-7663682 -1533703
7637351 -3747209
2516877 -4934791
-1867180 -5135146
8657282 47048
874313 -2029900
-393650 -4874530
-3541841 3557574
-1460150 8381044
-3979259 9255396
2046683 412251
1102390 -8890145
-8552475 5369288
-8010773 -5548754
-5164552 345173
1327822 8194560
-5552649 -2828234
2236976 -8518475
-3653621 -519420
9527628 2886148
-9143752 7520014
-7354516 -7081707
6475868 -7021050
-8640006 -8380004
3391744 -4984282
-2055679 9897087
-8993058 -4561573
-9192284 9046712
-6502042 4970819
7832344 -7203057
-9008497 -1666593
5505173 -8323481
-6841956 7955206
-2564214 -9741499
3144649 -7979224
2057142 9479766
-7601941 -3482751
-7987449 4702626
-1161026 8873927
6405997 -6627455
5785984 -7769282
-9814502 -5649681
-6602969 -690721
-5719902 3509566
-1177139 9411341
-9738900 4628795
6305314 -7669284
-9714078 5766274
-1458873 1979710
-3483162 -2278292
9717826 4202129
3235730 8573980
-4207041 -7884115
3506165 5248282
1137179 4631933
-620996 -87838
-3221167 -3076836
6232443 -7919146
5590420 175864
-7896442 3028893
-2342312 -5586719
-3256003 -7635342
647284 6479354
-9024583 -2970081
-2732021 9188412
-4093107 -2507745
-3933764 -3014195
-8381958 9142623
4390905 1859195
9007480 5124207
7552722 -4471915
2451249 -9097164
-7016310 -5668445
-2976228 -8799956
4228937 8574110
-7012609 -872670
1491988 4402978
882332 -268612
-722341 -7860727
3844037 -5625899
1866357 -938010
-1435853 9750930
8893553 448945
4824492 182190
-4693603 -4199189
1328896 3831972
4734809 -7140881
9707027 6296497
7496541 7718499
-1191038 -3269201
5858129 1725478
-3871544 1796353
4044094 9866469
4522094 -472859
3901242 5838105
-5099904 -9117517
-9366587 -4232401
-1267104 3464243
6162785 2043319
7844130 -6442612
-94287 -8530817
6844654 -826974
-4530477 7156874
-2608275 6551681
5798832 5482416
-2792106 6200687
-9486607 -5826687
6556135 -4147297
5379844 4557487
395592 1078229
1960713 -718914
-2434962 -2187960
3792636 -4889522
-329851 6297934
2371675 -44579
-6059044 -2485721
-796343 -7722612
1950614 3301963
-7630004 -2810468
-7328052 9342339
5543027 8168829
4858494 -7603805
-1751102 6056420
-6869741 1414629
-7507141 -6371258
2909828 -3957797
-3629404 -3030076
-5403246 2991218
-8194495 -9836768
-7364995 4266904
4297535 4177180
-1029080 -3424038
2394277 -6498807
-6792923 -9078466
-9736127 4764273
-4550546 8395378
-9208427 -1676748
6896024 -9692051
1722578 -959529
2669213 -9973717
8584839 -3268211
-3781935 8095393
-6397036 -5044565
-4881333 814820
7598076 -4591531
2102001 -2246328
-3154014 1895611
-2086844 -8927079
4510807 9240263
4004537 -6363414
-7968036 -2708968
5614285 1970343
2278292 -7176463
-5619640 2510309
-4947055 -5999129
732660 7049573
-2338682 -6362216
-8890429 6950726
-9718102 -6219366
-810897 -3771762
-3501738 7879974
-7708063 3807456
-2603271 -4139399
-4899136 205094
3841680 -8092464
-8285079 1621753
-6407903 5873644
1213533 7329206
-7644133 5870389
2387612 5593893
-4840182 9925164
-6437052 -6879727
2587351 -4662512
-881877 7188871
-6582891 2869249
-6734425 823578
-5368965 -7568276
-1707675 -4442488
-1721042 -5455884
8968005 -4090459
7531295 -7879362
510634 -9317074
8012132 3639744
-7973515 4240519
-165588 2884351
2809516 4414098
50723 -2489418
2848071 -1111184
-3922312 -7361926
-1976325 -8033806
-4693876 -505203
-5557127 -6194398
-636886 -7546489
-3002372 -4748450
1161092 7642073
2279063 -4034367
-3351441 -8791261
-2635165 -7210302
-453431 7177043
61394 -608680
-6194582 9380982
-3108436 -7129090
1759727 -3627507
-8473081 2255987
-3261467 7837415
9848564 -449406
3356196 2044658
-2985479 6807790
-7940660 5235663
2877736 4012149
2494134 -4263216
9461875 -4843201
-9537151 1659045
-1163912 -3173290
-1265617 9419
-8093247 8897483
4284745 -4943847
