765 -7324077 -9263527
901
810856 -8590469
-9200734 -9176281
8380627 -5940142
-3621489 -3932560
4894934 -5305391
3587931 1456793
-4848774 1702069
-2372125 -5220081
-2989611 -8883843
-1529458 8300519
9833523 -2666353
-3860162 7109403
-4963341 -4999578
-5468485 -3266210
-8073935 8178559
2104442 -4732012
8608059 2736921
-686869 -4579940
-5996148 6988686
4199648 5691643
-2851564 8898787
-6882792 -2212421
2567499 -5183985
8448524 745083
-954397 9577888
-3088464 -3080934
6544821 -8604522
8912253 3051374
2301516 -8418520
2276391 -6556232
-8771892 4227581
9480854 6897185
-7682755 9836167
-658795 -1206014
7001981 -3678902
-4780115 -6459147
1328433 -5849583
-8517216 -1662907
1598528 6412284
5990172 9931308
9366726 3160483
4555962 5418060
-9014213 5911547
7493027 3468215
-571665 -4196345
2547589 -7714230
9182955 656443
-6991038 2028443
3338781 -8499799
-2178701 2350167
5891021 340762
-2992468 -4442464
-3589019 9735806
6148090 -8993332
-9062023 8009509
-6313655 2138262
-9927325 -9695297
-1267397 8242307
-5773126 -8941538
-3137883 8741982
-8972247 -3828439
6828004 9409706
-6045498 2727060
4227261 9836966
-5296515 -190365
2666750 4564912
-9877552 -9405494
-9669688 9674282
3197302 9049781
-424357 6478402
-8866983 4135279
-3043665 3261988
-5979353 3722044
4780506 -1794710
-3052728 -1752479
4419082 4158975
-3914966 -9508623
3218438 -6236562
6116756 -7444112
2365523 9962051
4526964 -9179759
3931100 -4967727
7222907 -2834236
-3784454 -3222236
-6743833 420210
7071841 5791189
-8430471 6905536
627580 6544528
-5250182 -4409824
-3645951 7924438
2083413 1697091
2188468 3289483
7052921 684799
3240687 7923258
7885310 -4313971
9022622 -4393789
-6845164 -5071374
2094390 2953722
9731487 2894096
-6685694 826288
9133829 5504006
-5074106 2902499
-552972 -9296642
8809886 -1930174
-4005736 4196846
8410289 -4836065
8453418 594029
-8721171 -6884890
-8961632 -1977309
-3774928 4519516
2642079 1440030
6368656 -4752305
717769 5796916
-1308988 -9020601
1805687 -7034392
8469614 -5478330
7424169 -6544131
-5840773 5911860
-6018314 9387549
-3899252 5485466
-9350599 -7507698
3086332 -5488963
-2373853 1619172
2158215 4365161
-8598971 -8819132
2620898 899640
6147335 4043109
-7643623 -8494093
-7514694 9381456
-7652935 -6436259
-9398237 -3192655
263214 3333031
-755108 542284
-70166 -3061206
-7575740 3226578
5718881 6030582
-9458381 5590013
9725537 -8678435
-1796922 -9315881
-8135013 -5599895
5299745 -395893
6163568 4485885
5991792 -6036568
-6655112 1036297
4600038 993450
7800796 -4308047
9024985 5201801
8260438 -1935990
-2480844 -1730123
4012807 -1809728
6737206 -56584
8049782 -7751960
-6430395 7278825
479296 291671
4691776 -5710965
3893143 2344283
-3169831 -8479
3954953 -7426937
3609361 5338313
-3668236 7299842
5508147 -9274249
-1556095 -5867440
-5287078 4533132
-7196991 -3295657
-2589033 2232079
4691847 -667831
1580209 -5851827
-8573002 -4742019
5549653 -2333833
1955202 1906295
6766930 241429
2749303 8364697
3454113 6113451
1451765 9220608
6520450 9579826
2821929 299881
4432441 -5455050
9078082 -8734166
-9513471 1661715
6410146 4397444
-6270387 -2102504
2045669 1101994
-1123673 -2173826
-1991307 -4010980
411667 -5574020
-2816238 2480248
-6638703 -2821403
-6707951 2449417
1670025 6815410
-1088412 4743814
-4956305 -9293172
-4748222 -8266482
-7000648 1992488
6170555 -5670140
1243656 6002234
-6100270 2580702
6199048 4973269
5315796 5945400
4450772 -4924625
-7982292 5840841
-1678911 -5137561
2041036 -8282178
4167239 1682387
-8985851 -2150563
5109603 -4162736
9060444 -74262
-5824392 2669650
-5337862 -5687778
-8841565 9691312
5693546 3349046
-4070252 2402091
9891713 9593277
-1944971 -7871204
9720523 -2276139
-6435298 -7494199
-2631760 -8261769
-6543947 1885792
6084531 1925628
9775066 139644
5976909 -384968
2057122 4884669
-2445680 -2446295
1865928 6232730
5924043 -5267190
8081856 3024363
7942806 1617589
-6272782 6527956
1173104 7834519
-4441620 1782247
4288048 893628
-4851789 -8360565
-3958421 4172640
8614621 -1395735
1260261 -7873890
-5742506 8389687
-4209292 9753522
-2692772 -1169031
-4936301 -4138620
594191 9173156
-5286129 3504094
7638036 -8807601
236708 -7343323
3007549 -8634746
-4336146 -8590188
2303440 1082281
2721716 2468254
-3359105 7451652
8572269 8763295
3405757 -4744484
6161555 -167470
-413947 7663252
-3505779 -8047737
-9670004 -590367
-1417211 -5925728
94719 -6559461
-5367062 -4186988
-1530311 -2267245
-8385639 -2614002
-1204189 3993590
-4924128 -2721785
2262822 3615603
-6416393 7797588
6560884 8903717
6675585 4672228
-5495241 -33359
-9853755 -4646508
9822107 -3392836
-1466851 9156818
-6768909 -9847897
-6407358 7115938
-7071050 -4157838
-3908731 -9258067
-1872069 -6085009
424934 -2294370
-2499802 6923742
-6944302 5500806
3298394 9763020
1183089 -3360695
-8688466 -7624370
2342272 -9624974
-4271482 8332645
7456161 2488517
1645336 -4449375
8219081 -4010690
5621600 -2607221
-4248707 -8188277
-7446344 1066902
4981893 1842562
9548192 681588
-9878318 -4593173
3423985 9564742
1844114 -6822620
-183314 -3277620
-901990 -6972797
5918581 1128220
-8022783 3956634
8961504 4163451
9714077 9433378
7939040 606840
515971 7933158
2261233 3560640
-5372458 6267264
-1890174 4814890
-4503522 2125787
48967 -9825630
2255465 8134512
-8688107 -6527048
195332 -5900421
9643135 -6355069
-2710497 1809695
-4233671 5561716
-7758480 -733280
-8783550 -5272167
-2148975 -8044403
2405107 9155490
2716130 883348
9666964 -5333660
1997582 7343672
-530541 -2223210
-9532487 10412
-1855075 9518426
-7008621 2722978
-661091 -543182
-4381899 -4296937
29110 -1017956
7060113 2907604
-7825676 -1688208
-4444023 9301633
3773582 -6609226
-7453736 -4076645
6806703 8695041
5877733 -2221254
-4877582 6473668
6766810 -9608332
402080 -2891771
9143008 -249325
-7526347 8547005
-9479825 4650739
2870154 -5671085
-4172689 -3861724
1562232 -7100735
-6272591 5403776
-2778239 3736556
-356318 -716614
5206741 -9004657
2206736 -5293702
2485044 -5470203
-8996535 -9399178
-9007510 123814
-251604 286627
-9962697 -6089078
-7542072 -1108596
-6457857 5027308
9356223 5494455
4149084 6412297
1827914 -4816465
-9412689 -4288684
1964225 5555323
7355062 -9674575
3837120 4124259
1346910 2561803
7091600 -3956143
9161031 6348306
-3527879 611417
-9101955 -9846479
-5935557 -1263131
7628273 -9064652
5962656 9038723
-2950469 3686768
-7384583 -2164768
-4464881 3714967
9426283 4443332
-7484993 -3877570
-3552145 -6093140
547472 9870069
-5051775 2801328
8845185 -8105618
8242688 -7960175
-4832405 522568
676089 7231161
-4031970 -3934360
9517340 -2743116
8811960 -6403697
-200577 -2003652
5831580 -4138509
9576458 2414841
9374525 -8633301
-9994518 1519093
-2057694 -8110468
4275954 8969689
1771017 8489778
-9615840 9224179
3780356 -6867446
3655122 1143200
-1625638 8947951
7529943 6847563
-5895552 4342392
455048 7047283
-4956368 5432760
-8705749 -9745529
-4814336 3391564
4758264 3387061
7422506 -5439811
8966074 -2719902
-3750213 -4635188
6370942 -4241620
-5017441 537157
3669711 -728546
-9585345 1279267
227219 -2675166
6688749 -1210983
5647761 -2242838
-5195554 -9206803
-1257691 -3897191
8873633 -7635570
5755994 36560
5939973 6575649
3652191 -6969390
-7172940 -4121168
-6240004 -4865383
892997 -923152
2130357 -9869061
-8081255 -1608092
9671175 -4199932
-4358746 -7666600
1122417 -101606
171909 -7669996
5639553 9286531
-4610660 -2507293
-142863 -5618137
-3065225 6779325
3354975 8129483
3676446 5391101
-8730067 -2992834
-5341865 6503506
8096706 -4970071
7677220 5551132
-6056960 227063
-1456516 9595966
4445718 6130567
-3971038 -3298910
-968906 8084488
7371019 -1282777
6209930 7187000
-8431137 5276711
2056037 8583419
-770746 -8980010
6411091 7927364
7450882 5422052
1925559 7681024
5227306 -7890983
176501 -7461383
-4717967 -4579122
7533196 4119541
250108 -3658131
3042959 1978915
63403 -1204578
7512645 -7925946
9261054 -2565578
-7288867 -3761073
-5177654 3346269
4366259 -2716478
7727238 4051601
-526347 777351
-9025273 5178120
-196511 3915564
-1029466 -1281615
-3344384 9979990
-3384117 -3231081
3110788 -5811188
6167727 -617656
8177766 -3846253
-9255847 8747482
8698256 -1793236
-3037957 2521559
-4132172 3925742
-8790736 1784390
8352343 2750440
6044143 1452855
-3369025 -9657652
-3225735 7018870
8253608 -1049183
-1069193 5744799
5030070 -5090776
-901964 -1936957
7445387 -1859142
4294605 7782116
-954050 -1860495
-1137379 -2444889
-9923330 -2255793
4186301 5824665
-2390945 8460851
1211291 -2088083
9364772 8477750
8820098 9771786
6790656 8512100
-2537083 -4405637
3855514 -2439384
2469840 -1089924
6973119 -1114416
-457206 4084229
-5617303 4418506
-7441988 6353752
-6091137 -4055001
-3794442 1420633
9761650 -6014467
4962736 -9608141
-1696223 -2629295
8364807 8690379
8462165 -2331451
-3819351 7184906
5295621 -2230826
5329790 -3840082
5069995 -8332512
-6930576 -9684017
-3083436 2043114
-3538379 2612219
-1034029 1299261
-239388 -8464015
-4527030 -4608814
-8106929 5966171
6358030 -4765379
-4878322 6855808
5546187 7178159
-5153291 -6513514
3187744 4008353
-8222473 -6456290
-296371 -1516635
-7332795 -376331
-60348 -5226376
-666910 -4263370
865201 6856216
-9328171 -1688937
-152952 2347524
7738710 -7051206
8914965 -2163629
3070992 2148133
-996059 -2210653
-5032493 8192670
4195508 7066481
-6408814 -7669432
-4125722 -2616748
5866618 7885065
-2491266 -1905741
-4615765 8533823
6786805 -35261
9337307 4717326
-6971611 -9831642
2515882 -9990863
-7042069 -4608210
3228161 -7229056
4919078 4389248
-7821405 8815505
-475473 6439371
3505852 9662454
-8006978 -6279964
1103288 7097038
-2501545 -9616347
-1522088 9486258
536434 5007190
-5028071 -3621500
-8904174 -2676761
-2508402 -5690764
6834725 6640567
4548709 2523832
5294777 2309008
9214608 -2223130
9108727 -7269793
9169578 -8606796
-8944342 -1366745
2353291 -4808217
-7711179 5565033
5948686 -6543421
-7057162 -212723
7310819 6942950
5837802 3479272
3318863 4799100
1624688 6933628
-3909452 3326813
-4149354 -9024234
-4198874 3155609
3448832 3661775
-1091666 -4984265
-3591061 2557559
-8809186 -1922088
3269695 9980949
-1937666 -3939543
-482963 -1925131
378498 6527372
3470323 -5023773
971851 -9794331
5004769 -691875
8758106 6807066
133880 9145809
-9878425 7365006
520615 -1499122
4679005 -4077298
938437 -6030553
-956641 -6412661
1665251 -136272
-7638971 234173
6294631 7451299
8042520 423364
-3049264 8328020
5820599 -9062630
-8856961 2937411
4761889 9308802
6115868 -1335840
-2190031 -3963653
5917705 8766100
-2733022 -2068455
-3629401 8954672
5440472 4462335
8049674 7309036
9689116 -5516169
4718004 -7768722
2198929 -7949855
-5010139 -6471013
4373359 241449
1178819 -5543050
7394361 193958
-7980888 2321858
-9013982 -5327398
-6774699 8134981
6901081 -8687661
-756116 9143006
614031 6684412
1146747 5614483
-4560129 -3945497
538334 -8287226
-6055948 -4871013
9695485 7772690
3818030 6142981
-3615570 -5314654
-857704 -1808611
901700 79601
4917811 9053010
6241964 2920812
-6427855 -1579819
-267480 9467266
1126624 -9526773
-326009 1492757
9623592 -8259345
-2204842 -9179262
-7466488 -4936536
-7291197 8333492
-1377465 8993916
5136897 -7595712
-2910365 -7559435
631954 4037679
-5882720 -1251717
-2198707 4050006
9487171 1551443
9971624 -5956742
6026876 -6940684
6048895 -295855
-8803098 -2846500
-8589492 -4277114
9059977 -9179506
8400310 -794334
-9944489 4109841
3103758 -8890886
6029754 -1321954
1118611 -9242993
4794687 5635741
-5615975 4266917
-1683076 1428319
-7020237 -5298330
-8738720 -9679553
-6620237 -7048613
-4828116 7288156
6958009 9428659
7667897 -3631214
9705633 8368517
-2425817 6727874
-6645932 8105943
9215057 -2370306
6307740 6457826
7214833 -2238836
-6603095 9942703
4209621 -5474128
-1529456 -9702718
-5001047 5042897
5363344 -6033341
9434398 -3739767
6064742 1259459
688118 -5393717
-6508579 3022751
1391268 -9127632
116594 -6802946
-8697002 8965451
9111498 3470662
-71512 3034407
-9204429 -2064410
-2121706 9659674
6701898 6708829
7006111 4604267
-7836484 7688794
-8344547 -7994936
-9218350 7526860
-1213681 3606204
728839 6846392
-130857 1990790
2863158 4220260
-66333 3776763
-4741434 -7020248
6450415 1236665
6787424 -5629936
-5177993 8895255
1071281 99348
9324529 -4783347
9820920 -2226820
7978326 6330640
852057 4500788
2027648 9633780
-4243664 1633707
-9003549 3330319
-4678891 6485175
705435 -6618054
7158709 700619
-3803276 -9360898
-5607881 -7582725
9303692 5163491
4058746 3695896
6311596 6642051
-8141296 7646380
7935912 5636125
1966765 4195976
-1303236 5914238
-1935630 -7181178
-3031119 3240764
-3428917 3820706
305881 -9518316
6379982 1892193
5109164 3527669
4166771 3538691
-1527681 -8694112
6469379 1075243
-5228861 -9707637
6934414 -6955522
3207210 -8917265
6718860 1309470
-4494554 1143122
-2942640 -8798023
6537152 -3281438
9959326 5121731
-8541211 6022385
6504070 -3469591
938954 1764671
-4707660 2884052
8939096 -3951881
9870359 1975463
-6949294 9927767
2736482 6339739
1900569 -9661803
3937284 -329104
3496718 -4892221
-1232747 -6827504
-5625526 9002164
8237078 5824613
-6537304 -9088374
6934011 8196404
7243165 -5078514
-797491 -4045567
8838486 -1817880
-3253409 4494849
-3529688 293934
221701 -3383050
5473041 -7962629
4891920 5474535
7661783 9889962
7514093 -1170795
2001701 1158501
-7322983 -3718654
4622312 6376175
-195847 -9085905
1626851 601360
5522846 9254517
-4791050 -1129984
7052136 7241707
1736556 6563788
-3142278 -6201273
415678 723221
-4723056 -404225
-4929690 8405071
8295034 -9831136
-1001931 -7267907
-3593054 5809127
-7909526 3516123
-7591350 -916037
-1942 6712786
9830498 2212804
1467321 -8375091
-6988722 5353345
-4888596 -807377
-4243588 -9936586
6378494 6847961
-9912466 -4869514
-2757386 9310524
7715595 -4635522
8049694 2312924
-2438630 6010629
-5663891 9564116
3080239 3968316
5568632 -3573417
5655721 5488889
-9781955 8083042
2224304 5486219
-6644084 -5798282
3394342 5235582
5298996 -1532679
7831634 9150754
-5718760 -5806158
-6495634 435520
-1683650 -5959794
6353131 3736314
-7736705 -3633956
8446512 6430853
-7084479 -3400596
-4457661 -5956897
9531993 1000505
-916452 3714412
-8283016 2266390
6468109 -8692148
6543434 7589252
8572925 -137549
-8470443 -5641218
-1447375 6404559
9356431 8327149
-7632644 2056991
8309657 -2327219
-3444822 1236839
-9815956 -9427047
-2827643 7518042
-8438854 5615917
-3383577 2714697
8945461 3609491
-4124119 5699971
7007823 -9337555
8251698 4860342
7239145 3551257
7910039 6824623
-4254465 8768702
-387796 -3537336
1036008 -4898034
-4708900 -5504088
5732751 -654335
-7565030 1846278
-635680 -1566853
-5950936 -392672
4838377 925466
7051309 665487
-3634542 3783838
-3037364 -7072809
7787533 5889633
-8042758 -4785666
-7961043 5026679
-3688267 9867282
8846298 -2215508
-4597189 -1559711
2936201 -7601342
-5739324 693911
5056541 -8814696
-381549 -3304354
-1180674 6937213
-9620968 3667516
6849355 -6342297
-42106 7430341
-9642468 5731166
1620799 6920530
-7865136 661418
8204449 3578042
-4038324 6690173
6991018 7032534
-4527176 -5192026
9722985 4910181
-4395908 8409025
9594330 -6016339
679307 3176985
114198 -787219
5396649 9498634
5672689 -6990418
-9560076 2246005
-9506477 8146935
5067465 3313808
6491578 2114322
8208716 -281319
8925207 4696027
1728562 -5829608
-8505281 5916225
826406 7201386
-1873237 -8782296
7717717 -1053150
-7876165 -2278907
-549773 -9086624
2928362 -5245615
-2236032 7363228
-7874415 -1398948
-3252013 -9279756
4034052 -7380892
4733431 4331805
