303 -7387184 -2345809
719
-9791139 6179897
7818747 -7211866
-3703011 6259841
1445909 1928922
-9953467 -170115
3296433 5658125
7209515 2801177
-1841950 3305519
-1994026 -9512013
-740250 -9343954
7660558 9528314
3970010 -5320299
-5272922 -6740659
4566113 -82
2612734 -6644852
9535046 -7779696
7524790 -4662053
4114140 7353793
-717285 6338132
-3831983 -4439950
-8781825 -670752
4646777 1980803
-4713678 8427691
1432030 -7195173
5977225 3292296
2820610 -9308219
-4628518 -3845865
-586523 -3209380
-693110 -7385088
-4029939 -6020410
8716246 4435977
2290276 -4494893
-7141100 -1242612
-4904480 -3595583
1964467 -5342033
3987215 -6220110
5760693 3182642
-5873315 -1366008
-6044829 3563367
9372015 5558716
-1233151 9932396
-3913468 -5291023
-5984051 -3345317
-730404 -1983639
1995951 3322840
-2241183 5239657
3261116 712197
1985937 -9950907
-3546490 6120016
-9222017 -402190
3377700 934329
-5883028 -2718450
-1568106 -8345255
-2265536 -9239991
-1164923 -5096583
7352165 -2893521
1815456 7601926
-5743390 5955049
-6028590 -1652243
-8329403 -3957442
-8717785 -1516287
1712262 -8054234
-8005140 -2940317
-6820301 -6301800
3296010 -9035278
1899052 6474034
6271936 9190062
-9155193 -1467624
-8191263 7220182
4639951 -8904377
-1797898 643815
-9237907 1992116
-2052834 2533910
-9118333 -4981297
-6422387 -5565072
2918642 5068617
7014383 -5140172
-5564137 -5369096
-1670896 1525595
2490318 -2384438
6605948 4141466
3331528 6905722
-4561902 -4605764
5130770 -3307313
-2211690 -2753165
407002 -229279
4279190 -1493236
-8959326 1169096
6187799 -7773644
9177636 4438694
-492689 2281765
-342055 2096278
6727183 9038046
563642 4093809
-8290629 7572639
1714106 -6946040
9959682 831672
-1257740 -4954366
1738322 7914132
7677319 6389383
-3839896 2042984
-9450251 -1915678
9253418 -9560706
5182002 -8409577
-1454531 -2042431
-9760666 4359639
8972269 569132
-392821 -102720
-6008911 5699452
-4211556 -9829179
5741133 8216812
-8435164 7502550
5064536 -1782833
-3868701 -7176551
9212832 9319210
1362195 6324970
-5590708 -4627064
8328583 1911944
-3981281 -6337290
-5863368 -3973063
-9613424 4564189
-4866679 -5624034
-3210402 9358846
-2425350 4740500
-2572327 780687
-8486148 3363094
-6618004 -6831194
-6097675 -6921312
-4097863 962885
282095 -7450024
8874947 7631321
5520610 -8355710
3556234 -6715761
9463302 3849193
2392482 9574954
-3344505 6116286
3008604 2779059
-5345743 1788816
9045669 9798203
-6904758 -5254741
624706 -3526658
-7841499 -5390906
-9795865 -3476946
7485939 -3939174
-1389197 8622624
6253946 -2231965
-8071323 -9997898
5802693 1774556
8140101 5484912
-2423782 -2217653
-6101367 532583
5827994 4231713
-3979471 6907238
-778207 2998603
260215 7582550
-5944107 2317035
-557518 -9115079
9924327 8730746
-5208428 -7837031
-9214407 7410267
7694654 -4081273
8437181 -444109
3846799 9623331
5108243 4239875
4538574 1986900
5035836 5200813
-567474 8437208
-2139202 863830
6378786 -2030592
-4448042 -401057
-8084022 -3360999
-2476078 -7875797
-9145051 -6125188
-3962219 -2551751
7374868 8162874
6597953 -3176625
-1104382 5069522
4692854 -2448513
4307714 -7257582
4729318 -7682551
7518263 -1153712
9799848 -234846
3145337 9467141
9952901 -9823002
-224059 -475877
6163124 8021212
-9854585 -5791728
-1916916 6203398
6167999 3516717
-5804057 4120866
3460593 -3940780
-8871258 3310248
-9138265 -7643789
-4901371 -1662052
-6828250 5169449
6532090 2344300
-7890546 3206365
2673506 6331938
6508937 -2228857
-188382 -4857240
-6836028 8801230
-6990498 -4025258
4694492 5825739
-8141192 1092587
-4786547 -6621156
-561936 8571103
1881352 1190398
3546609 -6916842
1421107 -4740561
2945241 8645239
-6494109 4592857
-2200778 -8006317
8325621 8131697
-4097159 2989080
648192 -2649090
-3847859 5714459
4205554 3812164
-7845744 -838357
2770582 -8583602
-5204758 6529416
5100520 500387
-8309215 -3250342
-167183 9498224
7274015 5237395
-3601014 -8746076
-1636867 219256
2212939 -95123
-1963426 -1321293
4184139 -6945087
-7077825 -3544233
4686579 -5167668
1160848 -8409332
-6731336 -1107867
-7175117 3315104
-155479 6039246
-3460366 -2379874
4369784 7461393
6959617 -1769581
5984166 -5797399
7972877 4233632
6969241 4899504
-5195619 8852362
-9952579 -8301468
-5246555 -4642692
-5670573 4231561
9063893 -9808027
-8217359 9016006
-9575509 -7258907
6056198 -4948695
3606904 -6750625
-6614147 8417071
5878464 -9853462
-9106691 7755637
4474591 2838081
9588065 6877476
1776980 -5036180
6332535 6557306
8255839 -902286
-3028626 6379956
-6872131 5525636
5717609 -6182847
5349512 4708114
7449208 7500251
5067908 5774003
1539730 -3978242
-5561171 -1325188
-1178650 4925583
-4802427 2833645
-4328274 -7768988
9108488 2188516
-331312 7776143
4333450 -6598180
-4984114 8517575
-2586116 2589289
-1885075 -5496388
-1679234 541753
-4750132 -6167465
3849138 -6329722
1960633 5215428
-8762814 -1082954
108211 -6499636
942299 8192367
1026012 1445913
3676925 6139872
-9155260 -785910
-3009767 -4698235
-1296414 -6970219
-8452644 -8676317
-3570676 -3764176
739437 -1038760
2019346 -2939398
893137 9060203
-7269519 -214434
-4999006 7258627
8692025 -2792534
707830 8754532
-536749 -1199764
-9753850 -8349870
306354 -9510737
-7780295 -3560573
1741193 -6332553
-3302772 -8273710
-6950026 2961131
9196955 -1755416
-277823 -8004350
-943748 -63608
-1003405 -8258477
1527089 2465741
-275632 -5756572
1450895 6528083
-2201033 -9067254
-7750666 4675077
-1158441 7262218
7751481 -7504516
-8548736 9147914
-7184639 2487538
4213828 3192457
-3846412 -7971059
273525 -219846
1775805 -4649457
-2196712 2512054
4253577 3348409
-4185849 -683765
3559664 -4219334
4825101 -1945129
-1012383 7526911
2201988 -7375932
9886286 1236952
-3751212 -8956452
2707814 154119
-7358343 -2299948
3408861 -1960473
68468 -628162
9151992 2078801
-54303 2858345
-4629600 -6555851
6792559 7748985
-2934780 9623977
-4595356 5123062
-6822067 3141236
-6815501 2746097
5370166 -5318097
5918855 5386488
-1053612 -2227196
7926924 4683995
4900400 4170554
-7789919 3084933
-7543229 -9174387
2904415 -5205099
7653246 4125116
7569265 -7149888
3115449 -6976354
5163976 -3121824
-7998762 2697021
-4161742 3084972
-4168931 -4820828
-138925 -977243
6925597 3717587
-8509608 8296282
-4503371 8388337
2558891 1933668
-4981399 2913381
3738995 4768972
2080225 9991725
4116841 -3356590
-7990126 -266528
-4726530 -5797542
1080635 -2358325
-9661304 -9562554
-3961230 3081873
777397 -3823046
-2283936 -5613808
8103779 3154824
-6032542 -5358339
-6970001 9594171
1527839 -535912
-7622531 -1894758
5390567 -937207
-8429130 6116464
5276226 -2529208
7204264 5687711
2406521 -197548
7444127 4994087
-2052115 -6512844
-914618 7782824
6476130 3986656
8372848 2379131
-4466044 -5807806
-8649792 -1007021
-1412849 -498586
8965502 6896559
-4998199 2631342
-8305865 3859324
-7507860 -9607632
-9620487 -6734995
1469068 7768367
-9912829 100129
-4905784 6391942
2395450 7531299
-2169525 3042102
9545110 -8519168
3859964 -5693395
-1501200 434310
9427289 1910272
-8588314 -7634640
9261919 -9469208
3162135 2893541
-3247135 6780072
-311207 -2627378
-6846020 -754995
9529724 68306
-9831565 -2860600
-6468658 9616896
-335453 7779004
-6662542 5926793
-76023 7495022
-8198373 -7117432
-4166770 6300293
-9273083 -7183221
-4817861 -4739481
-4208688 -7861396
5032145 6960410
3740483 1469799
1358773 4301362
-6453633 -6570724
-3986066 4512753
-8347846 5592444
-2274308 8698721
6477725 7699848
-3857007 -93409
-2598387 9815183
5214103 -1416677
7399968 -8280408
7052724 -8952667
8824205 8126886
-9734510 4751215
1711626 7131869
-8881980 -2186013
-7884651 7968461
3914089 2476793
-3010453 8178068
-3713136 9928023
8626744 -8841947
1374253 -3471092
6435499 -2379178
-2563995 33599
8616922 6353464
8073057 5166461
-1269854 6016890
-3339872 5125781
-7606652 -9929297
7202572 9441970
-2744043 4104974
-5410213 8320592
-6686262 -8112342
2582079 8503876
8431899 -7180363
6494042 8868943
7914204 -425004
7195818 -2131705
7901894 4349703
703168 7148175
-5169012 -964832
7568411 -8707423
-1065290 3561135
-3851810 -5771461
6186862 1328058
7949385 -6649237
4187707 -6557181
7846830 -7460828
-8956951 17797
2837434 -7054739
4330556 1991300
4082648 -668524
-283876 2244760
-3405536 -6205182
3459346 -9865630
-830461 -186016
1106561 8290334
-5632179 -3262050
-6517159 -9958729
1369329 516012
-3616873 9669703
5628875 -681286
-5625761 3087186
-6895016 -4007943
-1062682 -4582712
-75060 -1541230
7790247 -6732126
-1971013 -5992411
-2197593 -9977277
-9842907 4623451
6953787 -8738247
2068440 -673368
-1419066 -1939652
-9382029 6436261
9468625 -5419872
6766183 -5496348
-3661281 -4148248
1455291 2395058
903467 712958
-1353402 4560275
-6980955 9840785
5625012 8571538
5095479 3325644
3348367 -6346001
793802 5414239
-807656 3505461
5348445 -2252411
-1675711 -8739216
213398 6445732
3542212 -1057740
-4037736 -317977
-1949872 308395
5219806 2300983
-6986059 9505419
-3417954 -3876727
-4035941 1660539
-7251570 -398909
5443088 4105423
7759422 360261
-4225500 -1208545
4813268 -8930424
-8666483 -2516803
-1256019 -7321934
1640150 -7825842
1116418 1473731
3672107 -4817638
-1992891 7078682
-8103982 4238587
3744006 -6773085
-649811 -5090041
-913149 2842404
-7556505 -2169400
-8063977 -5648367
4711894 402935
1710743 2211797
-4202275 -9513605
-2030408 -3475989
-8281571 -2868758
-694600 -770075
3220009 3358579
1057293 2938170
-7466796 -3107884
-8869297 9064403
-7708682 -5570778
-660818 -2608939
-9766535 -5842141
1988459 942385
5294018 5193312
-4403752 -3559166
8652631 5912
-6991341 -176657
6347354 -5549644
-5902050 -6505397
-4759119 582136
6457067 3403350
-3658480 8460890
7869358 -2485639
9095116 -8608923
-4179701 1516413
8907474 3902786
8060646 -2324167
8618218 1657291
-3149397 -7434543
-993708 -3571412
6434501 -5036797
4786546 -9824725
-5374368 1959512
5454116 -6349747
4232389 -8760066
4643285 -9305003
1672239 -6794192
-6763479 3501157
4892234 -458403
3574362 -7668363
-1249224 3228886
-9095281 2481836
-5860873 9327774
-8106769 2039290
8467878 -6493918
-9014362 -6584125
-6408849 4902379
9378244 -1711464
1938789 -9266865
-8026931 4832360
-1956291 8687530
-8106661 6616354
-7366136 2232300
-8226103 7646212
9977850 7526098
754984 5348259
-9653553 -8755022
-9427248 -5823944
6215346 7001926
3024360 -7534017
-4118141 4683224
-7898044 4009998
-7701465 -8010638
-7277503 -8519800
-1171088 -3246324
-4558793 -5304434
3828273 -611027
-8378727 9850898
7497110 -1021511
-3495413 5911522
-6223867 -8688
-6247358 -224076
-3531668 -5877420
3640858 -5674606
-3208622 -7316322
-116746 9181570
3191569 -4810411
-2821049 1985210
-4018238 -1993544
-2723516 -7582200
9629718 -2672974
6715999 -4765957
7601293 3457991
-7563520 853624
-3234854 -2385244
122420 -8542580
-6250304 541279
-2819789 3875063
8200457 218028
-4581942 3337421
2518992 7508187
-7302224 5301312
9802875 8226913
8749721 -7606921
-5189121 8300989
-4371984 -3973795
1260249 6956950
414941 4860367
-4286008 -1138458
6476298 -4632226
9341546 2479138
5536770 -3401281
-9526218 -6908758
-4174378 -7283019
-1429245 1190591
-1301221 1243680
9061344 -8910253
9316660 -6087093
-3694013 8864219
7165209 8066381
-5907414 -6366782
-9409832 5309577
169944 -2130813
-752918 -6478538
-8594412 5883936
-9120573 -4276620
-5161549 -9252866
6354728 -1067451
-5834118 7828585
-980823 4696702
-4059618 2736637
3826384 234308
4147215 7518078
6382298 3143044
-6274223 2969554
-880875 -3936141
-8626564 -9665284
-1796097 -7774355
8263459 -5940268
2460021 7450985
5690718 9669047
2932533 -4144200
4788349 3045521
-6609541 -8196387
6500315 8954231
1690869 -5074012
5160296 4957049
2475128 -4482747
1176650 -8176137
4793418 -8626222
9953989 -2581221
-2246505 6428895
8654540 -8672575
7903509 -1526249
8441088 -565648
-8380249 -7120118
-1264318 -3351842
9693680 4552285
6355898 -6475969
4994615 -6915861
-1989873 -4627434
-9670385 -3314516
-5280911 5686775
7510638 -4678905
9211225 -1587909
5830871 -5179592
-8750697 9165214
3008991 6100718
7090821 2420196
-8145452 912501
3792383 5531910
-7819932 -6525701
542936 -7471934
8568449 -8126252
7474239 -3101165
-5212247 3563064
2764900 8000718
3687493 7633720
-7045184 7483990
8412433 -6285516
-1465108 -7833959
-8668744 4243304
-7139625 -215804
-7795608 4340247
7769100 9951196
-2000542 6575292
-9950409 -5922164
-3394098 179527
-5430373 592528
7715 7690703
-6229880 4560219
2560937 -2688180
-5054460 6535020
