224 -1229377 -8975246
357
-3103232 7049365
3138334 7979026
6308320 3041715
-5049107 7409368
5867868 -4745721
-5369175 -6190503
-8235864 2366515
5278191 1341802
3972377 -1130071
3304698 5679558
2321889 4241996
-165892 832251
-221532 -9977426
9987838 -2917199
5853424 4993177
2042542 3528944
1507970 5266545
-1691740 7697229
5106597 -9667357
-4413078 -4224494
-7898645 -6509182
-1626315 217747
4075902 -6134509
-4748228 6168228
1847786 -1951721
-7709725 1072823
-8094926 6686027
-775047 2124383
9207184 -5800105
9193072 -8270856
5258088 -2423040
-7156495 -6248034
-8550805 -3233941
-2901298 -6331882
-8040024 -927855
-4920685 -4798024
-2063924 -5938669
-9556826 3453000
-378772 -7988022
60257 8211299
-715878 3985366
-6812255 -5133116
-492381 1189196
-2094557 2412699
-3341805 -1285197
-1191885 9614867
-6633166 -8083717
-8801306 -5832027
-9647557 7332381
8920878 -1702604
-3984275 -7687581
8890102 -5999807
-30455 3951801
-1519869 9333276
60927 2107125
-3907509 8540388
-6592728 9345049
-6949402 -8203411
-3274360 2914891
4146046 956041
-6912739 3383835
5300118 5470513
9638486 -3545905
6302828 6498813
7312561 2507281
4819700 5223707
1740252 5844638
-7687209 -3773846
8075783 -8290202
-3666725 792922
-666690 -1863290
-2518240 -5057881
-3261292 -4743066
688177 532358
4004751 3464348
9364535 7350575
-4662559 7092012
6062459 4664653
-6320182 -5024073
-439 2365288
-9894653 3508732
-646630 -5180739
1045416 -5638049
8588101 1666162
-7540916 -878801
-225739 -5078623
-136504 -5691253
-7917967 7256021
-9695269 6602204
-7417096 -4713437
5153490 4309483
1401495 -8052561
-871556 -9509069
7983211 -2536045
2345595 -4675385
8833347 -2017228
2802033 -5032706
-8154403 -9296931
2369231 6363801
8001352 -9566301
-4644924 -2655332
-5830233 -2224386
7547987 5218572
-5662872 8768152
6571067 7852719
2162202 -3079968
-8616177 1724558
2215489 6080049
6060356 -6971381
-1646766 198700
8181472 -1594049
-4110403 -2813419
-2110349 -6500142
2380011 -2264805
-1831106 2775234
2636254 -7102284
673330 -3959678
3775246 -677627
-9393122 -1778683
-3925964 8112374
7548758 7177945
-1097497 752590
-3167360 1448933
4477552 3634345
6349397 -7107004
-6184700 -7169213
17368 4530870
547080 -295103
-43556 423371
5714958 5443443
8341159 641690
6682012 -1648788
189938 -8469159
-247841 457258
-8914016 796816
-2025239 -1657453
9095138 8634742
-7399973 -606383
-6972038 8444130
-8662874 7077580
9908367 9377359
-3575419 -4847574
-2626324 -7557913
2865459 -511987
-5068543 -153528
-9511837 -1419583
-552019 5788968
7319810 -313473
2660138 9637919
-7048913 9588321
-2069132 3746122
-5102783 925849
2835818 9542358
502840 -2502756
-5425176 -1619868
-9726157 1839967
-491255 -5516809
-3074721 9214777
-1297210 -601227
9245246 2307090
3403859 -3849401
-8060432 2249761
-8063712 -7148160
5006112 9259378
8847699 4596426
-9141099 7957199
-8600600 9294919
1353630 -4243882
3253362 -3248430
5131702 -8143530
-3787211 7828187
4827730 5405546
4620323 -1762113
7636660 4269361
9092803 5839465
-8009935 -601742
4164371 2496662
-2135145 6445985
-1778285 -1382988
5729790 -7129033
3344518 9585766
8880685 6588691
4861161 -2739729
4011841 -7249333
7123490 -1885476
8459063 -856456
7065442 -6663721
1574166 -4196855
-9927493 -5797883
-9958418 -8272821
-6358211 1681662
-5821675 4547999
-6489664 322513
8939525 -5440468
-2569501 1732051
1317817 4669315
-6225641 3291369
-9448360 -7285145
7981874 8635520
9266396 4563482
6223378 5105364
8441644 241811
6044957 -4194828
7289 -7467838
6775693 -1366184
-9684522 -7434777
-370425 2933835
-6743652 7010155
-8430313 3139911
7388315 4712225
-8102108 -8483462
4807908 -8777516
-6062661 -4327749
6824124 -2124100
-7560618 -8080786
-459070 -1393128
8848684 1179112
6984284 -9501074
5547441 4893641
-6472543 -3008427
-7926851 2323134
7773321 6359287
3369443 1702724
7358987 -8970331
5741894 -2544518
-1027979 -2736346
-1513861 7639787
5828390 6296281
-5827819 2423478
-3140956 -4831134
3775739 9127916
307028 -1083673
-584747 2624423
-2481936 -2708687
-3200762 -5037306
-197819 -6438127
9921160 -8611261
-4392185 -9908146
-8878476 -4193045
3262438 5483155
-7253191 -620230
9535909 -7765541
8530740 1232948
6172779 -2119348
3049518 5219273
4347189 5548175
-5535498 -3174743
1966032 -5345782
-5538117 -3603892
1358802 2000448
5562321 -6222527
7682565 3677335
3769190 -2000166
-3676859 -6709620
8773535 -2592934
-696812 9585579
4336390 -8479655
2753293 -8644550
-763898 -4616518
-9397244 -8557576
6990600 4801972
-8372770 -2533703
-5363133 -8544898
-2148790 -3890386
8110063 -901250
-4607424 1726365
7920052 -3811264
4188570 -6924859
8881873 -5794406
-5870988 -9488288
2613643 7655409
1692106 3432201
4787651 9466386
-5150132 6961751
8404176 6540105
1342077 7968976
-4564726 -2088872
-633770 -4514341
1595274 72141
1687244 -266207
3976510 -294663
5894073 -403828
2671313 -5587086
-1381491 -7401004
5627060 -5930462
4241299 2747521
8696074 -1759297
-9776559 -4066595
5411509 3483725
-7459818 -4926690
5558638 -3667963
4243165 3882260
1884271 -9006088
-6417594 6125747
8375892 -6520455
-4298766 -2213998
7382174 2352402
6765317 4111660
6710656 -7430161
-3360623 7900178
647699 2337716
3094771 -9119323
-3185918 -656226
5343851 3318213
907875 4741943
-8926020 400386
-5717354 -3533487
9976778 5317145
-6040755 -1316731
2162815 6075536
-6138462 -7664863
-2796108 380401
-5507939 -8756288
-6186449 6485561
4385739 -8797283
-3943215 452928
1333605 7549790
9409916 1667909
7502474 664040
-4594017 -2729880
7670506 -9073299
-2606786 8996316
-3170187 4469504
-6847227 9886344
5961880 789058
3124196 5315588
-4304010 9823418
3583482 2844440
-669999 -7295597
6423473 7397033
-9633686 -6284260
3781882 4996610
-3335481 -5783729
4880311 3191799
-9538081 6683345
7610046 2802647
-5684685 8132425
2601929 7519613
7405957 1145128
-8065813 5754702
-6413357 3367838
-4292392 -2425265
2935527 -8201015
-5496612 9291091
-795524 -7734472
8497620 3443213
-1560176 -429210
3787062 2279502
-4528699 -2379305
-5695959 -8816275
-3497276 8449572
-901651 -8085913
9433700 818039
-8036832 -8299722
-28667 -643990
5240200 6413707
6504794 -3925672
