324 -5490441 2915962
922
8293978 -7181717
37009 -3127070
4588812 -3259096
1783055 -4063890
-2342228 -6665586
-8669153 7936329
-6821590 -6916398
2411606 6855454
-7965120 4594991
5369451 4778118
-2279573 -7903426
9515011 -4855428
6221670 -8934408
1308834 -2797842
-5771931 -9623409
5711227 -5775204
1097727 5038400
-8220696 -4251764
-5799302 8202891
4053657 -3921289
-5984960 -5625178
9974776 -2099144
-5243690 9709802
4304794 2386382
-2835499 9307542
-8595883 -7809403
9851521 -2598720
-9016776 -9080872
-9362362 6073192
-1033865 2292059
-966793 -5134292
9904108 -5322638
-7058050 2647286
850177 4199764
-9721524 -2857352
1517470 -5096166
2804691 6809868
6519671 1492246
6394981 77353
-615104 -6659183
-4468586 6075834
-6522886 789013
1708141 -4617064
3972480 -5539662
-731251 -5137868
-272160 -7061385
-9867670 8301957
-6534405 -7851700
6348064 -6925720
-7266719 4315773
1735959 -857108
-4047239 -3232897
775702 7057002
-2865644 4988784
8329601 -2829317
-6753483 -964396
9824617 6377367
4276655 9239983
6216673 -5950890
-1088758 -9234513
-6295897 -4514577
6303732 1155434
3303734 6352785
9427065 9769327
-3398548 -7831849
1311043 4676698
-8556198 853764
-2089234 -219844
-5231060 2219504
1906539 -2438526
6597078 5614893
-5491387 5153056
4393039 6421695
2987158 1301620
2067108 609712
-1388513 4414752
-4429813 5771211
2123996 -5084781
7200899 1390273
3558424 -5932587
1260464 6318703
-2827533 -5130532
-2834024 2704266
-5076230 5083234
-7355292 1934917
-9933838 -653339
-5500283 1758139
-1820166 7091127
-1607252 1409108
4535172 3683344
-9385551 -9540144
6231067 -6853340
-9421769 -3815364
91261 -9128585
7455180 295482
-3385814 -6350314
-8964494 -1284356
3936262 3786653
-8613761 -1798518
2652751 1376384
-9276955 6547300
-1694561 -4764734
-7673607 -4777238
-851778 -998375
-7315030 719141
-6304651 -6316605
9346407 -6700581
-7999593 2442768
3314183 2440990
-7263527 -5391980
-9225942 -6714284
-5482288 -8132989
-1829984 -8190436
-7472601 8453975
-169641 -443744
-3896444 -2303498
-4551880 553405
-1707481 4408995
5926972 -9709134
-6473641 7440742
3640489 1128294
4427713 -2778291
9664477 2986896
7944238 -1055528
-3931155 -4504987
-1219271 -9319289
5064074 -3157097
-8831180 3298441
1752416 -6765909
2790347 6212571
-6090927 4099128
-5347467 1410255
8335602 -8126454
-7835588 2945052
-7097854 4262574
-4609131 -4309229
2912480 6542635
-7954117 2334934
3795759 -4906690
588323 9990122
3187185 9864604
9223859 9369052
-4816155 -9232388
-5998297 -9607321
6605250 -547386
-6448258 -691598
3235009 3030676
4904222 -9279373
-3817969 -5913037
8349537 -415014
-2207891 -915822
8143165 6256758
-8891955 -9295410
-4202100 2705401
-4788125 -2579844
9801112 -1097425
-1728373 915412
1683024 9024971
9417651 -4028176
5424438 -1798921
25833 -1460747
-8430071 1492532
2213159 -6739158
-2652195 -1009497
8575489 8395191
9995721 8213695
-3013195 -3632401
9588541 655238
-6639361 -1905150
5515006 7902793
9321720 -1427486
2004279 5316118
4341090 -2406653
-3918477 -6312697
1888383 -3724907
-2669302 4022314
-4485154 4430568
7691411 -1099372
407483 244358
-8844099 7555568
5769263 -8500675
-9616724 -8848378
-5676788 -7243931
-6632729 2488169
390962 -2316148
-1227282 1398630
-3285252 -287318
-177619 -9223003
6980653 3572190
2363635 -1579744
-7557430 -8614612
5815956 9694334
-8888686 -2042583
8201775 -3976281
-6420712 1518797
3018122 1874028
-4457998 1864903
-2862676 3401398
-4110433 -134786
65418 -6979052
4419578 -1203119
1025915 1354489
2131486 -8865674
-2777131 3364648
-8215095 -8371509
5530231 9586504
1797190 6743827
-5298756 1346188
-113741 2908504
-5572698 5419371
-2706601 -4018101
7846803 -38224
5879527 2835401
5216968 7500479
-9478573 4285446
-6917672 -4717614
6636875 4941005
-1408316 -3375405
2505596 -8715286
5429557 5814553
-2082591 -3193147
-6449320 959789
4822329 9714600
2623104 -9231723
-1296000 -5291412
690488 -433242
2044887 -1486248
3865505 -8946357
8554122 -2075586
-7790140 -917527
4364860 9075550
-3467093 7808540
6949488 -6481913
-5197199 5124591
-6544504 -544916
-1221711 2748711
-6291500 1372906
1087506 2328969
-4386402 8530829
-6760583 6226962
8310073 4317599
-7168649 3929905
4983548 354960
8279374 6696856
-4220670 -3945977
7645925 3005586
814127 2660542
6178629 -5821168
9303424 -2236385
-264949 3497783
8762846 -7241080
-3351822 8513340
-6641339 -7528654
-8997825 252036
8995351 -1027740
-6710141 -5758408
687850 7305424
-2339616 -3878790
5334418 8187750
-5758227 8456110
1461696 -8886252
-3709358 4404050
8582883 4792175
-7444210 4985624
-9000241 402659
-4322069 2290841
-6679467 9762605
-7766049 2326110
-7421854 -3320805
5651455 -6763874
9994070 -8426503
1395273 1457666
95228 -6801728
3902375 9055657
28119 -4570354
9059747 660500
-4935449 4006168
-1201657 -4649611
-9663987 -6352566
4050093 1354134
6161327 -8664228
-8901623 2244376
-5429514 1998213
8677408 5848680
1601158 -2851367
-8761518 -3154785
819233 -5888419
-2690147 2633756
-5794235 -9085539
-3655893 3728580
-5610919 -3249763
-9243595 -4596146
-6729404 -546368
-4382582 -445252
3425234 -6393391
7458734 2183863
-5571761 -7897086
4101127 1073463
-3077856 -8484922
-1336289 -4705113
-5343546 8523302
5151235 -7581455
5052301 -2007961
-1093500 -7538911
6189669 1774419
8524656 -2233041
-4312834 3095102
5065086 9281061
-8647839 -1042238
-4919277 -9317496
-4617281 -2706252
-8086986 -7460543
-3870727 -189041
1326037 6014141
3825380 3051417
-5908929 2506100
-2559003 998186
8990225 9242307
4219748 5009651
-3215930 -9586923
-9303612 -7074231
6020872 7825078
-377509 -3616446
-2142332 -6397690
-5715185 -6508996
784752 2938392
-2005799 -7816114
-5488803 2697766
-8771741 4123474
9691243 -1646414
3376038 -2430009
1084529 -6217685
5540974 -9182964
5826687 74754
-6995817 -7722926
-4797157 5127109
2952187 -6299428
-7399522 3740067
7342378 5091030
8582034 458147
-6603461 4143545
6327431 -633213
4580905 -6092908
8030567 -9161371
-807785 5809165
-6620844 7721810
4020477 -7431746
-6614710 4463686
7054792 -438549
1838525 1728329
9371790 2575328
6275900 -442279
-6702212 2323977
9931359 1392730
-8149123 -9359834
-2699937 8513393
-9603468 7763768
-8329139 -6372505
-5533876 4977438
786603 9701428
7423238 -3825309
-8740703 -3317889
3662149 -6039932
3521519 -5355413
-1110732 -6766706
5808622 7876397
-2565882 -1738942
3101387 -5399126
5993604 731906
-6111575 3032746
-5937508 360834
-1875398 1188488
-2667665 -5540976
1952814 -204537
-503109 -5685189
489503 5255769
4454233 9436482
-6603450 1748800
-1090260 -1883618
-6133972 -565579
-2689182 315360
1092771 2191002
-691772 4744936
7993195 -5805842
-256743 7818185
-1820981 4397972
8102812 -3677899
-6702523 6303621
-3900915 -4564852
-7733689 5250292
506061 -1887672
-9934838 2755814
7020967 -5039706
-4406971 -6538288
2896134 -4069293
-1237581 -540943
4166412 2723304
9984593 9855190
6565701 -6525360
-8707175 494140
-5107888 -3691042
-4852589 -8011804
8291818 5511276
3462776 -1555112
-6304820 6907255
7535935 5729088
-8998746 -3282406
1677888 7601098
3579162 8022221
6469280 -212731
1762679 8991648
1714953 -4768300
-4913110 -4070909
-596269 1699546
-7806314 4168943
-9522099 -6787091
-4798895 9602150
5113426 -4374688
-3413447 6009275
-4567118 -1423797
6821643 281733
-484321 -7031182
-9430084 7822897
5845119 3709920
-6502811 4149078
3140727 -5169249
62451 5259868
-8811041 7372032
-928422 -2334306
-8165363 -6890957
8838304 -6218384
5900118 4828891
2970555 -5960591
2565037 1013544
2106099 9557108
-7644806 7997919
-9033263 -8555906
9266992 -5612775
8097145 4053005
-1797916 -2371537
2459214 -8405665
6854203 3859163
1231195 5038018
-7296288 559515
-3815090 2819125
-882907 7054701
-5600056 -4976786
-8421025 -4982789
-1452893 -113148
-8039688 4144012
-5341716 3169559
4613653 6831858
-8780916 -4374979
9678027 -3603003
4025460 9316229
-9089436 -9603537
-3228022 -3515325
-8477307 281120
3356987 519525
5855002 6742757
-3686190 9541897
7081463 -5027905
-7494342 -6769893
3116959 1176790
-4679197 -6430883
6738676 5077271
1909130 -7504561
-1879540 -6131318
265679 3128214
-5039205 -9685161
3227654 -5708860
-6707833 8387712
-8814816 2515984
-6964491 7331212
4073969 4542171
-3399580 1406863
6378958 2904131
6134238 6198235
-2624975 1400968
4970086 -748803
6844821 -4787820
-2292381 -5774886
-1906204 -1246049
4398517 -1655568
-1340729 875828
-2316680 9359312
263376 4403278
-3080738 975487
-1693301 1448560
8507083 -7528876
3877987 4897020
-2198849 7623855
3822090 -7226702
4174266 -6064610
-4297061 -8802884
-3590704 -8339296
8402171 -7452240
-6181937 4116916
-7538652 9012319
-111853 8216580
92245 -6363029
556601 7571467
-8936694 -9644379
-5679466 7475864
2463340 -629995
-5732975 -7172383
-9548527 -3658673
-885375 -5415471
-1480081 4273563
-2012969 5805244
-17700 4222858
-713029 -3087320
3545948 -1615529
9913143 3105034
1321615 6007296
2160619 -198710
9889110 3930212
-3197815 -7282779
2709437 -9047584
-7161226 1122719
-3533311 -4827223
-5969544 -2894201
1690328 -3081838
3708077 -4338566
3983030 2726599
9465810 4211461
-8875859 -6034670
-5133846 -1247219
-8142185 4670089
-6806263 -5220703
-2903061 -4304218
2142346 -2129292
587929 -3013951
-9545182 8944532
-7416397 5813718
3502847 -6706408
-7084257 -949708
-1515194 49656
5711090 -2877576
2365375 -7807116
6404345 -305880
-3824198 1831185
3100318 44838
-5285073 -6441692
-1662395 -2525514
3170268 -9574984
-1704276 -2049103
-2546702 7828967
6773499 8883654
-2786276 -9575532
-6281940 9357102
-1592605 3232924
-6717420 9150156
8788932 6892201
1601437 8993670
-8795858 1154307
-7014507 -9477866
566972 9896296
-6545395 -1397837
6076649 -2201749
-1776733 -5691438
-5224189 -8236730
9592237 6518992
-2081002 2229110
2653578 6365736
-1760810 -2350926
-9118002 -1112009
-9445501 -837063
8571491 -5835422
5674600 9343431
497738 172928
-6788585 -604906
-8192257 -4000417
4601747 -3705261
4092991 7778700
-7912738 678396
-5041982 4832610
-6132046 9379426
-5875112 -5449745
3432343 1786952
1952379 6778466
8182809 -8328466
834471 2834377
6998956 1253660
597091 -8077686
2095243 -4810092
-2898645 3611182
9610765 -2176990
4117749 -1090902
-3312202 -3271136
7407261 -9272908
5559703 -8708588
-9329162 4881631
9431887 9427657
-6269038 -5204274
4090545 2864230
-2947884 5683341
-1482282 -5210294
6043367 402940
2325254 8033026
5739287 -3359542
-9748360 -5579503
2243507 -7159358
1749740 2378758
9107622 8877609
9604701 8437538
9728950 -968765
-6087133 5164404
-2891586 2916141
7711867 -6655246
-1274664 -6644272
9039069 -5681236
-891529 5777453
-3819607 -9926861
622518 -4848162
-5691352 8505647
5442497 -3638195
-8281201 -5439711
-544601 -9797644
1596317 -4015109
-5577571 -1436979
110609 1201019
8881775 6667731
-416128 4023476
-115418 -4009811
-654083 9812092
-5869144 8609918
-3096277 -9098662
-9025522 -4244321
907517 3084116
-5893884 -5886652
-7008495 5216166
2292807 2064965
-5216327 -5289696
695195 4264558
-7172421 6379991
-2418990 -2366024
6818059 2938188
9478016 -3537215
-5030673 8918284
8730376 -637402
-9511131 -3168404
-2267065 5377584
-8866736 -2607408
2993061 -8776235
-4662887 -5442867
2289651 7099177
-8319506 -1671382
-4444726 7098810
1363368 -3535833
5360510 -1233179
-1082851 -3292700
9645488 5457872
4437010 -4264792
-5346508 1639857
-8997545 9406337
-3762067 5900220
-6205843 -8508676
-1116083 3970868
5194633 7443773
-7999094 -8123022
1492507 3048098
3893068 4290558
-6094280 -4310647
-5330128 9448342
-9268485 5269089
-8023611 -9969617
5488255 -351336
5383873 4138229
-4221914 -74735
-8152046 2553717
-9029710 -3219458
-9211782 -1914112
4573108 -5235553
-7791780 -327865
-5934535 -7715906
-2151456 6725478
-6467612 -1925676
3763677 -8258387
3706307 -2561891
5223550 8433550
980285 4437823
-5913513 7199939
-6145480 8984892
-8573490 1986712
7056782 -367393
-1070499 -6725536
-6123296 8027072
5307871 -282281
1906207 966165
3250259 32443
9274273 -1511976
6562349 3615155
5356768 -7193338
-7238877 -7157622
3792280 -936924
-6499101 7984673
-2299036 -5227435
6273810 -9896262
2090451 1555484
-8811909 7700320
-9025216 -8336415
2207009 -7366056
2351664 7367841
-1665994 -2485120
63675 6774223
-4737753 4100617
-2284228 -8145700
-5339038 4340948
7183327 -6927459
-5348031 9938437
439462 -6508041
-9219123 -1847132
-9227042 8140426
-7787737 7054687
4755007 -4620239
-2956654 5916706
8550651 -1753857
-4386016 9250355
9281587 -6581333
-9807110 3947990
-1951393 -8138386
-6284085 7971489
2312438 5764380
1353273 -9106771
-9168333 -7987883
-4495924 6005242
6674462 -6212519
4444260 -3715047
-6660360 7447420
-7172818 6656523
-4910419 610999
8857143 -7613120
4153588 6156584
9575251 6987479
935470 -4048473
-2186858 9768141
255983 1500429
-2735191 1529057
-5061362 -7431579
-5419462 8618082
-2860324 8286657
-7925861 84614
-1114080 -6185862
-8738441 6518399
-4308726 -5258088
5352912 6605093
1508325 780855
9453792 -3273593
-6286114 -4338087
1613441 9029043
1313537 4649356
-3850214 1942935
-6528008 -8430480
-5862059 -4069053
7065382 -9073018
9213640 -8765169
-6164203 -5794942
-1980803 -8712221
322530 2721717
7463630 -8202892
918553 -1469844
1827363 -4667106
2059301 -7573122
-9394856 1281155
310199 -1710461
5455248 2218585
-5838480 4140088
5709608 4121386
-9947667 -9850136
3593198 2363901
-3884916 7117715
3839126 2806838
-3389031 -49119
5188951 4374675
-1311865 -550149
7980007 -4831067
501827 9606688
4549918 -7676277
3604878 5077480
-6632981 5155062
9889999 6431429
571517 1338619
-4539995 6567871
-765913 8797477
1161378 -4487661
5146406 -7172714
-1849524 -207186
9743696 -8498116
5876559 4761446
-5788703 -2551001
2617932 -5435306
6687734 4707657
7031380 5636111
-6770057 1237653
8909067 636258
9584040 9113314
451934 1315419
-2116710 155557
-1046965 5911939
3940630 -366270
2461016 2630765
-7576420 -8396611
-6894727 3127844
-2110710 4683628
-7867373 8981833
6062879 -5383060
9324597 -2733089
-7096978 2750614
-6011733 -1127671
9508587 -3867035
-4753721 5413686
-3270895 9092627
-8235463 5698213
-5873495 -2871252
6762478 -6766076
-1618959 8067135
9670524 -8260154
4867690 804621
8004601 -7224202
4273983 5273333
9890273 -9862772
-2595861 336862
5603828 1731222
-9396449 -7176487
-1043522 9592095
5005782 2628490
-5762530 -3280890
4933675 4251239
-8620013 -3997993
-8247717 9060180
-356332 8142465
2398663 133324
-9062054 -685808
-5393658 -2733646
-7460313 1458899
1596128 1396677
4249892 4946312
-3322466 1516619
4340133 -146280
-8037832 9797437
2425927 -6703389
-7467927 6967950
-6264459 6663397
5181756 7465749
6525929 -4884471
5774346 6934039
-2932636 8685949
-1999858 -1826990
-2044284 -9478338
1980561 -4877164
-964134 -6988245
474419 6093041
-2390339 -6714242
-4344170 7151953
6949390 4466146
279109 -2382002
7102300 -8108331
8555067 2811183
276932 -9162158
-4046629 -3746825
5703567 9319213
8005163 4244069
-7582921 -7229069
5808945 8521657
6160845 -7110853
-4099098 -9694142
6398900 -4803289
-9001179 6375321
-3956374 6524913
991059 -3345348
4272650 5509368
7401038 -8729832
-3402297 1374951
2212793 -1527543
-2758016 -609013
-1289799 682516
-5073415 -7054449
8232834 9231716
269725 9860017
5265516 -3441869
-3136010 -3569430
-5856366 -8833581
58092 5779242
2304155 -4857545
-5686541 -1381929
-5872561 5811566
-401914 8586110
-7522587 4044829
5033638 -1287858
8103129 -2793442
7889074 -7724377
7737526 9329682
1077750 5332011
-2291620 5970361
-7471508 -8652525
-9705602 -7026103
6656668 -607518
7688076 -5561968
-7903161 -3285240
-2150817 -7491417
8320149 -3589701
-5003591 1976623
8537804 -9565412
-853270 -2526178
-2803268 3571443
-1636582 9766211
9095894 -4914194
2934169 -3899056
-7928695 173644
-5962528 -9357450
6132799 7116150
9024984 -5668130
-1230098 2789467
2020579 6713061
9221644 866741
-206608 9869763
-5637262 58146
-6990914 -2693847
4779975 5416894
-8495311 2155816
-5561621 -8023293
