642 -8063332 -3459875
655
5121833 9611027
9922542 4915962
7643186 -3720036
8419293 -5584127
1386104 9036216
8428068 -74953
-3441937 3758247
4588017 -1515237
-4512950 5440998
9395842 -8346170
2405671 5135197
-3772014 -9440854
-3474927 -7801057
-9813945 1692781
3629449 1407079
1018106 9242532
4158494 -8732365
-9936049 940649
5356522 -5681968
5870600 8483245
-9075356 9258979
3017226 4298668
5299784 9999059
5440057 -9878405
-8224575 3303186
-1561617 4835900
-2088602 -3302551
-1103608 -2817279
8875503 4436471
-4156450 -8401201
-9158669 -4978696
-3711061 -621992
-9681343 -2483823
-5649439 -3647109
7352488 -1808468
9966863 -9778839
-2963818 793484
792544 -4499559
-4377964 4852318
-1844496 -3767399
3584853 9913814
-3388737 -889760
6292961 -8503749
-1550926 5507655
-377193 -2315184
2706121 -3191024
6186985 464138
496668 1511412
380655 -978006
-270122 4847229
-2415257 -2266857
8526628 -303259
5197182 -2862723
-8010405 -680828
-1931875 3335571
3249385 145099
1771691 -8347021
5665582 2377000
-9598993 -1935347
-1734179 6631009
-6560015 23814
3004305 3488294
-5000293 2143322
-8834683 -6499027
864554 5380362
-6886494 -6588453
3108289 965649
8102926 4156486
-6524342 -1694529
-8358958 2608873
5270325 -5939865
8229466 -2593221
2300131 -2957984
-2376979 -3588599
-6957590 2701139
5241305 5888843
-8106511 -3517605
1142070 -1754390
-5737065 -3106804
-7726441 2307387
-1764714 -2356158
1125843 7903417
2059903 -8656425
-7834601 -771230
4353995 -1948087
-5371600 6322793
-6270427 -7859328
-817311 -7142133
-730732 -1453944
-8752805 -677938
7727257 2311678
1310425 -995147
-233185 9620747
-3486057 -7547505
-2723766 -3453897
4189945 -8696146
9207271 5511521
-628552 -4684212
-2939090 -6216474
-5648209 1536847
-2140359 3931258
6071930 -1019808
1838059 -5894434
-4832026 -4745381
-2906966 3623679
-4064643 -3584830
-2063625 -5179709
6957390 -237866
2214630 7703190
-5750707 -6528666
7291540 2007216
-9964911 955590
-1212269 -984836
2798690 -593462
-9056615 5848641
-7703749 -333166
8647026 -8680622
7941296 8368182
6139153 -6998563
6625116 -6890729
-7959207 -6767813
-9431169 5076825
-5161041 -22832
-9803290 7526221
3513907 -430059
-8422842 6962356
-9565702 805448
9820612 -8387753
-6464863 -777971
7587023 -4864346
4802488 6994875
8314253 9883274
8251456 3449514
6450951 -1228098
1881173 -3093038
139149 3076067
-9330756 -3561682
-1068162 -6775668
-9249446 -4491796
-2405503 -871452
8607256 4264461
7586261 -8311993
-6699745 9041555
-1736416 7406873
-7457472 9351744
6346619 8366959
8250234 -138632
-6689117 -2822775
5949127 -981958
-1558644 2278186
7870606 -9653348
-3215030 1096858
4321190 8539850
-5951946 5716808
7361708 -2411904
-8147442 1642552
3330559 -1514683
-2473128 1955171
-637955 -852834
-8984737 -1693192
9190120 -5579075
4282293 7361882
-5460893 7440354
8974748 109528
-7612285 3004586
3351238 -2583895
8512963 2774673
1314523 2652560
-9114280 -4649495
2938602 -2121070
2037834 763781
9249098 -2692488
9262683 7884745
9548264 9292322
-9884518 -8858920
-4437995 -9436473
441761 9305602
-737692 2360651
4986531 4980869
-9498193 -9246591
-1830486 -109402
-7334729 3853046
9021958 9198829
-5450666 3979795
-8141275 9907679
671460 4288
7311800 3896559
-5702344 -7563090
-8270768 6574484
7715564 -6154080
-5590553 4361066
3666669 5793922
-9329075 4851209
-7651570 -7071023
-6317614 5657456
-4451945 -7149763
-780365 -5631748
6083433 -9270322
4709473 -1758406
-9334375 3149120
-6846592 -915450
5497461 -6146563
-3709653 -9534791
-443955 9795118
-6358962 -9464069
4896997 9787961
-1901765 -9433162
5418047 -1436334
-5991004 -1230840
6942969 282829
3133066 -9792266
-5424013 5007376
5737054 4869054
5627000 3175772
-3675108 -7037120
2047430 6292625
-9853938 -521699
-7540138 -2455108
9856362 8952761
9488692 2015907
-5679780 -6502600
-5935762 -3097959
-2017940 2418456
-8812384 1998637
-7718534 -5492592
-5284858 646937
-4345687 -2069115
5316291 -8192519
4983254 3907720
6870600 943291
-2764084 -8691854
-6697201 -8565618
-8504374 9898330
8851091 -4237339
294920 -8648012
7365741 856135
274528 4615141
-2966403 3946331
8461321 8256588
-7236004 -9262435
-6099145 3259139
3706376 9995491
-8197028 -7928480
5979240 -977333
9965958 6786226
8094373 -4633808
9316927 -2798126
9616556 -8602828
9676186 3328905
-2802754 983999
-8159866 -28894
7102599 7079339
1025670 -5368985
-7112397 -5863804
7390114 -7996657
5262483 8167952
8163443 -8709031
5878841 -1031141
507879 2482767
-731006 -5625566
-259374 473837
192064 9879719
3793243 -8426095
4902811 -191380
-9207380 3469429
5956888 -7899943
1695748 5149106
9780121 3059487
-287964 -7278582
7241114 5184077
-4131619 9618502
3425823 -4980051
3988808 -5968176
-969057 -695336
3679098 7013039
-2513123 8299937
696008 5936077
7509982 7678941
-9996087 -5510748
475033 -5070855
9545554 -9203467
-1538008 8948273
2007761 1241302
-3520927 -1757887
5942542 4236149
3854651 -6279813
-1259864 -8189077
8359099 -2719526
6585138 5245296
2258336 -2609957
-4310020 264237
8716666 2261565
-7543142 -1097659
-4092055 6226648
3672146 -7539229
5773657 6382978
5331252 3217700
6975355 -5764351
-5005886 9855365
4091514 -6545572
9690967 -9063343
-7252420 -2053835
5226639 -9052545
6192751 -8893320
-1503277 -5671871
4592366 -9032561
3229004 -3296945
5605396 3309032
-7947967 5685862
662986 -8486659
412672 5724179
-8541769 -3563357
672292 8260276
8115641 8433586
4404366 5666406
6603063 2207155
-9846680 4095333
5042788 1866996
2973676 -2103689
2224440 -6248108
-5280669 3986751
-9310194 9333159
-4841457 464688
8666902 -1188445
-7158752 -2789424
5451107 -8153760
-1717117 3253920
-5969452 6909339
-2140723 1471527
9654286 -7853811
4353344 -7736356
-1124671 -1226299
-9359303 -2976984
-2564321 6434470
-9813638 -3869275
-9882524 9660120
8993279 7422045
-9596915 3323635
-7864810 -5848178
-6121249 1586340
3432580 7492790
-6736937 9329858
-1244451 4231816
-4296657 -2706389
-560199 -868821
-6088825 7873981
-3352317 6309497
5848866 2786504
-8262674 9804732
-4064542 -6715455
5461017 -8076312
1862086 8569286
1892921 4454296
1122471 2265171
6367863 -3455537
-5962746 5001222
-3152568 -199556
6548612 -2699683
-2889720 -1880666
7250513 4768307
2642289 6550081
-4624069 3678040
8980896 1806324
1611056 -8775203
7025694 -9281777
-7358089 62866
-8851495 2486712
9457360 -2979651
1801873 3041426
9585890 579831
8097405 -1830264
486532 6139496
5956165 7461190
8096876 -2964856
-8196548 -6933555
9616527 5347389
-8458219 4445741
8768417 7508810
1249959 -9477323
-8759100 -7104175
2958692 -1724347
-9237635 6399164
-6580487 4107197
9664975 2736078
5832261 -2262262
5907475 1767217
-2093287 -3553981
-6092791 -3605993
3429152 6379230
9445676 -7995915
-132174 -2251044
4711049 1578555
-912635 -6074041
-5551364 3479466
6375291 -9662676
-1387023 8205889
4605053 -8149665
-1526116 -8108305
4627773 540918
8278657 -1861140
2422429 -7023614
-577595 4186132
3096491 -9670857
-775275 3329614
-2149949 9041995
-3209049 -1329599
-9751044 234229
4160188 -8498000
-2502182 -8147327
4706349 1125177
-668934 -6126890
8239797 5835679
7727374 6452471
-3006611 -3286318
4852542 -5128501
-2152115 7788398
-5509118 -2725029
-9879534 -213357
5632609 7587374
-854279 -8138456
531945 -6517339
-3766758 5936673
-44975 -6702746
-4850073 2909783
-5965040 -30804
3842306 2372629
-1791692 -4117622
-7665151 2082103
8795785 -4064318
-6676467 -8155410
9632989 -3835321
-4043997 -6312230
3474413 -5876129
4227597 8592821
-9545635 -892977
-4893964 -6626681
1826344 -6497337
-3200083 1339278
6765413 4297721
-5733083 -5533804
6838825 3316725
9199103 625575
-7292321 -4952867
-6500833 -8466048
5894895 4019816
2700848 9339052
-6973177 5527884
2168107 1173203
-233976 6501236
8124611 -3604295
-7714624 -7263258
-3760595 -6769353
-2913722 4111720
-9074207 -4444326
21870 6368043
-315231 -4807289
5818286 9377048
6940533 -8599776
5450529 1042317
7578486 -9560299
2295105 1345424
-3126692 -7204314
3968889 5321928
-5660483 9041415
-4562880 6251265
1504359 -7535872
8211128 -9761152
4350568 7743764
5815790 -4702594
-8334551 5276362
2985425 8354013
7731061 -6133430
-4733205 -1196289
2362381 4671594
-2372353 -9282676
2062748 -59133
-4747095 9922753
-2238967 8936056
493823 9221794
-2010589 2100550
-2918969 -1552704
-1313856 9493771
-246113 -4707841
-6894083 5553065
-6654221 -4430322
-6076309 7287718
-8845711 6331204
7651267 -8345248
-1157302 8937436
9654760 -7470000
-5012781 -1013302
-8574197 -5766140
5686268 240124
-538082 -8296812
-3679909 -3819909
4627387 7451330
-538547 3401122
1209633 5829884
1382949 9215340
-5214982 -3168098
6635972 4728728
-6423716 -1291291
-7120187 306613
-755951 3743903
6273904 -5761136
3225562 -8584839
-4350979 -8738877
1501248 -2832283
-1129095 -8664711
-9968267 3479518
-6552800 -2292652
-8891530 -2824528
-6994644 2908653
2123994 -5165545
-5817291 4388305
-8366615 -574636
8134074 3335034
-6358353 7726021
1469925 3530239
7769103 -4597951
-3182790 -2256171
-8478696 -6488983
678734 -5017416
-3682127 3022552
-3497929 2065992
9773340 8865958
-3958569 -7534377
5374277 3398163
748970 -953213
5951445 -9985377
-560013 -2551968
-9216934 101182
-2172796 -9909587
-3862995 -5575287
-173238 9297129
9557310 -6093892
9933478 -839675
4142909 -8921386
-3382481 -6871436
5194556 2977134
-5640555 -4364058
-1898435 -2515751
3398764 400876
9447663 5992194
6006817 6664086
-5887882 -2084540
8016643 7963157
569922 7411536
-8163750 -4156153
7657328 6706927
3129388 -5820636
-4143959 -269010
809604 3062866
6191430 2515302
8008789 -56525
5579417 -6097661
-6097060 -7631766
2769110 6197335
2189529 7301704
3965790 -5266875
2648586 -9287301
1192208 594261
-1994203 -6818419
-8458220 -8237870
985410 -7641601
9054116 9199108
-1069902 6631150
-305984 7426509
-58188 2256054
4715882 8401798
-7695863 -2049399
318835 295299
9008986 8723429
6025133 5604297
-9662578 1198516
-5572433 -7492724
-4382111 -4497640
-1316059 5619775
-101743 -3859962
-1501562 225721
-8058819 3400019
31169 -9931094
11767 -6612369
-1839962 2241537
643336 9953579
-9579468 -7124080
-4312429 -4536175
-5812745 739367
8860016 -5303442
-1588574 2728740
-2247632 9197439
7216151 2838993
-1541232 3370257
9510296 -4099907
-1357834 873377
-5726603 -9474914
3110344 -6900300
-3512669 4304566
-3453896 -6877889
5592043 -2836279
39641 -294208
-2314031 6012575
9268295 -1756435
-4543525 -5610424
-365331 8128311
-157898 3867901
-3293106 7387037
757295 -2941746
2958347 -2317986
8555391 -7216057
5825381 4116865
7216565 -7171212
-350293 -1064275
2057836 6220249
-6616030 -1287837
934307 -9833769
6178807 -4060036
4183529 8620276
5526205 5447102
3575413 9640004
-3975743 -4839126
-7452089 5933868
-7007878 2731151
2929517 -4178442
-8878147 5950469
-7416314 -5998740
9346401 6947234
-4117041 9800252
6020501 -1003892
224623 457148
623379 1920823
7860787 -8841070
2295558 9318538
4765640 2044316
-5799328 -2178237
-4501011 -9142594
6791274 224929
5472432 -9436747
-3615189 9783396
-1749783 -1598051
-5080438 -2493335
-5546101 -6649745
-6849493 -5734037
-4221577 -7146789
-4173289 1687360
-6391816 6003046
7161976 -1033558
-1715019 3985323
-3970360 -8026114
-7687998 5566973
-1059269 -7253336
2971594 -2189009
-1625756 8248357
8031753 -1555974
-637672 -2724592
