397 -7653295 488993
435
8490791 585338
-5998493 5045051
2125864 6391422
-2589599 6059529
-8450244 5152030
6254972 4405981
-2610775 7379308
-4404151 -3201544
-3755395 2203813
-9131086 -5086767
3442378 -6995272
6340987 -3382593
-9228971 8983665
-4451689 -8110133
6752924 -9949184
636154 6037305
-6401292 -2239933
-5848511 4637661
-6786458 -1759076
5909306 1561891
8484224 7279650
-2824690 2164278
1479087 8389801
593615 -4712489
200745 7723692
3244772 -6021119
-6887360 -6356877
5143140 -7897889
6508330 -6116331
-6065515 -9308549
-754892 3261255
3537674 -2913009
4241004 -4639832
3601093 7689164
-8232593 -29102
-2749452 -489601
4191030 -9748369
1157785 4425859
9713370 -4329883
5910161 4267752
762985 -7569533
8589942 -8328714
-6226603 3875625
275646 3733082
-3059114 -9718272
-3940665 -3273516
3813475 6185994
4062515 9597009
7286173 -9429168
541730 -2336392
-309641 1569932
1821564 308631
7250842 6397741
-7932142 5495701
-236547 -519436
1911032 494372
-5317990 -9473562
-3081585 -6982674
6750409 -1544593
-8746513 7194061
6436897 -6308705
2393641 -2687178
9426184 -7233275
-6662443 -3543844
-3363884 -771291
-9201358 -3604361
6704270 -1157172
-4759431 -4863442
-9367741 -3528536
5952029 9824780
319152 395712
-6561498 -9620587
-6603261 5001162
5972921 -7126731
-9932670 -9852852
6354795 -257239
-428065 -979420
1787305 -8735211
-9762703 -1001881
8226829 5124862
-8479499 -3126586
5716242 1541823
6678381 741124
7212588 3473163
3297943 7310640
-9777296 3164617
-3939618 6133447
-6349039 6177558
9050827 -542878
-7879378 9623883
-8117004 1634509
-9344911 8475418
2256559 1454931
2969403 2442394
-9916392 2493856
1883622 1196232
-7261945 4120462
-5138414 -9883784
3589380 1932788
-8240220 4590526
-9728504 -3112677
-6979229 4498836
676394 -3668122
5789000 -3328268
8811967 -7756427
3878082 7909623
-1098607 -9305037
-5333753 -2950476
2008270 3674304
-3831840 7635650
-8651766 2091879
-3787659 8051783
8167999 6602641
-1464571 -6409721
8180805 -5726269
1161055 295209
-5205955 968653
7300532 -3301822
-4113738 -2013209
230364 -4394116
-6484493 -5301770
7909545 6624798
-6325678 -5066748
8607556 -7424208
2727794 5682593
-9709176 7292069
-2139796 4076028
678669 9019517
-7390204 8544555
-7181713 9214098
-7974341 3306953
-5724393 3979342
-9322480 9336056
9839199 4092491
9698375 9080134
-6221636 69563
9210714 5730235
3179839 4204262
-703594 -7114964
1083981 1787396
-8404183 -7975799
6100229 -6108843
-7089326 -543979
-1999424 9295251
1025701 8036822
-6139872 818863
7314557 3051361
-5096231 -9347913
4744578 508429
-411436 -5257031
-2671116 4442953
-7310460 -4116720
-9912458 -3460402
-8059013 5869380
-9826872 -8099699
-6075498 -4458680
-567522 -8231055
-6258682 2541083
1836334 2343152
-7103673 1741894
5077110 -7137964
-1570251 -3243545
9924894 -5091981
-2067199 -4150130
592839 4669472
-8371223 37717
5920997 438076
6977674 -5681682
-9812302 -1475108
425193 1435013
6976334 -9639174
4646123 -3133953
9407130 8925164
1268316 8387441
-7354313 -6240183
9138205 -3319005
-4046198 239149
-2336479 -9915694
-4065824 -4121304
-9451832 5596322
-4365961 -956632
9481444 4693298
9011616 4071388
-7403720 6459118
-9589516 1715666
-5407156 -4462175
2403872 7386818
6311982 9238967
142760 -5672645
-9396476 -9903350
9293998 -4695201
5543949 9741729
9826035 -4752200
1126497 -6792530
1320144 8276563
-2680069 -5808983
8884315 6954183
1025571 -3198625
5776846 412283
4644301 -3861796
1676029 6187330
-3909500 9237145
992464 6596254
3439961 4918834
5015484 3651576
8956376 4043485
-3698434 4309482
9557283 4500325
224147 8643953
6920516 -6799868
-2608851 -8455709
1014826 -5759552
-6441825 -3724535
-795900 -7959603
-9305047 9335021
-1961297 -6151598
5601899 -5112665
-8516411 4129203
-951963 9110716
2762292 -2560098
-8516613 6579874
-6594292 1718668
8735345 -9698695
8945258 5479343
8679475 -8524156
-6979865 5865774
2622574 -3929375
-5137558 4034961
-1408289 -1302898
-9451525 4066542
431296 -713336
4173999 -1412821
5232734 -3966804
-4856088 -1826060
5613842 6797124
3376998 422556
-7858775 -386419
-85114 -700942
-5221598 3392922
4868767 -1139856
7242271 5974229
4561206 405254
-5559784 -7618803
1078299 9423648
-3993457 -4451721
-2648705 1626775
-9786046 -1045809
4987387 -8474705
-7784413 -2036960
-5239836 2647651
-6929792 7829430
-2556989 653514
9952573 7727785
-6362941 -125750
8734394 7247327
3221556 8505826
-8572567 -1506983
874215 -2217237
9722763 8384001
-6067720 -8047486
3579289 8245658
-2800150 1283575
-4674778 -3690405
-3211012 4703589
9867593 -2459190
7886592 1549152
4719019 -7062199
3181938 -4670397
5203853 4671592
-5564729 -664651
-9642472 -3545400
4947617 7656827
7955942 -8215039
-9831038 -4178168
-9709301 195058
-1559284 -5898758
-2098831 3869988
2695936 -1843082
5376860 3226392
3283554 9484924
-6449572 5244453
698606 1170146
-983899 8269447
-4542609 -6119456
3215893 -5780045
-6809093 -107338
-9934158 -3910227
-2125266 8138524
6476709 538136
-9266806 -1956304
-5338710 6767408
-6846252 -8309737
-7636467 -4921188
8305204 -1633964
-2149040 7740393
2984846 -5894890
5275256 -6082259
-7812812 -6316548
-9919652 -5708643
-8972336 -2355420
53594 -4187406
1902367 -5781429
4873448 119436
-9342427 2293454
-9662850 -6133491
-9366083 3907119
-1886266 7514793
-7406395 -6212335
2153702 477268
-1782339 3415161
7520271 2521014
6438755 3718860
-81336 2795527
-396764 1142296
8786876 -987
-1672041 -6852747
-2634176 -8643178
1476259 2746678
-4959868 4755624
8622133 -5349816
8557303 7893635
5408428 1772402
-1923580 -3328962
-335342 8002033
-6066454 2746474
-4732512 398671
-5882469 -8546183
-3234304 4222596
7881244 4036196
6551561 -1114716
2032537 -815528
541294 7395872
142550 9398362
-3329662 -7982447
-3332263 5182683
3076318 7808824
-418774 7741393
6928783 -8998902
1519483 7657646
404120 -3406559
6992112 5453029
-576802 -1812039
4926909 3625996
-2337808 6188894
-4925822 2808153
-8007375 6730105
4125977 7106716
-978570 2533919
-2932175 6784879
-5516086 -1791880
-3983056 -3748086
-6006693 76584
1077682 -1885477
-4227831 -9077910
-9968117 -7402835
566546 -1307358
-603045 7023996
-6833656 9989744
-1305010 -5676136
-351631 828536
-9925007 3769169
-6607763 1640994
6691265 -3282678
6018553 -5069981
3138139 -6240910
11005 -9497532
-6904596 9155084
9785959 4004312
-2557245 4173087
-713396 -4441872
-3232878 -2525362
7014986 2369503
2359247 6164077
3004293 -9818670
-6473782 -8945762
-2660241 -7347338
4293656 6117563
-7165115 -6751652
-1821633 984922
-2739636 8853439
1872259 -8683494
2987942 7271369
1275682 4967663
-8342898 2773901
848382 1234789
1225779 -6539941
5829562 7615504
-3704066 -9242882
-9061552 -9294839
4275751 9300227
4469242 6981019
3098582 -8384490
-5136142 -1237102
2264172 -1550180
9819611 -4441423
9391436 9524537
6795906 -5791778
9175885 2379378
7669632 -9412060
-5660919 3349340
6809399 -8965634
1166222 5564861
6321979 -4844687
-4139526 -21492
-721264 -223221
9274150 -9863774
4268088 -6252022
-4972772 -5110915
3338905 1648299
7206876 -192247
-667710 -4325132
-116910 6598312
-8505957 8644548
1748841 -8424673
-2558981 1680027
-4769255 -1395726
-5830865 -5749582
-8077917 6396967
-3624524 3007466
5300598 -9701090
-9564864 -1829436
-5565106 4574748
1980185 -2780424
1384227 -537878
1786227 7835442
-6489690 -1408896
7705768 -8881483
2279418 -4090248
-9998568 1716163
5912542 6544611
-4851115 -2557549
-5790778 -8856713
56607 -8165627
-2641809 -3868695
-3569785 -1051565
