327 -5002003 -188930
533
1774712 -5912617
2506287 7730750
-9530628 -3228272
-6472657 -8707840
-9786757 4080459
-8708173 9739260
1098598 5465216
-6852412 1665912
-5407424 8114082
-8650035 -7999011
3842495 -9838892
3339141 8103167
-1723729 -5429941
8728166 -231772
4766225 814156
4901539 -1460764
8786339 9057290
8345370 -2592174
-8783662 9255711
-4147477 -8127287
4128325 -8570419
6894797 9660702
1326614 7743275
5857357 -9957615
4559726 5919191
-1403349 -276326
-2173159 -1597779
-4511368 -8064208
-5779628 -1380535
9433621 -5783201
-4727613 1502950
560240 -3148488
4259338 -5941274
5830790 -1094390
-6705325 5475676
-578390 -8316687
-8655985 -60648
-9801021 8832759
1391497 2670630
-8893827 -1427312
8296362 -4048777
-3130203 -297176
-5845031 -3876797
4742668 2358429
-908420 -1624659
2394643 -3307359
3544153 4363968
8422694 -7045117
-5623155 -9680157
-1688128 4253484
-1546851 -9812128
-7356424 7733482
-917407 -202835
4984147 -7157445
1415243 -9525910
-3574686 6090320
-4206856 -288395
5834809 3295111
8169892 -51887
839807 -6906171
-213529 -2738527
-8374559 -6765550
8705686 -6669376
6166820 2564487
9334324 5598883
-1696892 -5521308
-7787826 -9696175
100990 946684
3789240 1294767
-5714790 7601489
3691809 -4795517
4916089 710524
6521987 2001306
4465771 -6732750
-3638921 4691879
-8046648 7821930
3572733 6147550
1994527 6095145
-8824015 2278419
-9606346 -1838653
-4843609 3026661
3330486 -1303238
9643447 -2631435
1179684 5947829
3549318 3432687
1153522 -2018754
8691770 9757480
1758786 -3930389
-8146787 5213757
-7578011 8740909
6562840 -1785707
6878195 -5624659
2986839 135573
4930344 -8610926
-7933227 -3320824
9705837 5323998
-5979239 -2776836
-2891919 -4447325
-8499496 6180560
-7870401 804118
8785364 -2433825
-2676345 3283121
1869085 7477135
-4792756 9082441
339702 3722298
4452943 -2370767
-5479073 -3097458
7038115 1331139
2720213 24118
6703294 -5515189
9808810 -2696661
4526503 -1074517
4478158 6345923
-4957165 -8365415
2438703 5978663
-6455162 -2827566
2971907 1224067
-8782446 -6615155
4983638 -5159008
1079643 8941151
9086736 -4676660
2225883 -4467414
6863725 6124015
-3851867 -8219650
-3734838 -7899709
-596370 -7148573
-5706738 8590324
4936247 6446485
8081070 8771421
-2733564 2495434
9667868 -6963875
-3223455 -6672374
-3287529 2639775
-2880 -9489549
9451602 -8303891
-2980551 -8923237
9125701 1054691
-2821294 1761684
3542035 5989427
606070 3326840
-1305381 2323549
913873 2526052
-1027463 2987882
-5724345 8366472
861906 9569960
-7393915 1542091
-2613931 -6953874
-1797747 -8101018
-7590566 -3385108
-1688999 8199373
9276136 4377388
-4567921 -2153198
9608487 918190
-3092383 2610786
8453978 -4333126
506775 30039
5072443 9664949
-4830817 3937000
2303472 -5955020
6131292 -555162
3503281 5681730
1244208 1253730
3152712 -9110650
-2495758 9446461
7645835 5562146
-60465 -1668405
6178398 -561677
-9643487 5371614
-9501248 -1696763
-3513537 9780482
-7673127 8952730
1134032 6993238
930238 7399316
3960649 6303215
-4251946 5750062
-6051856 -7391707
3862023 1767687
2657038 5192352
4638813 -2985264
-7423118 2677632
3525580 -5199000
-3244324 -4967231
2920736 -7779670
523567 9628541
9409024 3419488
-5111429 7010030
-3480380 4252249
-5832082 6022603
2325818 7449858
3199920 8128567
-9263140 590224
-7642088 7148064
-5143232 4598884
4129972 -2468698
2725286 9495581
6812934 6706854
4255976 -3749134
-9012452 -6431390
5713503 -2823288
3112552 1511115
-8962503 5122527
-8108871 8001123
-3459922 -9926531
7523327 -3940953
6703966 1382249
-8027527 723247
-9612337 -42822
-5443938 -5669615
-5621961 -4755569
7256365 1202386
-2090759 7103326
5870544 4069299
154261 -7834783
-8141719 6858093
-9114440 -4132236
3506644 4970833
2971957 4439410
4512879 5397773
3973172 2028387
-6589364 2036207
5275806 677138
-9365684 7899462
4746199 5663470
-9092099 7706731
-1090883 9124239
-1256083 8164266
-5250083 -665290
-5983721 -5385539
3988906 -2579470
3288295 -4125440
-9154606 4874467
-8169771 9311291
4709064 -3666297
878442 6343108
-9104333 -1317764
1875726 4289079
2188541 6171474
-5648704 2510042
216773 -3065260
8575331 -4740803
5939816 9125891
-1539399 -2680752
1933710 3206085
-9373384 -5006767
867793 8438968
3313435 -3568737
-4257446 -5770461
563242 5143664
-5996875 2967970
4166558 3958037
-1752884 -5101208
3586618 -3957716
8552326 2952009
9886749 7937914
5713464 -8714548
-9588657 978433
8297681 -5830368
7375717 -8611704
-3618471 -7252257
-8813288 518685
6949948 -234325
3995214 -2983501
4676516 -7307498
5660472 7074809
1032846 8679641
6094785 -7656618
-1614334 1796314
-5251677 -318596
-9864330 -3062007
-1776555 7151424
-1870143 5849134
2535118 -8848860
5055788 -3572461
-8308366 -7572812
2945873 3953670
-6280655 -7121654
-7588802 -104178
-4895324 230911
9822072 7087714
-1716293 3281501
5624883 -6628730
5167584 -5621508
-3423752 -5989450
-6535105 9915907
-416316 9228271
5077405 -5795308
-4644168 229893
6657432 -9871124
-7443936 2927972
-3118358 865419
3743765 5501937
7914111 -6882661
-4135397 6154963
-4240971 -6981212
-1183359 -4313325
-942054 4042736
937581 -5558476
-9031574 6741882
-825858 7513829
6742100 -5566679
-8845635 8757826
-1012281 -5664142
-5535266 -3489803
1954522 8161504
-973077 9537150
5039087 1352516
-3013792 5287040
-6041644 2953199
-1511661 2850811
1053838 -282615
6276474 7304980
-8253496 2628136
-629981 -2785945
7244236 5231283
9664604 1060513
-181661 -3497311
-6645101 -9181030
9845519 1322410
-7999734 -9664015
9873135 -5683607
5668910 -6456459
1346934 4912222
-9618227 -7344882
-1977719 5305290
7539027 -1129888
8691444 9076119
-5779392 3815501
3545908 2954301
-1814416 -3893021
7167492 790145
-190814 -9633460
3701862 9502183
-6659055 3164085
3500070 3547382
380127 -4658788
-8598895 -4110443
-9198221 -3950963
-8779493 2748039
-9430319 3699905
5086369 -757212
-9164740 8108709
-5559438 3777814
-3267885 7572220
-6320801 7986471
-8707032 -2565949
-2199409 -9153309
2865226 1102154
6782591 -8497546
-2433812 6206171
4063735 282661
6172218 7946315
6511705 5464841
-9270768 -509651
5706606 7732212
9491353 -8701086
9407623 792976
7087142 2842965
415185 6364537
-3132640 6335609
-6230340 4094384
-2542573 -1839672
1778834 1570251
-4410943 2839005
-954824 -1438575
1360438 3155245
-6382087 -6891088
1090105 -9950992
-460642 -9870382
378182 1819337
3118251 7762316
-1444708 -130465
-7287500 -4957774
3923116 8158786
4494395 -4355963
2254773 -9209524
-1049195 780407
4867011 2228552
-4932443 -9270361
-8192583 -9543932
-3872334 4112734
-262002 3167855
3216864 -254421
-7608451 3344455
-4836208 5272574
3034890 2769731
5155619 798396
-1643026 4106535
2265321 384471
-1455139 -7719910
-6929433 9276069
56476 -9200366
3028187 -5462276
7783715 -5076513
-4620444 8095744
-5275170 9591132
-4724660 -5976426
-3714495 -3020820
-9676365 1008556
-3718870 -1322946
3963137 8003780
-8681472 1832372
-4061093 -8364892
2019580 -324498
-5528055 720581
-3350 -9435559
3880427 -2457488
-5403412 -9946874
7492966 -3091386
7520711 -7619697
4487788 -7127478
9412448 4761893
-8258926 2279480
-6711964 -4302047
4375007 -7935291
2584841 -7914482
-3565758 -9145504
-7510395 3903369
-6421128 2373150
5610083 -2974463
-2410022 -1949183
-1890319 -4393267
8176211 -8529595
-9104628 -4777379
-9880724 5669177
1058051 932435
-4305672 -2876584
9402896 470499
6168452 -2564598
-7983536 5207284
7292802 -6940189
-6085692 4601305
-1495325 -6272955
-1383453 -3596087
3429450 -5400101
-4832932 6742982
-7650285 3535780
-2477463 -4206899
1015722 3042278
-8772192 -9065739
1866696 1134998
8258415 2285859
5272711 7561025
-5003573 177663
-4615052 1441163
-2982673 9529243
4130549 5194102
1437499 931635
-148100 5151576
9751475 -9945954
6797028 5797702
-8150166 -5081457
711644 1663095
7221726 -627629
-7177015 4243718
7895068 8449534
735393 4689681
2250706 -1330165
8847499 -3991896
-34380 -236514
-8190919 -5767553
9426549 6982947
-9569066 5939630
1091206 864049
-6565553 -7200814
8596888 -6640967
-1722424 2747828
-5589077 -9553278
-7664555 1505572
8265642 -8367351
-9917817 -4841570
9848112 6160711
-5169454 -6666071
-8141615 -5384830
-3104992 -6321955
-9573156 -5659643
3839656 -1295910
7160072 2369746
-6766205 4270590
7069776 -1748721
-5873336 9184594
1932422 -1816984
-8853910 2404241
6426165 -1140302
-6991301 -6518464
-1360034 -2791840
-6631129 5607235
8941164 -8995570
8135953 -9284231
6910167 3315901
7656259 -4969039
-3748597 7337011
-293243 1495915
8282858 -6588524
-5820893 -4543096
-5358501 -2131014
6052003 -1694229
3226364 -909727
7949971 7198093
3195981 -7831118
-622958 -9041329
-917742 -8164052
5356730 2745913
-4021966 -9460226
3855675 3492683
1039997 -7111799
-9774787 1511934
5524202 7291400
3219228 -7551678
-2094773 3807060
-8323954 7398335
8220459 -4936922
4153351 244401
9958847 1446823
3615705 -5380325
8094698 3154828
-2492872 -7007253
-1744988 -2823044
-2283270 -7136141
6356542 4233047
-362400 4088757
-4399308 9912891
7204292 -7620835
-5172512 3641246
-2551694 423520
-9661792 -4750933
-7171503 -8359296
-5598542 8558667
5490 6981848
4117875 -5639695
7515133 6137548
9130295 2212573
1905881 7538614
-9597527 9901660
