34 8809504 5327025
71
-341890 61211
-624433 -9605907
2785455 -7572946
-2931946 -9815629
-8803968 -7934523
-4757595 720652
1188514 7137101
9591379 -5415458
-4315230 4770807
5176888 -9178273
8410932 4739710
-2810476 5911449
-4208398 5501395
-8251978 8692057
7501561 -6767327
3293884 -408601
-14508 -2840329
-413274 -7330549
5370175 5287299
7352777 6654780
9891784 6566207
-3780340 -7404818
9696076 1080298
8367457 8327391
9149118 7897198
2636909 3544345
-8027854 7560050
-4422203 2342785
1034842 -2236251
-6487226 -2674180
-566429 -1463596
5696075 6806658
1992462 9419064
-2777285 7799153
-3029715 9878989
-1038452 -5424508
9687026 -3137931
458719 5181208
3508599 9383102
7280301 -1173824
4886873 -4825931
5250472 -7566438
4776347 6859020
7139121 -9171731
-9329559 -4188810
4347594 -9348105
-25095 104013
-7960571 -7439979
-9640825 -8032633
4362708 -737856
-3646011 9845812
9224234 -6675744
8505464 8557367
456822 -317047
1025482 -5469585
-295515 -2262877
170685 -4087645
5287727 -5045043
8299578 7463384
-6725426 2426848
-4404905 8970020
-8409615 138520
2698542 5570001
53720 -6370186
-4591690 -4425931
-4580119 -5583571
-2259315 1762299
-7163981 -5355885
-3156579 8762502
-6707083 3292841
-8970036 7868903
