727 -7146973 8959492
910
-6574023 6409256
-2150284 683049
-3706053 -6439210
-5941808 7136381
-8175634 -3179564
-7720202 8791256
1358692 1026783
-4757170 -3085559
3041796 -1693256
-612614 -3300250
-4815851 -2150617
3027574 -3524789
-3997141 -5396245
-5470297 -5219548
-2366521 4993768
1403024 -6510805
-3311404 1059456
-2863401 9252740
-1094527 2982544
2319332 -6288857
5018751 729839
-8243377 4599130
4029923 8893795
-2799461 9515805
8731908 -2928281
-2562546 -895723
-1904160 -6083943
-1480188 -9534971
7761833 4098699
-907533 3049515
-944938 -4604688
-1028880 -9504508
2264584 5743659
-1273797 6107719
2335214 3686410
-5583751 -8954465
-1838983 -2646035
-3752239 8689224
721382 -7809060
-8220989 -4035348
-2414718 -546710
3369347 -8267182
4714199 5681122
-220178 4405511
9971379 2476032
7871344 8872289
1884133 -973559
-5229900 -3157536
5466536 6665070
351480 -3987345
9574542 -9681898
-2327932 -2715919
-4026694 -2264441
-7557149 -3563819
-5082815 -788960
8664330 6738215
8471033 2502467
-1816410 -5449971
8955540 3185232
8177616 7963412
-647947 1443271
-9530287 6048960
5407776 -8763813
417609 7756165
-6231179 -6609336
-6291233 -9230911
-1946830 -6656637
-6404725 -6102813
-7150280 -3457172
5753868 8554478
-2190955 -2233095
-9730627 4418198
1484579 -3719922
1981662 -9030685
1449079 440120
-8116609 159278
8724590 -9198868
4553671 4869456
-4858026 4132367
39383 -5028720
-4259631 -1089205
-5229490 -3735498
161689 -3690108
2852720 -9117863
1952968 3011409
3294667 -1393411
5541139 9762013
-3957908 3564040
4533355 -2974281
-17809 540106
3215737 -4017566
9299918 -5618066
1767743 1940327
8589046 3853590
1341222 6909717
8336864 -1371570
-2590716 -402056
5907836 -6892626
6505864 87326
5615087 -1239444
-116503 -1541168
-1779155 -1090246
-7526206 7940989
-5033292 -3220711
7319396 -476499
-1977713 4948899
1847185 535133
4991812 -2677794
3692148 -6385072
-9475355 3580859
4725641 7549722
-2852334 8861509
4485236 -7865075
-5261397 5571854
-5667589 991100
1966284 -9646309
-736555 -3267740
-5326751 -9812871
-3033581 -5746408
-3706555 -360043
7105208 6802167
9853652 4315733
4154291 -8531254
-4916326 4845464
-1573677 -9637209
7912513 -4391680
6986181 5668316
7803242 7576532
3148386 1471417
4978869 5058197
5411888 -2851
6729410 -3054847
-2867717 -5324666
-8554722 -8597341
-6441031 -3384946
5933573 -2261277
4570808 3180529
4649275 5787225
632689 -8758549
-8395758 9732950
7857622 1575365
-2756319 2033108
-390360 -2639845
8831573 7563275
2621473 5274378
-4728472 -3673206
3271948 -1966639
-4774953 4517290
-1563699 2920583
2051989 -3329675
-3074599 1995270
7692152 -2014438
-6227213 -8503791
-7262339 2341427
-5409271 4405476
-4019159 6858255
-8592285 4964703
-7675141 -4259125
-6695850 1017355
8808086 3672784
9999578 5925623
6475337 -5920386
1113256 -4212122
1224813 -8299616
-9112938 9549557
-5938820 -6723198
1262364 -2187537
-8174976 -8246668
-3388889 -2448497
4473332 7079037
3937293 1201841
8682896 2970525
8711400 -2138640
8878716 3524107
-2803109 -7984449
457526 203154
-3200880 9712822
-4499300 -3067137
-1366752 7912376
7461933 6725514
2518668 -7963338
-150875 -8476887
5792797 6297385
-6151112 -5809499
-8730461 -7596091
-3877898 8322220
1292746 -2276816
5584544 -5195002
8329106 4146
-5463951 -3020388
7182766 8042349
7755171 -2490072
4442791 6498238
4410614 5772224
-4985910 5592391
7629053 -5611100
8428365 7532758
-3653505 9994530
-5814968 4221163
6625072 195384
-1482396 7970923
8210459 5263526
2584876 2326702
4847201 -3688645
3290968 -6569666
-8527316 9383250
9409530 -7009914
9488325 1744207
-9967217 3852322
-8038935 -3584709
804191 -4953127
5095984 2106471
2101001 -767443
5970072 3958831
-5845785 -1197615
9289660 -4888504
-9624978 -4811828
7514874 7500119
6327827 2959898
6390233 2362075
-5738322 -381205
-4874767 379269
-7876524 -6328792
39882 7129910
6061554 4672612
2235837 2000948
-5892581 9382097
-8868994 9848173
3807005 -1275228
43510 7101078
-7787426 7961220
-6850608 -666830
9349642 -7412404
-1936153 -9335733
-4457306 -1806179
328968 -5545920
-2650299 -195628
-4008067 5454201
-4899536 -526823
6662141 6031815
-9450885 -8837982
-9455885 -1102021
-1253848 -5343466
-4102341 -8324878
1292552 -7446843
-9485622 5941169
7790691 3505127
-1390925 6180122
-639259 -343315
7850506 6672922
3643354 -2580212
7224160 -1820526
6150028 -9006945
-7017415 5732445
-5719387 3766844
4928862 9644726
-1457295 -5170272
-513737 -2010671
-7819197 7288858
9842015 -2099726
-6158557 3473356
9494835 2872745
-8430780 4148486
6321524 -1896090
-5223167 929961
8349749 4172030
4867857 8420187
1929595 -1909738
6339059 -6465763
7301081 4912180
4556906 -9380328
-4550599 2229943
2735624 -6900388
2904822 -2547984
5352290 4916428
-9093864 -4736811
8135935 1710085
8374923 -9599029
-1495119 2221507
5667820 4696447
-8615170 -4201934
6734606 -3466078
-2859464 6252687
9786924 -1335799
6092733 -6520405
6615620 -395643
4350652 649639
3749251 -7934979
-7966611 -2913724
4519056 9170425
-5566385 7385679
-8387884 5425192
-1657485 5085902
-2692591 9987039
-2800161 -636251
5161815 -7024771
-7974497 -1415331
-5162644 -5587227
3076974 -833961
2645635 7140632
-3255011 -830293
2335699 -738745
-6157372 -8904359
-9301731 8601302
7771728 -4123983
5778048 5217326
-6841130 -7794657
7291245 -93484
-106445 -5982262
3381487 7115006
2606587 7093394
8194415 -1456698
2956076 4632091
-6201870 -6968229
2688755 8549402
-9764538 -1039883
737724 1950096
-4437911 2571161
1172463 -2903296
-4510927 8776711
3994037 -1055809
-6334114 -8732879
1173637 -330741
3686997 -9042869
8072137 3583545
-6806709 -2931516
-1871861 -6804923
7827168 -8612293
6935830 -8915785
2149969 4141650
-6898232 -7859062
4091034 2385431
-5043408 -3644156
3452549 2169476
946187 6129056
7589599 8941622
2725096 7456576
-2874165 -8744514
4728969 6415085
-1370 3329185
2914021 -4682541
-1487464 -4291726
-2904019 -8957840
4642727 -3660296
-9518646 6548163
8689101 -3207303
1694480 6099474
4971671 -4703512
7465964 6651073
-4703519 -9059428
9882194 -1587849
-4131273 5402432
6657918 -4876358
-8461272 -4489086
1356451 -6096760
-779301 -5946290
-238016 6786825
7828985 7733235
6589291 -625683
-4077519 -5011935
1780762 -413003
8202824 7127934
-7575578 5991594
2642667 3174495
4115067 9890386
-9181111 455500
-4142067 -3486387
1637256 9203968
7231235 5032203
8935443 3175984
-253954 -1412314
-4625489 -1843858
8405729 9508031
-8601300 5719849
-9292086 -2488628
7098370 9837533
6965468 -4994972
-9003378 5301194
-1524311 9389890
9280277 -3844358
6611142 5107108
-8379279 -9900834
1819487 4985427
17631 -4225671
8950313 -949278
154760 -1046926
-374431 -8787288
3237095 -1954376
-6234527 -9452350
-1940977 4635795
4473329 6989739
4511119 -4842607
2974939 1438797
828687 -1975907
4179735 -8549372
-925912 -7374684
5240835 -6692770
809009 694809
6469139 -2939678
-1372604 -9173360
-7703933 -2064196
-851484 8782156
-3172220 1921636
-5014362 4901963
-462241 -6890395
2615696 3044661
8202054 6527440
-9517411 -2873185
-2332739 -6306655
-4856027 -6172372
-3547055 4363348
186930 -3265587
7429223 4210132
3786806 -9004060
-8177420 -3585286
-3133130 -7585798
3712710 -5881353
-1443365 -1468261
-6566298 -9459509
6166448 -3941374
9103287 -4512187
-7984747 -8701503
-9058336 -178306
3515039 5014194
8841823 -1391075
-7027726 1175365
7909778 -4705232
2021252 -4324444
-3328504 -2144647
4270067 -4191942
-1777740 -1505923
-4870924 3653290
-7814971 -8065030
4991813 -3797936
2260690 -4381269
-6377103 -6325386
-5026889 -6119671
3702023 -4361850
3168697 -4085225
4523701 9733415
908780 2010520
-178360 12327
5687883 -8665090
-809736 -8157108
-2349050 4875732
-6630191 5976683
-370027 5873210
324532 -8984763
9733653 1815002
-49914 7832698
-8492688 -5489305
-9092623 3572983
1727485 -3519577
-5088450 -2874248
-3140833 -5103818
6906702 1951603
4480282 7767947
9102858 -3271658
-8912414 -7315482
7560250 -9190526
6786157 -1261464
7128098 3446411
-3022000 -3583869
747485 -2547369
-4714671 -3288346
-6261299 -9302429
-3213094 9308993
8305768 -5353922
1771831 8514392
5926926 5733670
-2314726 1147350
-8568350 2833629
2078323 -7834444
7366426 -9465492
3860334 3165910
4420798 4926676
-1626913 646491
-421026 1548897
1517880 5351088
4579094 -9673540
3540383 -680439
-1371446 834147
-2003422 -9672710
8841682 9450674
5184344 2284761
-6567889 4768608
-9881411 -7130382
7551527 -5136239
7914621 -5286735
7879175 4917953
-155370 1774955
4937799 2299973
6365222 734069
8601509 -5483227
-5156767 -2116898
7202663 3180603
6531103 899969
1227259 -4168783
-4718109 -5472319
6812442 68941
7353901 -9533764
5852206 -9755447
7624667 -11157
4702108 3403733
-9161961 5539288
9830596 -4902365
-86040 -6800979
3933090 4768395
9285168 -3720817
4162285 2534600
8231555 6644754
-2455277 1364949
-287482 4762658
1806691 8771982
-8642725 -2489238
-2023002 -1380867
-8619961 1227528
-8783629 6345556
-7734358 1521058
-2939654 5918479
3532466 -6896319
-3697298 -3109058
4175689 -6553573
-274390 2752144
7803096 3460858
-7378036 -6112105
-2230804 -1448996
5830014 166687
-8544979 7481715
-5007523 -2363294
-1227809 -7187704
-3443824 -4514173
-8168617 -7331418
4189640 -2227452
6207379 6613377
9717058 3766339
3173633 -260154
3186273 8536112
-6195391 -2650677
-9189819 5428235
9316130 -8392295
158709 5948497
-3884816 -2914673
7083394 8505076
-3858218 -2429795
-7101147 -7924129
-9921950 4913973
98908 -544971
-256071 4425785
1039163 -5711452
8054887 -4048691
-1792493 -6727427
4325038 -6255127
1094196 3910132
-661633 8129647
2253704 -5579271
-9630774 -8829151
-9227472 4928766
3433842 9000762
-3429033 372274
2448145 2091976
-2994051 -8013828
-6042447 -4957453
9468333 -378791
3909758 3701483
2169144 507496
-3703579 -5519003
-9257778 2893003
-3196865 -9378541
1267458 1836418
-1226501 -1342146
-7654945 -6478837
966281 -857275
-1856513 5633936
-3993790 6916475
-991549 -2769194
-8266670 970708
6013255 -1469248
8151962 -4309116
1908719 5481588
8505436 2061720
-940931 -5922137
6970866 -5198142
7939669 -198708
4154062 6290353
7464559 -792872
-4755357 -7072438
-5413361 9809614
5443550 6210924
3127399 -4753521
2477285 -8550239
2420469 -7864150
-6817046 -3273032
2417852 -9049924
6431665 -8665084
-4087012 -5673429
-9079214 -2546547
-5228337 4972058
7289702 408004
-3301643 -7288667
1918461 -6039884
-3112322 6679268
-994766 -320544
-4109620 1474318
6720797 -5551215
8414898 1534131
-3813667 -8285566
-9042246 -6648281
-5698205 -630713
704204 3375606
218529 3249812
3219618 6617192
-5894398 -6344333
4063671 7991281
-9297386 3911656
7871773 3278380
-42352 -4862573
4816883 7275803
-8733527 8962883
5928020 3223615
-5242254 503622
-5265591 -3140730
210989 -6539569
2829719 -4307837
1584122 -2970864
2795301 6050275
-4816181 -8197349
-4541681 -3985081
-5993800 -8194226
5717430 2038342
-4683277 -5291185
-7637406 -3894445
5897711 -2209277
9269958 7179478
-7080555 7164184
-2332193 5197978
-7942752 -9806456
-6346025 2402216
8094379 -5215411
-5669922 -999954
-4949679 -7805147
-6002495 7125379
-6859702 234141
2039915 -8027824
4010518 -2853502
-5628335 -9726303
8895605 1843593
9634317 -3265740
6430090 4793316
1957500 8904275
-3381394 1865887
2059431 2141659
-5456125 -8807794
-4023204 5713407
-5286547 5154607
7349460 306874
9948605 -7719873
2514268 3863317
5835493 -6911097
235401 7070535
7344232 -7637636
4205957 -2876581
-3625969 -1243811
-6450495 -3643374
7777254 5320473
-2813640 5507006
-9834983 -5604140
-4411934 1762144
-2524449 -5291107
2379852 -5918786
-3095560 -5294644
-3014517 -7754336
6108982 -3146955
-58052 2016103
-913362 -5539173
9339543 2693702
2333473 8947223
-2296588 -3938147
2418479 8707504
-3455671 -6230730
1792628 -7287915
-2892055 -3752959
8009185 1957645
-817110 -4787636
-706422 8001088
-7293555 -8437258
6324759 -1285629
5567416 -308072
-8291968 -5049907
-8072728 8025717
-6764229 -6688978
-7741755 -8733184
9845021 5569244
-3206900 -7521990
-3752720 -5220148
-2508062 -4146219
2100822 8039908
-2447 4599883
2328599 110008
-1888904 9180444
3259538 -8377822
336549 -6666107
-4457826 -7899351
-2949258 8420317
-1037614 9766558
-6922420 -1021985
-7238817 2198157
-9716247 7852178
2846540 -7393796
9902408 9593205
-4553014 9093820
-349920 -2605654
4510582 64161
2690521 2163985
-6139219 -3160819
-9022289 3317969
6651863 7120320
9220969 1314260
-7749070 -7805963
-8039405 8788064
-2233921 1213316
5927826 7554527
5406705 -6956386
8166170 -1272069
-1678863 -9230403
9863417 8068578
-4537075 -3715525
-1135012 -7970151
4193835 2489859
9329040 -8444491
4873479 8054616
-2308712 -9693248
-5862636 -5958306
-3764269 -3087742
-4299678 8904646
117963 -9287322
8267205 -4017247
-973633 8562141
-2709928 -3809737
-3040140 -2807463
7777467 5611209
4412037 9339630
-8630521 5756744
-1753397 -6722975
7348887 -1920334
-3865717 -2424356
-9601252 2222366
6264060 3825571
3254181 7052464
5957111 5016143
5728821 8954503
7453608 8591426
7153567 -3487622
-4781007 8996327
8705216 -5556361
2571201 2178854
-5965164 6482684
2239428 9499590
-7223385 7920667
-3999666 -9513968
-9421972 -9874498
-5135780 2134617
-4039812 -9023224
8029240 3644632
-1339225 1730722
-6798423 -3497297
-4905871 6905948
-6581673 -9344814
9651513 -7752304
-3308664 -1362680
3332526 873082
-2644234 1778889
1278479 -116286
-2195618 2111546
2597578 -3428554
9213301 3804716
8455685 -4308042
-3331266 -5922479
238506 6932225
-1337053 7214327
-6282970 8899281
5805230 1864525
2519711 -1188840
-6424792 1739909
2893581 -5312424
-1922990 -7217104
4561785 8742460
-1373826 5432776
-2455677 8356616
7444415 6430556
-7248376 2658253
8350212 6657716
3251589 -8792691
8139535 7535298
-2734023 -6509905
4905729 9318834
1183359 -6500640
-5173128 -6772689
4967220 6219422
3423351 -1597920
-6298671 -9622847
9119613 -8499639
-550510 8263114
-863917 -2254212
6692696 -489835
-7831582 -3419502
5754566 9444321
3167982 3034982
-6913367 -8477493
-4987397 -6176131
-6857296 -7131038
-3631678 2434684
5661995 4326063
-6938162 1195194
2113627 -6854433
-6477280 6485189
7985550 5814956
-3405578 -7357666
-7095526 9951392
-538443 -1753143
4827355 9597170
1557843 1629976
7181310 -6901727
-5379219 7242178
3582399 -9732057
-6863094 -7850264
4584420 6725103
-6432481 -7978420
-4266873 -7237233
-4091666 9145709
5630898 7846754
-3821938 -8052594
7106092 -3867200
-3915807 -4711164
3535694 -9989434
2124089 5545750
9692078 -9120599
-6022325 6198284
-4043186 -610259
-342316 -1401544
748192 9539214
-1219331 -4689058
-2667477 7848964
-9388269 2348188
1493897 -4417998
5945108 9036417
-9016177 9641147
-4226052 -7876830
9928358 8089916
616834 -5625507
2436595 3464052
4343454 5257275
1455560 2128674
-8481585 8321129
9435937 -71274
-532060 -6307549
-8480254 184129
-1966907 8248610
-6886850 -8631379
-3049377 -8838824
-9802407 -2876600
-3235453 -7104269
7535253 3697768
1787684 -4945153
-570660 7463611
-6555984 4920871
178146 4382288
9027314 7787470
-1375049 4150058
6595137 3062081
6754532 -1939112
8245017 -3936923
6828039 790630
2159251 8794462
9955638 9941190
-2935410 1626226
-2961691 2669583
-3632649 -3654511
1400337 -5426438
4553526 671388
-4407741 3346029
-2271683 513894
-1698636 -1713243
4953168 -3244369
9817712 6926315
7503555 1548305
127734 -911403
9879227 5748572
-2940614 9472126
9413316 -5445169
6181057 9531376
-5282689 8994258
7856099 -6780633
-9690719 1084662
-8243950 -743564
5118818 -2620841
7893053 9864661
-9332229 5363487
4635471 8710769
-1846564 -1862709
2201948 -3030465
-1425516 -4343009
3921915 4846034
4318160 -9029936
-4475105 -9018699
3029029 -3752172
-4757914 4222304
-41977 7746340
-8652645 -6901814
-5129026 -7216343
