110 -9261444 -5374241
198
-2401028 -4087328
-8638009 4243219
-471798 5718124
-1532953 -4471939
7502413 -9574691
-5966108 -2939251
-5834138 2284733
5655637 -7146788
2227901 -6805474
7753558 -9833899
9260766 -9974832
-6763981 -7610650
407024 -2636814
-9329132 -8761294
4493615 9455221
7884246 -4703373
2056198 4608939
327063 9246237
-5225701 -8415599
4526062 8794111
8371212 4793064
-2922203 8559954
3929519 -7462926
8247953 5249786
5415888 8673772
8698941 6001511
907214 4676654
4556192 4451312
-1793629 -8685762
3285812 5227060
3040039 5216338
-7658371 1170058
416295 -4903763
9196990 2668693
-6020844 -2293054
5016363 3723053
-5200641 4866720
7403795 -7905840
7343947 1245230
-80997 5651748
-5830389 -4723813
2469193 -8865704
5585608 5076825
-1092584 -2974615
4768797 6308331
-5958979 -7806772
3363286 -2191164
-4578575 -3617349
1567696 6295933
6519232 7134768
-6625827 -1936796
-7070076 1535595
-3853893 -9310116
1935115 -9666281
-1498181 -6509946
-8717407 -8145882
-7011586 2671431
-9735392 3751786
-9222829 1090374
9915058 -827976
1365252 5545968
5871156 -6043921
338730 7244890
3540824 3808934
943702 4422778
-7514018 60056
4112003 -3165773
-2475889 -4584093
8265978 -9741890
6264517 9459226
3829696 -3232202
1955581 7547110
1298897 -665538
2941189 -5263459
-3575082 -5407580
2654741 2856247
-671322 306522
-2448587 -8957751
4851183 2183761
-3393461 3608589
6184997 8311237
7661816 -907478
-2975219 297000
555110 -4814072
-5354846 -4709241
-5425091 -3180373
-5633262 991203
-9674335 6530490
3783384 -1818013
-4709241 3266854
8639453 -9791698
514824 7945500
1504102 -2031868
-9848107 8066237
-5808822 8871637
-300773 9274784
-9116342 -9623825
673175 -2638957
2546971 -2091561
3199199 -8771714
-9435735 -291522
-9300319 7774108
-3179049 -5068997
-4370658 -8974654
-3191447 -9395665
-9187363 -6563546
-8618046 -4551994
3416138 -6156187
4426403 -4597592
-5725954 -3915617
-4640832 8617581
8993757 3973273
-8665684 -3757174
4151266 -7816716
-6588430 -3602360
6106118 9866817
7640925 6492188
3939543 -677849
-7136151 -5538124
7582563 9568886
-6994660 -327598
5120409 8395200
4755366 6903646
-7693945 -8947101
-2862717 -818231
-2200650 9096453
-4413922 -4987197
-6228019 9309459
-8507256 -3079606
-4165614 439599
306416 -5095686
3912854 -8059496
-6220993 -9536306
-5074430 -2147602
-2578716 -3357143
6315259 5024486
3419686 -7057024
2362974 -6047980
-4995080 -9308596
-126827 -2814619
-3718166 -5341445
-7812290 7672524
6981983 1867912
1304659 -4040309
-1084357 991079
-1588254 7139045
1595902 9222059
2202105 -7675400
176998 5374909
4534118 -355972
-5331486 114634
3057610 -6634270
-2682250 604552
1295957 -4579415
2605966 -5160978
-502423 -8830870
1358006 1404153
5788417 -5798361
-7322317 -9143658
1847421 9609428
-735174 1593326
-6668263 -9740833
-7416232 -9139272
-1248011 5533843
-4822129 -4722882
5391753 5802460
9168190 -153615
-9549063 -1550637
-3613700 -3514060
1324963 -5736754
-4567623 1508619
-7087228 3338892
7540532 -693265
163077 1217541
826970 -9781785
-5672107 4526851
-2697630 -9908204
3468876 -2340370
-6806527 -7597510
-2320391 4737217
539677 -9112304
-6749567 -6928638
1520725 -292133
-1289840 6217723
-9519031 423378
-8068003 2551475
-4109633 8429698
-2263566 7361121
-1421338 5947251
-1318182 415863
-5057286 1921984
2013780 3009711
-9330658 -5238563
-2836073 7999008
2736226 6379167
-216784 4843536
7914898 -6724097
-4499877 3033649
