272 2614421 -9766028
342
-3780756 -4380479
9149408 -6377741
-6590779 -1941695
-7219384 588294
-7918936 -2613489
-9067992 4088197
7528976 -6063757
-3617113 7329909
9343528 -1267757
1712448 8189183
-9204331 -8215276
-471264 -3342326
9830588 3697308
5150988 -3553575
1577198 6852281
-7528197 -2098688
1523571 7796442
8371099 4137563
-5274143 -2550856
-2647993 3668067
-2243735 9323273
5775869 -1715985
8130276 7801593
-3466163 -7841244
2864291 -9844
1774881 762637
-63337 -3823687
9873621 -8696383
-9733606 -232748
-3380467 5024610
-7074078 1843592
-7843613 -8392312
5745251 -3034154
4414990 -9472514
4195554 2987461
2310734 4283350
5083717 4468171
2269764 -1913397
-7238288 3213994
-6795850 1319953
4598943 -1857645
4318668 4979031
-1201000 7051958
-3180790 4192290
-783100 -934606
3425339 -4044904
-9920864 -5340826
-5858628 5581726
6109212 5824388
-1188151 8556363
2839713 -7178882
-194359 3638935
4241891 -2076570
3653776 -7924594
-4088289 -480045
7662310 6857927
-5646690 3027006
78965 1980979
8689621 3152311
4734057 -585473
-2114025 -9577127
-4917953 -1840604
6257474 -2034888
6305852 -776580
-9703865 2366687
-2295843 -4882299
1272988 -4347800
3575630 7509799
2101557 8031231
-2448814 9745759
6603686 529620
-6443373 7729849
-7772820 -9043004
-3374341 -3848056
5566471 -9083199
-8660326 3876069
4551817 5968799
-6066089 -3578279
-1838507 809292
5692331 -9760237
7873816 -1542372
-3373820 -6603512
3422639 -8336844
9694388 2718163
2463922 -4475804
-1429831 9761926
7491775 -932392
-7459044 -5356852
795092 2235307
3152108 -8317032
-1924611 8877915
4846714 4491782
-9086496 -7372794
3436498 1296977
1536740 -8408651
-7434670 -8354819
-4958330 -8073092
-6409935 -808490
-8090327 980661
-978790 -6715547
5562731 4373595
5957555 7591379
-7765473 -4429141
7806166 8498512
2697832 3029619
-5576114 958275
-4549943 -9226779
-6599573 9270601
567578 8879913
2987615 -646722
998459 4620671
6547579 5552945
-5255545 -1443519
9537143 -9862356
5938449 -3345871
3544076 -1441647
8666084 -5982467
-411608 -498368
-9483504 -9099389
-3553418 -2605442
869185 3214328
-3496099 870468
-7342579 -1164405
-2284492 -7579320
-5709690 3225000
-2154329 -9296877
-1227580 5288770
6361603 6909602
7047247 3516876
2687357 5898746
6973451 -4497952
-480419 -3768567
-1750583 5639535
-943502 9107973
9018884 -1234087
4496593 5503080
8889901 -7595579
1240016 3516846
5937527 -8452678
4772322 1471877
-5308648 -9772163
-1967041 5134345
2043948 3463773
9497001 -5605437
2809661 -8392453
-2890405 2184358
932143 -7700535
455352 -854471
-9230146 1697913
-9536174 9511851
-2468717 9788738
4709512 -2523228
-9006382 -3578816
-9515141 -4050472
-62243 6931145
-324665 5257181
-7092121 4629110
-9390765 7708294
4619209 -2531821
-924274 -9893764
-5193054 9945223
-7755312 -1298327
7847202 -1744559
9953354 2700040
-5271757 8617057
922147 2933533
2926657 2259527
1197063 -4368341
-5902460 3920275
-6632227 1681922
9455456 -3448351
3697111 -4440540
-6732246 -7636665
-7652134 4306346
-3071066 403316
348539 1423592
2641617 -5747768
2507674 2593227
7809619 -6994828
4138581 -5022620
7910913 -7462137
4797390 -4939272
-6791260 837570
7274198 8510805
192728 9822632
-3625719 3158323
8717783 -351816
-5472129 -9928607
-3105909 4501889
-5094795 -3124263
815681 3823026
591610 -2229904
2879675 -6542702
-3537530 -6900716
-9406983 689295
3227158 -9398949
8178132 8503930
-8142147 -9459100
9051705 3903224
3725856 1648403
-5193274 -8239215
1408969 2616489
-4795766 -6475491
8026398 5936840
-7187423 -5385322
954056 5447956
-6781948 3628258
-398091 -8454334
-5355049 6097728
9303375 6064379
-818217 -4762032
6258250 -4953115
-4412215 9876267
3779491 632455
4797210 7155842
8916628 -9978301
-4845460 2120288
5644797 -7158051
8778790 358775
4973453 -3812452
4151856 4107719
-2264022 -4072491
9989527 -113740
-4016012 -145761
8434970 -5365522
-7611202 7803715
-7149400 -2383247
-9990628 1163401
4312208 -9045263
626932 3788863
-3673086 -890581
-8770293 -456440
-5098139 1481455
-8159770 -609143
-1905243 -6319349
304723 -669965
-2226104 -7753387
-5350775 8040701
-9588708 -2236577
-5085746 633214
-9046719 8846262
-3536984 9819404
982805 -6196118
-5241381 -3527612
2777604 7811366
9437137 5385551
7445463 9104518
585973 3183196
-7425947 -7652675
8544328 -5057445
-3211058 -6814838
7948127 -1150949
9406104 4562838
4842614 -7402647
-4253081 9817396
8663659 2273220
2092624 -3299800
504082 7643027
6631767 5591782
3403148 -2220946
-6835395 -8074277
-8969758 -4643363
8539833 3126421
-2009902 -5867433
-8408525 3630239
6815401 -3465574
-2100170 -1619583
5459608 4763529
-122766 -2694066
9639683 -7181426
5091794 5624153
4840705 819694
-9020927 -2815582
5292552 7861140
-4359806 7610840
2052916 -8787948
-3431311 -8678849
4447572 -4400490
-267923 -4891477
8738762 -7562330
-8511551 1323552
2220322 5554163
-7165956 -611721
-789435 -2320070
498504 -4772370
3368135 -8633400
-5297354 8106650
-4708932 -1791159
-3930019 -4318281
5808912 3099973
4312025 -5773473
-4452322 -2138172
3461338 -9119285
-4010762 2511603
-2534375 5709767
9549672 7244352
2798515 -8529574
-6624943 1769994
1966276 -1851088
3376542 -4898025
-3531425 4981132
3087782 -3255322
-2530129 1171222
6852941 895202
-6004825 -3943796
282731 -4821795
3040033 823553
1704268 -1653239
-9141636 9017723
4727491 209858
-2545790 -9159658
-7689232 4277163
8563509 2769077
-9082011 -4314174
787801 -6953863
543621 -3189116
-3928086 -227272
3460302 -6368597
-2957043 3541785
2114341 -7170404
-1992199 -6445515
4378038 -7602928
743833 -8952165
2581910 8598658
-1191484 -5881450
-5041108 -2690599
4102916 6262726
-968197 -2730340
-4528162 -4817223
-1771086 -7533855
-8206619 -1224009
8548720 8772535
4920290 -2134705
3923432 -5474626
-2645030 4479600
8034085 -3962227
-9048803 5362772
-1073041 -5071525
-6472867 1695030
-1670068 -8491131
-8665377 2335649
-8885273 3288824
