38 3560864 -8554736
571
-2875832 -3575412
-4211747 2500684
-4672219 4411449
-3964223 -4430622
-921426 4255174
7060637 143113
3887285 7257158
546534 -9549688
5694469 -1989652
7817277 7126916
-361851 -2954804
5257294 -3131394
6731148 -6413593
-3836149 -4739086
1338130 9104718
8045658 -2390885
2626152 8462299
2873748 -6166089
-8080359 7953933
-5274541 1425877
-8431010 998216
-9228274 4302449
4752761 5456276
-6533376 1318260
-1554824 447231
7492427 -8716098
-1847492 599678
4186085 -4733926
-6956660 7400008
-978921 -9650063
-9524596 4381470
-4639879 -2933263
-6582999 3101556
-6428159 8233869
-340253 -4663358
-1148790 -1702699
-7400250 -6254911
9201365 -377064
-9058804 -131137
-9683906 5184342
6468244 -8097275
2502403 324874
5590948 7137104
-2946536 9204840
2071129 8634288
3015758 6074543
-6858719 2546534
-4351910 8375880
-873899 9074634
-5588724 -8263716
33585 1302200
5047290 3262487
5401775 -4850313
5018550 -3234993
-8050651 -1140676
762049 5334645
8175871 933945
-9412599 5780804
4985644 3766819
-5082541 -2359134
-6284591 -2943226
2119660 449569
-8658199 9373042
8447676 284102
2020386 467903
4286455 5375305
-8845856 -7946029
-2796342 -8149903
-1384895 6555919
-4584757 4738561
73206 -6919194
4014752 -1306356
-5525552 -1750923
4532248 4602153
4759371 1976445
9033219 9449707
-7584372 8474781
364175 -6330769
3953333 -6242570
-3258315 -8671796
6703509 -4026280
-9455957 -8971860
-7121762 7857653
-3070076 -9735946
5002615 -5990305
-2909499 2345168
3555164 7592173
8357602 -8894747
-1776241 8029613
6058 2889850
-5144091 -7016870
3974263 -8444371
-4775140 9787889
-6454681 -5661561
8182995 9178193
7668265 287004
-6168503 4886504
-4739491 728661
992715 -3290265
-6764218 2190433
7051953 8511682
6103855 326283
-6052111 607118
-8846917 -3022191
2384011 2171648
-2328870 1159141
-4768878 7239920
-455839 4161746
8500185 455982
-7849473 3089481
5892837 -800468
-5913964 2335145
-6936194 9724334
8950421 -8137103
4053330 -3427127
-4915445 4702555
-4971161 -6378364
-3254894 3704762
-9317429 -1023272
3664728 -2101811
1573682 3066582
-7177146 -8664142
5497604 6804804
9777138 2367015
7972848 -3485859
5713673 -8072335
-3220838 3865686
-3893628 2316061
4178958 -157032
-1067807 7573146
2275701 -9251359
-5629723 4016748
-9762138 -179108
8797620 1115383
1529924 -9079567
3987015 2462348
-3685441 -6896394
9908410 -673779
-8306763 -8187837
-9157343 9685548
4129565 9666085
-3951877 6556330
-8611256 -9091272
-6731952 -5329152
4760346 5567702
-1167305 -5283406
8733342 -2963953
6856940 3202972
6834707 1487557
2407990 -1829088
-9366739 -1635369
1468237 8911358
-1762421 -3052180
-8723665 -6107001
-6421453 -7552832
4629606 -7881008
1191675 224465
-6350455 3194081
7864929 -4903229
-9335527 9433945
-5849461 2625275
2177675 -502831
5216493 -7116118
4371439 -8449033
-7761769 -5432447
2932184 9295781
8207139 -7128508
-7664336 6916774
-9190227 8961071
3924591 6128352
763696 -5611679
4612786 -1445803
-8251721 -8044629
-2947858 778683
212628 2129560
7271188 -9767032
-7753511 4363168
-236598 -8034785
6032534 -20666
4546887 6651193
5946974 8270765
3658610 -2520928
6912198 -3329534
8147889 5994274
-5361022 7721971
-7889708 2072480
3143030 5402675
-125602 -760570
-9981887 -2592339
9537221 -557107
-7807787 230742
7110262 -675239
1289976 -5561298
-3065612 -3126336
-6475143 9838862
8109628 -8518724
-8523300 9471831
8658649 1768238
-9721136 8388898
6110869 6806538
-8604629 -5082157
-9679482 737514
2493296 4538401
-8053938 194916
2154161 -4972238
5258504 3999635
5840749 4346374
8785076 -5114882
1758782 9647077
9485940 8235817
9717093 5283639
-2728178 7595568
-636194 -8806207
2099043 8446824
5253362 -357330
-2923135 -1790088
1463778 -834915
-6296514 -2602617
108652 -6042925
-1015163 8165900
-5318112 -7737187
6609188 6759693
-8355189 -9477363
-9830286 -2089384
-3853567 -4080055
-8796416 2172006
-232426 8379878
2090023 -9008242
9438582 1647732
3806755 -5810934
-5084669 -2791703
6373382 -9116380
-9202644 -1104539
2852536 -9923131
759121 906008
-4314827 4353725
1113418 5441009
-1520002 4810713
-7278670 -4725419
1194526 -1350287
3338071 -8615885
2280346 -5085538
-4093779 -6894354
-2730270 -5629631
-8924212 -4655197
2553100 -8923515
-8039894 -4008881
4886580 -1073517
-8480296 5273814
-3820178 -9744531
4609194 2278825
-2280165 -5618653
9192061 8238965
-6486454 -1283815
7365898 4429743
-1669790 -2775575
2138887 703970
-3674032 -9389444
-5019074 8045108
5906264 3595698
-2811464 -3943286
-5435815 -9024284
-97801 -8335006
6938808 1967117
-5261062 -6061745
6217081 5634982
-9983671 9348133
103450 6453268
-4830547 9208390
-3845515 -3866652
3357773 5051704
8272026 4484696
5095252 -4503339
6058121 7114346
-6773604 2592530
8649244 1964385
-4543546 414932
2079926 5729781
-9786749 5358653
1813261 -981266
7170068 -5047811
6816674 -9453306
-483686 7186398
-1088860 -3079876
3053473 -2797881
-7746177 5065626
-7933326 -3588754
-5575741 3042201
156547 7161926
-7729191 2998733
7479470 3382944
6314228 -9079947
-833813 -7064076
810930 -1605845
-70759 -620562
4331627 -7375809
-6829115 -2900690
6802060 1148302
584778 2687199
9889318 -4286800
3295178 -6361749
-7434150 4659494
-2298305 5361852
-4959869 9506461
2505194 374595
6273891 -2689060
-9252655 -15335
-4563059 2588119
3498626 -7570116
1809322 6247871
8872062 -6572132
-6956470 8657302
-194396 4559299
-2753502 9845590
-4441210 -9609618
6544986 9652169
-3171985 1370321
9248525 1627188
1133649 -2953938
7420657 -5711344
-5884052 -6361156
-3860139 -3789100
1315372 7379646
9809530 1576802
-9658974 -5186002
-9241782 -5864795
-7207493 9213088
3772388 -6198252
-6352662 -4885537
8021197 3535238
-4296241 -8277519
-4390846 4566183
-3806629 2531774
9577837 -5142321
-8337312 -156627
-4001431 -485154
5725747 -4221364
5674634 -5345218
6231584 -2958881
-5628531 5484165
9619370 6572610
-1697949 -4870312
-1068564 4928229
-9957308 4590791
-9357619 -4904873
-3182392 8063889
-4853575 -3653859
1394267 2426762
-199207 -6143852
-3784127 -6511544
3003303 1463481
-241530 2214442
6869224 -8754598
-9197127 -4566896
3433621 -4382839
4706123 -4825658
304030 3052991
-9502428 -6991826
115317 9235467
-5669406 -9459736
1120506 757699
-379808 -6335446
-1392332 -1216717
-4844217 3530811
7019268 924813
-7611705 1371657
-6413901 22571
1267973 2146765
96221 2971676
8588837 2070846
-238460 -6470157
-900814 3294960
6303135 -9934429
1817390 -403241
137023 8934804
-307497 6147984
2328890 3773881
5073516 1829047
-4640141 3452910
-5622277 -9770700
1600957 -7620873
-5081950 9282370
1429135 -2296592
-9324916 -1297625
3289573 -8474643
-4944800 9263921
-4924766 -6948887
-6883316 4154386
6267497 3894721
2829525 4934074
-6401590 -3595479
2694754 5038381
-3132572 -1556348
-8103438 -2231729
-9486077 -5256361
-2877234 8790638
8073008 2114880
2334640 2040816
-9256809 -7981504
6060205 -4473923
-5210002 4032764
7083878 3631757
-2213857 -134768
6276305 2716914
-2349011 6569993
-7025486 -894169
-5855788 -6234249
2209404 -1814380
-1529757 -6472008
-1728368 -3377682
-4587044 -1015834
3615398 -2089250
9951567 6002317
8020813 -4049961
1476116 3211110
9760227 4081018
-2287225 -1217534
1164051 -639543
4593723 -1984730
-5414737 -2559644
-937461 -7755288
8526816 -9923871
-9221898 3206751
6734744 736220
7358538 -751655
8232512 7522728
-4566522 5287847
1290164 1847910
314301 7901397
1112508 -8172671
5908347 -8209583
-6910764 -6610913
-4734104 6137474
-5847256 -3230361
4209995 9859619
4620684 -8745640
3846841 -6727465
-1004362 3147500
-6116280 4624943
-6126711 8246734
5769462 3758610
-8437191 -7894199
-3529937 -8797059
9104338 2852973
4680302 6784365
1091134 -7266802
8638637 -6894999
9242475 4180370
-9049991 -6095467
6280505 5911572
7165932 -2323643
-6534756 901189
6565041 1012773
8154069 2460882
707617 -9551239
-3276277 -7972642
6649511 8993431
2712724 -1713467
3655858 -6880426
9903939 -5666585
9582965 -9147487
-6042486 995074
7691796 8221603
4642488 5716342
-5855734 1158158
8834515 922993
4340534 3826550
7355675 -7700241
-2723007 905575
-6129312 5509744
7537102 500962
-505606 -6889236
-6086351 4186613
7306188 -7792882
-3459467 7569507
938372 -273521
-9278447 -3876501
6861454 -2587761
-6871419 929702
-7912140 -5979706
-2540360 9789199
3615749 -9077625
5738486 -8199826
-4777898 971424
-3518831 -6984521
3516442 -8390858
-5280094 6534623
721237 5527188
250658 -1366445
-3796937 -9456223
270256 6791192
5431043 -342213
7070026 -6491838
4437864 -5191151
-1170857 2714959
2504158 6525724
-35549 6288783
8088958 -3880093
7091332 8219289
-8765232 5827412
7436554 6088853
2623476 -2732438
5311102 -7843539
790016 5861065
6404842 -4438239
4869305 -490569
1683571 9191451
-7300387 300348
5109197 -1246403
-8531443 -346171
-3820447 -6061660
2743476 3972715
-9907377 -1339644
-3120355 832434
9176198 -299693
8305512 -9369235
-9585320 6612752
1285565 928988
9306406 -1757866
3803895 -7924418
-5898635 5711248
4902699 -1326800
1489900 5784936
7054886 118664
9772493 -3400903
-6946210 8523443
-4987490 8468398
-2871246 5797266
9146052 -4894867
-2678208 -3475249
9671869 8322250
-2548646 8143656
-8411003 2602901
-9154965 8736920
3328854 -9104597
6606651 4648931
5838483 -53429
8247860 -5974297
4144367 -2671616
3927481 5302746
3826189 3916861
2385259 -502377
7811241 8838699
6460185 2030366
1071469 6957293
-2204105 6298329
4441986 743338
-6653761 5247250
3984170 6030983
6926386 -5808725
1356558 -2686976
7259595 -3950611
75092 -2804959
4523425 5507455
-6673447 -5780540
652673 -9032741
-7018766 7152742
-1492206 -6962068
-2415350 -9207524
7749769 7484331
-3700988 8656120
-600542 -4454335
3309267 3257350
-711667 -4737950
-8030323 -2706563
-2877187 8731071
7296813 3326235
3037628 6898760
-5077432 -2628095
-5892283 -9922594
-8955335 -1750879
