48 4994920 -3368894
490
1768942 -1084866
8460814 5710410
829600 -842550
-5793765 847296
-6911002 6744939
2656952 -7204220
8434596 6390675
-4844000 -2144803
-8204130 8458307
-1181891 -3192582
-7971455 -2234650
-7321623 2233265
9117375 -7111653
2818983 8442148
-4046580 -5363136
-3931649 1966441
-9806797 7722363
-3120187 7045517
-2107186 -6460844
-9715905 -6397599
-3601819 981812
9888839 2941047
3312596 7349129
-1676212 -4955161
-5631390 5108466
5390169 7141897
-8108485 -3602845
-714498 8068546
-972954 -8991110
8162107 4620837
9103630 4980467
2702830 6746810
-3691321 9296834
-7164010 2098995
-1782252 4201493
7699657 -6879915
-1422516 -2867718
-5518589 7588496
5149688 -8109920
-485101 2805200
-7536551 9518298
-4084547 -5094932
-7026386 -5645036
7880207 -2282693
-7661856 -5482988
9497479 -1441334
7821828 -8558226
-9261392 -5283339
6815657 -5869493
8332001 6090950
9211035 -4966595
2165687 -1451990
-3863493 -9695129
4711304 6647099
-8031349 3802547
-4162803 -5773797
-868729 6948452
-8696583 1752650
1986309 -5378763
-861751 1699976
-9741358 4324453
-1717421 -8847919
-4131258 8080470
4727329 -8462460
7628490 -7315601
-9765843 3059330
4123693 -644122
-339251 -5083804
-8436705 -9739800
-3420901 6888405
-8885392 6048298
2996751 2416296
6685298 -7237769
9899820 -3183480
8516496 -1328393
5512412 -8445578
-7293497 1291490
-8111688 -6205009
-4667469 -8908403
6292349 6615641
-7808676 -7038978
2316900 6526506
-8557298 6315017
-908431 4494001
1382407 5522350
-5913000 5670668
-9396684 -4986633
-9708049 7083751
6416623 7288614
-4039779 -9808229
4262545 4933119
8740961 3988985
7783976 -514600
576998 -9370727
7244915 -6883492
8593882 9385699
5912205 9436239
-1732392 -6572866
7921135 -128741
7909961 7359177
-4453803 -8180106
-3166738 -8003038
1597065 -3850487
-6561873 -2874787
9833336 -1986311
5463160 -8085300
5903685 -3387766
6097634 4204122
4833395 -3795987
-8163127 9190984
8576683 2078310
-5969099 -9569245
-6142111 -2994760
6876500 2298509
-7825962 4295377
6115271 -2697187
-700225 -2279765
3869748 5464885
5106450 -9103159
-8573118 -175773
-5744721 -2543861
4068373 6890042
1094164 -9841036
8879330 -7317641
4389696 -4072440
522222 -9283797
-8853041 2966379
2487972 -2930524
9367985 7521200
1816577 -8119176
-816363 4058376
-8221389 -9551799
5913086 999765
1896606 -1835288
7988939 -6464111
992028 -4160160
-7270118 -7755781
4919535 7576753
2775464 3824047
2267959 3798865
4515069 -2834840
2647892 -7209819
-140343 -1821620
8215932 -4864136
-2983312 -8256005
5802371 32510
-7002937 -1283323
9716442 97334
8262046 1426501
4962390 -5870600
-30760 -1232662
-6472091 8470770
6047523 2699123
9039522 8447444
-5237338 -1177012
-1495500 1307481
-3385986 1794083
9972463 -8847608
-3711744 -1009976
-6749629 8188395
-9262743 -4178704
4537974 1569094
-8333572 6250672
-2322826 4254416
900169 2444827
-8787835 5155916
-3856961 -9130591
3568532 -5259926
5703870 4706914
6046254 -4875594
-1051761 -9533468
-5223033 -5449245
-4296853 5562254
7068630 -5250570
5454178 -5492244
329052 -9680999
1888095 -1292213
-5041540 7383378
-5845853 -3929125
8515702 -4848014
2824254 5054316
5923725 2244219
6984293 8967293
3674208 -7991390
9649368 -4795484
8187400 -279538
-3212431 -1402392
6676214 -7035632
-9769850 2490717
-485175 -3738804
-3419803 -1799320
6908468 2360229
-256392 984644
7055519 4383280
9535266 -3585893
-8531577 -1912426
-9668207 2359520
-6156834 -91500
-5566538 -167561
5036955 7517374
9754188 -5917169
-4803209 3224355
-1294925 -3458242
1548827 4389357
-9349447 -1064774
7135906 -8936348
3423881 -2769250
731746 4044374
-9055994 5683841
-7902052 -9696383
-1608809 -9520728
-4644855 6082723
8507576 -1277015
1071776 -8285337
9232037 5457390
9540221 -3891269
1849438 1502577
560687 7253364
1642721 -9445486
-510260 -7890486
5689518 2293274
2040376 9141998
3186373 -8370248
7313593 5288474
5592092 -3353269
9642356 1927894
-9473031 6499635
7738972 -5002499
-3287836 1550897
-2991712 -1189252
4919479 8460553
-7520518 9064861
6318226 9285270
9839784 3040170
-2333964 -9522701
-4713074 -670476
-1528478 -6644445
-5014693 7327302
2615777 4174247
3337331 4815252
9259498 -9275779
7223856 2979687
7977188 2302820
-6146283 4962829
6289929 7205704
-1817391 862005
-7556781 1209409
-6988969 662091
6218613 8761445
1755096 -7149185
-5303309 -6115350
-2759795 7042022
4369325 -4315435
2375165 -5258136
9557116 9501454
2742027 -4287504
8692183 1332967
-6364213 -34117
7445064 -814277
-3608573 -2510496
867862 3734994
7460755 -2909612
268831 3311081
-5411122 -9528214
-6677399 -3512555
-7111553 6343974
3385997 -9464356
-3779791 128652
-2613132 -9728326
2289480 8595374
-5692130 9460336
793303 -4968493
4997390 -6999947
2185776 -3054558
4434947 -5041193
1210153 1093555
700295 7819161
-6353406 -1329092
-8340954 3485479
9972924 -1764528
-5420554 7497999
8033643 5377723
8022727 481795
-6730179 -5746148
5365579 -4590405
-5130069 5559301
-9409192 2189801
-2293793 -1820413
5125029 -1895449
3063358 2408335
6018243 -7923672
9895489 -5726489
-4539229 -3281462
-9795983 -6457917
-5706093 -2880183
7134168 2693293
-1928984 -8610294
1871501 5167811
1938015 -3906257
-5980310 5141323
700624 9819946
2009748 -8594026
-414439 -6192215
1912336 9715955
2124290 -5289410
-3213081 7492046
4281909 -1857467
-2622576 9198760
5257196 2259032
9378849 -2418559
2791087 9551103
-9059191 -970631
-5802820 3378455
1988551 -4671337
2986338 -1348453
-1528506 6008241
7414215 6203314
-9988901 2997594
2713549 -3000224
-5773281 -5560213
-8068167 7354191
8013077 -6470010
5245102 -1269906
-9010874 -4609499
-4511706 502298
-7430246 2884327
-8086304 795733
-5825811 -6489437
-1160774 8627228
9795128 6162740
2170981 4341916
545231 -1733378
3780568 -7898451
-898675 556330
4996118 9010469
6364660 -4155604
-625614 -555697
8174398 4377737
2284590 -5380511
-2361861 1679876
-5435796 7772885
-8915030 207893
3718457 8994252
7621481 -4740841
-8578101 5074035
-584048 7416609
8199583 -3890767
-1789218 2477535
-6966135 1980151
990620 -171541
5672856 546335
9990639 9871632
-3234278 7563594
4699435 681389
4877617 9050312
-660451 -7662425
2545468 9441821
8436074 424520
-1799969 8780277
-3629335 -1426093
8506868 -378069
-1752484 -1697031
-9219496 -777197
-8797046 6458298
8803109 6330721
-3122943 -5290074
7097910 4475965
-5444088 9384048
-7418211 -6136368
5430297 9255347
-8407078 7459406
-582420 7286198
-2289282 -3345257
7951372 -9629994
-8539735 -1572898
565385 6838389
-4858642 9967133
-810064 8812901
-2212449 8438214
4768936 -7090758
-9864480 -3409340
3582978 4162345
-3937255 7233430
3613415 8138890
7394237 -1355466
8620292 -956288
-3670090 1503512
674607 -9445776
-9075770 -3443019
4984083 -1374021
-4535631 -7615505
4867980 -4450532
6878721 -6877921
-8439706 -5942084
9483510 -5333728
1256932 -1154418
5524279 9619030
-631187 -5160090
-7021200 -8412976
-7252090 -7017772
-5457708 2889390
6909254 -8631798
-8077573 -6611446
-7538113 -2416139
-1273808 5363009
7747505 -37678
5511790 -3293087
-171007 2615485
-810246 -5093137
-426865 -6094361
-4732427 -1326736
-9191353 -9169932
8186330 -9208148
-7621124 -7306188
-4323960 3681483
9087225 7643138
9011340 -7265316
-3876762 5996479
-6419660 3450119
-8670519 -1414874
8547448 -5177116
1529798 9076986
-5791177 -3424409
1482454 -8641209
7780782 -4085071
-2895454 3571942
-3081638 -6951645
-6159793 -2086807
-6876643 7621044
1302527 8735435
6378573 -1200603
-5949567 389752
-3613769 -2093735
3872737 -7309977
-6208499 -7517077
-2694192 5202218
-3204444 -7661050
-8569107 8835606
2710749 -6479269
-564339 -4570301
1517993 491531
-3943762 6540207
6969752 8436355
6057400 -7587203
-8851768 -9906891
-8591142 -2640073
266032 43157
465774 -4540709
-9334334 -831385
1651539 -5661489
2057081 -5542832
9312470 1473699
309305 8852637
-7626631 -9256637
8689414 5536406
8544289 -5674618
-9134411 207408
-8839885 -5399473
-2986676 351693
444802 7217515
7093795 -9322092
721065 -5629988
-7654345 9876179
-955206 3703191
8041703 -6988679
-2531511 3212685
-5313616 98784
-8532226 9297311
-9959326 -2487959
-6951553 -6158857
-1833475 1246441
3970201 -8407264
8709615 -8451534
-5583489 5130316
2347832 -4277061
8917199 -2622335
1747677 -8042021
-8165842 -7845384
5857808 4093332
-378995 878952
6607990 3899511
6514647 -394153
-1096842 -8705626
-1193584 7982421
4339916 -8539815
-4777022 -5628785
8480304 5022793
-912389 9193179
4323495 7189919
5429211 3504122
