611 -3118428 5481864
998
5582746 3788766
-6486928 -4926039
-5529593 -9193330
3951410 -8618515
-9184163 -9615087
5156560 7624315
-9789967 -2511438
4466465 3098216
-8332761 -7038993
9857380 -3063985
9737861 2038417
6323836 5085604
-6186320 8835782
4384831 6065316
5463240 -5061971
8726795 -133305
-2542992 1045986
-5630991 4756220
6137705 -5556232
7345033 836771
-1538914 6953542
-5557896 2501593
8116161 -8812529
6664831 8908569
-4155416 9783401
-5661830 6522211
1607815 8098797
6934579 -9337994
-756326 -2062152
2875877 1319411
3702458 7223266
-9214395 -5880975
8875245 3675819
8119587 7670966
-1492263 5012950
-5517156 5464620
-9517434 -514824
672647 -1075052
-9650131 8598727
898480 -2662522
6376041 8710806
6809603 -2246997
-9068639 -2016143
5921705 3744183
7579946 175036
9914654 -8686066
-4567041 -6201244
7474575 3216611
887577 -5691796
1837506 5594162
-6424865 1911667
-8603157 6320350
-4754702 6574053
5172780 -5414158
1923321 8111520
-661322 8587613
8856968 -9184286
-1200429 -3851719
2408816 9788329
-7520283 7237628
1067915 -7494886
-3696129 -7605628
5610983 6500874
-9190921 6294798
-5594687 9014913
926580 -4837063
-8516712 -2019552
-5445499 2323423
6909265 9244938
7356458 2243633
-6652402 -8651062
-7835347 -3304864
-4640230 -7795434
4509248 -6519424
3234557 284938
2790053 6988965
1899689 -5697528
-9196654 1610276
-2094926 -9972975
1558290 4128777
9291715 2310387
-9709165 -7515130
-2675355 3291355
2536293 7361688
-7878326 -5766090
8099201 -7590896
-895760 -4530728
-9809809 2780206
6260782 -3019638
7265301 -2784209
6721108 -7988309
-3685837 -7428294
4181982 -1379202
-8835825 9633862
-3721009 -7912944
4397444 2722465
-2276313 -4429294
8862061 -2795369
-5433680 5048332
1798594 -6085293
-3676189 -3312006
-5326382 -102205
-7321999 -2055597
4924766 -5136191
2079600 1455136
3466827 -5293581
-2721875 -1199291
-62141 9780991
9414853 -8539893
6063515 -6381614
-1142797 8210196
-6219097 460959
7665591 6580890
-5854426 5159316
1590375 4748263
-8563743 5944168
-4158036 7914186
-4141410 8626227
-6509963 -8963683
2491453 3299708
522479 -1914011
-596950 8474633
8255624 316956
-5706585 1857261
5475647 186829
-1602975 -9643070
817890 6849202
3430092 -5305720
2369949 -9000167
5748096 7575666
-3963813 6476676
4390863 -299295
-1673068 1878151
-4569180 2765805
8581865 -5666679
-5064337 7922274
-1086741 -8379304
1937652 4338713
8712327 9685235
-7611584 6231067
-895651 4187974
1037177 -6698207
-2003926 2438591
3438424 6983621
-2924360 2882375
-640949 -8297128
-6080071 3111827
7506330 6266266
-8451577 2246862
-903465 -7062850
3375776 -9869712
-8249016 4032198
-9112736 -7710965
-8025730 3688636
-7563945 9599591
-3696083 6879038
-9819168 1540405
-6021004 -142554
-3158932 -1823094
3575633 -66227
1636645 -3566940
2061239 5451036
1717303 5556575
-9680211 -432431
-4978929 3265726
-4087633 -8067324
5964875 913200
-4281413 -2336649
3868340 -631509
-1031918 -9790790
7088248 -1179253
2877504 -2211649
7645798 7269080
7962338 6856501
9306626 7003218
-6563722 -5945677
9505360 -6540377
9016198 -1986131
97790 -6260985
-478907 1852339
-3698632 5118861
8548413 5433460
5613164 -7733757
-5848914 -5732999
6992563 -8002144
818603 -4364480
3423871 4080811
-6133756 6212460
3068961 1069669
-9410761 -8171418
-4117094 -5108061
-1648438 -5974483
-5444262 7904618
-8356367 9884113
1736452 4653528
-7711258 1164726
9114539 8037820
2820415 -9162845
7620508 4727703
-758089 -512147
5123373 4613071
-8789765 -9939486
-1210674 -1452755
2133266 7592831
9421413 -8141713
-3249774 2722506
-735625 7820671
5725289 -2381859
-2497746 3820114
-1526358 -114726
3566353 1755058
-207121 762384
1599540 2680892
9924947 5129646
7133852 -8263600
-1134176 -833142
-8256276 2257225
3320822 76059
-2331110 533051
-5092310 -4545911
8176595 9606655
-56321 -5825731
1792410 9957322
3777436 8185320
-1929405 9294664
1049722 -7748921
3013463 4153300
-3165808 3358953
-8995048 7129355
1382108 9275491
-1557651 8138804
396029 -9752068
323991 186073
3235476 -6283148
-8312707 509233
-7367760 8143167
-7682564 2380240
2337562 2575919
761240 4109846
-4079138 -3885001
-9117570 1348187
-4498513 6970584
329538 -3587755
-6458399 -5147969
-5872478 -6149158
-8010354 4923709
5171641 -4913777
5272296 -5097973
-8864769 8011984
-8962431 -8975875
9167292 -7177476
5202764 -6330191
6245729 -8515272
-1889074 -9943321
-3828322 9523321
871508 4031788
1002372 -2945892
3466353 -1110653
3741378 3848262
7699104 -475694
6964367 385252
5471475 2205102
7107130 -5347640
5180696 -6739877
-5715752 758713
3581238 6218265
2404427 -6548460
7452620 -8699646
3873385 -8833492
-9310171 8079898
2111686 -9954937
9615523 -5922311
2967036 5630411
-8004975 -4401771
-2361113 9224766
-389982 2210482
-5584416 7119607
4288319 7597845
3374320 4039066
-5202220 -530984
8203633 7658569
3626461 895370
-5287924 608060
1774568 -6404566
-8324668 8585462
1146877 2464397
6542086 -3696629
-8066218 -6721247
-8606666 -7974526
-8749760 -6071193
6139289 -967779
8668180 -6623390
3490807 3071226
-2889708 2956500
-7574484 -3134872
7040049 -5575576
5319794 -9370851
-6246438 -6817138
-3221704 2548223
1133685 5528130
-9491120 -9030019
-2726648 -7719438
8075667 -432682
1592793 -8276514
-4347707 9469001
-8982425 -4640615
-1264004 4307935
-2620839 9685755
2642255 -7773197
-8391717 -2994195
1430230 5067771
-1786727 8648332
-8168805 9266376
1814599 1966835
-9988683 -8874157
-7904176 5464636
261551 -9479803
87516 -8114472
-6390986 -1662782
-2193780 4196661
9556046 -8222340
6085595 -1176205
-1490450 -9191606
5551550 5981108
5503265 3668158
-1264071 7159833
-1675482 -3066505
8716224 -534446
3948741 155713
-6202092 530823
8511812 3960059
4480256 8410085
-9704387 -1226637
7110581 7084124
1280785 -6095372
-4317712 7433153
-3743052 -6646816
-5838422 4284235
265343 -2717149
-9048991 9713128
-610686 -4231392
-4781544 -7796710
1668845 7713832
-9614103 -6065320
-3018145 8133938
2093997 -5816195
-7406110 8010019
-3216618 9090606
-1308918 5405856
9310484 -6106036
-8672883 2488220
5841404 7509124
1793359 -9899582
9899621 2519334
2232463 4575054
-9656338 -9149370
-6946080 4138129
1851961 8078470
4529502 -2760883
-4626944 2237858
-1061985 4027710
2037729 -16595
-8409637 -5951742
9454114 8821112
5231428 281446
-7230334 8764598
-1209926 -925103
-8308333 8611070
-6353244 -9416567
5158487 -8408712
-7558082 5879219
17348 -1981499
8613324 8012191
7767660 4385661
9139871 3142826
9686888 5657068
-4359526 -1922113
-5357503 1724618
-6937918 -2769163
7512283 -5903389
5377561 809862
9884759 2798301
-6074277 -5832365
7267420 -8423573
5684067 -2427520
5968051 -5057741
2960760 8125986
-1345471 8501752
2887413 -5909564
-250385 -3577811
-7920742 -5456363
2621524 -563497
-8838879 -2280268
-2533079 7264021
3876984 6739555
-2450583 7495557
293858 -745455
3422180 -2565823
-8473044 -3264066
4308414 -6794048
-1851789 7211023
-2146639 -7207183
-8705431 3625323
7715760 6507890
-7069920 -3301665
1241972 -2534625
6901878 7525690
7761774 -6136504
3643869 579352
9835259 -4771305
-7275748 -9962795
-708250 -2615323
-2664794 -4465537
-5213251 5230282
8436234 -8621486
1105889 1611515
4404332 -3415555
-9790232 8959251
-2016507 5698902
-7602763 441880
7907255 -6570075
-9044385 3639209
19057 -2674514
421190 8717389
6462437 6179278
6216483 256449
7641126 1703041
7237504 -4491767
-9261485 7492684
8871198 4540605
-3847880 1691101
8275546 -22912
-8547309 -9443547
-1228293 1001666
-8556453 -563816
2866110 1168944
7324505 1867154
9192640 -3661923
-4944533 -2656438
-6477160 -386170
2386632 -8482096
3220945 2255675
7763908 -7455890
-9963205 -7025198
31759 1018775
5226228 1424345
3917785 6183880
6740333 3501774
7019792 -2113172
7323013 8028392
-802664 8463339
330494 -7294525
-956448 -3478159
-3618245 -7960514
-5830331 -3384629
-9350373 -7579053
4676622 6556301
1616763 3870573
-638273 2440530
5975657 1653558
5594256 9393486
-1906282 1201885
7220011 -7971607
-84778 7350403
5378795 4239803
-4780505 9754587
-7539938 -5423869
-6385676 5549989
7589475 -5980034
635338 -3921
-5066622 4275496
831797 1284965
7671890 9610000
-5433118 -7551439
-3381529 9549969
1459808 -9457461
-5739224 4729079
6757473 9553526
-579718 3997139
-1763057 -3327305
8943634 -5200923
-8108439 3456438
-8477221 -8596304
-4576338 8022237
-9465331 1628606
-4095897 -1424648
2376670 -4531953
-4921952 -747748
-5782835 48560
-7885118 -355070
-7296178 835637
8081068 3574690
-4355432 9480950
3478090 4838541
4027588 5064850
2380280 4231385
-9795825 2971222
-3108730 4271841
2294078 -8273046
-4128088 -5168715
3406637 2828747
813147 1776015
-8971732 8299659
-1651780 5891195
8052477 7761785
-1402578 -7020546
6554144 3272651
-4730046 9194843
4033384 4715064
-220085 8748044
2979429 -9422675
-3935101 -7839805
-1051612 3183604
-2573090 2956170
303807 3758818
9103918 3298822
-4925162 6226796
4526456 -82935
8324612 8619458
-1102405 5391028
8370482 6377089
-7833907 7495018
6689861 -2559022
-7843958 -2563953
-3815909 -6760403
6333274 -5547691
9128856 1679872
7379828 -7601826
-2129304 -1922756
4352415 -5193262
621912 8174503
-3082349 3456333
-6626602 -1786898
9348912 -8555893
6835135 -8301990
591451 -1753492
8257878 -2278031
5162947 -4726104
2709943 -2535909
703688 7318990
-8228701 1410386
5606610 9553315
-8048511 3416508
-8506248 2986438
309528 -7661463
-9486960 5846167
-8181148 3447793
-8339105 9947043
-8608849 -4807750
9406612 -8990192
-743684 742638
8464608 -7485584
-2211688 -2485806
4978285 3627555
-6537103 3014608
6941346 8198325
7751640 7750549
1167057 2547957
8050747 2219481
4558018 -4822839
-8976671 -9123372
4324421 -2412590
-2465546 -7157819
-9449216 5985316
6995124 -1074395
2184595 2473748
4988164 8767792
-3718014 649203
6793111 5292829
-9176211 3776623
-5508699 -9743992
522909 7765135
313092 -7757059
4462423 -8310034
9383480 -9119808
-8243180 -8463207
-875796 -9593191
5765342 -1402407
-5417091 -824990
8100615 -1167522
-8693773 4094386
2862178 -7198438
3450766 -1189257
6619924 1660517
7953492 -7239771
5532589 7443713
-2274799 -7555207
7204087 -3944501
-9738183 8038293
1434837 -5817138
-4280345 9645297
2568458 3191657
-8210750 -2639789
6535221 -9149847
-317369 8888512
2982898 4635836
7437399 -6494790
-5167694 8361428
-7461703 -6595483
-3835254 3968582
-6071352 -9508210
5452935 -8302665
-9730814 1653849
-7791506 2657022
6839884 -9468996
2692653 3643332
9351341 -7440460
-80249 -4738888
-3888735 3656944
2545456 -3545027
3607161 -1689752
-5668189 8044706
-1077514 -6439088
9481781 -8319531
-1834597 -6022864
-5531074 -4353473
9860215 2094051
-6252100 2438213
-4904764 -9870599
3176757 -4043605
2116079 4451472
7011012 -4130589
1130523 1467420
-4875636 9447116
8418441 -241860
584740 186172
-9252770 -5458046
-9380781 -2567097
-886628 -330283
3646853 -9899000
8263880 -204872
-8110821 632131
-6929656 8124095
769848 -4362920
-5890173 -9318068
5133405 6462958
-7667631 -1257742
-9790322 -5339231
6624237 -4020756
-1746264 7850395
-1963433 -2440970
2100985 8838476
8787732 -8699850
969867 2720204
-4662444 -9582544
212584 7133072
-9718445 -6398564
4241883 2101764
255196 5868251
6550184 7528084
3991042 -3118625
5623633 -5800059
-8622938 6323411
4819007 5833311
-3799942 8001300
8076682 -6927257
4427571 -3247022
-1946872 177667
5414223 -4268345
-3850888 9022995
-1327581 -9248220
6869568 6361696
-9020188 -1046026
7338577 1111452
-1360464 1235008
632735 -3594887
605054 5146930
1470341 -3743632
4606032 -5501531
5016121 8805700
4394795 -9193910
-2440932 3092803
-6729529 -1177634
-2929626 5612196
-2848457 1201046
-5530822 3219486
-7902466 -1659686
-189360 -8661253
-5033449 -6922653
-3171293 -2850782
3554331 3606087
-1246983 7461443
6234163 6675738
-8825793 2739710
-5938238 840195
-5837362 6190328
-716869 8456557
9795275 1721706
9850255 -4930046
6271001 -3134351
-9914865 9518150
-2141535 3256531
4595278 -7817330
7776369 7669105
-5181677 9561829
-4315732 -5394924
4582871 889007
-2435255 -3046363
2209699 817035
4173582 -1261048
-5070720 6271461
4728018 8336220
-7425721 -3271237
1798718 4523294
3905295 -7575466
-8057316 -9413929
3842602 -3493217
-8794195 -7682499
9986607 -9045767
3032414 8982174
6103602 7321282
-1789711 8716683
8186672 686474
4019861 5775034
7030338 396372
9184185 -1806557
9046016 -8040382
-1311618 3912204
-9048150 -8379705
-5955171 3003452
3589523 -2626503
3880280 8503865
3337719 9948477
-9097290 5086085
4068259 3324326
-6838040 3935125
-4831840 -7311786
-4108960 1372250
9663636 -6645168
-3732444 9910901
-9379304 6693975
1169945 -4548258
1880298 9666712
3803359 2374679
-4621869 -4651500
2721997 364540
-1131594 1484006
1432484 -3397722
-8311637 4722477
-1953197 -5148454
8786671 -1727025
961189 -6274885
-2386283 6471183
9826016 6852229
-720518 -2722646
6487681 8609924
-5938334 -7583470
4599595 -2342374
2548658 -1541684
3806816 -1597046
8767495 443141
-8072852 9045166
-4352556 -9847747
4874730 -4124016
727530 9852159
-9358514 5437885
9163000 -7969446
8501737 -5880973
3487608 -3223282
-3429576 844105
-545970 5283442
7699973 5574457
-6767917 -3967952
4490365 -5184080
3218874 -1702907
8740235 -9186467
9858699 -5497279
7171326 3183735
9059719 8022495
391007 2046056
-9999707 -7696399
-5665845 -6451155
-2332127 1679646
972716 5352245
-3803650 3671833
-1044724 59492
-4366051 -1833268
-3284867 9171601
-6012479 -8617616
-320522 3721850
4535383 7206395
4225469 -1580287
-8396552 -3089565
7449282 1396795
5959204 3179519
5483120 -9643359
-6094513 5959497
-9844505 2333628
-2314127 -5910288
7761545 1128211
3704055 3882223
4565308 9233173
8404774 9338004
-9279611 -8719559
5002291 -7607705
2115043 399867
1335932 -7945974
-1035539 -3659488
7737307 -4544268
8635251 8930096
9286737 3696511
-7827639 -3365277
8968351 5708576
9798288 4844208
8488772 -3345776
3052800 76186
-690641 2192827
1530832 -2381892
-8585099 -2285866
106429 2251221
5167440 6417192
987570 -7778528
-1438016 -3496628
-5524544 2468384
1398480 8815644
-4971493 5627059
-7738218 685217
8910146 9717220
4561429 -8769866
-9599290 8708434
-8699028 3050201
-4756972 -4030138
3587970 610332
8324466 6773860
-8458567 -2480777
6452767 -9052753
5685072 6708873
5728597 -2559662
9908722 -5752944
5579052 -9795947
-1652536 1307202
4508771 -9392440
-9675220 609247
-5644267 3418917
-5356296 4886209
-9547238 7272795
-6757342 -4055324
-928640 8212143
-2497645 -653020
6866204 -2604174
-9140574 -956211
8269014 3318971
3275661 6544498
3307906 3997612
-3281983 3184383
7007937 -1113041
-7989129 5065482
8191081 -5966939
-31670 -7664349
-261787 -7453186
2335961 4612034
3073063 -7292673
-9080530 5578619
-5074400 -7855577
-7943398 -1578174
7465615 4308156
-2372873 5432380
1976878 -1749019
4764945 3419141
-3396476 -4715216
-3311905 -8517037
-935203 6127814
-9839125 -1301034
-6449030 9772230
4835396 129205
7257592 3289183
5996510 -2828643
-7250023 -7152993
7507782 6915981
7854159 -9808071
4500085 2080736
-2486884 5319774
6087107 4643564
-1937295 9489994
7291131 852053
-5148632 -2817418
-6689604 -6020774
-4805455 3916165
-3795253 -6528729
-3883172 -1254485
-7965302 -8959857
-1788500 5890772
8737779 547560
9979893 -6522171
-6330242 6245562
-1673702 7834052
-4329822 8169843
-4670240 -1644233
-2154239 -8242714
-4874309 3392465
3091399 7653244
4148823 -22941
6409576 6401795
2389418 9343368
-1911117 -7385677
-6345534 1022599
-3086629 -7360067
-4296155 -5617682
-2139852 -4348849
4413065 8200091
-1449505 -5953742
4732454 5255715
-6388518 4220674
-1505688 -9937786
-4028969 -6026404
-8373160 3620003
6113414 9062431
-2019422 -1707985
-9848265 2522990
-2346335 2886349
-6091052 -9243030
-6603097 1308131
-1793199 822319
-1010178 -8382899
9817192 -1416699
2629560 5919239
1174955 -1632313
5104713 -2637986
9940580 4786437
1276385 6115377
-7748268 -4088389
7490394 -4580422
3711593 8365146
-6595512 -4529027
8357322 3863329
4620299 1058153
-7633716 4782622
-4395059 533555
-5332992 -6910562
1672739 -2888884
-6969645 -5515800
-4631761 6818651
6697017 4205310
-8491900 2989305
-895318 6637597
5065561 2784485
8204063 1356415
-7762087 2555955
8026928 -5567991
811690 -4357598
6700555 -1099398
-6316776 7948341
-9001752 1583192
4672630 -8195482
-1084366 -4334744
-7334192 8861721
5680373 1945989
8667652 -1965952
3539705 -5106258
-8468660 2692104
-4523411 -7355613
-3482846 6596901
-847144 6197005
3145366 -1244932
4397470 9696137
-8886909 -6042944
-8094603 -6385623
5197569 7312668
9117186 -7096354
-8914746 -7613449
-8751727 -9450828
-4988487 -6248937
-5698537 -555002
4338740 -6320835
-1112379 7841168
3001907 -1613568
-5016667 4364211
-6922432 9519062
-9209518 -3347458
8865031 6222934
-9820010 -2295696
1318681 9978122
-192858 4601739
21737 -3483749
-1097198 -1075672
-526500 1106992
-2625593 -7332573
2112425 -2998634
-6803117 1675870
-7966610 8967518
-2646050 2084505
-3551284 5035297
4554359 -5146364
1506178 -7957364
8265570 -2138807
5565497 371209
-7134317 961912
8080003 -3115821
3400430 2672826
4113506 -1898259
1725085 4819584
7487012 6103359
-6895275 9099492
775362 -7884211
3599659 -3698392
8386113 2808752
-9639599 -9046390
-4192754 7351181
