3 -4558088 -3410598
122
-2259822 5310567
-5597256 -9101033
-4153263 -2313620
-149890 -578325
-8209679 3990369
-3223371 638870
-3626503 196218
-2666721 -5544604
8582863 2572473
5241407 -5016203
8574348 -9199302
695819 796282
8530674 -6165175
8434913 3160421
1118686 9842147
5152715 -4975684
8439635 1375216
9061597 2071811
4009838 -5713628
793093 -8571941
2066930 5800159
-4003623 7569723
4541471 956779
-6470748 -4153991
829806 3124334
3925032 8770659
-7916707 -8079494
8271683 7137203
-7186023 3130319
2972467 6706596
4247264 3932663
7824231 -9358466
-4770303 2686899
-510377 6885828
830240 9239535
5039694 -9717283
368792 -7102830
3853949 3552423
9398432 -5089737
550950 -100446
-8813435 -7255410
-5334904 6992334
4129538 -6730141
-1083470 -7063221
2159728 6943515
-6607470 4405349
-2436765 8923344
1610244 -8783239
618942 2792932
-5451181 3616219
3898936 -8550818
6862704 9588513
-4342711 6784080
-8305656 -6766995
3132559 7572073
-9683336 2245294
-762372 -3164523
-7378312 7498112
2951244 5883518
2827033 1538218
-4056432 -4889028
-5965684 -1264085
-7530971 3506803
8816088 -1839088
-8222868 3087971
-2946495 -6635093
5469773 -1807580
-5023499 -6083791
9665566 -8872938
1215487 9187197
1432491 2798126
9633603 -5951497
-8453384 3186471
-8413658 4771643
-3690139 4497860
2125184 -3070273
5665643 -5230219
8276585 -1324148
-646883 8134672
-6261005 -390975
2973932 1130249
1839021 -6691148
9741413 -1556295
-7912881 6815522
-1480929 9406979
-5278543 -4181041
-132538 2467914
-4345614 6871412
1643055 1414078
8428290 -2759272
4170455 7952917
-7277302 -6930174
1745679 -7647550
3003474 3515635
-6875340 -8901204
-5254603 -741179
2567673 -1385055
-424998 6584418
-4083707 2309086
-5767582 -5821526
-2567 -3048284
9419631 -1046125
-4174712 9864895
-6204674 7590369
-5168903 -15305
-2062388 4739968
7809795 1517904
-3613293 -6823337
-791350 -7928174
-6829378 9390181
-1350997 -5150337
3464608 -9567629
-466859 3733028
-3957885 -6960390
9734436 -2034214
4917503 274533
9228408 -268131
-7886883 4337134
1927503 7570048
-2445256 8424795
3164763 -725048
3309208 -1991292
