320 -7435339 4838025
660
6010924 -2260141
4836257 -3218435
1360182 -2616737
-7619607 6766812
-2451971 -7907873
2670709 -80767
-7378852 -8270591
8754295 9129741
-9481603 8083728
-9067285 3545650
-9398413 1283740
7624177 9035952
134222 9449816
2529279 8447861
-8987478 6146233
-6113908 9883657
-3334778 7023446
6923062 1238702
-9478134 541756
2633883 1819807
4255392 -9413753
-7684344 -4695407
6950686 -607108
9992973 -8930049
-2868047 7469083
-8730824 -9074312
2477992 -2266459
-2816643 8893353
7341215 -7387786
1274799 9712636
2112645 870089
-9590112 -2322757
8915945 8777867
-8164024 -150698
-8330891 1954163
2540410 4469859
2290804 5924502
7833746 4856066
-1557630 -8242157
1743278 7826719
8752407 5574323
-6692136 3012454
1905808 1230399
-3641035 -6992427
5236562 -8236625
-4850184 7633764
-4688992 -2650793
8643427 -4440296
5409006 6743305
-1302531 -9520597
-2534386 7078116
-4481030 -8762121
-1389702 9756419
-8485738 -6647284
3695788 7052668
2626991 3257540
-3730005 2448195
6194947 -1548792
-6024867 692155
-5028118 5070264
-4779619 9211695
9077255 121698
5681403 -6952259
9791046 7720682
716437 -6393239
-9315123 -8995133
4759099 8182051
7938470 8720199
4589268 -6630603
2938417 1969084
7742977 -1714944
3249603 8081760
-3467032 6529324
9737831 -555450
7031167 508102
-7763851 -5290287
-2652237 -7748452
-4700711 -8686596
1550438 5545518
9152280 7606687
1127907 -7733125
-9551073 2353509
1073709 -4112994
-8227245 903749
-7127166 -4337023
3948033 4711172
2792932 -9384189
7145135 -2802364
-841461 1842253
4866707 6882966
4109031 8706058
-9042394 7102856
932613 3973146
-481335 8773247
-1103714 -7516949
-5250073 -8812703
3540806 -9975807
-4088801 7715206
-1381045 7130867
5310196 -9799694
-2572170 -5991859
-5376048 -8225419
-8511430 -9779237
-5420632 4285439
-6315243 647109
-8130481 9446075
-934717 310140
-5716713 -7172875
-8399628 9997896
-7519052 -3681696
-2494399 496658
-6962796 9747227
7462433 3562759
693627 -8535245
-8334938 8597740
-7394118 8520175
-9705243 -907108
-8169993 9746186
4031626 -8216673
-5053212 8925727
8371802 232735
3059228 -3183693
-7840216 -2562914
9951334 7342515
6177171 6276508
-3226834 4948634
4695861 6199124
-238117 -7673278
-6208522 -5325354
-6727613 2971862
1492038 -4543460
-2934216 -4121731
-4375545 1786795
-3913526 -8587856
-9662129 2172433
4921521 1033262
365921 8709674
8663112 -2019251
7839616 2525705
-1197787 8614446
3563081 4016787
215911 -1908269
418454 -9224706
7966293 9977794
-4533991 4209932
2182824 -8761320
9633301 6958047
-8738806 9248608
-9339248 7774108
-7537106 -2652332
897282 -9001376
2224650 7384415
7881516 -8736797
-3694740 -6595886
4534912 5721132
-262081 5107473
5715556 -9385655
-8610360 2470182
2447976 -3865990
2860294 9355933
3110965 430337
-2611616 -4956882
6808079 -4739382
5551078 -1350422
-1486402 -14817
-6499841 8013972
-2085261 9410880
3190435 -1758839
1645275 -4203745
4033739 9495695
-2880480 -3819812
-3205467 -6228342
-1241808 5351429
4001791 -9299475
-9943542 -8793831
-5847142 -3137914
-5578444 -4316225
-6539255 1541243
2707173 3745987
6247523 9011824
-457852 -8779228
-9368348 9747682
-2011156 -26760
5769495 -3661560
8350487 9634119
8330659 -7680413
8607597 -4529992
3337789 -4874807
-4174282 -2634210
-8911689 -2660420
-3281982 8398529
6598656 -4758831
6782412 -6344073
7401914 -9940598
9071226 -510414
-6773290 -3834211
-4086528 -1386626
8586614 6374714
-7286846 -3581332
-3947213 -3127538
-807951 -8936358
9050002 6899799
-7975008 -9684002
-2318212 2387791
2243723 -9632938
8765591 -1229901
4011269 8961742
5134021 5364248
-2059998 -6689967
-4684029 -4947713
1218077 -2988772
-1859046 -1457319
-5082604 7131549
-6449783 9243921
-3883617 -9853098
-8789456 -7880644
1535507 -2175216
-9342866 2776898
7681041 3560499
-3556086 -1661077
7109022 -75235
-8597141 -4790495
3090105 -6363357
9463029 6536880
-8410833 -8969893
-9442313 -5221000
-4161966 2807244
-7544855 -1301358
-9541085 755430
902332 8521714
3157423 -3424702
-3083566 -5370771
-77521 -5307070
8253430 -2426432
-1571157 -2396479
7528286 -5302656
-7576799 8054218
-8309139 8931145
5468025 -1970341
-8423882 -8846110
8449243 -426456
-7619211 4650158
5865152 -5712723
-2440941 7352286
5874001 6324067
5415717 977743
5606972 -968576
3724354 4848503
4938423 -4470548
-4350675 -5505864
-8292168 -6632733
-8578515 -6822389
4625108 6647386
7193397 5628698
-701059 -7390515
2183029 1285867
-4063975 -2251816
2035461 -2919830
-5567543 -8198823
8125244 2110872
-6911385 2822810
-8145766 3540961
-9094184 1211940
6741392 -1905060
2589077 5844240
9211507 -7609283
8084680 -3186739
-6539353 -9367008
6261690 2709788
-2164375 3170396
-5543736 8076983
-4174833 -9981346
9615177 392289
-5290181 376980
-7512148 6563986
-613204 5351415
-8591271 -4423532
6788408 1241030
1852322 -7685455
8158785 -3953848
-9046779 6957751
-6228987 7370292
519636 1554253
6780393 9748012
2918409 9297679
7374662 -5383982
7151024 7374673
-9716686 -6800170
-3906838 6766201
3330187 -5006867
-9655451 -1418985
-3326165 -7283017
-3525635 -8246722
-5932177 5978595
-7975253 843040
-2199209 -7773391
2113253 5494320
-2951427 1571804
1319817 -7367110
-8069431 -6171034
-9038664 6754578
4129251 9305231
5021413 8112360
-2605086 4412565
1922051 -8885424
-7788057 -9274899
5958437 -5217048
9052582 -1114222
-5135627 4949154
-4207806 5636757
379718 9405472
-2583856 -3890662
7681142 -7507028
-4874138 4464717
810035 -8482689
8271889 9572783
8878014 -5712277
-7599917 -5082508
1846410 -3584220
-2469644 -205003
-6963549 -6231539
-8932235 -257701
1144429 1511240
8976746 -9879653
5757104 6008802
-2069374 7285293
-6605369 -3863177
-8853853 5346770
-7672161 3592125
5109437 8788361
8361144 -4345774
-58051 -4102322
815171 -244490
6171290 2342032
4653382 -7338419
8946394 -6298354
-4039703 206185
-8282575 -9985841
2650858 7104726
-4370120 3210523
495816 -1592038
-2938863 -3923142
-8576372 3890447
9998925 -9276364
9511997 6267819
-8077955 -2375286
3522392 7873141
-2371348 1863994
6722379 6853915
9515496 -6200058
-9982059 1375761
4098298 978242
992401 -4021762
5599317 5815723
-973754 -6356741
-5432426 -8770803
-2693944 2038415
8445214 -5854937
-5131300 -8753964
7513856 8444139
-3931147 -5619303
-7746161 1952253
-6183752 2107598
-1038487 -7601157
-3801215 3054979
6947092 -9006638
1971604 8733078
-5288683 1045390
-3138887 5480358
1639969 -9689366
4056183 -1596289
-9557874 6207543
2868959 3878591
-2359020 1403693
-152168 7737659
4634708 7671188
-376559 -1566962
-9459364 -595101
1803742 -4043959
9011020 -7981499
-6988137 518880
-748042 5958112
-2996498 -2500180
-7019822 -3520373
9306613 -3619033
-2698969 4620147
-6655957 -4120851
9757740 -9740491
1663202 -1270646
-3532987 9915072
7586260 -8488965
-7539575 3618073
-6977027 9726054
-4317905 5517413
7535914 -2656933
378299 7209468
3167580 3064130
-9436050 9630258
-3890115 2687435
9068402 -6455872
680627 -4583501
-6188000 8885785
9145295 4024670
-7245976 -6430260
6001165 808497
-5164116 -8262611
-2128185 3587425
-4170169 -2703691
-7186278 -6588860
754207 1511927
-1278605 2865989
-4069881 3648859
3279117 4405327
-2907238 -3505931
-7445451 1905354
-161795 8677517
7563302 3235176
9776199 3650205
-263702 6708597
-9966553 5046575
-699683 -4262537
1841240 -5130669
-5318007 7172132
-9416728 7671072
-8300649 -9987933
-4605592 -6146169
7502690 -7062902
7342425 1324527
334948 -6701841
5203514 6951540
-1854591 2889497
8641026 7558071
1208277 8225063
-2549987 8417225
-4019848 -9055425
9198390 -2516540
-5130857 5280469
2452601 1039630
-8772946 -7932512
4595908 -4447775
-593943 -7073595
8379855 9990316
1314844 9425099
-7276741 5722281
-4809827 4166144
-2944358 443125
-1998804 -4148066
6593349 8213020
-853403 9209473
2670400 -5956638
-5956826 5126749
407219 -5614858
5424773 -8571330
-6503842 -7140180
-1587954 -831821
2094585 8092066
8082383 334455
-7724094 474440
8713073 -8086421
6079723 -5000835
5442290 6419598
4787884 5651717
-3618911 5959839
-2314336 1381234
5424596 5527686
654436 -9643935
7257559 9467771
-9103559 -8938345
6437827 2682332
-8149488 6908951
-2482630 7366225
-2299320 -3538551
-547759 8116105
-9970316 -7507061
-2507896 -9318333
7101265 -1374241
6793829 5450747
-6073062 1889150
-6729616 -6825082
1218957 1612602
-5514981 1211332
-6804545 -8126607
5451400 -8257421
-3058737 6608248
3517200 1889227
-744547 -8691873
-2230424 3550922
1667027 -527515
1965424 -261830
419837 1696711
2838822 1973881
9940980 -2478898
1926604 -7850997
7840274 -6132082
5480520 -2286660
1441025 -940769
932624 9965540
4224471 4636480
-6238919 8900376
789603 -8834266
-7526138 7278281
829203 2561408
-7966106 -7240210
2497960 5012582
-3290707 -3484330
1005903 -7082203
-7044748 2064467
4213471 946883
4814801 -2601792
5111549 2053745
3629328 -7188326
5293566 -3447426
3705406 7078304
5978680 -481963
683771 7466487
-2738880 -3231717
1846044 -4326015
-1566224 606675
-4380743 3879938
2911960 -9068264
6365886 -5155098
6909370 -6082136
4864747 9321138
9235698 -6360807
-1790710 -7804099
-4992425 4347247
3416173 -8161382
1433274 -9698859
-180822 9637932
7104419 -2588046
-3303411 3019301
8693287 6881892
-2511433 8542633
-5061077 -2872937
-9424849 -4375823
469079 367236
4285100 6941037
-1221473 9894801
-6466006 -8333801
6378452 -1985774
4877825 -5740364
8614606 -8613973
4203520 -9189649
-9551717 47880
7459834 6539050
-7925296 69054
9467298 6672776
5215409 -9232009
-9588594 9472218
-4903605 2670685
-6962079 3502909
443947 -1918174
-2023372 -160627
1505572 1738826
2269404 -5973026
-1713389 -2115975
-8213596 -2852770
-9526067 9417569
-534550 -1493723
7561679 3438568
6023974 -3074716
6114412 9636383
2920726 5491273
4963491 -6153826
6516859 -4151516
9351394 2576238
-9341936 9554780
-605847 -7688307
4050519 -8848956
7694371 3416077
3816454 -3680076
-4016494 8497334
7914903 -1880789
-858160 -3542561
2412359 -2619647
-3178010 -3296481
8856255 -1563667
-6072394 -7063598
-3217424 1776981
7625466 1407449
-6016313 -6700565
5370567 6976860
9288553 7158104
825500 7281072
-6786498 -4144576
-5308300 -1480129
-2982795 7029956
-4850833 -6808442
-7834651 -5067891
2312462 4291007
3510879 4577708
-6985958 9134452
4587207 2367134
6660467 9458000
865450 3886135
7185571 4285933
-6220855 -2634511
-5476407 -4927510
4869915 5584050
3955827 -2134554
6385317 8083417
5113373 8647527
-8160914 -6597477
-1665368 2778893
9586252 6520787
1098496 3163446
-5185749 3097131
7980617 4112538
3570538 9401458
3287593 4641085
-8556630 6952340
-5682170 -7010484
-9421641 7738868
-4160730 -8642225
-776779 5448274
3531691 9795097
958977 8124891
-8472586 -8838584
3940309 -4685585
-8164798 -7621602
5541844 -3957086
1656397 2933698
9562588 2872447
2273905 -362985
6794452 -4350521
5118171 8077851
3583719 754174
-8990606 9436001
3310129 4162078
-7873296 -3151335
9160114 5049702
-4309055 5658395
-663836 119091
-2050142 -2781641
-7886891 -6723527
-8164261 -214939
5235111 171306
-6956247 3492137
5645504 -2685948
2963531 -2165989
-4088138 -5043692
-1773166 -1918298
-9965944 2011933
-3825988 -763771
-1398754 -4139463
3426591 -1699284
6475464 -2238640
396804 9117537
8852248 -4188372
-8395547 8346662
-9351925 -9034642
1136664 5956545
-551318 -1600461
5713591 4180417
4530780 7610538
-7433154 -8806526
-8208472 -9557358
-5029072 -6689968
2546261 4341936
-9797527 1144940
