127 -6039325 -6079866
188
6744191 3067306
9584085 1893283
9729932 -2646202
1729398 4813618
-1034450 4471641
-3997094 2598982
9548961 -7506239
-6960265 6647115
-6065721 3007897
8807991 1324050
-6203207 1479675
9554804 -3706583
5665446 -3156836
-1126160 -5877025
-9399998 4712633
-9703709 2793974
-5312742 -139455
7214344 9880377
-2789653 -5582810
8888831 -1056258
4059077 6175898
1186011 -5108263
-8461148 -3875610
1648639 -3257902
582501 7989483
-8014489 456631
6750048 4379294
3738810 -8459685
8179642 -5068154
2160832 -7387350
5406624 8779644
-1359811 2457123
-5146148 2610234
-456224 8370885
-2685372 -5419448
-9243550 -1567393
-4159303 3890057
-9985553 -5541187
1200911 9895901
401737 1663086
-7880283 -8216588
-1320942 -5096400
-3556085 1386118
6317964 -7582132
7546870 -5376443
5919553 -9004852
3452272 -4530153
8080081 7076094
5446980 822476
5403028 -2376142
-1427183 5277960
-831983 -1324170
3134643 -3070134
-3174232 -817536
-9154450 6851907
8635319 -256143
4647457 5481620
-3132262 -2685622
-7751402 3607724
8231281 5702054
-786445 9795469
7781668 -3332814
-6256720 5182179
-3995345 5861749
6001959 1706612
-3015428 -8592316
-7400134 7091129
-5979005 6152589
7851405 5734510
2586417 -6636885
-4376676 1213308
-3305072 -6261912
-6431182 -9729219
3878505 -3920982
4297424 -4182583
8129238 -5373862
-6190324 -6489021
8693158 5910906
-5710993 -2447043
9259569 -5302186
8621850 2807319
-101552 8760494
4913083 3738068
-527422 -3564205
-7684737 2764489
6494149 4575347
829788 -2061413
-1790631 -6810923
-8215553 4398606
-9783977 4604226
1746717 6081871
9592851 861613
-3227481 5556393
5625702 802361
-1983473 -6422121
6385198 4885272
3645766 9154729
2892798 8799998
7752145 -8924799
-3643958 4881728
-8026572 -9932592
-9477652 -7149809
8555620 2803216
-2798178 -8751931
5852295 2856419
-1061709 9934198
795811 -2400988
5671758 -8952506
-5633793 84683
3662562 1297460
8699084 2382735
1537464 -7435888
3880462 2344850
-4063596 6946614
1828343 1632607
-5783632 -5191202
-9824658 3801771
-3395013 -5261284
-4013215 8730962
-5896266 -3676839
-3742641 4355432
4470797 3042025
-3394129 7053171
-2862146 142555
-8559985 972078
5871165 3316768
-1602768 -9860900
-4999698 9924982
6871596 -7722306
-3573347 -6546942
-1738143 -1300061
5018062 643021
-2101911 -1562801
9684513 -8376951
-9537437 -3598774
-9243341 -6211753
-653376 -3280078
6289445 5227456
7886363 -1531153
1957278 5943651
-739581 9326378
1981830 -2171557
-2246575 7657651
2451697 6982133
2951543 -5374978
-4158687 8878351
-7962276 -8786600
-349401 -9140624
4998777 -7547834
-1146608 -8148535
-4360288 5461340
4697615 -7873597
-129789 4986337
-6544816 987060
-3069288 -2243426
9599305 -2071186
5757258 6191131
-3634865 1581135
-8920380 6027035
-9347943 1333184
-7272113 4031164
5244564 9009723
2385451 -5234388
-2782222 7411516
9262981 -2615772
5361921 -1412478
713926 7419045
-5078266 59536
-8953404 -9415863
-9142936 -9106729
-1177915 -2022692
6684792 -9543631
-5446144 -5420657
-9393621 5566279
-3100537 -4366523
2180993 3774788
-4699137 -372649
-3090685 9941909
7353425 7686314
-4929457 -3356555
-2252681 -867242
9068156 2948816
-6991648 8461245
1561735 -6010110
-5116839 6571300
-5451391 2418799
2875168 -3778401
800942 3749753
