38 -3492550 -5223944
302
5250715 6925817
-4519875 1951420
8417679 8310988
-8779520 147294
9360344 -9318106
1686337 1603255
7857765 -278727
-3497808 4582987
-5542378 2399078
-411260 -626554
-3244266 730703
8222551 3125131
7337588 3726351
3898435 2788123
9295573 -4550759
-7624941 8674491
-6857737 -2937360
7889980 -9628464
-6964818 4076294
4758188 1626813
-6769932 -7604473
2116800 8960877
3543864 3604185
-3996736 8618993
-9491209 517839
-8751458 -1891644
-8766512 -2735475
3507229 1987446
-5224431 1087428
6536669 -2594336
8596507 6587495
6166487 1428080
1799616 4255122
-1668584 4056468
-4316719 4834799
7230326 5605956
-2916814 -8570299
-2449762 -8136522
-9517529 3143402
-6338759 -3930146
4178211 -9008738
-9227860 7426136
-586418 -2071949
9015479 -3204279
-3282263 4189151
-6707002 5552148
9496581 7830596
2085718 9459486
3515954 -6187451
8647348 2933486
-1460558 1715587
-4338360 -1605974
-7226143 5622628
-8717617 3211878
9281733 -6743672
6763943 -5056376
-7630240 -4023704
3904347 52435
-635492 1783342
8488846 -4563822
3504678 6082245
3912841 4298196
3757682 3001259
6813809 8514911
1448397 9789988
-5978073 -2022491
-1112112 2504191
-9356828 -316433
5411798 1661745
-2565575 -8074445
-3130821 -2790117
3186179 6714720
9283507 -8244708
-3945014 9606878
-4956944 -1351985
7246612 7060184
1358381 8547734
-5934654 -6324195
-7809284 -4883937
7422404 -9120845
-8626984 -3844535
8659657 -8555669
-6355749 260904
4439001 1819181
3744736 9056049
8782284 4389779
1104499 3130267
-2598089 1968463
-5908307 -7095641
1552374 -4026750
-6966566 -8348899
-9801165 -8684661
-5008856 4391815
2024231 -5735819
7659688 9698213
-4146322 -8037013
-6592682 1549057
-8190039 7029687
-1151132 9567921
8623970 -1234685
-6844906 5109956
-9243424 -77394
-8108931 -3224055
-319696 -9325161
-3351911 8499114
-9849785 3749031
5064370 -318476
6589691 2865403
-354064 2571866
2270079 -8869726
5609613 9821977
1371034 8123758
-2330203 9016932
1101205 -4302653
4462662 -964982
6661326 -7758472
2164134 134108
-573594 -65746
609094 -3428444
-4929330 1623062
7888445 7257183
9455059 7737238
602641 2952815
-4475318 -1438897
-7792271 2764929
2586906 311113
-1565129 7817343
-649373 -6042060
-344712 -1378979
172391 -9548168
-7306640 6634302
9284763 -3166283
6767972 4857495
-8570949 -8772479
2850583 -2622934
7150601 9016073
6753311 739029
6208196 -877987
7683116 -2644048
2637234 4249230
-5439656 9890845
7708188 -4775860
-817919 -4488433
-3351060 9575167
-9973000 1353721
-9495625 6821331
-6344951 -7279640
94207 9789138
-8983341 2939373
2832791 1523258
539332 -3616405
-361024 -7500256
1621757 9808995
-2835052 8363524
-4870893 -695127
-8287929 9802182
7542674 -7794197
-9766278 1936611
1511779 9241107
594828 -3117337
6220346 -5944869
-3224509 -6384444
-6595306 2391747
-4668880 -613949
-9090691 6937706
5837653 680263
3180008 -6035007
-6226011 7992981
6356505 -5198235
-3377009 -6544711
5773823 4001964
6207767 -1664938
2788025 3316497
-4926043 6441490
5840505 6816156
-9128713 5668785
1800693 2060851
-5547401 -9836869
-450818 -2278260
-5340554 -216281
-9536017 -7025157
9456189 3013451
1006432 3643991
962108 5746530
9201819 9879289
3881254 7585099
8436513 -2508006
3324843 89021
9046863 -6259109
-9442953 8398800
-3416062 4887368
-3051780 -8571665
4107818 8384631
-3893629 1400819
3700890 -6343000
9148195 -6717831
-1188028 -3318775
-9674784 8604384
4350914 9818404
2214046 -6196323
3905128 -3930915
-3922569 8611652
-8782975 2341642
-1401115 9402275
317427 -9736111
5151257 -844068
-6899381 -582283
-2197651 4615829
-3983352 7208437
3381789 -3574928
-7776406 2233891
8915116 2529985
-6349279 1035566
-6629677 1756685
5560362 517988
-896575 5584369
4196021 -534510
4323484 5180857
-2900516 5413046
-1806713 -7077631
-5405346 -66737
9350981 5860897
476726 -2304727
7420063 9669682
-3905246 -990273
-8756382 -6681796
5848189 -9165300
1870267 -9841266
-5568229 2015263
5049603 5240590
-6658689 9992133
-8026024 -5846972
1850237 53684
7983082 6297460
1736182 8949721
-1117015 -3823630
-7962733 6330836
6542461 -9249682
-9580000 2513993
4040072 3962524
-202919 9031106
9865807 5283690
-2041223 -4354730
176885 -5747574
2009368 2390548
-5100966 -4773512
-620483 5350679
7920715 -3126990
5686822 -8770246
2695828 5903797
-7919833 9939356
6270192 4095165
4845483 6633786
-8335868 -4670994
1807882 -2218165
9329293 5704204
-6495753 -8395037
9766586 1711452
-1519770 1463024
-6146428 -56529
-2313688 -9510402
5840277 -8731042
-1858032 -417819
-6671713 3760992
-7818858 6345143
6284499 6024115
-7364368 6777661
3411448 -4928956
400050 -2533
295654 5075580
-6703864 4724284
6329248 -375052
3852752 -3199617
8263407 -1387814
1072009 -7667017
-7177419 4633332
5902290 8758321
-1659498 1179211
7456555 6560611
2905754 -5814858
-9790743 9637697
6415359 -809747
-3222351 5361242
-4641291 -7656841
-64909 -305949
-5581664 5654364
7795664 3231227
-9968389 3263936
-8123878 1648416
-3502249 811370
-4555298 2948131
-5777195 -8163315
3015896 3863345
423956 -4920341
-735199 -7011197
5142853 5846062
7552667 -8009589
7351653 -5925436
-3582277 -5669683
4024368 -7289638
8364726 6352814
-415959 8442704
