12 7544283 -4733216
618
-8436430 -385835
-4855221 1647556
-8784127 6631236
-988944 3498631
470221 9298825
-1698459 9377839
9442295 7981461
-1928773 6064119
-2001140 -8561666
8539989 4253182
-6051308 -7512154
1272742 8397829
8578932 3327930
-2896118 -7528829
2531806 1986901
4117419 -5112982
6534574 4095377
726613 9262198
-4722819 266800
-434375 2254021
1631860 5747403
3728864 383518
-3552363 -6409493
7545193 -8199909
-1430375 -3037150
-549304 6085183
4483012 2518318
8362600 -9276562
5710961 -4421703
7565198 -4533517
353501 -1757232
-7661855 1682617
-6538833 9404428
-328772 -4418890
7835131 -1261651
7002104 1753205
4653076 -8016657
-4426149 730968
-4952588 -8899287
-1936437 -6880956
1720579 3617037
8651707 7514259
754050 -3796408
-5701759 7014308
4997143 -3534989
4707779 4379791
-3937591 -4649356
7271424 -437724
5143386 -7960072
-6705371 9459004
1212210 2978517
-2521787 -9703267
-6455946 -4134714
9482351 3052064
-1312540 -8892182
-2758793 -9937733
92878 2924392
1644336 -4107085
-7092777 3363280
9828292 5942577
322368 420718
-1712286 -2947577
6614700 -1098871
941058 -4440861
-4981857 1758086
7252956 4235687
-2951227 -1253295
-2871657 -5268831
299585 -6890821
-5783003 9127047
9189314 1503397
-5572211 1458204
7351119 -8201456
5161825 6072125
-5468946 2774694
-6804588 -2493531
4558892 -2630225
6270904 1483127
-441382 1173592
5448031 9728314
3964002 4576761
5839819 2700987
-51492 3529127
6638306 -7031838
-7904791 2764445
-5732158 -9144697
2313507 3800875
-1884228 -8788016
-199539 -7819021
-2527975 -6722403
-6699582 4331516
-8298709 667438
4666917 7859310
-8450745 488547
216862 -5774465
1318648 6997286
-7785375 6697216
226343 -2841533
126630 -5320515
7443930 9381001
-9763696 -5261809
8539067 -8288228
5440108 -4933837
-2752858 -3345161
-7551212 -4759430
2088438 4719168
7902958 8265558
6124868 3789729
6794628 2569875
-688238 190475
9704113 -2988510
-6291294 -9369590
-9694770 4435090
9114575 -3548599
-4167598 -7051788
-2313597 6558505
786630 -3931294
-6348778 8741822
7913013 -3773262
-6016340 -6585284
650236 -9638199
1143711 6072098
-7621821 -1446806
3639421 9784932
-24593 9172808
-3815702 5467535
6097946 -7804127
6630963 -106995
6344406 -1080472
1867740 5745539
-5179604 -7823191
-9238133 9554143
8295966 5607026
4350117 6929441
-9655842 6208979
-912867 8333777
4405876 994394
9547589 -9769156
2532128 -699593
-1526785 -4296638
-8829102 -7492464
-5296591 4657514
7066871 -214804
8704724 -8665628
-403737 -4072371
-9379210 572464
-7357041 4416660
-7459962 3899010
828451 -9061075
-335743 6890155
-2259715 1172609
-7832996 1267742
-5985062 -7853839
-6037080 4230945
9934307 6547067
1570955 2436136
-2906350 -8894795
-6593247 -1209284
-7358560 6676873
-7395498 -7888523
-4799707 2237704
9170716 -6774707
7124303 -2156747
-8701470 -8289246
8600910 -2047246
1641716 -6520861
-2736767 -3658805
-8996292 3808720
-9443983 1278172
-9658409 -5033372
7402764 -9509676
4111882 -5571102
3219614 7012766
3689639 7518635
2146465 5861054
-9384890 -1189506
-5447861 7346758
7706363 9785826
-8503419 4192794
4661900 9004894
5000385 2613843
8955038 -3696384
2628688 -7736381
-3941857 2475098
-41922 3184705
3675030 -3600266
828632 -2639157
6889961 -9696736
338251 6564598
-5057996 -6904047
1906447 5001068
2347827 -4442885
7859293 -1025062
-6832268 -7429458
4091788 1872226
-5513931 7829632
-5866751 -907826
-6127855 5957459
-9051091 6761937
-7537005 -69712
6330022 906988
8267831 6138025
-1042359 9675006
6239604 -2325856
770097 9295892
4296961 -8818392
9255075 5192896
-5832166 9161140
4248034 7114369
-1013405 -2664434
-4834801 -1660177
-51651 -4010983
-8053524 -8185200
1093089 3820494
-6249218 -7104614
3802374 3556084
-7789539 2597156
2272162 -5413443
-5222947 -6315546
5496699 -8971882
-7790274 5547151
-6743601 -7689988
3987504 3981154
1095523 -2575766
-2723848 -1764462
-908287 2598470
8587487 -5042297
-3227497 9040062
2860556 -9466036
5945702 381945
6454381 -872310
-8275154 -7735572
9367337 1181195
4865649 -3486640
-2458522 -5855610
2207893 362348
-4811288 -7732443
-1234937 5464293
-7111473 9176216
-2588245 9860586
2459056 -7318969
-2361265 6503468
-1940117 -6437104
6613212 -3072410
7309535 -9079561
-7435518 2558914
-2660306 -3719731
7461464 6805680
-6680959 -3292969
851421 -5156535
-2277834 -6623129
8160780 -6940685
1039960 2910878
2087095 -3074157
9302781 3928487
-874130 9498850
-1481330 -5721810
-2158914 6764605
-6307804 6578553
15345 -5545702
-470436 3518083
2314704 2579827
-8098141 6869258
-6423711 -223832
-2864014 -4779100
-8885876 4427710
3377 4858152
-2230970 1791256
8717100 -8956663
-2511824 9856125
1871327 536233
4814423 6614047
-4104996 -9610002
-515097 -7344491
9626159 -412800
5621636 9500248
-5403573 -844277
-3975019 -2063660
228861 -3501713
-5764461 -398730
6545333 7364847
2222999 -4650337
-342728 -3451290
-2407952 9992029
2364507 -1625628
8910605 -2403424
-5789377 -5764166
-5374168 -3758619
-1103110 -7378020
-5274468 -3372912
-3872664 -1476950
7678773 -9652832
-9200139 723764
-261597 6220107
-4178623 -6454926
3426273 3973942
1839958 -7633290
-8568227 8165624
674005 -8502770
-7612046 -8459827
-863251 -6961488
-2725653 3814911
-9943708 -4136275
-1514295 -5583469
1043619 -8530465
-7491063 3211237
-3925242 -312692
2927424 2704062
-1075831 -3125381
-7063955 -7334173
-843879 4745547
-371391 6362318
4527942 3512431
-2473987 1060382
2600555 -4798053
-1759540 -86033
6245231 -8262695
-9882618 -1968841
-5035958 6301523
287410 -1396913
4330676 -1475986
8211322 2796347
-4499590 -9594566
9796405 1138746
-3679075 4424579
-8313522 -7267550
9094768 -2006602
-8494170 1315088
-7624530 -3860938
1341010 -968157
8945811 -2507622
-8253965 2097822
2645333 5191042
-5991083 -8136583
466504 7609375
8649741 4296328
9609027 -5202820
7718967 6861063
-9483839 -4890563
2050369 7515372
-9752177 9353438
-2653163 3736847
7568287 1858943
7998006 -1147333
7884510 9943758
9952488 -660984
3953190 -653327
7054067 -8301477
-6438060 -3401477
6724250 -8937015
-2124335 -3455204
-6141672 5373992
-5248593 -9998956
-4889518 -8422705
9092668 -4732431
-5378993 -322797
5930402 1856843
-6284214 1967844
3336863 3498690
-4041200 -8286208
-6430840 1221374
3084399 -4088712
-2390189 38702
6637225 138467
-6282196 -6311897
-7250749 -4122172
3768172 -5890179
-5889135 9123931
-9298773 8519579
-6212852 -8262301
1414902 2310247
6683442 -9075492
-4591296 -2654695
-9156005 -9600772
4629373 8745568
-7516706 9319147
-4769565 714885
-9246412 5567693
-4293840 -4643402
-8438947 -92835
5784993 -576036
-3949863 -5689696
-6565765 -446835
-9410903 161003
1898702 6651814
-8521587 6892597
7817105 5829957
-6824738 8161855
1077436 5742162
4487730 6535609
-1628892 -4293191
6421694 -512624
-4944931 3601543
1474493 -308366
9598800 761230
2701546 3035546
-137798 -2099855
-30337 8751684
-1087313 -4187211
-7535396 558760
-2548643 3327741
-842302 6459369
4621225 7784815
3526977 -5150688
3901273 8215013
-6078178 -9468941
18435 -7727619
-1609724 2859868
-7448497 -2410144
8351086 9864769
-4583333 -7849697
50448 -6431015
4837021 -2204779
3608011 -9979889
-6904777 6266060
-406199 -1411033
-4951664 546581
-1668604 1267852
6117164 2185913
400926 4374725
-2577864 18438
-5192829 -3160900
9698969 7440571
7546779 3197448
3062217 4766824
-566521 5897866
1983203 995237
8790458 2000279
2020391 -3179776
-6913716 -5085179
3503788 -2368034
8178547 -4803563
6464289 1068477
5770742 9026295
-4082628 -4902194
-2367404 8688021
8043473 3339508
-6703569 2439767
-4362785 258794
-4974382 -9156789
-742571 1215785
-7788978 4459097
-3540623 -8759368
-9422792 3517832
8432654 996120
8628086 -6336508
-8623719 -5547206
-1962377 -677014
-1650719 356923
5454729 6324718
5012739 4266654
-2393838 -6912675
5527092 3056212
-6684993 -6581054
-5737843 3680660
-5103555 -9143023
-2167573 3519586
-2723430 9623819
-4341997 4291804
7804276 -2146222
-5966378 6607009
-8940196 6432362
8271700 -4590097
5766826 -8386221
7938497 -3379018
3403988 -6262093
-3174768 -4532412
1040153 3526502
6945448 4868677
-1450663 -3128488
-2271511 3723957
-2756457 -4037866
-4414047 5560916
-7630928 4520113
4890243 -6239692
-9632682 -9826652
-877937 8923865
6850121 3943474
5557253 9910115
9047449 2616947
6354855 -3987897
-6003957 2451437
8494292 5696439
565116 5036196
-8092292 -2043908
-8319950 9114453
7592939 -7847450
229818 -1076407
5960059 5695244
9455553 -4884757
7804943 850302
-7709480 9822871
3766345 9443358
9353474 9140641
1757588 -8160050
-9631595 8400923
852361 -9371205
6325235 -5635551
9400645 -8136995
-180903 9406703
1037509 3824706
5977256 1499147
2939093 -1369552
-5674307 8723426
-6161331 -8584496
-5217842 -6218754
6120469 -8356387
-8913029 -2927322
-3786681 -113186
-5756884 -9559555
1357721 487260
1116055 -5388478
-1024029 -7789918
6589439 9957642
9364346 -9107032
4717674 -3591464
424036 401855
9032303 -6788718
-8065291 5879481
7294985 5874348
9655594 8289730
2449695 -7922857
-8333826 5776063
8179229 -3946981
9009816 -2120507
8366753 4938698
2066572 367537
-4906029 -8000839
-8043197 3558895
4451863 -8316590
-9391701 3837501
-5760644 -8314110
-5102828 1032335
-3088184 5788012
1662360 9348233
154316 6723153
1316648 -6165693
9610370 -7395989
-1342970 2982822
3378668 305952
7761002 -2333153
550736 1745421
3744582 -172426
-6613531 5644708
7328118 -1782262
-7944761 7838332
9524222 7936417
-8514896 8810948
4598960 6937747
-1197668 -9086728
7636425 -3738680
95627 8956648
4077012 -8530574
4452248 -7777650
-4955346 -7265958
-7082759 -2169084
2092690 -7194344
2633230 3467978
-8370962 8353624
9087714 6019699
-3625617 8957156
-590074 -8857046
9953902 8414958
5352705 -6588618
-5675345 -2930786
-4153114 6671389
5628038 4477432
5946858 -1541134
-6802432 -7778598
7471796 -7084541
-6737273 -1757778
-6435770 -9610962
-3626632 -2128231
-3774606 6197460
-5266489 -9481242
9475914 -4686892
8972414 -6375754
-7960796 -8597808
-5186425 1442668
8511882 -91739
-3420349 -8345418
6132014 -5641231
2817635 4724041
-538205 -5404775
-9972964 6015203
6773777 -3066409
9838981 -6710237
1161533 -9661993
-948181 8728701
9247459 7386927
5216387 -3698318
-74072 1239726
2641918 4188802
-4368530 -5518515
-3093902 -28155
-5857221 6659705
-8981526 -3997899
3242494 2791146
7386371 -3647539
4884016 -7295711
-362119 7413407
3219522 1657793
-5487848 -523138
-1794436 -5618945
4284334 -3919677
2382005 9969375
1209101 -7982926
6205876 4824285
9305770 6367372
8855569 4353698
1013403 -3788131
2213970 -7001651
5789495 -5451771
-6582958 -4543535
-1839246 -4307782
-6894375 8301058
-7524797 314987
2308202 6325147
