12 587700 -9343293
211
-5610619 7246903
2463399 6807736
8477355 6327215
-7505146 -2722723
-2279152 -930722
-2724007 -6897464
-5923574 -451188
8789045 9200785
-6294156 -8610895
-5011444 8655349
-755518 -5460050
-7566227 -9002670
964563 1799017
-588964 -9666316
-6562264 3264125
511028 -7415904
9391832 -2172882
-5845667 -7025573
-7231944 7869188
9454818 9165539
-7731924 488904
2554068 9247163
8447948 8860854
-9750041 1343114
-7485185 4670145
1726447 7754867
8752197 1759297
6074667 4160221
-2989743 -283240
-7019115 8002055
-9413849 447993
791463 3491913
-1017308 9977984
363524 -2537851
-3372312 1750749
4756005 -7665306
4098209 -1104236
-9727030 -2689926
1169540 -4937491
9732654 -9477071
8277796 3684355
-4556348 -6024546
652027 -453654
9263106 -8481681
9520375 178636
3142981 -7756008
-1747743 2622878
-4882786 -6065555
1396594 7234950
-8497949 5480738
331784 8024282
9436399 6258056
-6431870 -5570007
-7991145 9709369
2748651 4737670
-1577975 4257861
8233315 -6457201
3089145 -3617970
-9583299 -1114658
1580330 2352252
-2887404 2453428
-4923693 -5276688
-1342243 5364853
-4883845 193521
8190612 2570703
-6888663 9134558
5392615 -1477604
-4531258 5064088
-2710190 8960745
-3785232 -2522403
-8264542 -9961539
6097612 -2846855
3535175 2485126
3886820 -813242
-8460990 -3531771
8921657 -4532849
190463 -8832042
-950837 6514316
9224190 1364572
6451627 -3318329
-4183771 7414802
8453550 9562964
-2856595 -8791156
2685942 -6077708
-6083759 4433215
-3011972 8900710
8570207 8168052
653178 -6914360
2272398 2105383
1089964 -5460002
-7476499 -3672240
-2504282 11621
9042290 -4769684
6594888 -938766
5742905 8266480
-1802366 -4437133
-4874168 -8440866
5284331 -3348816
-6910171 -5214411
9218804 -2029727
9387335 9522422
7690474 8723184
4325176 7957542
62925 -9139996
7916355 -3402425
-4558313 3669241
-6319137 -9560144
-4329827 -4546242
4514992 -7276847
3505985 4781413
-9655719 -7225751
-5666617 -8296381
-9128845 7986465
-7227946 2134066
-9895661 -6039016
-6516593 4507210
3230394 9491674
7449217 3690233
4550238 -2444430
-3330503 -9971506
3697736 2466593
2906449 -5372463
-7402353 -105049
-4865544 1092974
-4125612 -371009
2403240 8640441
2860412 -3781331
6721486 -747025
-8612958 3731567
208904 9493540
4000750 -8508619
3499408 3692311
-2617456 9747496
9819418 -6535023
-6506529 4449134
-3084273 9005268
6149157 -292441
2118862 2338529
-6568497 8746804
-1624205 7253318
-1589889 -8177757
-9442736 -9220965
-7451638 3786875
-2481557 7278750
-711358 -6064596
7943138 243699
-6063990 -6710608
5553240 1442546
-2576125 -6165094
800393 -2110989
-3105721 -6566302
3141258 7716120
-7428999 -6956564
-8209760 -4739880
5029791 -3997495
-2175252 -7317613
5977774 5956254
-256870 -9101635
8177115 8526136
-7538459 -222075
-9978376 -2534242
-6728498 2921031
6879929 6473986
2825244 1341095
9230106 -5696196
-2262498 -6374363
3858110 8640737
4200525 3395112
1171585 6429111
4947968 5990765
1189504 -3798624
-7842370 5289069
6187434 -2832722
-4306586 -5582888
4195037 4364549
4346659 -9328693
3592338 -3266987
5723351 7618162
-1040743 -7011381
-2707577 -1451404
-5309415 -9294285
9346452 -2453722
-9058610 8548695
4977807 3546977
-7945906 2112975
830703 -74225
-4785156 3243598
2927228 -4495314
-78202 3918630
-1716820 8620642
1808302 6633188
5882553 -7370161
2764353 7916992
-9094388 1605905
-9845499 4239962
4945677 -9285613
-1739335 -5154914
5910134 -3191519
2871810 -8281592
-3652265 -6595707
3330068 4925904
-9314146 7178439
-7316875 1061265
7496247 3613082
-5249923 -4878725
-8245537 -4220573
-9074381 6558379
4475371 153369
-8240726 3689972
-9553713 -2102665
-1388277 -8086225
