321 7662732 8664732
530
9656980 9647544
8582102 -2979044
-3593596 -8618101
-6123184 -1582368
-3808277 1515917
-2087850 -167773
-7609807 -6391172
7859718 -5925667
-5261730 9871307
9043527 -8726598
5900344 -9001854
-6062638 -1507494
-6314059 -3145811
1019927 -9288268
890816 -2775178
9388718 -315341
6705615 -6935852
-5553952 7970821
8904805 5628372
9660641 -1677136
671443 7612880
3738060 -9910857
6679828 -4422011
-4550704 1597778
2871181 -8581902
4932596 7009176
-4498318 -8712123
-9341582 8869958
2098043 -812377
-1071203 1678345
3879356 5505211
8569360 -9166133
1321040 -6898676
1246048 5531760
-6145376 225845
-9644923 906689
995832 -2957580
2620409 4093137
-4309084 -9807988
-8389890 586057
-2404767 1078449
-5117322 6542706
5412664 3096915
4800890 -4458904
-264206 -9972941
5532271 6246039
7079907 6131502
9232826 -3382017
-7850257 -1599053
1143145 478874
3901915 -3995633
-4436861 1498222
-4408640 7414099
7606111 699900
-8714042 -6201372
-2606571 9216221
5758927 -8602457
4494459 2276107
333555 -6312056
6231355 -8188299
8057741 2585701
-8766444 1763626
8381609 -2346000
6054947 -9533618
-6538391 -9468648
9052072 -2801908
1212667 -120124
-2706024 7131563
-2168536 -679621
3119007 7416439
-850987 -882578
514965 3028788
7821247 7424292
-8887764 7525776
1853830 -9328846
3256856 -140056
-8376430 -7572077
81923 4490412
-2526854 2521532
-4430764 -3863130
-4148685 -6548893
3330984 7137660
4269224 7063982
8900713 3141312
-6925897 -7899312
-6265538 2019720
7564860 2223116
-352591 -3234221
6807908 -2097541
-1426387 -6724003
3135941 -1338262
1089661 4346821
-8646415 -2724136
9797396 -8828416
9824806 -8656916
-5205809 7882984
5020645 8192473
-2227193 641527
-6217161 -8193779
-6093091 -3326480
1209592 9373295
1596411 -9842277
-3076498 -8709196
-806737 -8756180
7036170 -6268590
-5090500 7766877
2113698 172111
7447975 5999161
-312903 -4016364
-2673280 -238277
-9838940 -7971744
-9779271 2120911
5278791 5181705
6987926 -9490111
-2816591 1577982
951277 3411187
-3914738 909354
2200158 -7452311
6307861 3008764
-743473 -8606578
1676651 3344031
-6483857 4166027
-7318459 -6209651
-7709663 3480470
5758546 2368638
4396894 -382943
4254321 5919606
-6382337 -2866024
-2356135 -466888
-8888906 3121941
9049480 -2656374
769332 2062372
-2873587 -4865258
659858 -7030509
6879265 -6565726
6778306 2432737
-3401235 -1444084
-5137383 2810801
-3708729 -8203342
-3318352 -2847045
6770012 4566169
485775 -8921457
-9271129 1024333
3073797 -3380210
2258083 -9110912
-1767286 4184892
8763616 1307563
-1041343 1518399
4487890 -4109971
-675697 9618516
2051253 1367155
9923071 -3897391
8913410 1166370
-4520620 -5214312
-5545005 7721034
2287203 2161029
3239572 -8774992
-5234307 5289331
4425473 -3515205
-2626117 355843
-5459265 -3316443
507472 -1877051
9641348 5820703
-8289268 9466130
1600998 -3354410
8012745 -6448613
-346003 6168603
9851326 452168
-2245791 -8916241
1321145 -4669294
7491735 2209204
-4049436 -6391651
1414032 -6752341
-267546 -6767390
3588453 -4160495
-4960586 -377311
261991 645540
-3533757 5546887
-2470631 -7580309
-934718 -9306673
-5755286 1646719
-2184678 9594379
46548 3898711
-2501177 -2333352
-4486293 317109
-7473687 8819968
4944669 -6994558
8769454 -9006770
-5774160 -3641299
-5285441 -8981740
640950 330645
-9023815 -7729675
7817212 3419293
5838984 9958780
-9347893 7862933
-490348 -5095734
7014998 -5103179
1311885 -158673
24327 9577898
-104993 1327060
147028 5538034
1059829 -5062328
-4069098 7608050
6483103 -170717
847543 -7326906
3003739 -8802338
-6532012 4004845
-2575862 3979924
3938704 3801552
-5819162 -6736877
-9316259 -2892837
2003985 -3793158
-1435479 7698739
7276637 5832222
-2840718 8588849
-3356765 -2828356
-5374331 -177338
-2569288 219416
-9951301 556571
3229666 -6086184
7627830 -6587405
-66208 8749757
2729682 3612170
9930075 7357931
3137406 9184738
8808254 6627265
-7165893 -3662501
-5963761 812239
-3355539 -6085019
5020182 3829228
3517225 -3679905
6142757 -8336583
1882834 8142894
-8784183 6089822
2519990 -5552115
-9623168 -3038165
-4288407 -7335828
6276343 -7173023
-9815092 957627
-7341283 -1277230
-4649965 -4161334
2176165 -8533029
-5204438 -9299506
-5384525 -1271244
5074337 -6043625
276470 9635657
3815427 -1408438
9250808 8935580
5025402 8214613
5178850 -9533375
9944813 -2454608
209564 -1927965
899012 8172758
-869615 9002259
-2274971 -6399728
-8044710 -5694546
-4227574 -4408584
8808263 -3352193
5376564 567988
-2959284 5940090
-1907900 -7032747
-5924833 7317186
6252766 -8092473
2638492 -6674025
6308952 -6205480
-6143736 -9666306
-1594271 -1229883
-3057125 4065829
-4415560 1821093
5421365 -1410388
2895067 -4174178
1417238 -106993
6540815 8667493
-8248167 -7258147
8681944 -5566269
-2599016 -1207451
8626088 -3225956
-8802077 1476151
4802126 -2604794
1189727 -3647233
-3313539 -6372570
2397548 5045991
-8371828 -2391457
9429636 9340423
-2069964 -2787387
3038435 -2632646
7260361 3341455
-5474700 6972025
9713879 3801176
8234907 -3722867
-2413965 912175
7686219 8152243
-371606 8728475
-3876319 1400494
7753261 6946872
3090655 -170240
-5124248 -5560278
-5435383 -4511797
7344978 9020276
8749241 -6005746
-6122040 7791366
1132821 1787676
-8723946 -8861679
-2544150 5658121
4451607 3506285
-5581540 -4309243
-6156999 -7962358
3282469 4621031
-3978475 -4012253
-7065380 9406150
-764089 6291138
3247212 -1458373
4029830 -3371985
-4351709 7811830
4322436 -6108840
-8317473 -5602467
-1298439 8200396
9338717 2815348
-1526530 -7506033
-1483396 -3205433
-4998323 -7074923
7479071 2935064
-9927553 -8638970
-2651223 761540
-7315958 -3906028
4901462 -7200251
1341376 1919953
1064320 -1851325
-4039495 7887558
-8221281 -771036
-3857151 -9717059
999689 -6538754
6276594 -2639238
-7628918 338406
-350674 7266416
-9808507 887686
-6177249 4651003
6012033 186916
-9051544 -6104802
-7494477 5877162
8676912 -6367501
-1931196 -76663
8072012 -7465360
-9577801 1649477
3394793 6548869
-651838 -7799082
-4337836 9537642
9414756 -9652149
-6797390 4455110
1721527 -8214162
2673525 2851936
-2497061 -5570628
4616289 -987372
2907826 6031324
1908486 -1918903
-5770052 -2070299
369391 -6898250
-4363609 -5184895
6464582 -1558597
7506625 -3941410
-9224140 -140625
-8086631 -3145213
-2797361 -3561976
3409486 -8671875
5630316 405249
5773537 -4868987
-7923262 -1696159
7316469 5792828
1824152 6693027
7290476 -7259353
-6813299 6248990
9350741 -8479575
-3664470 3556092
-8002505 7503484
6078426 5316464
7692191 9504120
8875260 6854286
5808662 9605560
3450037 8594251
-8484148 -781852
-3134486 -919647
7384194 7289389
3082217 -1057748
8151631 -2782985
-42337 7422721
-3811937 5442107
-521116 -4339284
9216808 -4461196
5558640 5814414
1130878 3730655
-4248872 1637066
-1508648 -1176931
-9055019 -5373612
5736991 -5699986
-3965485 4395019
5991724 7252843
4542232 2900029
4358633 -4107729
3109286 -9859199
79874 2510264
-9531277 5583301
-8755983 6267937
4323094 -52392
8278374 2977177
-3292167 -118266
4035153 -590747
748674 2458961
-398299 -7473495
9342872 -5789992
1121379 -4661308
-7408465 -4622613
8277416 -2886897
3005374 -349881
-7692728 -4847599
179017 8631013
-3269334 2387146
-8828565 647740
3111700 -9508964
3468213 5494529
7892616 1390075
3315680 -9823954
-4848641 1927769
4454274 6580706
-9209286 4753060
-9908248 -3686502
1690885 1912093
1541549 5199639
-5150242 -7515347
-2362946 7063275
-1789360 9673382
2060528 7816071
-9019836 4941307
5432343 3231964
-8757155 4091864
7998291 -8583092
4109307 9135461
-6420418 -6169677
-9588970 9260666
-3469921 550209
6863707 3718096
8146542 9138183
4337823 -1445407
-6444402 -311909
-3248634 1703933
-6106332 1192653
-991276 4962007
-7580334 5954196
-8297488 -7494760
6597105 368361
1785269 5461710
-2886477 -2888252
942072 8410928
7671595 693106
3759667 -6130546
103902 6718026
5856209 623374
1694319 -1749556
7938535 -7289616
-3069330 5249918
8958923 7206254
-5315387 824338
9294886 -2032353
-7010760 -2895721
-11008 3513751
-1024539 2102697
9214445 -8225739
-9814810 -1394664
9298442 -7327131
-3457677 373137
9607515 -4425539
6197836 6646226
7413022 5463724
690461 -9591493
5658425 -2132090
-4925836 137483
-9038179 4617348
5101348 -7724871
-620592 2773059
-3713190 8090588
193285 9368400
3659013 -2221377
6383960 -8075918
-5403048 -3639445
-749956 -1801246
3773216 -6344373
2818205 -1142441
6837636 -7512596
-7104089 231228
8099138 -9955551
181932 1070689
8204389 5689654
7964783 1143753
-6083188 3305737
-6087323 9860543
1745295 -7280025
498598 -3377686
-8937251 -4595692
-5718784 9398910
-2402335 -4340299
-684672 -3952388
4905172 3887233
6374637 -7866466
-5118886 -5740840
-5696391 1786900
-7142411 -7019748
8669906 4485541
8145646 -8938021
-3115932 6634689
6495232 4578810
7298785 -6686902
-64588 -1759473
-3838813 -9686264
9712646 998161
-825786 -7041245
-993632 9826663
-3769752 1005895
-4344219 6427892
-9312948 -7395115
-3091862 536895
3517147 7507013
1992554 -234273
827706 -5296595
-8661906 138200
7233362 228127
3541225 349678
1106557 4532148
4845884 5992989
9507503 -215904
2742852 -2925118
9417898 -1318283
