96 8279456 5297317
579
-9700361 -6335444
-6966214 -1026954
2497805 -2544001
-2368055 -790466
-1647478 -7998593
-1358976 5473359
9006828 2033467
-5178179 -9870431
9412274 -3042782
-4586515 -1947575
-8881631 -7462634
7095507 -2301497
-2082756 -1925601
-4492177 5073543
3352999 8438174
-7897270 3321492
-7705462 -3831010
3624989 7652869
-3137597 -2691305
-689897 -8743066
-753355 -2268722
2281097 467479
597048 -9230175
-2272957 7102918
7671695 -7474326
-4936959 -4343120
-4128265 8790064
9380815 4674900
-7735205 3788979
2227153 7404990
726482 -1865854
4303136 -3153764
-5500895 -4462628
2846068 -2071875
-8298589 1361508
1609138 -7843829
2623650 -6535592
-5765767 -6109765
3509505 5737050
8262724 -5522372
134508 1181200
-28736 5842117
517018 6006244
-7688425 -8131569
9273421 2781813
3432312 -2944919
3901317 -7483745
-1946372 -2264552
-1820074 8400422
-7721718 -9100304
5572219 -118663
3345746 3887421
294008 -9287779
-1034377 96331
4573960 -6196486
4984714 9744699
5586817 7224820
3231064 7472331
1857114 8620187
-6081648 -1941008
5114073 1130536
-3836857 7350664
-4913887 -8468258
9932164 4216771
-2367181 3266039
5663728 -7789554
-1385781 5721390
6433611 -8474174
1622158 1424580
-2255554 -4600766
7660286 -3803882
-6579062 5245512
2717843 3247103
-5616358 -831645
7227347 -5425042
-1778154 -1698006
8169011 -5142228
-3610486 4384989
-8881887 5771476
-8446133 -3678322
-8951524 -1249068
-5527677 7217595
1259774 -7820952
-3880020 3422286
1337873 -7118068
-8405598 3864426
-890062 -1001841
-7754738 7531692
-3299953 4344134
1435444 9145256
9963602 6443746
-8698482 2173642
-3441369 8132613
3904089 -9792616
-3470938 -9806904
-8539619 -2025692
7708256 -9906109
4789291 -4067296
1871342 -1031970
1849962 3425623
-2709951 -6790785
2207374 3444364
-6507592 -1083661
-6739527 -3031012
-3885756 192456
9152554 -2787731
9385911 -3922153
6726812 -9545927
-9338543 8460895
1170343 -6852746
1121562 9706872
2317115 2630724
1079780 -1170182
7797848 9622758
3048381 -7048877
-3839662 -7835838
-1875122 -9661570
-8228879 884065
369405 1617287
-8190257 7547947
-5239784 -999998
5077849 3478649
3932722 6662480
-2360273 -5678987
-2531733 -2889468
9333756 8810070
1440795 1106182
9936000 1650871
1273629 -7479425
-4528302 250201
-5069285 -5677990
7176792 -5851611
5032454 3055594
-5327119 8947913
-987788 -4598141
4401861 8998976
2477625 3772429
-7048739 -8003938
8833428 8926700
8553584 590988
-598942 8818047
-75771 7887340
-7945437 -9158147
-6637571 -7623418
-4856865 3328192
166554 -1165873
-4501132 73850
-6870556 9859698
1323963 -9468678
8449534 -9681323
9317653 -9663824
-3375043 -4632253
9880162 -5688369
-6761669 -423782
-9832794 8713590
7531637 -8208085
2195607 -431736
410118 9972219
-7651199 4250170
-9905286 -3711101
-2360622 -2508064
82138 -7222380
-7362682 3138247
-3814079 3211583
3530260 -3522367
-3186191 -5364545
-7480445 -4635734
-7807751 -4044882
5531336 -7600283
3629659 7946932
9738847 -1785106
299511 -6322352
-6350133 -5549194
8700976 -9290371
9514880 8515020
8523308 8795690
-8426690 -2845742
-9707495 -1394553
-8182970 6726980
-6795387 8994779
-6369766 -2136358
-4255740 -7465225
-1510107 -3850211
-8934142 -2063491
-4116559 6537582
-5247524 4695517
889518 8138640
-7410554 5051987
-1722032 4539385
-4429242 3806774
2602464 -9690800
-2536541 -5905934
2699513 -3307874
-6580894 -9727684
9267095 -2967105
-2587110 -3376280
-841505 5413682
4079823 3157150
3610012 164740
-3297678 5145682
-7642449 2009805
-7335202 -6028849
1539490 -4236579
-9697193 -4745756
1577371 2333811
2643011 -4126435
-7516017 -5820165
871962 2622822
2895139 5183497
4732744 -3192580
3431140 -5321414
-9907732 -7854366
-2180863 5105987
7787080 -3311556
-8165874 3945501
-4044694 7005754
-9023095 6708029
-7528549 -1379896
-3609299 -4967252
7366559 5290610
3680527 7968072
4664259 -7474078
5148745 6164510
-6135641 8052573
-5140006 -1956116
-4761178 8597104
-9257262 807486
8429826 7847443
-5464113 -8921773
5023728 6216906
3222660 -3629987
5594394 -9020965
-7884509 -3284082
-5734982 582197
8389159 -8977456
8990616 -8368423
6673851 2069686
-9249451 -3828772
-5776199 1822596
2382832 -5385092
5728364 -8399853
2407634 7621655
5469098 -1012545
65682 -6646188
9570718 -9995015
8891350 -4910589
8584798 -4690270
2025648 -2997904
100646 3216641
4239186 -1192982
438595 -1510195
3075844 3229802
1917382 -2887553
1451395 3826393
957653 6141184
257683 -6165772
3972235 -3313982
5673473 5181669
8535481 -558667
-8037330 8255507
-6655082 622551
5932282 -9145980
-9627532 4446068
-2337290 -9525718
-718699 473114
8962920 -8098104
-2351950 2236248
1865047 -5444884
8381509 2081785
-1777031 -6683557
-2849329 -8144486
-8942116 997004
-3821326 -8877094
-6919409 6731357
4986865 -5285845
5336707 -4956739
8413633 848135
7810556 -6214659
-5740377 1302453
-8224432 7989618
2407866 3540924
8293525 3254840
7809956 2572268
-5345947 158572
3475015 -1292183
563331 -4606626
6390379 3142038
-3218704 1621216
-9131075 -7430947
9799560 -138113
-2578500 -1627858
1736630 -2347381
1437960 8351485
-346061 -452814
-9946844 5697584
-8245140 1429507
7200699 2461022
-4966710 -9951615
-7276690 5010655
6234824 -312656
5080718 6198325
-8143284 -3201845
935723 -6012551
9072854 -1361988
1016252 1804649
-9823209 8872415
9041386 8437752
6789238 -5570227
3976959 479347
8693283 -3556823
389036 4030115
9007489 2964495
-4470767 -9893913
5116742 -5959220
-3755524 -1747457
6967220 1351566
666073 3841546
7828996 8823936
9978301 -8398203
-4077202 -581798
-1709383 994553
-567695 8615941
-6954285 9848356
327703 8737895
7697424 -460974
6085494 -8462662
4501833 -1913540
-1807453 5092983
1650115 2547418
-9200039 5825641
9693559 7894591
-5747510 7767182
-892530 359633
-5522218 4597838
-5983960 -914229
-9919676 400580
-8467127 -5176990
-5328634 -7971018
-9233123 -5421412
4117615 -2484579
-947241 8464302
9067114 203109
7812444 6070944
-1381637 -2740338
5601655 -537440
9873503 -581676
9701858 5295215
8171200 -5874007
8723831 -8674319
411452 5165334
8082266 5256224
-9920766 -6991871
-4962889 9615139
-5806272 -5249400
-5217627 -4196012
-5731710 827695
3547156 3835132
-93924 5851757
5627771 1359600
3338512 1040791
2975468 1229426
9040993 3212016
-145639 2677326
4003007 7212193
-5106121 -1421807
6350769 6930812
9938941 -7023855
5107637 6430003
3696955 -5023948
-6703608 1817717
-7354588 8479328
-5169188 -9918965
5932792 -1291080
-9931480 -2746760
8294032 1560563
-7210011 3407033
9135401 1269500
6463178 4347335
1559528 -1010238
84307 -7017462
9913350 -1030240
1945905 -3564924
5381431 2368643
7344695 -2946458
1387611 -921614
-2442286 3157439
3238474 4033023
-7258057 -5095122
2158119 -828734
3248181 5326816
-8749799 452151
-8278349 -1445477
-7098142 2901954
-8108284 701181
3683719 -3022262
5947498 -5507624
927452 -3886579
8482064 -9590244
9979650 -3691116
-2096378 -1656889
-8499449 1367262
7916637 5461337
-9633785 -2744623
-1057004 3174933
-1498251 -4959314
5492837 -7808823
745700 -7731698
5170256 -269160
-9567978 3647558
3141649 -421676
4070700 -3367907
2745515 -910853
-501097 -5001847
-6176611 -6256069
2087043 -8005094
3362168 1727011
9704700 -3896054
3359323 1278805
-5546262 2587268
7627954 -7697681
-5506503 -4528161
-9743507 -4362856
5367984 -2244451
3919460 5426749
7521426 -1683642
4948452 -2938891
6150256 1592126
-893369 -9789681
-6045750 8165512
-9839582 2930020
7173384 -1442355
4661591 -3961062
-165905 6878084
-8018296 -9462733
-7160414 4287834
2276025 9609659
-4753197 9849435
-9878663 2532519
-9524380 3131139
-8552502 4040797
-8898094 7997046
-410827 -1087698
-877379 -231486
-9549622 1212156
-5857823 -4406777
-3332779 3127148
9166086 3831913
709997 -8671188
-8133921 -999818
5804368 -4791946
-5182287 7222018
-412195 -9403255
-4354384 -7419132
5712007 -290858
-6250061 -3878763
6634635 -324143
8588159 7368197
9653064 8740160
-47683 -9772868
8336708 -9896558
3230591 -3389154
-9557241 -4996071
-3667259 -5086971
3913211 -6330892
-1122838 -9284827
453543 -7766069
-7169323 -3788773
-1207905 -9958652
-7733157 -1523707
-2886118 7020455
-3303688 8533134
5901332 -6251482
-7511322 7800824
544308 -1929252
-1825810 2440995
1568193 -1118984
3884945 3921133
8834163 2010952
-1803587 2734039
-4034436 -4736274
-2502342 -410073
5801155 6419107
-1023193 -7155313
-6162668 7109602
4130057 1243650
-7706863 951215
4699733 3342722
1143546 8194469
-3734783 -295237
4662111 -8312146
-6914777 -3044241
3393245 -3769696
757609 6970168
-7779441 2227408
7486 1470374
-8939699 -1813877
7121582 21496
2866183 6861456
3971059 8614742
-7625256 6703516
-9828917 -1898884
3960190 -5332119
5378702 -2612832
7091931 7620088
1824295 4160271
-8883969 -5729606
-6982949 4909518
-5603962 4509276
9253036 3774660
-4754966 -3383402
-2680927 -739478
9282019 -3694665
5683144 6957008
-1911898 -5335446
3884422 -345797
271671 462846
-2352920 -3428143
3959025 -5768138
-8148050 5542134
-297594 -6432691
-2162297 3676245
-8897885 -6665211
360417 854754
7145766 -4501846
-5368896 -386547
1390327 4907152
3728840 -5533471
-8576463 -6811302
-9630395 -588016
9066187 -488361
2490838 -3229621
3342237 -8145790
-3913928 2654270
-1803596 -2698738
-6615077 -9545625
-3353028 415162
3749951 1222627
4593733 -9734560
-4236406 6626720
-3759827 -5744148
9163004 394698
4861227 146853
-4148097 2891844
-7696172 -1198883
829108 -3778492
2991888 3886367
5740578 5836298
-8993080 -3665875
-3848261 4343002
-2686271 -796675
2134839 -463337
3275642 -3522946
-3257506 -4115209
5027863 -9614273
-5358421 2506088
5417138 3784389
-6068758 6320936
-8270868 -7205283
-5887814 -7700503
-1478994 6549313
435680 4941295
-6706055 4029246
2879723 8692610
-4448035 -5699134
-3979457 1547814
3600829 2865694
9342748 8155382
6556525 -3123529
9778551 8601594
1107682 1584389
-4631222 6936482
-4226230 9041172
4352242 -8183628
-5884131 -2497097
-5947784 8464428
-4077925 -4846773
1698825 -2995752
8213211 -783979
3516887 -5421452
