533 -6825906 8073890
539
-9993300 7729708
-809116 1303124
-7153995 -6402939
-6037926 1189753
-1923191 -2190633
6388326 -3774694
-9643282 3898058
7993643 581895
-4567007 3462157
6534193 -8478203
-7638275 -1891967
2382648 -6582168
-8466637 -8052764
1919458 -8668830
-5494736 6226901
-3527038 -7490300
3812824 7028316
-9374622 5663846
9369951 -824818
6984549 -5412548
-6670890 -2553239
3861171 -4110772
6471123 6202181
-335662 1854814
-4107037 4420468
-7471499 -3801468
-7867284 -1745312
-7281723 4911150
-1241328 -6333921
9892981 4637735
-336212 3263937
-7191395 8882295
-2937507 -6523388
2651794 -6566017
-9462212 -3567555
-3604442 -7847304
-9441724 -6133102
-9930921 -9743271
-5372105 7029399
1449867 -266582
-1551698 520858
8775546 -3505279
-8594129 581018
4247097 -8506177
-1352089 -7319105
5944832 -3343570
-4461275 8311699
4304663 1269790
4703773 2601219
1550016 9472810
-8374494 5241561
1624812 7945574
8202303 4700134
1729533 -5789757
3943661 -7169802
3351056 5695752
-7809527 4908315
-4510667 -5357046
8653130 6112696
8793592 2252783
8909213 -2698959
8129092 -2745224
8524566 6964291
-434490 2433755
1906565 -4255308
3502605 -8884474
9061100 -3951577
-9251443 -4872583
-662339 -220245
-4873695 -5005558
-9309805 5797674
705990 8477361
-6879685 5397020
1509717 -1288325
-9035542 -8226555
-8409162 -7180339
74437 9873672
6837963 9719930
-5329962 -8884644
-3139952 8919825
2551703 -907045
-2342269 -9637347
-4509929 -5870845
3908910 -9077360
-4082917 -2655916
-6858242 9035215
28928 9123630
-2962998 -3635900
5075776 -4334405
9955393 1063071
3882732 6040234
-1569742 -8453769
3782514 -6042830
7588878 7784573
6704398 8452552
-9938141 -5551074
-5188421 -8227547
-4098392 -2280410
-8841417 -7181998
-7321562 2326870
-6121563 -2924334
8715648 -4179803
2184297 3907365
2089313 -4247350
6815722 9776425
5816660 2044706
-3892711 -6785194
-2828024 -5753082
4547844 9889803
858707 7277206
-8273868 -6231406
-4458952 920567
1156509 9054064
4388418 -6040992
-1197769 2315092
1907110 7066857
5403406 2680668
9104386 -6860890
-1108239 -2412297
-2635871 1193699
5754757 8223835
-8561359 5697141
2460411 -8137954
-8248150 -8873030
8404176 -2991745
776850 -4873091
-1436172 2646661
-5782923 -1165750
-4690390 9720338
-5448218 8605495
-1811296 4111841
-3207490 -1024755
2114355 -6407890
-6303834 8413248
-7876701 3522468
-5737345 -6423353
9273788 7878056
9740102 -4298703
9344619 -5749449
-6224841 4008304
1651566 265147
5428160 -2931639
5902611 -9784606
2452084 9645237
767085 -8787779
5324063 -479781
8495464 1472141
5064252 4632925
-4437475 609819
-5867712 1276770
4853417 -2314176
8080232 -1605057
-3387408 -3356443
894108 7820334
-5655009 8473563
-8744937 -2814381
4253980 -1487091
-1271697 6683223
-1155187 -7327057
-6114835 -8819612
700607 9611898
-6399609 1725580
8874857 -8287577
2322242 8664643
-7542235 -5562618
-5360442 -1029118
-117822 7311182
6471091 -7280210
3056476 -988878
-2515314 9881552
-2932829 -82181
8430728 -1260251
7939324 -8678848
6510447 -2840968
-9144228 -3215863
8912387 2911964
-5362456 -5927269
-4214846 -7487221
3693774 6028753
2982487 623748
9594631 6151540
-4020926 7622045
2858187 -8006839
1004283 -7549834
-7668282 -4085336
5832483 1005321
2261422 -601111
-6763607 4263212
3938596 200747
6984884 9746841
2658805 -2689280
1383451 -1586376
926403 -187298
8357807 -315043
-9691295 7136529
3288069 1340295
-8521308 2419688
-3070799 9267144
4233662 -3146768
2767896 7933485
-8544842 6565380
8480621 -8883269
-2103705 -3767067
6433680 4233367
-3503440 4351243
-8338037 -4065084
4348540 9155365
-8515581 -4438234
5246723 7791295
4927825 9842227
-6301126 -1928219
-9508531 -1784106
9999390 7693918
-5452850 -2579329
7870508 -3250596
5831136 -168602
948130 1842018
8074951 4311758
-8938523 1360777
-4287979 -2975017
2959900 -2441963
-3286598 9890336
-4547897 -2691560
7616088 -9285826
3072753 -9301174
-1229393 2543913
3276159 6771627
-3018103 -8221571
-8284548 -4208098
2541306 -5954600
3876798 2102312
-6055670 -1627557
5200553 7341280
-1297942 4535634
-8439383 6262030
-6179933 -3069569
-3179233 4520517
4345310 -6950179
-6236005 2272870
-4511951 1961398
7021663 6836748
-3875273 -3224992
-1446563 297822
6089724 3106625
7152025 -7214759
4887553 -1368969
-480174 -6454825
-9113544 1348236
8400222 -5279621
-9017591 -7895134
-8448351 9960839
-3002291 7318828
-9631351 -1627584
3161639 3859371
8337121 6648997
3485745 8649688
7941048 5358784
8172958 2126825
7749802 -3505514
-8203921 4262683
5410066 -2581821
963354 -800015
-9451779 -5070108
-7833377 -5633838
8987380 1464795
-6058014 5665384
2984212 -9460971
-8572202 939695
7315418 -4130787
-7481790 4589437
-4244523 5652539
-6472325 -1479692
3163485 -6303475
-7292637 -8299366
-1520331 913287
8331466 7019795
-3780220 -6110265
-8664021 -8188828
8693687 9284353
749148 6018954
1684338 7681067
8220097 4691134
8147182 7184902
-6945885 2164247
9270036 5462600
-6368508 8088678
9125338 7541865
-8761610 9675519
-8623847 2288823
5718462 6462106
-4001747 -7627826
-3738091 -3433720
-1622548 2218033
1502386 -9885760
6133194 -2928861
7268559 4767886
-540980 -2182468
7518786 -1994992
-9830745 -2393798
5585155 -9427098
1177932 9439291
6981156 9216647
1408518 303270
5108445 735898
9714356 -4698976
-2326802 826907
7393187 -4287391
7930642 3935108
-3434300 -4229361
-4641869 -8050620
6717266 -7301105
-6967221 -7373310
631698 8692639
-3701159 -9448434
3640820 800953
-7243404 -8116004
3616995 -5181248
-2361626 2254104
5506354 -4974486
-7157110 -7253181
-3909922 5220711
3449672 516088
6967548 -6516735
-8229744 -6103333
-4153953 -6466751
-3767856 -2871613
-7728571 5079666
3772305 -8218725
-7667159 2903127
6220432 2587498
-3012153 -1509987
-4174883 1493380
-6252516 -9395158
8146708 3463491
-1273338 9253839
-3009098 -9010402
1505687 4816740
816357 -9559426
-5662759 -1526765
-5477164 2586614
2231353 -7300359
7779307 -6728668
-4947392 4502783
9922262 -5932036
6655462 9901801
-1608185 -1340953
-9847573 -6356691
6764504 4216932
-9803224 6416264
-1813545 -2572436
-1582837 -8560210
6256531 5177357
-1865717 2439202
3428789 -2927112
9659502 2471525
-2312482 467978
3739310 1890856
8909991 7983177
-7948859 8791918
8693720 8832253
-2508700 8706603
4866265 -2914465
3818819 -9839920
6576344 1630769
9058333 4015595
5455386 -5237201
2456508 9991848
-5052598 -5771731
-6182491 -9409209
-4421332 892544
-8639478 5993364
-2115780 3266186
-6234285 5099832
3891751 9310563
8142816 -4183144
7039812 2585471
2187358 8150469
8310549 1906077
6053198 8522529
2538125 -2596755
-5317604 -2372117
-2380268 -9490137
7254484 -344744
246047 -4916514
5976030 -8928007
7065357 -1658932
4123606 7336552
2436385 7465929
6776492 7889322
6222530 8844488
-6053689 -2564339
-4413870 3262342
7684771 6133669
-2827450 6413031
6332628 -3745679
3882205 9710675
2736890 -8984976
-6813368 -8498063
-3414577 -8626
1063368 -4050969
4290099 5077806
2414358 -1871275
8111007 -1586294
8819380 7367095
6211583 4887499
-7676840 5041910
-9179395 2674246
-8675733 -9574358
-644975 1021728
7276050 -1503182
-1792507 -4312347
9219029 -6325393
7692896 3460736
5968462 -7594339
-1645307 -5721681
1872477 -2968170
-2323092 -7355208
-6425150 -5713164
4170283 -4212085
3191766 4910582
-47507 -7101781
5572465 5514927
-1543079 -6710550
-3172470 6896733
-4606449 7811947
-6500400 -5896420
-2221813 -3882604
9578132 -7281370
7640643 -4528917
-7734245 5546595
5094777 -4004664
-8843519 4138232
941420 5288037
3592304 7247683
2158266 7628056
-9473725 -3215929
4815350 4627111
432913 6098740
2995473 -6727729
-8915782 7260443
3880376 905376
7022773 7100171
2335153 -8341437
9645999 -882743
7180204 -24204
-1512515 4428106
-8917310 2274982
-9920629 -356034
9408001 -5459537
-7831481 3671676
-9544253 1566267
8709730 -7305206
8793534 -2212551
1059720 -857357
-3596913 -5694640
5210736 -5339709
4276814 -9716537
4458378 -5250139
3867119 -3388033
-895885 -3379271
-8951165 1047323
5838657 7591600
9751918 4647878
9188341 5918029
-7893943 9159920
-6757461 -8643140
6568006 5078156
-7134395 -8047730
1094913 -2122108
2183252 -3558323
1101968 14352
-7185833 9910341
-5339798 7895134
-5492899 7272546
-6106725 1043673
4607349 3611217
-6280831 7458463
2106341 446006
8880387 -6528912
5147360 -6188966
-4832106 -9013556
6064600 8389899
-9657831 -8264100
-7869856 1446557
7888235 -6046565
3967787 4313397
-3259910 -8493445
9401690 6781955
-3429147 1400292
4960318 -6091209
36360 -7019520
-9561057 -432333
-9986327 -3728118
-257030 -4938364
-1127330 1410413
2396857 -5109670
-6719771 -3443084
-9190832 -9022190
2424367 6138751
-9907814 -7060687
-230938 312602
1819158 -3423675
5874632 6509152
-9574204 -6262800
-2354009 4961837
7942318 5386114
-5046219 198704
6470586 897613
5959250 7483807
-8589428 8729908
6136590 7348272
-6094811 -3676219
-2698409 9416819
-1928078 7230709
-9829978 2242311
5071265 -9319540
9773138 -60916
8964588 9406775
-6856025 5647770
-6874040 9390385
-2707149 -6693681
3505023 -8931722
-5517757 -5237015
4763144 -7508039
-8778131 2957845
306118 6173716
-7502503 7358459
-708370 -3272341
-6041632 -7684559
4557752 -120095
560365 6644743
-3416173 -7854631
-8447855 333503
8497626 -4451584
7455153 -5303880
-1997561 -8376414
5208216 -5251996
-489011 4023814
6515775 9690459
