267 9290404 -648954
420
1920538 5735087
2018831 -4108946
355336 2800772
-5057014 -9215532
1132238 4433078
-423136 6682544
8442433 2347048
8161813 -2176284
-2767407 1971459
-7861274 7424520
1566125 9059236
-9531704 8747748
4114383 6390935
7971892 3225154
2515558 7154802
-4593759 9839290
-4269656 6952449
-7730427 -58575
725893 6085680
518758 -2787440
6411456 4374483
-3278468 2611974
2952043 4853890
9341701 7399697
4824217 -9815364
1760224 3996779
2744528 8906694
5297630 -5255127
7970027 -3141089
6530066 -4214126
8141516 -6998062
2470739 -8063693
1877732 -6128140
2473892 4740312
4469224 5119978
-505539 5509002
-9362671 880681
8250923 -1267655
8648394 3589372
-3709640 7592624
1589404 3472612
2379306 8050584
-7204543 6850284
-6290805 -9806712
8495514 3281837
6283775 -9760739
4691921 6637030
-9491110 -8729134
6011178 9086005
4205983 -4500866
-8991863 -7003245
3877436 6216797
7465494 -8354534
-2248810 -5355289
4753687 6113889
-7897147 4041550
2092134 8859443
5709727 4482159
-2808200 -2596056
-9314219 1935275
-5309112 -4312686
4840697 -514092
756774 9382809
985167 5349587
3365074 -3232048
-7718941 -4808850
3924299 -3110437
-8948619 6158495
3319558 1389794
-9979965 -1197429
-7155879 -1926754
-3067311 -7877112
-878601 -2547393
-2627097 5158769
-2905956 -1170449
4516866 -1941316
60944 1784932
-6315906 -642437
7223502 -9182282
-9897977 4669261
2376763 -6895072
-5509 -7616918
1057930 -3698937
207209 1045872
9848443 -5622512
-5032914 227244
-5133516 5208916
5177876 -5583872
9574897 3987883
-7182565 -7449221
-6874184 -3331059
8453873 -149347
1724568 3186760
-3479169 -7862033
-676420 -8535578
-5430649 -3377146
-8477712 -8299656
-9482241 4563842
8126067 2580218
-525941 724968
3468564 490862
-4300221 4441145
8857273 8335048
-5160717 3394007
5944786 948522
7617463 -9826930
-7459925 1586954
7290067 -1412311
-6757992 4264643
5729066 6327250
5466456 2565589
4265933 2814769
9894963 6988744
-7914685 4783692
8025012 8021030
-1488107 -5924274
8516871 1493576
-7655024 -3271976
-9877969 -109503
-9160981 9700611
9873682 -1416831
2686476 972835
9560524 -7586243
-805247 -7507105
8820145 5318884
-2115527 7440171
254940 4286601
1275345 -7849594
-549550 -7333745
-9312714 -4122988
-47262 -2524538
1485390 -8284469
-9040093 -9014038
-6607189 -3653282
-3952670 3598290
4697811 6748182
-2278983 8437364
3367473 -2615713
-122818 9797893
5116778 -7437774
-9997603 -8786321
5500280 -6998749
7668010 -7226311
7956297 9291978
-4831010 -2881540
-2889725 1159935
2875466 5121729
6107691 8595665
-5057616 -3648275
9950015 9500502
6248684 -6493934
-8056570 4647826
4548466 6486054
6283947 5310903
389482 6942000
8155680 -6082923
9434681 -7091769
8198273 3655960
2947938 7102691
6737503 6154570
-2685495 633281
8271362 6364130
-2523852 2706323
9058048 4379053
-3604093 -5065116
-1559050 1524415
8688593 5160943
-5836651 -7099268
8211635 3237059
179060 2963649
6880726 -8882531
-5974299 -9148908
4507052 6315407
-4065550 -7776026
894896 9971343
-6879024 5188306
1552436 8209401
-6567924 -8607662
-1712257 9028584
6479820 5006476
-3469109 4683650
-7639055 -5079230
-2178498 -4780516
8456544 -3475705
9487944 8549490
9666959 -8848044
-7996952 -1114978
-4799570 6209012
949338 -973548
-8485853 -6348768
1355890 -8155766
2569987 -5364877
-3972539 5424679
-3030385 -1481585
-6475109 4315204
-8484794 -6550564
-1629794 55782
-2208381 6392504
-7083201 -1291939
-2742449 8764515
9916471 4921095
-6193883 9440862
-1833773 4435871
-6537677 -8477101
-4825868 1631917
-4007496 7492823
-7872054 -953626
-5528947 1078843
9597259 -9328240
4986964 1440669
4890105 -6877850
-4305715 -981477
-4588973 -6739689
-5515276 3485904
2250419 -9155822
5765273 -5741373
-6300510 -5316758
9119113 2087742
3610642 -5617931
6013986 5097788
2590611 1301126
-9652500 -7993510
3085334 -2765090
-2093330 -5181446
6259223 -4801055
-1678905 -7106366
-5571491 -6334320
9442343 -3468268
-9982364 -160464
-6799934 -6072932
-1814305 -5215593
-8015999 8965339
1053082 -5598463
-1216394 -8896886
-1282745 7180076
-1518798 7313945
1836787 3824218
-8940872 -8654946
-3836392 7438473
-7362582 -1034202
-5624215 4939183
8604863 958514
6598 -1195706
1160183 563559
4490627 -7459413
-2675006 4360249
-4158059 -7323678
9594212 -691004
-7071538 -588625
-3408549 -9105830
8208115 -5837931
7986288 5072653
6417707 44903
-2516624 9045416
-9472433 5097668
-7446797 -7362853
-3887987 -5096648
-3776002 3674419
-5762022 6118611
8659198 7384181
-5739217 8728605
3921279 -4015807
-2190459 102724
9514099 -3968157
-3073986 -6745645
9932777 -3894450
3694555 -4865871
-2304616 7919065
-519167 -7371386
242634 -2304887
332260 -7475248
-2571896 2795838
-3529743 6444273
-4920764 -3831545
-6447364 -6775413
-8046808 -6261565
-7761020 -2186581
432495 -1609177
4422667 -7435127
-4180772 -53406
6052144 3865033
1515514 8268357
6187422 -7736949
-5108334 9210899
9422364 8184608
-9290640 5134300
-9553510 -7729024
1231601 -9346183
-3177728 -3083253
-7342314 6310837
-9950728 -7108740
-6778968 -5389122
-4481946 4804604
7369477 3653527
-6399878 2457073
-3677894 5705058
3973415 2168618
-3051978 7837620
-435129 -7322810
3378150 -5643960
9490340 -8496413
-6225437 4087510
-2742321 2453183
1886282 5006164
-6166646 -3403697
-7996084 4543969
1671199 6398978
1203583 -4775052
1394827 7189253
-7837322 -8910588
6794470 -2488699
9679920 -8998864
1355109 767886
-4038572 9144294
-6499666 3436332
4939920 9339578
-4056560 5507026
-2039791 8714483
-3763000 3201120
2313775 9846492
4390461 70354
8985684 -3165957
2058991 -3938340
5767266 189267
1278680 -6546181
-6518528 446296
1447433 -9410498
1357388 -6838608
4822038 5318894
-1244774 -164832
-825254 8322372
3829399 -6304854
4925982 5118187
-9164341 4305960
4152452 3679334
6266040 -4334214
2499830 -8940735
9637278 5251724
7957344 -5441179
-9471008 5404544
8367192 -763976
-174474 6526817
2204561 -185375
7649871 3699267
-6465565 -2973400
-4651028 -3594902
-7383404 2709182
-9656279 1694723
-3999316 58930
-6261736 -8820620
9361518 2669488
3728754 2520656
-2227619 1861348
-1063478 3366032
-8713072 -4270275
-2517899 -8018134
8508683 9654120
-8014902 -176021
-6476754 713245
7739845 9634969
8556419 9574034
-5200432 5605169
-2700107 3689368
-6251702 -4856711
8839021 -4183071
8486417 -9997085
-4960077 716891
-7421760 -5268477
613907 2812304
1058381 1514762
-3987020 -5582813
-5928692 1056834
-9119186 -5478336
5234909 8572758
724079 6920412
6494446 -4508894
-8903725 -8203149
5486219 3810366
1470007 -9087480
-3270551 1750869
-5729864 309028
3542272 7732219
4980094 -689940
4638716 6120512
-9848374 -4405998
11189 -4302902
-729716 -3835394
686270 -3401151
7687959 151098
-2928489 8437531
6444989 -9071609
-7274758 6082309
-107324 7541265
970137 727813
4995034 -8637317
-5811936 215939
-9535490 9265171
-8908417 7730336
-3632800 5444604
3554958 5730299
3943749 -3481174
2683432 -6433852
-7318651 -6785966
-4118516 5886055
-3160062 2885661
3814052 -4530653
-8448343 -6715072
3342545 -944354
2299811 -6039315
7839720 6829034
-2955027 -2705155
9076368 -7972216
2274472 -2490517
5470440 2684303
-1585397 1158024
7676850 -974602
-4892102 4874704
8088738 -7123365
1279042 -9694400
3191261 6486575
