4 -9471472 9476328
366
-3840791 -694070
5003310 -7585546
5900995 3439040
799148 -8980623
4158170 1795560
3052139 -1856555
-3173011 7364700
-8649471 -4096614
3453135 -1957195
-660337 1198530
-7715902 9682447
8190780 -4733961
7039163 9662890
9160540 -4971393
8073488 5384528
7206811 8636868
-8948678 6749049
188089 2210121
3229498 -531330
3780582 -9012762
-8352965 9904021
-214927 9349073
-4747541 -1525976
6516829 1135602
4850485 8705594
904394 8372844
-6361116 7134583
-686175 -8388474
9156485 3194399
-1421073 -9009283
9627585 7229973
3979022 8302090
-6971436 3195260
5180282 -5832888
7670702 -1225586
-1321565 -1039136
-1690063 9317737
-9691886 979861
-7884537 -3921252
7300695 6824943
5197788 6965948
-3383117 -1794911
-7667033 1353024
-5452577 5930708
6921425 -8510548
8719426 -4357298
-6055207 -934637
4776975 2698448
-618088 9489709
-1735877 -7526391
1434473 9568966
1403056 -541089
-9561228 2260762
8339510 1711170
-1463887 5070587
-5447112 5640205
6361646 6250253
-2396723 1169771
9616832 8694613
-9815934 2150700
309755 -945391
636324 1419844
-5881708 -3229100
-3739391 -4586701
-2113092 -3983443
-4414477 4524732
6499995 1837733
6614847 6988579
-1300251 -544881
-5474293 4954358
-6889085 -247785
-3997532 -921405
2764718 9472562
683527 -3877902
789150 2381550
-8563840 -6616055
4803789 -8901095
-2130195 2072484
2136 1438434
7454991 -3353234
3687851 405396
-7756870 5556866
-4938202 187846
9642966 1374329
8845039 -3722101
6030114 6685025
8279972 -8044045
3944869 4548935
3187385 1044690
-6573759 7144748
-9471306 -6023465
7591793 7378753
-548763 -2151165
9287269 7977950
-5375283 1969725
-7624878 -741388
-5184521 8312568
-8983234 7134604
-1491067 -122723
6155176 3176084
-138891 -2646027
-8173720 -5298357
9250578 -1858919
9185772 -1712499
-4567751 -5045685
-1069150 5128365
2507118 -4039057
-3673869 9038995
-466702 4474707
-3555567 -4386600
4872013 4158015
-5013065 -1180445
8470511 2203844
-7918879 8520053
1696138 -3020556
-3150231 752649
5454292 4073599
-7785319 -1323951
6963550 -2778778
2175537 3916805
-8438478 4912152
3389447 3622740
2661735 -3415008
-8940301 9715578
-4671021 4711385
-8614248 -9979516
-8643609 2717344
-5078812 -3627313
7409093 9826902
9322699 -2997691
271310 -894769
-6821170 -3827532
-2635130 -4274397
-4536823 7909863
-5656980 6844772
1756924 7638715
-6222193 -4095458
-4994114 -4853628
7378302 6439542
-6332720 -3934414
8602422 -7292719
5424625 -4946968
1425720 9958814
2302068 2862165
2380826 -8648835
456396 1624767
313588 -7347863
-1622260 -3848422
-5938558 194810
-2960418 -3642731
-6004016 -9079186
9341709 1312859
6459231 -2226209
6729686 -5652405
-7070467 -3646115
-938833 -9603034
-4550002 -8468044
4007122 7002144
-135690 -607930
743235 -3690810
450310 -7754864
7413625 3715983
9867562 -9236102
958708 -4208635
-5335013 6445356
-117478 514642
-8172499 -1339029
-1048885 -775769
3571827 803084
7156970 8197153
8594119 6501360
549668 8734489
5736633 6560469
8468892 -5443210
865981 8117295
2878784 -8271521
5444463 3832643
-2887107 292409
-1399873 -2171623
6790085 587953
-8897405 3265114
4442437 -3327393
-1586809 -7069903
-3750467 -6606448
-8409295 -8014982
1002730 -6593497
-7859008 2701176
-8222002 -8447601
8625541 393978
-8972375 -9753110
4491721 -7992126
5840517 3906409
6715171 -7547464
280913 -7046590
3541363 7831650
1096764 9587350
-3740042 4643959
90408 8055553
-8550894 4673149
-825481 -1143707
2262797 5556163
-9226308 2693601
4246000 -3079859
-169529 -7448310
5314932 -4612106
-2604232 858097
7280858 -193347
-5224458 -6763714
8706048 3996029
1827679 5056455
4643806 2247412
9407723 5440795
3496349 3420116
-9390383 -7985517
870776 -2538193
-6982030 -7699512
4994089 5649925
-7429933 6308014
8859704 -8243558
-2855664 2400538
5774987 -3309012
-986006 4540104
292742 3055846
9568227 3789536
-8637657 -1001209
-8753797 -6087741
9353054 -1477499
-8057383 3170278
5184761 2849403
2827562 5068586
7369074 -3944463
-8294537 -1638115
-5330101 2363164
4119606 6791882
-8291228 6045956
-7263056 -8736058
5804046 7483760
539606 -5732710
8056826 -3903211
-2388068 -7375815
-3463556 9419170
-2058329 -1141865
-7971587 -4110501
1255254 -7599359
7469227 -270474
5785063 -5917183
2444702 -2645346
9717818 6878
9315112 7114601
-4323091 3837424
-2382282 -8976115
8507645 -1586146
2681144 5938116
4551257 -8436397
-5812212 -6745677
-7326507 -7836811
-6462324 -6759415
-869916 -6868484
-4467843 8082441
-2188033 2901690
-499141 5517737
-7127609 6113383
8636613 -8054439
1576515 5106561
-8539663 7951726
8975611 7253424
8183630 -921945
7532523 -392
-5920437 -6618873
-3364550 2083781
-3236678 -9216297
-5975712 -691057
-5043189 300999
-1616560 -4329276
8572415 -6994679
1039410 -1288240
-5174857 -9410374
5051540 3911801
-8465286 -6538244
3929834 -3371945
6397831 -7004949
-5410542 -4578203
5421405 -2902186
478941 -7878019
-3277886 2017320
2801024 7114391
8939686 3485437
6302788 -658336
5012389 6412849
9418170 7202580
-4085660 -3898844
-3309218 457580
6885733 739483
-3282408 -8257678
-9113271 8420447
-8584502 -9352574
8585576 -199087
-584921 -3995044
-9356710 4006981
8540654 9894020
-475237 -2634596
3367193 1341678
3199694 -9019199
7393650 -330019
-3127438 -1787917
-3170409 6811821
9785753 2786902
6042738 -3963274
-9704600 6671487
-2391714 5276682
-1559540 3698482
6015747 -976215
-2454907 -2973964
3549370 -4569174
7841198 -9295265
-1929860 2090024
5948054 -2634039
-1653238 3953685
-6376333 -852252
-123816 8256764
5068585 -6987419
5799483 -777873
-2224795 -2629309
6558530 -5641427
9635255 -1929394
4285440 -5833184
3190601 -9407932
-2381896 301187
-1751635 3252047
3956782 3683826
-4226150 -3910437
3455524 4543274
-1503040 4238256
-6613995 4318638
2575402 -5363021
-2350440 -4221459
5000668 -9839660
-2468969 5965395
2840321 -7224126
-6637168 -5910439
-1743623 2475576
-4416004 7648272
-9534189 3963331
9731730 3202101
-3114073 -1285824
4803739 -3795136
3264491 -4823870
9414386 -1740737
5094253 4277803
8914782 5316743
-8904716 -2330345
-2170005 9080694
-2437559 6095953
1388179 -2122622
-5516709 -9597238
-4605309 4751011
-5084365 -4743979
9219352 978687
6697140 -4618554
4095622 1467434
7672298 -6416932
-8724450 -8584287
-7808672 -6546859
7730944 3206288
-1476968 7285581
7471588 -837922
