765 2942147 7738010
839
7112540 5492045
-6075378 -533428
9184310 1123611
2341315 -2732620
6214230 -2688926
-2451481 59032
972408 854417
-1874845 6998746
4361975 -6099229
-4981825 5889123
6609367 6487560
1623021 -5717486
8614319 -6840229
3685402 -3643548
1814951 -2302490
-6810445 1423413
3406337 -8556157
2567454 -2885822
4381558 -4893000
2418074 7425121
-9999495 -6887859
3966558 9966593
-518308 -6510734
9906389 -7908287
497188 6360019
-4636069 -5075436
-8276570 9622907
-7217321 6986952
5859756 2854102
-9448388 -1015567
2924198 -2325292
-8365097 -6258833
-6628303 -3669464
1437536 -3281290
-5856169 7753256
3381749 6371962
-1145093 -5855663
-2366397 -2651693
-8043627 852951
-2787030 -9943656
-5019092 -5030087
-5407179 -4906746
-7919794 9220690
2074792 -2624500
6359933 7939963
8131023 2626404
-1116076 -715868
-1868980 2282278
9000988 2255621
-7474771 2084908
-1543130 -6855180
9805509 5906978
5771638 -171871
-9318919 9955464
-9988192 7728011
-7302076 -9589597
-4496343 7509068
6729758 -2709255
-2817403 -9899784
556531 -8679097
3947307 -6457469
-4656985 -8796094
3486184 5347583
-2396795 3474035
-4441057 2487173
-1851655 -7355214
8551765 -3467835
6360294 -2046146
-9574330 4323403
-5432234 -442273
-7515517 -9562522
462898 9782042
9589140 -9495508
-9395292 -2807344
-1486441 -3228263
-7169380 -6322409
-5118503 4977219
-7158846 -1826365
-8352330 8367682
-6628793 -7039289
-4394502 9722965
-3744870 1519552
1989758 -5842737
997018 5131777
7205856 2415428
2852906 5564784
5346826 9690339
2711184 5832156
-6975188 4935966
4224056 3315892
6993484 -5945276
1548295 7054676
-4771688 4391333
2759015 4389449
7350161 9392334
1631652 -1353426
-9833874 5472011
9629274 7886782
-4465089 -5327764
7087664 -6857356
8707428 5257120
-2536189 -7543078
8289078 -3429394
4022925 -9825005
-3992760 3830243
401319 -1753019
7818009 -6999276
-91591 -8050386
-1144585 5562673
-2528640 5183777
-6169649 8721928
4193939 9103012
-493854 6512830
-8814934 -3660435
-517791 5041058
-7185470 8272731
3246005 -9294011
9792948 278341
453337 -5948564
7881679 3815873
4579206 6460577
1977653 -1717002
232612 2397215
-2040111 -8113938
7069839 1604379
326308 5431249
-2949387 3416543
-70627 7036599
-6623835 6556759
-5885831 1114439
-8096478 -4625274
8597068 -3071301
7207041 -2334120
1717316 8390016
2205889 -9823270
6637307 -401005
398345 9301447
1698662 -1385040
-6982626 3147309
-5248312 2174903
-9877496 2603566
-3979891 -2405652
-5369052 -2826883
6246229 5949482
9580273 -9476535
-4101809 -9639602
9805450 -8516204
-8333972 -5504741
-7114725 7012491
-294427 3383344
-7017661 -2392484
-3091037 -3657120
-2525808 -4102964
9044345 1123978
-6701119 -6992082
5611484 -6203967
1390382 5937738
-6889145 -8368407
97427 -1462318
-938853 1873436
2233835 -322299
-6322151 -2524310
1970950 2039285
-8431872 -4656123
1243573 -2627423
-2503554 1273701
132933 -3257736
2639300 -3078239
8045739 123477
3131395 1683645
5479678 3860973
-201289 -1257120
-7109175 9386412
-2075906 -4574082
7299355 2988253
5182306 6985241
-5539068 -7950458
-3394821 1376507
-763264 -1051766
-1162837 -9310341
1963360 -9519691
-2777427 -1150039
5771723 4612645
-5263878 9861873
1545518 -3666186
2711139 383869
1643101 9541548
8927961 5026202
2968473 4533927
-9961468 9368407
6353649 -7215820
-5166278 5220838
9113697 3330933
4795519 -6044747
-5355088 -1649567
-1169258 6149034
-5001004 -875376
-6262731 6053315
-1568460 3287071
2137237 -9010257
1373612 2493410
2034958 -5151623
9874579 -6983286
66993 -6520729
-7152321 2843052
5627232 105525
7842715 9201328
-4951387 2977306
6932559 6956412
-4693155 2360484
-1490482 -8422529
702095 -3346061
-7292746 -3975134
1828289 -3044284
-2054541 -6344854
6148556 -6034473
-8669744 1835424
-2631510 -1816486
-5820862 -8795165
-3435760 7435483
-9942640 -2973183
8744497 -7808528
5168779 7900075
-2627161 -6206890
-1330054 -5382310
-3804838 2679684
1849975 -304184
-1762965 6897257
-6147026 -2926419
728727 -9934676
6547203 -5685215
6150209 -3122717
-2422851 7877459
1598647 -6481301
3470534 1756287
8783104 8162887
-9645641 3527894
1427969 43953
-3646585 -1960510
2657181 8800808
-6003156 5023361
-5280822 1368695
-9217696 5846819
5436752 2956213
-4462111 7151630
-8533584 -3834521
-4440886 -7914907
2478904 132977
-3831971 3136264
7408903 -5922449
-7759562 9638563
3166458 -1291640
8752313 5111150
5666992 7110779
5911588 -4894271
2645442 -9159475
2209220 2424784
-9212044 -119028
-7162815 2991525
-7340493 6224708
4906540 -9108573
5492872 -5874077
-3224747 -9534346
3601918 -2028224
-5434320 2943282
-4901803 -6472826
2235534 -3193882
4433620 8264655
5375435 -6495801
-8873720 100613
941138 -6196625
6228159 3771723
-6347305 -6849641
-1341764 -467533
8273528 9006233
2414012 1317743
-2039981 3180068
3645722 -2093116
-1604988 -2748376
-9805094 9763993
-6708833 2960692
2283163 -4706897
6074111 -1956947
1547252 -3283217
6817396 1449546
-2230727 -4810115
8961608 -2241465
-6574754 6513784
-3953748 5130655
-3346760 2083482
5917577 -5680220
16200 9067252
9490488 6393948
-6354428 -6338078
-6574085 -2114499
-9153807 -6159522
-8350066 9233434
-2723513 3129356
2362492 240397
-8310057 1340092
6529977 -820112
6938423 -8024432
8489352 -1992063
-6861408 2880021
-5036497 -5464396
-8628264 -208167
-8624563 3397433
-208619 1387936
-2433789 -9134074
-1248573 3436954
-206216 992126
-7258087 -7886028
-2240319 -6039930
4200467 -7465248
3874844 -9877827
-697939 -1593238
382330 -7078827
929110 8756837
1636858 -1128317
-4076361 -3415945
-1107760 -883286
-7485853 -2704624
1199664 267677
-6350045 -5178120
8258834 8765875
-7725646 2401382
-2968293 -9431029
-5470959 -4983733
-2448981 4791388
-2570087 1245861
2168975 3942216
6863389 -751674
-1994837 -7448694
-6060659 -9691148
-3107093 2158374
3791440 -137020
-325292 -1698501
8569176 -1178061
3643819 -9125627
9640248 4735484
9653218 -5580994
7504329 -8085398
9447221 -3315075
3992665 -7966630
-4204417 -3001759
-9059543 -8577422
-6812743 7964559
3032217 320198
629050 1192420
5867146 6971558
9350890 7521957
8339808 -341414
8480525 -974401
-100028 -574663
-5839179 -5359303
-940297 -7943428
6487527 -6185961
498965 -3435968
-8886246 -1548900
5449341 7007982
946913 9425690
7390249 -1093850
9226349 4134170
7842942 -7061182
9910376 -7628249
2410061 -3773559
5885027 9261266
-9196783 749869
-9824794 -3118095
1522602 -6780459
-4723886 -5663973
-1849933 3098657
2179041 4279993
-7268907 1165384
-9310282 -4190853
-4765163 696787
2119289 1636631
8287153 5141438
596608 -6138010
-3766258 -1353552
4872889 506984
-7715397 8643803
-606328 757916
156173 5604172
8823714 -431121
-3578742 -8321225
-2706216 6616180
896173 -2912323
8253061 1989177
7798325 -3856382
-643243 1459132
-6904237 5549514
-6792695 -8523953
-4661963 3899269
-7454283 3803913
6827250 1571779
215582 7418606
-1823478 1628205
-2767623 2125607
4210838 849048
2527823 -3943909
-7327729 -9367904
-2280226 2337960
-5672863 -3915204
2228415 8489187
-51681 4641814
191329 -8414828
5577571 -4439565
9459704 -4085014
2235251 -9084391
2487388 -7994579
1940379 -937499
3207058 5219323
9861282 2633253
-6517699 -9560564
9011879 4072120
-2779432 -1473523
-9135563 -8315849
-9714701 4940342
-4054118 7707926
2349741 -4969934
9131591 5894201
-8545364 5057422
-9027592 4709162
-1858877 3430692
-2047535 3207659
4786513 -9371488
-1635813 9892844
2526098 -2006429
-9050641 -1774531
4813941 6008399
-5465124 9961239
4161742 -7965491
-508796 7915665
5623592 4447041
9477108 -2046562
-6152361 -9510315
5547107 1125051
-4165787 7818628
-6234328 -964133
4759878 3975337
-2879799 1718138
1610982 -453609
56315 -1999260
-1257439 6653432
-4821816 1005674
966913 6072854
8107363 -7770588
-9854922 -4871345
2092049 -9885081
-1931643 5768670
6258355 -5914491
5210560 -5567651
4767329 -5678186
3357681 3561125
-9947186 8533001
251139 -9366089
180303 9689367
-2309893 4378474
-6451742 2752970
-6241356 -1050980
-4978126 -1273558
955855 -2758090
-5113083 5645590
-1723139 -6382715
9385955 6978966
-8935525 6345219
3293920 -1839338
-5001172 -1208613
-7647487 -1938751
9110602 872861
1506772 -7594673
4611047 -8121906
6256568 4203427
-3043603 -7698846
-6233473 2321178
3563973 -6768606
-7010344 -1211599
-5566009 -5480172
-1862887 -2123427
-5144460 -4772795
-8427576 -9960580
-9283566 8436367
-2772245 -2617304
-2039703 -4284738
-895525 -419732
-5498053 -2929101
-1051007 -9388753
4814675 9112994
3930501 7721913
43092 4287424
35170 7697028
9001781 -6392935
-9356755 3024826
-9098600 5952125
-8820670 -1219642
-8663870 8273292
6709659 5268106
-7349198 -7947436
-9715822 -6062586
-3965966 611099
7681998 -611347
-7483748 -6947666
4681680 -3369008
6869257 -152721
6651056 -1387819
8825561 -3087651
-6964234 -3313774
9711053 343695
-3704180 -6320989
-5024279 3128805
1402097 -2524850
5259608 -3688149
-9119233 -1888244
-5434477 7910410
-8962139 3681297
5586302 599557
3651891 1236211
7867203 8102555
-9533814 -9150076
-537895 -2747187
4165162 7117242
-6196531 -9195981
1147714 7200929
3396292 6030874
-840321 -40114
-48612 8372014
-5316135 -9438224
-8810116 -4789004
5637758 8080985
-5721366 -4244593
-1128683 6675619
-2088170 9864937
483844 5039560
5889484 8295386
-4451801 950030
-9416375 7867942
8671961 2229713
-569358 6903446
2934320 -7663973
-5187735 -7173065
3715301 4610351
-2311521 4763653
2491001 915518
-1003497 -1121637
-2849877 -1871241
-5195622 3275138
-4343573 6021440
1061000 -4767440
-6472054 6140271
9606653 -3049515
-5181573 -8407503
3822211 -9809722
7093724 6006740
859119 5769205
1112492 28044
7154747 -1812264
-7048611 -5172207
5743312 -5156774
3721590 -2041258
6087501 7256167
531305 -9128287
-590495 3408231
8640791 6187732
-5155645 -9529495
9937342 4685090
6277587 -5548991
-5358713 -5244231
3278861 99798
-4130996 -8264988
-5720592 6654332
-5157932 -502152
4325642 -8565844
-3722618 -9690191
-1731449 68954
9841473 2515324
-4096611 6872404
-7203013 -7110869
1593215 5312894
-1700248 -8562221
-1360779 6437571
-9111420 -1762906
-4490784 -5083192
-2467041 8046219
2297583 1304429
-2041238 -4081685
5416163 -906656
527500 -4682818
8143344 -7741843
-5156537 -678766
4352911 8928247
5800652 -5315063
-2425932 2772652
-9398101 8597639
2551770 9167283
5604854 -1098349
-344903 -8809009
8624152 -990214
9572358 -2319335
8985095 8673463
-5408222 1869941
-9036715 9460209
7293743 2524293
4782451 -5992863
3328372 5437087
4365335 9625914
6827203 -9802365
2970287 -7317661
3796330 -5598729
-6431445 -3911462
4990189 -3651899
-9944556 1689761
3215900 7161639
-5157696 1195948
-130589 2788258
7174551 -6172601
5803960 -3022459
9501835 8137837
-7855026 3097704
-1465209 -3199362
8942904 -2010302
-9296315 5416478
8098817 5770108
-9828621 -3809675
2278863 1895148
759601 6256286
-9537600 9785405
6947044 815045
-7989006 3678300
8982910 -8210652
8133100 1880405
1374299 6157461
-3188350 3937060
-2965236 876134
7676772 -1043375
-537325 -1914092
-6497614 -863972
-5093864 -7317287
-1126962 -8398796
-3987296 7593868
-3633494 -8848099
3453658 6772305
-2412650 -3171094
3023558 400702
2190051 -7885304
-3488546 2006468
-1836070 323151
6776563 7885753
-8721761 4975580
6448557 6327680
-5586412 1471363
-9392609 8427585
3626650 -9567674
4549882 -4486472
5623748 5016040
-1315707 -9437414
7334891 -8009746
-8664487 -7862048
2538654 7438594
2069642 4359071
8881892 7245057
-9915440 8581096
-1016799 9562174
-2945894 6861124
3188804 261440
4249155 6019016
-3037047 118744
551070 4856547
2886427 -9410397
5605643 -4899047
8179891 -1489825
-6983219 -5710064
-3572112 -1968865
7986081 -5647706
1227718 8966543
6211600 55723
-8846828 -7374038
-7811864 6296161
-4326363 136373
2914166 -757758
-4738742 1378793
-8502463 -2836679
4536220 2224211
-4669834 -5435041
-7817736 -2577353
-1550826 -9064191
7742098 -9637844
-9090357 -6017692
-9149046 -5830014
5652881 8895724
-1048553 -5404976
-2779014 -5619166
3193347 104619
2757345 -590878
1167717 8866984
245777 8187863
7867536 6428975
-8830461 -5740334
-1175375 2403757
2342756 -3500295
9951867 -6476758
6401750 3308283
7290591 7693965
4380303 7311393
6207117 657897
5252922 33185
4414019 -4841436
-2220464 -7526092
1883031 -9876282
8990702 3053233
1241096 -6949252
1996075 -8247169
-3987503 -8375016
4028741 -4318034
-5301976 -2646526
876716 8887850
2196133 -5350109
4860208 -2721534
7106211 -7996924
2660973 -759489
9273696 3313328
988245 -2086105
-7095844 -3795933
-3672215 1284133
-5662634 4787187
354287 7834839
9587670 -1905186
-280202 4866714
-9451319 8116519
-4530006 6264892
5152742 7763057
-7587052 -1136938
-1342119 9865227
-8131697 7273156
9030019 -4235908
1593773 -2954372
4959524 820068
-459513 -7417982
3866151 380032
-4832781 5868273
-3780536 719869
8814683 -1962142
5420924 -4192865
6440006 -1465519
7315725 5969605
3732662 4426352
-6710585 2468467
2333694 -1338038
8451470 -5536352
-7255908 -3281651
3763978 -2158
-9182090 4337865
-563765 -8760146
1619886 358397
8743022 -6697614
4022255 -696543
-142333 -5037513
-6714026 -4646710
3887772 -4721409
3764549 9725980
-3331315 1203497
6188317 -9986437
-1324474 -41900
-3061900 -8961637
-2243287 9643348
-358810 -317808
6536410 4037043
5276897 459100
3333850 -4027355
-724968 9413135
-1283408 2076872
-444289 5813639
-8833070 8574259
6369202 2841685
-4915982 -2428946
1290903 133751
147315 1752703
4227155 -2520780
-1482416 1339193
-6501107 3681607
-6636201 -1209351
-7172308 3140084
6115536 2416561
8389207 620941
34076 -8034262
4042611 -9819409
5994230 1267020
-158721 6114674
-8527288 -322488
7248566 8726833
-1139415 -3443270
825785 -1460530
-1464958 9007900
-7136555 7569292
-6232749 -431022
8359627 -3637662
2018774 9647402
2063964 3703671
-5675388 -9349337
-7383599 453171
633762 -3124960
8142060 6659012
2773687 -3372008
-1178143 -9500309
9226525 -3237249
-4164167 -3929577
-2873755 -1912890
9611362 -822030
-3252738 -1822360
7746618 4991159
-8646503 -6969135
-7321733 -1377402
-7673731 -4111376
-3460713 4742231
-4804598 9167234
8558626 -844312
8331053 5829164
4973509 6700687
7200378 -6378908
383843 -6204634
-7617859 -1056745
7030365 6219676
-4602354 -7975261
202379 -841921
-5850762 -5338740
-2307875 -2051003
-912053 8019088
6424064 370392
7628976 -6069431
-6902197 -7036649
-5364609 -7175622
1169895 -8343571
873468 5482796
9103888 8659756
4971474 -9409801
-466546 -7995917
8223759 -130033
1894706 9080172
-1761749 6137757
