60 -5727327 4156621
932
3867588 9025746
2715747 5534654
-4835651 -1501937
-6872682 -8691950
-4183500 7128198
-7260703 3703738
-3981503 7010557
2358727 9916796
-2563940 -3559354
3163399 2206262
-8710479 3302012
7316385 3405667
3607417 -415477
-6102019 -3722600
-6933575 -432299
-1406553 8054603
-3894391 6934014
7948429 3825547
5133597 -6213690
-9085492 -8924253
-2704163 -9049903
477006 -6346195
6086953 3314335
2271333 -7164267
5041995 6039366
-658622 -4565267
1356752 6331517
8432392 9174116
7967868 -5035831
-2951778 4846725
-4582320 -8965707
7968307 5641670
-8016431 -5960359
-2174048 -1566912
-7974812 7117166
583616 -8743188
7426970 -678975
5151712 -8939378
-6103644 -3969725
-7930359 -2576954
-4625869 1454703
-9697428 -6072628
5617840 6730883
4211404 8734964
-3901958 3585708
4620001 -8740373
-582351 1515722
5555364 -4895339
3537749 1401218
-8965264 5897668
7154480 5562937
7400315 1618352
-4804673 -2902198
3128078 2552027
9975073 -8391965
3062738 -2285929
-5842205 7865556
4596439 3365311
-5383373 9775635
-4122305 -1192156
-7416177 714669
-7769608 -9502303
8118710 -5482176
5919042 302108
8716128 1656459
9735749 -529870
3604835 -1613040
5484763 7136064
-7795557 8800162
-9591803 -8870807
-1156736 4695869
2561425 3470935
-3163754 -4482588
7809399 -2842135
-1517939 1452874
4683895 -6312905
6701144 -6417764
-1899940 -569361
9732747 4819854
-3523687 6535454
-3994416 965227
9352188 8728414
-1619170 9610419
926933 4836951
-1517504 585274
-4718857 1335130
7322418 -157888
5359524 358920
33137 6675016
-9355758 3168924
-627629 8515198
4613786 5328138
-5241223 -3926485
-9106631 -7286154
9249300 7007877
-2026896 9886034
8614449 7771237
7381656 -2674708
4678595 -3004721
96905 -1691410
2160072 -6838909
-4480444 5378048
-4263031 -517510
-3842493 -9120920
-3435644 5770106
-3198343 -3198251
-7870113 5936727
-7989758 -8584557
6645642 9405017
6412894 -7096389
5305998 -1588706
-3817469 6902350
6743995 3920447
3432078 6080540
-5610870 1422590
-2899966 -6471016
8907032 -934446
8548045 2619590
-3984978 7160353
-4553188 7221904
-5976347 2579379
-8967542 -5235179
-3819736 8669893
591262 5559053
979016 5342258
-6246447 -2995844
6422858 -3714986
-9794539 -63916
-3983376 3166853
7105796 3637540
7166524 -7077894
-5495987 -5794170
-658228 -1410092
8266614 -6947942
2790314 5356794
-9547475 -6286574
-1521753 6813967
-1999788 -8515016
7044037 -2825137
5033474 8591474
8111982 -1976947
-3175580 8787027
-8760537 4534841
-2298306 -2970119
3183773 9772440
5210898 -5192510
-8470328 -7133351
-6027090 9714911
-7233031 871444
8744591 -7760476
8469302 5557283
-5112397 9197116
3198452 9463901
9155116 -4595833
-6004358 -7241159
-6701753 4188590
-4508031 4623976
-841183 122667
-331100 -3268567
9020225 -623136
-3299294 -7147326
8235675 4231123
3946035 -1769621
1618175 -7791415
6964461 -770644
7302992 362766
-7923765 -2049885
-2585984 -7809405
-9888886 -2208961
-6933767 9085485
-4209573 -5893244
8730733 -3635520
-996501 1282397
530182 -9594098
-217234 8672399
4041425 -449593
-6218470 6483473
7230204 2277101
-2997962 7727565
9473274 -1151621
1727498 6482852
-5567033 6776266
1483213 -3679915
4111124 -5636664
-6551179 1594327
5701084 7177357
6058189 -8244400
-4445651 -3051831
9870423 -4938312
6250440 6084531
8151290 -7830458
1169367 291865
5085318 4449173
-5306910 -1600429
-235698 4603709
1086561 -5833636
-9057370 4008152
-9671763 5519528
9882864 2425843
6536523 -3044286
6649423 5848037
7603638 -5246041
1702128 2707613
285653 5674339
-5724777 -5911097
-3741555 9052445
-8139337 -7573487
-607962 7427812
8343735 -537667
-5933958 4085129
767845 -9375610
4632542 5152603
-6811516 -5773172
-830977 4960780
-8083506 5587700
1435738 -4294454
459505 1082269
6306234 -8444272
-253581 -7838367
8766889 9108240
8160685 4021642
-1035492 -4974666
4969499 2537700
-7999966 8356546
-5041973 -4170414
-3546024 -3933924
3735032 5725873
9952701 -8913481
-1436349 -560132
-4972432 -878276
4827271 -7003503
4078766 -1020342
-6948262 -4713224
9964762 385001
-506759 2798158
-3180200 8731651
6273337 -9829722
2707979 5784308
4140855 -6240812
-411225 4708013
3290441 9098882
-2658893 6042751
-354378 9541825
-1018307 -2706192
6415533 8209273
-8794230 4009262
-7011080 -6240844
-8437716 -2199111
702242 -3959341
8838817 -8472954
2775049 -9804517
2882113 8174969
3959278 -8435261
-4676073 -4409908
2814457 -9383515
9715367 4912702
-6528194 -3895101
8163076 9572827
-3133365 3117428
-6156946 -2855230
-8845968 5798520
9557676 7565176
-4633935 6659304
-7300037 3636313
-2320289 6068307
-1219858 4055132
2230102 -9545239
-7980500 4178608
9768700 -3810620
9322217 9859779
-2711166 -4900490
1204409 1553936
1126763 760640
6394420 -8116163
-971393 7993399
-3691729 -9762526
7802651 182639
9358296 8382300
2018613 5685068
-5730272 -7941741
-1370256 9698324
-9846915 -4433778
9744830 -9140154
9565578 4688937
-2934931 2029883
7129393 8887795
-7041917 4353903
-4885457 -9149846
-7266009 4084847
2078246 4025315
4262790 1762599
4461590 8386517
6768817 -5418207
-9733139 3819886
-1605502 -8696218
-8997893 7052941
-7380836 7024242
400440 3671544
-9123166 -7636006
4393877 -7517630
3886517 -2058097
-7704194 1523270
2373424 6844600
929447 9926701
3952016 -2376232
9386367 5524045
-3573085 -9268842
-4687049 -3635691
-9815804 5712084
7015867 8096165
5149106 -8904954
635640 534326
-5794130 284622
2648617 -8963920
6034802 -4917296
-4459041 9558846
-6401531 -78681
9282271 -9646883
2796170 -1511755
6112013 -7271929
768468 -3251813
9995697 -1985268
4379042 7195383
-4576180 7825001
5921166 4563238
-1825364 4956039
-4509635 -6413376
3871247 8810276
2362708 -303765
-2704708 9036216
1111414 -1602490
835181 2836251
3189369 4709883
5714481 -7366196
-4638125 -4014461
-4749922 1826494
2357579 6130344
-4157921 7762128
5587129 -3263379
3816211 1265899
8738290 -5975353
-2388729 -8009153
-9198877 -5771345
-3558757 3998870
-4448562 3163831
4077693 -3747113
1605490 6662853
-6110912 7429226
-9936970 7311211
5813103 9603569
-6053584 -4575094
4071602 -8936819
1341661 6303995
5556968 2430033
-6304067 9445142
-6530211 -626821
1364026 4950575
9179231 -6402587
112635 -5318499
361684 8136826
6906065 5664074
-5156721 6955729
4384955 -1488445
-4177233 -1267633
-9147711 4447985
2389243 -8364130
5215403 7315057
-3864596 8977197
1407231 -3442935
-3997793 -8307628
-6418097 -2380484
-7429909 -8011651
-4414238 -2537719
-5339866 4265674
-5081148 5698397
-6121177 5021818
1977547 -8175083
336473 -1277898
-29178 8878854
-4156809 6159240
7795110 823111
-9345480 8232435
-274016 -4473135
2083930 9306276
-9001352 -8866785
-1247269 602490
2590839 7096903
-5440816 -6160825
8104849 692953
8907702 -780682
6757488 -6976298
-5151381 -7213474
1508628 -8748613
-9869759 5185092
-6139316 3995802
-5181087 -4026568
6722219 4172146
9699012 7989785
7296061 -3551796
-9902229 -5700706
-2581864 811061
-2092036 -8633145
-4793970 2525327
-6781720 -5016500
-3280830 5827231
8850933 -7874017
7428861 -6523342
-5271955 6215905
-6082651 -8546159
5449644 7374638
-6651929 -9705614
4466532 2784909
774695 2586642
1551198 -3318104
981191 -9412892
1398170 -5834678
-4467823 8399327
-6558993 1822486
6805987 -6745441
9081790 -3340713
-8698378 -6474843
9518168 449076
-3335019 8730483
2700677 -5753787
-8379148 -6901318
-6606932 -1849679
-9064770 7485275
-7411731 7859601
-5458503 -5773723
-5186614 4139468
821142 -1960960
8954720 -1272092
3066746 6353319
9607878 -7604273
-8428634 -127267
-4085757 8689668
-8344904 -7127011
4119824 -4567589
-7805024 -9163571
-6064888 9336853
-2512826 6332180
3817455 9844532
220485 -9061243
7681386 -1077923
5577897 -2721665
5317375 5011124
-6260968 -3600961
-7247642 -3211553
-815826 -677869
9194864 4876588
-3917392 -6728107
8661234 7625459
5574222 -2262295
-1425866 -4702590
-5365736 7769199
4101379 2509246
-5129869 2121438
-4423453 -9564813
-642736 5090616
-7631049 -6742066
785410 -5064839
1334200 202679
6991126 -2959205
6362926 -3397090
-8520502 8691653
-8036454 -1925858
-4300398 -2437894
-2183837 -9375220
-4077810 -8726176
1559375 6390298
-8584104 556454
5194245 8177107
8612294 -3713973
-8623356 3287144
-938570 -2030442
-4578929 6261947
-3535374 9846841
-3112364 -728377
5874533 -6544247
-7852594 -6749438
-6158944 -129617
-51159 -5889048
-5264268 -459342
-6669165 7765005
-3328345 -6825726
3730729 -2593438
-4416331 -1912449
-3110069 -1075026
-7787882 -5804037
-5318127 -9217073
7044874 1273549
-6363258 102944
1890919 -6490499
9481606 524378
-3708708 -2234548
152187 -8370988
8256316 132348
2189359 -9898971
382386 5508400
8682674 -1963454
5443108 7054041
7657944 -5070245
3854729 -8973222
-4777259 -5452125
7847154 -1416800
2373101 -7579033
-4959737 4892029
917882 6009843
9050573 6931183
7212987 -7084160
7061204 7858217
-2009435 -2634825
9982556 5317520
-6657728 2696276
-9267178 -7118706
2451687 -7975054
-3045298 6175931
-280939 109631
-2826141 3325783
4425335 -2541846
-120879 -4978987
2429394 9314788
-2159017 4919385
-5633080 5863628
8779468 -3108444
7266125 -8420093
-8538566 5840672
-6325456 7773043
469319 3960342
6841636 -2983184
-8441885 -6281506
2410777 -706677
1919307 -8970831
4354952 -7870162
-7895656 9093166
6630531 -8703360
3127780 1983466
9419203 -8423722
7439906 -9031236
-9623328 -6213877
7882382 -1264273
7092751 7642798
5415841 1860169
-4179489 -9232704
-2215888 8401512
-7879994 -7337852
-5528177 -8141421
-7112252 4530783
-823027 6391130
5484296 -240947
1055693 1281318
5781136 -5368820
-3792542 -5816527
-4847763 -2283309
-5980834 6163716
7415795 8045262
5688060 -8098452
3761717 4508547
5275843 -6379747
-7978235 2098581
4760729 5576307
7434887 6658124
-6294741 1748904
-1859965 -9677365
81688 2882233
6679903 6140683
-9228137 3653733
7837207 2461039
-9822270 9495673
-1824258 5505796
-3932590 -5803104
8614796 -4408463
-9899916 -8244530
7892075 -5107134
6991447 -2107721
-6531413 2430193
-911683 -5731472
6017432 3419826
3742461 2793576
8192161 -5842533
2814503 6340502
-5765 -2611584
9849455 -3897282
-4401608 -9652206
5853591 2543537
-743215 -3709514
1882023 -8078999
6192824 -9612066
-4719200 -5501540
2390739 4084899
-3484908 4788599
9057127 -1624322
-8204496 -1880239
3429690 5074559
1748379 -1945682
-5605180 1621851
9010268 -5437118
665600 4389055
4736850 1376075
6435965 -1219656
5070830 -6893207
7544146 8209102
8597036 9469206
-6032334 3736970
-9661778 6394188
1182787 -1125243
-233212 9369666
-9994220 239914
7830826 -5921356
2132962 3435470
-4942679 -420795
-3341561 -955866
-6566810 6583941
-9523631 7324039
8620736 686392
3793185 -571314
-2362212 3691566
-4322876 -6146317
107006 -3765175
5145365 -7838858
1035900 -7038420
-7668754 -3671847
6568067 3319040
7397684 -7662974
-1711152 -3084755
6494450 -469353
8574781 -4137478
4962815 -6847111
2993281 4524323
7727067 5439184
-5132130 1614017
7821935 -5963396
-2109712 2505659
1256836 6015412
8176554 7997294
-9041126 8918553
-4753294 -787546
-7468506 5806472
659851 4331126
-8753629 2445531
-8023822 8948699
-5188779 257174
-4073585 3067311
-9892013 9774037
-2270427 8919696
-6949935 7835054
-8128341 2597444
7619455 3388353
-596235 -238053
-9724407 -8607357
-9688804 -2419681
-690874 -8765533
7040939 -4442097
2405381 -5643028
-681145 -9782858
9165842 3651752
6425278 -6188615
6878697 6493415
-1216196 -7648306
3787742 -496964
-2661910 6513378
-8372826 -645840
5258865 -790251
1488048 9246629
3155624 7178982
7275653 1763641
-4485540 -4016828
-5942573 -3415221
-6541896 5071752
5288894 6462808
-7369087 2776959
6588345 4454736
-6535496 9056191
3924237 -4016606
5486430 2248308
-8721962 -2288020
-417508 -7175480
-5449378 -7094788
4668193 -5158643
-7979661 -1444978
-9681336 -2176183
-3676658 9295992
8397124 -4166876
-9095124 380769
-3156422 4371580
-2851461 6193771
-6835141 -525509
-8952966 6253236
4752982 9145715
1394024 4971272
5199604 239412
-4419715 -4811586
-1906373 -5217904
-376547 -7352741
1202281 -7238180
-6898010 -5839856
-6543864 1520945
-129578 -574668
9806101 4369612
-1258808 -6708350
2001773 9166031
-8843126 -1593916
-5340680 5166633
-3171300 4720261
-308467 1928655
-7831933 739076
5927491 7407489
-7810415 -9735296
5428315 -5978882
9299290 -5670610
-1510466 -3369403
667894 4917632
6859316 -5537978
8831635 3054668
6346319 -818230
-1652199 -2427173
5978911 -1651908
6031077 -7978972
6741289 3154584
7599591 -7140222
-3884794 8949174
6356663 2284010
2548715 -7957303
8580167 1062600
5391990 -2022970
-2876021 7879458
-4686558 -6118476
-9140102 308226
-6637106 -7827241
1354529 9691533
-2735639 9709213
-9426342 2218682
4239710 5759624
-8569440 6604735
1980865 980999
-69827 9030151
1314162 8096072
-9861231 8803188
-134212 6379229
6872611 8718937
-885253 -4742222
-8344346 -6003409
4304817 4428189
-882700 -7484447
-7792914 184063
-106723 -9528171
2690512 -8012201
263776 466935
9588022 -3069778
427574 -5789312
-6759160 1568888
-7818688 2874099
1677288 -2928646
5966935 -7679919
3555370 -8456924
-3199145 2839546
-647511 5186469
-385341 -9027139
-6511586 6173658
-3642278 8731959
1720141 8211853
-9800348 -1232649
9234286 6927005
6373579 -7020220
-2809531 1338660
-7092452 -3198847
9675253 -7052339
19015 -4911140
9925294 1352541
2895617 -4014050
1341848 -4002984
-8816514 2212824
3185686 -9305662
-615652 -6685503
-7953544 6674100
-2597695 5742070
-5490579 -3717051
-6790046 -2398042
581738 6260059
-2401280 9583534
-3615313 288559
3236220 -6977380
-9372167 8576292
-7554815 5771587
4273889 -9446873
9066495 -2142845
-9930021 -4384262
8826428 -9750019
-6435522 -4227983
4962470 -1789224
-6047153 8127287
-5589764 -7635225
-33267 -9021380
7238680 -9863457
9720077 3064824
-6646617 7353752
-9623628 8621116
-286239 -894044
-5122457 -8995795
4073684 2158946
-9983899 1667785
7283523 3140180
3390161 2602433
8374450 -1373697
-646569 -529008
-2401721 3336920
5701696 -4177370
-3198749 2008515
2145058 8184781
1249605 6556283
3910035 -5618513
5518956 -2880659
-1258351 4286407
-2193035 -4767283
7391663 3619192
7803329 -8119351
5020829 -75883
-7473450 5086852
6229507 -9072657
398335 -9099000
4237921 -4417061
1405569 7996614
-7478519 -60383
-9359250 723172
-2720545 -2817108
-5919269 1890356
1526049 -8810510
-2007750 9599687
-5167596 -9732302
-3596758 5799215
7679864 -7775932
2148185 -5793428
1809776 -4782954
8660741 -2808913
-1907913 -9444364
-3861425 -940924
9572042 -7669992
-5214023 7544144
-9216331 4609875
-8207233 -4573272
-166564 -1936876
-747385 8389851
7989538 3875837
4143535 -238783
-4439568 -7178057
7562363 3063129
-213947 5756648
3490046 -7773100
-582013 -8404170
-7848534 2150787
3726215 26426
-5127213 -9193607
866889 3298257
-2091867 -7824884
-2398156 1650558
9713683 -7782748
-9392897 -48368
-6172531 -8517350
1243867 8596642
3934937 487356
6066838 6804299
-4922701 -5986348
-3759448 -4147109
9965073 8567346
718133 -1825109
8201317 4632891
5439284 -5555651
258958 -6925896
-4750779 8822526
473084 8167091
2900696 -4632583
-2164598 -7296881
-5814231 3507799
-5379207 -5820777
-2817068 -2054012
-5249713 1072082
5085734 -6750230
-8380987 -7656061
-9088715 3842638
-7982471 -8415913
6216978 -5854230
-8893529 2735199
-1674345 -5827385
-7004859 1365430
-7951127 -3908772
-6025002 -4015423
-1312303 4949569
-9026279 1810400
-1494025 2873466
-9180545 8110866
-817051 5688907
8938677 8086094
2946385 6785035
627674 -9442309
4658130 3857670
519793 -4838445
413106 -6608540
-2435925 1626264
5508046 8738762
7346342 -6924432
-939854 73272
7539193 -8678660
-4351908 7747843
-6862339 8512914
-859867 4154068
-157025 6473468
-2924085 839434
-2375531 -8701995
4372048 -9977700
-3603677 768495
5930051 -969822
2421638 6916116
-8941268 -3656843
7598271 2502066
-1906014 -916869
9156403 4944614
6265954 7154132
-2581673 6695596
-2275137 4430399
-1415533 -6927659
9545809 6864996
-9779218 943794
2241799 -3378276
9160377 -2154749
8613747 -3386153
5644025 -4443300
4989168 -2939850
3403307 -9417984
-4399566 6047900
7647383 -6482069
8462545 3694420
848553 6803786
