50 -2068883 -1724037
80
2903096 -6045661
-9664461 -4335468
-344701 -7876898
8924817 -9141507
-6667194 4957500
-9308917 -5899641
9606010 -9166214
8351639 4650536
1212901 -485051
2366249 7737240
6557581 -370359
9158775 3313912
-3422772 4966605
-5873850 -2135268
-1687799 4690307
8644646 -5081535
-6900650 -8784702
5854752 1496537
-5128617 2754649
-2287851 -2704079
-6087367 -1795811
-962025 -1596767
-6946231 -6481357
-4450056 9905966
159558 -3216977
6412664 7916193
-6253543 -3282861
4200096 5571439
-6563829 323685
7530344 842599
-1722584 -5735275
-4519977 -1308658
-9812120 1376766
-5868585 -8665225
-8852951 -4940737
3263452 -5640083
2763150 -4940318
-8905323 4817780
-2759902 -1666729
5116294 -3355379
7077166 7399657
6633148 -5954690
9616750 -9176377
-6336339 833245
4192196 5569273
9833998 -8805995
-114652 -7530388
3846379 7830373
1681501 -7410420
-2351157 7977794
4854063 2828550
7888232 3428647
-9237221 -9866435
-1533163 1499261
8143882 -1997122
7918887 6099483
-9855206 -2262600
-1438977 4552035
7901632 2277896
-2152831 2224684
-4064958 2093828
-2920207 -9802480
8027893 5820390
8409970 -9073828
1420318 -290606
5054296 8575165
2003812 -3725618
-3592053 -4541120
6958141 2766592
3285822 -2608864
-6509380 -2381625
5355775 1204709
8273096 6151766
-1570338 -6083201
-1342165 -1308919
3301261 -1206817
-8492945 -2890771
5445971 -9618946
3823578 9534949
-8239305 3855941
