123 -2487730 2405351
823
-97411 -5265549
-5223237 9982080
-2931767 -312835
1028252 -9460581
9648897 5766665
-7593440 -4981636
-8788448 -1554386
-869733 -5874893
-794903 -456908
7909939 70568
3319385 1275248
-8888162 4802785
-114292 -6532637
6276839 -8420322
-908051 4786530
9520982 -8801458
-8819377 1510890
3714407 6814097
7353516 -9234792
6531873 -5257340
-7722624 7002413
-4551972 1454785
5579892 6005281
8064725 4578295
-5351137 7301341
-8907058 5974665
-6706198 7968249
3951964 -7795220
6300810 3179510
-2033959 -7254845
-6056302 7909111
-579998 -9996625
6817472 7640673
8405881 -6865591
-2122931 4170988
-6310247 -2545894
8908891 154446
8676079 -8345867
6232429 -2994865
-5693523 6740804
-4768179 3397644
-6117755 -4600581
-9879449 -1474376
4221486 350561
3095717 -1062287
-3153175 4703879
4707254 7039415
4680088 6266827
9401236 1524726
8212066 -4397679
3056427 9794658
-7534544 -8098180
-6444047 -5518330
1486805 -8858465
7882339 2304734
8218731 -1690366
-3774595 -6885839
-5843863 4617328
-5032110 8862308
-2199978 8377623
3081503 579959
-9864274 4646847
-6569974 -2211243
1829836 4815814
2934487 5347614
5142272 -7441746
6976426 8507266
-7011064 124080
1265615 3048732
-4646534 -3007907
5301728 -8335693
7294820 6088549
705878 4043485
2905794 -8549043
2344932 -1809880
8770079 3222168
-9614633 -4573565
-4268455 8905805
-3762029 -6184607
9163007 77733
2635987 1688810
196076 -3178368
6945712 -387586
-7338854 -4298636
2693457 -9272320
4908339 -9469036
6619514 -9488463
4555023 -5280489
8686820 9841744
-9451784 9977169
3199337 1031752
-1025460 1834647
-6743196 -3898944
-83551 -2777563
7300170 -7988873
3699937 -8404192
-1582560 -63843
9548571 -6103987
-402623 7879505
1123537 4726069
5257034 4807186
5318724 8548228
-6732261 -5607100
6750996 -7609901
-7632732 -8045441
-4497337 7299212
-8349789 -1917043
-3299635 4477203
-8300360 -5092985
-3081858 6616814
728974 8999810
-8547680 3134431
7030444 1662767
-7941376 3517243
-1756687 9144173
3951359 3182161
1730389 6016699
-9590401 -729917
-5823466 -2485520
-530961 7160595
-3023841 9060154
9659463 4971702
-8034742 -1373630
-3950263 -3640172
-7023358 -6335102
5181061 -4515769
8618662 -3778031
7884736 -850267
-7333024 -1834542
-2690369 9943360
-4358127 910289
-3073012 3777342
-6952574 7372262
-5113258 9852939
-470114 9740312
8800467 -3127867
4360187 -977603
165119 8459930
-5180241 6325445
2506696 6214856
4215439 -9687247
-3465278 -9795891
-646158 2834101
3515911 -5580542
6879170 2020818
5447460 3341894
-2880763 -7478957
2409657 4890800
-2739908 -7316985
-7576673 -187249
6684884 6789978
-4187624 -8776206
9683725 -6438576
9886869 5977495
-5291296 7019836
7332589 -5090083
-4885974 8924143
-5725403 -6132688
-9196878 -3015780
1521391 7790508
-6351245 7682293
2719688 9485203
-3107645 767992
3451007 -4870654
4942097 4152447
942426 -1609314
-385519 -5856666
-2295242 -728846
7765001 -8185442
8834394 -9892021
7534249 -7526295
3914201 6166983
2550647 5164627
-7851152 8188798
-1504342 -4129878
6068767 -3813409
-4328206 2144413
5428757 -1211545
-3565847 2564149
9232949 -8603884
-213197 3892603
8035937 -7308273
1962881 1917636
3732194 8257047
881378 -7755766
-5282060 -4917060
-8750077 -1584373
-6419745 8632141
-662709 -3683077
2187045 8245455
-5567954 349301
5010067 -1744188
-439381 -7379808
-2299307 438824
-5648707 5994773
-7596272 -3066358
-374631 4138096
8572084 -9560335
1213064 4104602
6348837 2304278
-96430 4610794
-6973578 3583129
2215270 -6330155
-13232 9123029
7368484 4068913
-5581786 4690165
5462329 4316882
-546574 1944633
-7616542 -4977051
3534074 7154119
6604114 9251103
3389199 5937802
-1106181 8745835
2850438 -5522365
-701735 2623235
-2765971 -8284373
5298756 9201835
-7128320 -7223197
-8100168 -9969622
4099291 2858449
-9935034 1784668
-3898450 1033857
-7021509 5527296
3066597 -1928672
-4774552 7878301
7129404 9117023
5054825 4345914
3091749 -6965045
-2487410 6464996
-911769 8458539
-9825834 6810855
6012690 -1161388
1615416 5472922
-1980348 1400722
-5740829 3515248
-4700083 4635295
-4330847 6840490
2367786 -6082181
1989148 -8836004
1558649 7950735
7067758 -269052
6593214 -1311947
-5760640 2122583
-8896069 -315037
-9340145 -5731698
3595509 -7291486
1547126 -9165979
-1176704 -7875449
3525273 -6837458
6677791 -640700
-6005404 300797
-2858713 4494060
8411879 -336251
-6655903 2025425
-23840 -7082621
-4835321 4902746
6107151 -2956082
1682853 -8242107
-6040791 2862863
7131165 2786784
5495298 -5380936
7969437 -6756974
-4632423 -2957576
204967 -3207267
6152034 8892850
-8290001 9399110
3893170 2662982
-7673269 -1148714
-9123289 -5178599
-9744867 8187180
3089926 -6630777
413141 -4580188
-2822294 -8286571
4576292 -7904006
4882778 -6346733
-1727669 -5776191
-2533165 378076
-63147 -3758232
-4449146 2834412
-5756386 2658172
2057282 4219240
-3117778 8469966
9837604 8466804
5804557 -8274695
9912485 -9285684
-5916461 6059690
-8520497 -4481237
9748544 -2986967
-890973 -8826439
7343180 4324836
1064997 -6008194
-3113766 -4384489
-5626369 8531832
-6117404 -660561
-8002389 -7559163
-823571 -9357438
9112528 4054893
-4961951 6058651
300308 8950133
2180801 -9157393
6902297 -7270855
-1752092 -1219308
5793725 898152
-5411935 -9487196
4837640 -5097247
-8589089 -8068755
-9936892 -4097363
6950821 -9186503
-7330711 6953092
9393929 -9166583
-8524020 -5333100
1238146 -1429641
7145362 3104860
2054993 6276195
-364846 -2554329
174816 6752146
-4467161 9053804
-48044 939077
1451881 3842916
1262021 -2943626
-8496029 8805874
7224863 -4810716
-3997218 -8432920
1036524 4175685
-2474546 -1327929
-4144677 430453
1517164 -8482214
4622647 7093469
-4113983 -1337473
-1375450 9193992
-1537509 5521171
4574975 8799366
-7745205 3995330
-9645402 7043284
6616010 -3776971
7545255 1616620
6805904 8119981
2203413 4770118
-8537845 5325038
-6002891 -6760063
3670391 -8496038
-6978252 -7631215
9462254 7703907
-3633566 160747
-8128908 7864623
-4097853 4990984
-3693297 333583
6845265 -9522878
36758 -8922150
-2699121 7199863
-8667165 -3347232
-5227250 -5153866
2132605 8138740
3463778 6976163
2732453 -3888888
-2384926 -22760
2346025 8919196
6623103 636823
3313922 -5675369
4705607 5505890
496874 5185014
-4481403 -9392246
3601228 -680071
397780 4880214
2080078 -6362013
290755 215011
-2422502 -4070735
-5931995 -2420143
7072373 9710103
8337567 48136
-9974624 -195174
-1275978 -4047358
-894183 -5112247
-8271264 7863477
3369367 -7580261
7604754 6434343
7042097 6382594
-4297477 5639703
519918 643326
4281313 -1383345
8831667 5116348
-8954387 7088420
7184630 -3590835
8635620 7629971
-2321893 4257003
6578181 6973187
-7074171 -9780165
-4892412 7818555
-1801616 -5452002
-3032262 -3163676
-6729332 -8432248
466698 7088844
2728547 2829117
-6527557 6169221
7302229 5764817
-6602483 270108
9874881 6133896
5059413 6959483
-2894194 7059511
-6167134 -3788615
-6815428 4783913
-2479900 2927399
-6737694 8626754
-6825248 2627688
1980364 1460690
-4455206 -7341158
9747686 -2232616
-9403498 6011492
2180714 -5007414
3273755 6585297
9371758 -8000705
8133191 -812375
-3852892 9246639
-1177498 -4291044
1920341 -4230734
-9446821 -4828280
615471 -2378735
8764371 -1926721
3217319 3877777
-4661533 4455476
7114318 -4802317
-4518580 -6600386
9411106 -621643
-3112705 8594274
5179571 1591820
3591115 -9838950
-651325 -2932319
8830672 -5759342
-7534034 -1987865
3781401 -2346826
-4658754 4386307
4523925 -3149068
-2559437 5956717
-7649154 3288296
-9739876 -9342118
8371918 -9794334
-6394720 7374443
9269152 -6146662
4963964 -6983614
-2875441 -3843553
-3682503 143535
-272431 3232026
-10963 -1817475
6194660 -1441759
-1272232 2455003
9357663 -7507586
-656654 4069014
-7457916 3881588
9686236 6783910
-41856 7409282
7614948 9946361
-162844 -1669938
-5300248 3736580
6752967 -893692
-2220893 9663716
-7676396 6393878
-7857744 4096604
4795481 2051173
-9390586 2131293
-5413703 -6493506
-4001092 -662818
5922549 6460312
-7141748 5342254
-5357484 980985
-1609733 5060840
5007201 4600661
5447075 8521568
2258148 7360709
8983369 -9853172
2326896 -8472533
437697 -3237524
3375433 4650500
9218025 2579954
-5288753 -1829086
1677408 9827440
-8319026 -8186104
8274208 7676316
-4465077 7603523
-8899140 3648812
-1290347 -7306209
-189196 -508872
-1987304 6233206
3593916 -4742120
7921060 2787196
-3168984 2577285
9339762 247956
7414809 7268713
-151333 -4768453
3402461 6632834
-1023374 4559915
-1109837 -4920130
5272538 -6826047
3293828 9680724
3329536 3323813
6017605 4394689
6402169 4555541
788748 -4171591
1086289 -5585135
-281587 -5617336
-523699 -8476299
-5711990 6549429
3818143 -8667585
-3436038 -8297181
852005 6183162
-6740571 9966424
7562646 2344984
5518937 2149593
-5653331 -4648464
8675350 -8670883
5723806 7676205
2231747 4692955
3037716 2125975
-942808 5536847
9919511 6640358
8164059 8775606
-2158613 -8087836
-6755420 4968421
6671240 4175882
359045 -191458
-7708682 -9960402
-5099066 3618474
8284419 2370316
7721853 -9580129
-8251012 -7368912
2823646 6397203
-6393490 -10853
-7884878 -4944607
-9407760 -839422
-4199064 -6311333
4980625 3028103
4940267 6481348
1449769 -7177988
-485753 701199
3026094 -9362638
3193312 9873292
-3991882 -2166236
-9795919 8094246
1030469 -5707462
-3076374 7925934
-3160511 2779457
5284956 9747272
7319017 -7037649
-5360719 -83569
3605098 427609
-6544288 -7043430
1954270 -8897925
6440439 912332
4129883 -6595961
6557753 -4045314
-4172022 -2844023
4989742 -248935
-9638337 -5647551
-1355013 -2289825
8152461 1392132
6687942 -1915035
-2167762 7508302
2987005 1972898
-8110671 7667607
-1904783 7626286
-9417144 -1989221
-887146 -5932719
-2504035 2537126
-1542482 -4446706
-5975668 -8374151
-8701822 7531623
9799041 -7631337
-3278888 -1195728
6514447 -9839296
1552837 5366099
-6548936 -2816740
-5308438 -9242869
2730029 -6200346
3983614 7678567
5304854 -2864289
5146490 4595183
8662464 -1595938
3457541 6775697
4845343 8674782
2816983 -8084941
1963034 8869675
-8761662 4115161
-7080566 1762075
-5560868 -2040550
5841901 1950233
9133494 5991969
6749100 1809318
5608972 6341408
4019976 -8004519
-868808 -407414
6704121 -8158818
-7238404 6794035
3569732 5366586
-3442280 6219137
650548 -9068573
9801102 9374703
3489864 -7386417
4375658 3555793
-8484757 -1074350
3392236 1331142
9839463 -126503
-8317185 -4957918
-8616510 -895085
1100397 7291787
9400726 -2080182
-7722648 2747941
-458024 6104847
-6012215 -4961051
-8741914 5628060
6559487 545505
-7563440 -5575013
-2961430 -1123058
-7567265 5926425
7368427 3930580
-4738277 6464330
-3662173 -6722985
-1680903 -4898814
4206102 -1979358
7828782 -7781060
138758 7822851
570792 7229508
-4149293 2416111
-28588 2629121
-1742819 -7645155
-4583298 -6254150
-1829163 7333021
-3790037 -2146737
6296040 -2274241
-8343660 -8840950
7623380 3664467
6941483 9434415
7051953 -6038792
-5501798 7776932
9995872 -6225593
4113610 -7673016
2072844 -7349017
5067094 -5315597
-170124 7923552
2794749 7554858
-8699292 603409
-2063570 8211451
-3935286 -8012102
-286343 -3337255
-9661853 -7639246
-1458426 -6113651
5837116 477880
4439088 7999409
5776341 2889070
-820171 1453642
3780627 -1711434
939549 -6706560
-9505805 -4146529
6293375 8522995
6077853 324071
-9072520 -8395524
9815928 -105087
1882811 -8619737
-9440640 8396994
-9242251 -8403531
-4517182 -9102492
1375388 -8184325
9815084 -8680065
-3274643 8330828
-7699178 -1892223
6396343 -1578462
1714978 6081449
4451273 9852244
8375239 2209173
5049596 -6739000
-5134523 -3030556
6864358 -1506571
-126308 -5318595
-6921601 -1252831
-7140010 -7050596
6363264 6352500
8168175 -1657191
-7820904 -9744996
8585832 499611
8607389 -8579195
-157657 3403007
-515544 -2479916
9888681 4073674
-3717153 6452081
9713082 8263920
-4766635 3848796
-7657775 7094911
4292668 4614075
-6638756 2215917
-2318327 -112581
-3760080 -3778765
-2919604 -5955062
-5700058 6924447
9940411 -8224156
5713001 5402127
-1194866 1064152
8584236 -4444656
9629018 805942
-2741976 989269
-746810 8428218
2277014 9487458
-901279 -2997093
-8383018 -2864409
9351508 -6608611
3278808 7494578
-6284187 9549533
-6405529 2035080
-8524120 -6687439
-4911595 -2105586
5812893 -8583709
-5003205 -9198594
8873103 -5381973
-2059679 6097383
-2913347 1018473
-8036957 -2285303
9718507 6339843
5859102 -3243591
3892000 -1182772
2208617 7476084
4970662 -4240140
-4690606 8003778
-7444790 1202828
4515389 -1096135
-685369 -5968910
7963733 2120147
-4562095 -4872476
-7738097 -7039472
9057912 -5688992
-2154166 -7281423
433274 -3855435
5000760 -191123
6565287 151782
8969010 859862
-9147702 457287
6217148 -6306020
-8302242 -1660688
2058492 -8473458
-7053241 -5747032
-9199589 -3426118
1210381 -5222257
-7578381 8764144
4241025 6648286
3475647 -5316477
9918452 -4184711
-5523794 -8678519
1130358 351726
3019860 9476966
-7146820 -9788003
669285 1988871
-1800797 -6294522
-5438858 9402785
3445679 -103039
-3333719 6619635
5709869 6392438
-8829819 9983044
8747189 -3079750
6084888 -6408199
-9208324 -4495434
1319855 -439465
882016 3226480
-6421794 5796061
-2210621 4528727
4740724 6598067
-8896710 642559
-3135611 7926361
7329146 -697507
1715806 -6058117
-9438482 -6708823
9683616 898439
881484 6271387
5707989 3370149
-521698 -7854975
-2350409 1792878
-8646587 -7213670
6012810 1485798
9798211 -5248218
9280509 2107369
-1294564 -2412410
746501 -3462415
6980299 -7674922
-5856077 7610890
4069125 -3174203
116975 -1623919
9274520 4630644
-6581617 -7683057
5687092 156004
2301029 1642725
-6564397 7681747
-9531923 2466972
6469122 7305368
-7942850 6480888
-8895391 6267333
-6145077 3854011
2907949 -189955
-5348525 -2882224
7245018 -111752
6714045 -8688250
-312169 1314144
-4055212 -3168980
-852037 -1037649
1634708 -8120477
3522248 7351408
5033155 6452089
-1080938 -525797
-3220428 -1982416
7014824 -4611816
4171870 -8646926
5207086 8119433
-9554170 543145
7660922 -1884965
519635 -4902695
-3590945 4905940
-3779916 -2766320
-3418947 -1386762
7575590 -5318776
9077100 5729016
-4403224 -789702
-4337613 2599348
-7926448 3146283
-8836132 -2902199
-4997662 -8630524
-7277450 8178692
6298126 9174208
-282647 7929636
8561023 -739692
