51 -806889 -3651448
337
7033026 -5835421
-9262894 -2734598
-9806329 -2173357
-5951451 9254822
9040381 -7070498
-1037039 1040038
-7024227 -5876246
-1065320 -7230001
5460935 -2706785
1179273 -6010420
-2908977 3523769
-6043680 660101
-3252625 -46020
1043919 1035480
-9771409 8282711
4963642 7392471
7174225 -222031
7604612 -1782900
-2528077 7367897
2813751 4169513
-4790449 -3487696
-6847590 4293064
7063063 -1814675
-2005108 -5396558
-1406977 -4959650
8564119 9174165
-7649382 5684046
-4361974 5036792
-3927728 -902007
9897056 -801703
-3409232 -3699137
6078832 4860698
-6922201 6281346
3649243 3683444
-2147043 549722
-421622 8979346
3272410 -4421140
-3719463 2730788
7334231 335474
-2107824 4275429
-4034054 8443606
-3355996 -3543704
-8506912 -1683436
-69091 -5201618
3996680 -2434640
-3617425 -172035
-5311336 3103800
-614854 4977759
-8822445 -9717185
-6651111 5550741
4530087 -8453136
-2874276 2927267
8174407 -2197502
654324 3406262
-2318309 -1975010
-3531404 8546500
7519148 -3836010
4480554 3112600
7910983 9012236
9093948 6927816
-3244219 1907663
7527815 7992875
-4513014 -6039203
6759964 -3087038
-7536297 -3335459
-1788595 -9891147
-4447528 -489857
7312641 5337130
-8740256 -6273120
-5731778 -2033035
9029817 -8542213
-2378223 736819
6365771 6548966
-1922446 4618684
1546500 -3206894
1217121 9687855
7680730 818633
-2704217 -1255063
5657899 -6832283
-7651390 -5944253
-5835399 637954
-9851903 560016
8413498 -282927
-4039695 7460738
7944055 2189594
3647381 -7255120
3481699 6973873
-3960809 3785511
-1595805 -7636178
-843071 4116745
3804600 2467047
-6714320 -9625950
-881013 -5998317
9685752 581463
-2846437 7293238
-2068807 -7965638
-4889270 1318164
3551589 -9404358
572733 -6475772
5713822 2028247
4773127 -8966860
8007013 -8122444
-1820581 -9228822
-6865000 -5953796
679302 6583614
-8432987 -5191719
-4817668 -5516098
-8998063 7369045
-9533139 -3182329
-5889090 -9312311
-7277948 -2379576
1454940 -5441545
7670449 -2167218
-6126637 -4993471
7034776 -1756818
-723677 2103537
3981093 -5675745
-4904567 9799688
6362245 -7839488
1260478 -1769566
3038715 -2958453
-5958199 -4656157
-7287111 737399
7555071 -4956261
-4268572 5696102
-6683474 4182333
8740788 -9030168
-8681033 4771466
2294347 6411237
7170772 7708682
-187781 -8154524
-3830269 8963447
1279487 6309665
986529 1265165
2011951 -2358268
-2800369 4763360
-9892797 7567018
-1695582 1241433
-1198476 5336444
1032546 8375841
2558174 -2950696
-1980863 -3134576
4153242 -6184686
2742903 -8145544
9563138 -3552410
-1706934 -7569973
-8606526 -624643
8201374 -3020851
8244314 2672962
2831046 -812096
-6048736 -7227383
2855988 -9969322
-6211537 6574819
-5572384 -8839594
2052599 2589987
9639291 5460162
4841939 7127125
-9057561 -9825220
-7970764 -1004819
-2040877 -3798306
-1368278 4108726
-6515916 6252189
5747691 25196
5214510 4201810
-6610286 -3491643
-719025 -9438091
3108939 9857330
-1051498 -7863037
5813721 6897402
-7996259 3376118
-8647368 -9617328
7509797 4159384
-3149483 6194571
-4810247 8452236
-5346070 -8603895
5504832 3148876
-8082582 -4197996
5827201 1505268
-4292922 7665109
-5826534 -6441937
-5880028 -8386855
-8529525 -4029207
-9375892 7228911
-3357335 -7064671
6311447 6437829
6820501 -8837242
5322143 7664080
3858651 4330298
-4701114 4689012
6085117 1564756
7229985 -7530831
-1728827 -5893699
5611569 1663755
-671136 6614726
2689142 3835000
-2035503 -3981318
-5494172 6809114
-3445622 -565028
2370302 -4870064
-8432234 -4286605
-3123846 -8801899
8862181 904619
7751270 4714649
-596339 -4762815
6801941 5566508
8035677 8005130
-7888568 -3451722
8212033 8823203
-2045719 239353
6590705 -2459103
-3924068 -9356577
-31110 -5444798
-3493473 581760
5711696 -960380
4753015 1393181
2591282 -204186
-9299566 4145521
-1139830 -6030184
-792999 968056
-3465436 780183
-1214686 8525294
-4926427 7086594
-1573851 -6586902
3652451 -6714394
-6657144 6380430
-459794 -7240491
-2685289 -581212
2516900 2025448
3581420 3821238
7730771 -1771404
540763 -9149213
4996309 322054
-3191778 -6242451
4725605 -6143521
4636663 6015223
4540517 3776521
863115 -6578023
9351427 9614090
5416049 1805616
-9297601 3003878
5763387 8758905
-1822307 -7241043
-2699243 5594451
-8067959 -9305407
-8560459 -9117823
-8267036 9662813
-7498781 -5503344
-1745795 6729273
-9414247 -690559
7841016 5496162
-727316 -2261232
-6322903 2381533
-5488024 2652151
-5542232 -6971476
-1451246 9928025
8686930 7676519
-9564524 -5687858
2422945 9380975
2591920 -2263767
-1381590 4354986
-3465849 -3452187
1044470 -7132274
9597000 -964630
861163 9298675
4794838 2699105
2954225 -1297821
3600065 -5932478
-763975 6631322
9659846 8112041
556418 -3789855
-6113336 -1791400
-4962906 -756652
-8859325 -5677860
-5425275 7460039
-5668622 3732595
-9719592 -4290513
-1422786 -6618119
-5066396 1324878
-6860094 -9309434
-4093977 5794767
7013299 7934744
4518618 8860248
5491570 613364
-1274595 6270995
-7518859 5151416
5876368 1798175
-8958477 -3632195
-6793702 -9086537
889854 4698550
-1568855 -2218977
3490511 5221232
1119466 -8772095
-4930864 4584077
5274643 6053070
1847837 -1790958
8660138 -8819334
-9959086 -1138864
1990852 -4304892
-8033897 -1951164
-6799748 -9283743
-4969216 -5552756
-6668598 9076620
2506435 -3927693
3287209 -3462300
-3164925 -6603710
1133874 -8281646
5462612 2841938
-2573985 -7746660
8306410 -9468252
-1259210 5217010
-1085972 -7329400
-5951912 9917280
-4387612 -8528706
-479870 6038941
-728450 -2421509
-5457912 -4763266
6829707 4302335
2890994 -9610158
-3072458 -663858
-4751216 -3821796
-9587090 -3721031
1637260 -1100989
-6331297 5875522
-1076378 1579627
-3203362 -8024886
7162066 180764
98044 -1772982
-301687 3726506
-234553 5710432
5805276 1734795
6971530 1553350
-4144315 2863716
3253558 3801237
5653731 8746679
7441235 2697452
1492773 -9097484
-198473 7854146
