269 -5238286 577456
428
-1435587 1403059
-8584887 -8398920
-865144 -806106
1757176 2069847
-2563189 -1339350
-1065705 -9038147
-3916559 4223475
9939762 3547955
8799370 3146461
-3985175 -2230472
7906983 -6074002
6152201 -2073504
-9149176 -1128991
-8072755 -7468474
-2706760 -8976397
2426663 -4978947
-3377867 5857654
7567900 -3641872
8427975 -1726659
6933991 -674924
-7196719 -4135214
-9911739 8384639
1932594 -8596925
4549536 2544376
-9686096 731964
-2825685 3080713
3523562 737239
2124600 -6673484
-4141957 4374386
5397989 -3431803
1589250 -4332365
4041641 -9658996
-3300868 727735
9001077 1609541
-9065383 -4872893
991893 -1548580
-3163941 6254251
7657326 1080155
-6375469 8768653
-7983030 -5276786
7803927 6454787
9708378 -8292363
-4965847 -6156159
8218227 1832979
8401176 -6591452
-8407464 -3867431
-3526427 -7493221
3234514 5634177
-2756281 -4310942
816165 2235591
3203364 -9305312
6948939 -8191941
-4595434 -9960577
1324429 -2877383
1845831 -8454551
516588 -4142249
-2434612 -7833889
-3990048 224966
4574297 -4884107
-8959206 6744532
-7122899 -4508174
-2001395 -7366670
8267507 -8132974
-2443916 -8766881
-4014937 -4488774
-3794085 888602
-4786987 9188427
1744202 5671206
-7206176 617579
-5320620 -6931369
-1073618 -2843993
-677882 5195968
7937286 -991878
4124016 -2151577
-5407045 -4972064
519762 5164810
7798140 9986408
4369786 8518367
2267838 -1418001
4093226 4442223
-4669175 8252901
7441328 2815493
-8996949 543838
3677769 -814469
-5229486 6313227
-6530765 8357149
-3930531 -3786751
5221371 -4692295
-4327520 6523107
-8448957 -8138261
7026549 265435
-7231805 2070805
-6894476 -2658959
-1560607 7137982
1580205 5373363
3626264 5048971
-2135536 -572618
9971220 -6416055
-4714172 -8616133
7697095 -3834659
7038842 56342
-1214057 3682682
1506739 5624663
2147770 -5992685
8385406 7179220
9961007 3698814
8285971 -2071692
-2214299 -7270797
2383537 -8608504
6764859 6225094
1274065 -6036258
-4092524 391123
-3508580 1654881
3038749 -4121304
-5439611 1777248
4349943 -6747804
6934878 4115583
-259754 -6864114
9659553 -9042031
8137189 -8111984
-1896818 8044960
-4026732 8098197
3343752 -3610846
-2219350 3758969
-15936 -4272711
-7792617 -5454491
-2547016 3774481
-4570637 -1885141
-3490093 3944405
-4278347 8468112
4236660 -6413352
7702231 2587948
5723835 1171538
2129507 -2557523
-8153155 5383388
-4055300 -7216951
-9118754 -7533620
-1144466 1917968
8193290 -3258650
2468639 -847464
-3785603 -9306294
4468187 -2807626
5307233 3667381
-9871862 9897550
882014 4333492
7920140 8366144
954092 -4881326
-1193436 5622371
5581200 -3322073
4577668 -9063928
6235473 -55603
2410777 -9477632
-5043311 -366929
6374421 3782663
5451551 -6850021
-6156315 -8640588
-1448214 -8334052
-2150318 828224
725775 6375371
708863 -2022180
-3656036 4124141
9242816 -1370997
6767726 7298057
6492336 -1950620
-8498196 2348926
4809675 1070004
1592373 7737277
-2629652 9736805
3519468 6549062
2215393 6261121
7620533 -8512628
-6846680 6059078
9403654 8688671
5064042 -6480646
1497175 -7354219
6769923 -4227095
-3081740 7841139
-2344452 6012739
6578471 -6314014
-1448736 -5852115
5217889 596628
-9149743 5877292
5614097 -3189738
5875676 -9263042
6998079 -8350083
-6862711 -1908931
6666499 -2865035
-4176364 8806962
-7673684 6070154
8715935 -9112321
9176936 3823491
-5819017 -1997790
6531301 8611549
4813887 -5647117
-1499232 -4373875
6222753 -6634848
9242444 6235010
5561624 7073010
326320 -2627107
-977190 1437301
2044722 -2675600
-3024283 -5323548
-6516586 -1288778
7297728 2799353
-3796616 -4190270
2149574 -1469985
6532226 7896673
6508222 -1153091
3199792 -4420121
1206004 1322109
-2796387 4216913
451923 -2571243
7018120 8962409
-3664698 -3986453
-32800 -2655560
-2814808 5358113
2550917 -7988077
-6760503 4160909
9476615 6034331
4360413 -9462775
-932760 8196351
6093024 9026339
-2126752 8115818
-6304302 2601246
-6076644 3589393
-2193694 4901702
4846812 1126969
89379 8258229
-5728224 1864932
1725724 -1058967
6815498 -3244671
-1232748 8910917
-4411822 -633585
-4599254 2006749
2543974 7581145
5777497 2277512
1303851 4127566
-5240263 1870521
-5528232 1693452
-4717155 -9028213
5873489 -9088524
-5445203 3089151
1347380 -6763347
5101585 4644176
-6414790 -1864492
4890837 9343662
770931 -9599292
-7716524 6174441
-1818810 6359109
-3543393 -2315778
2478086 3241516
9885435 -7765896
4104625 -6218062
5475390 7161524
8133311 1092745
2004221 3274587
-3636262 4006800
7243454 -924629
-6280453 227470
879330 -5138609
-5794947 9821109
2738170 8286520
4460961 4975984
-6148554 5021646
5222220 5158504
-9083628 308053
-4941491 -2299693
-6001403 -9198193
7963331 9163134
-7227768 1990339
-4735074 -1387006
-7380205 -2707195
6368176 1628664
4372486 2379601
-242656 2604076
2425185 -4748184
-6461664 -3521250
-8545266 7679707
2701353 7999298
3157802 7822532
-9353063 -9560074
-9343415 -3409474
-2607666 -4294554
-5131419 -5344818
-838127 7872017
-3514988 -9842835
-2550030 4426799
8571815 -8378841
-3482888 6334499
-1061425 2944301
712469 -1209192
5269558 -8636240
1559820 4250806
2250104 -759355
-2936823 -5738827
7217451 7924258
-5485216 -2289885
-4068087 7874036
5045570 -5576530
4811840 800494
-6525989 -5792557
1150594 3813204
-2049285 -6559666
9774833 -7761239
-2300586 -3015821
5774987 -1286592
-7406480 8411884
2662690 -6439102
2801543 4153340
930866 7429146
-2130244 2381072
2607539 -1851683
8538706 -5099108
-675637 8539453
-8143701 3584276
308072 6652555
465759 -4669689
-1229355 3975018
6213780 932826
7917005 -1454522
-224762 6429546
4841430 3691992
7252890 2368758
9038451 -9979528
-34030 -7429215
4951858 -30683
633986 7835726
-7263381 -2440603
8615202 -8310956
5273321 -5422666
-8770111 -9528498
8318165 8097745
2072763 -5788000
5144826 -2911190
-1849360 -9197105
7232442 3061831
9270175 7925878
-7189012 -5409776
-5389303 -960582
1610203 -8150561
-5664892 -2906981
-5071254 -3437939
-3362189 4969095
6658139 -9818283
-5240949 7769365
8240867 -5552188
-7454443 8505292
-7282708 -924616
-1319454 -2865327
-2062432 378470
-6559699 6831186
-2726584 7686362
-7723413 -7289524
1749894 -7399243
-5549804 9403636
-3503345 5876450
4954863 -8698343
6270752 -6058247
-5876530 4109026
1878392 -4554757
-7590592 -8601127
2420517 -7364389
1710996 7471317
-5394010 5137809
-4483721 -9608458
-260919 -4940089
-7253727 -8527068
6699761 -471151
2129606 7539212
6942848 -9033993
6842457 6579803
7881460 -6560496
9897609 -5686327
8422699 -3331436
-5369841 -5978920
7936305 301091
-4546945 9555919
7027237 356823
8010984 7164051
7555593 4149579
9209490 6043616
7516548 9811026
-660124 4472116
2011328 -3267339
-9784979 -8530518
565637 -8529471
-5089967 7057478
3887503 -9036551
-9851635 7323994
-8654926 2310203
5127646 7294877
6850796 1797732
-7845445 -9419299
7744752 3878033
-9456035 -9834461
6209155 -2183302
-9855924 9753455
-3258077 -3757944
-4508931 -516048
-6530213 1269604
2740133 -4293910
5279921 4035424
-2484774 166518
-2509488 -832576
-8522373 -2336409
7474820 -1164413
-9366681 -878374
-297673 4325617
-1796350 5304226
5469765 9963432
-9703518 -1252385
-8982577 -5804727
-7046319 -9559442
-75489 -9724302
1545302 -1555250
4150841 3394298
9946074 -5714565
4451953 -569238
8598186 9977652
-2358756 -8057534
-6705595 2592166
-8286208 7632416
1958033 6444076
1748302 1416119
-6104097 2678036
3942003 9734419
6446044 -5807615
-5367056 -2524222
