344 5578393 6211395
759
7141549 -872398
-5363233 7779076
970690 3001925
498332 -4731691
-4408596 -4580832
1869371 -3641690
-8259693 4489854
-735374 8208536
-1488071 2442071
4707368 7242917
819290 3166148
4958939 4413445
4395863 -2481016
3332461 2912476
-1509130 -6069379
-4425425 -456144
9839284 8148771
-6332952 -7272306
-9487644 -6673673
-1254505 4165380
-9476309 -3896240
3109967 -9385134
8823402 -7736002
-2777579 -7625407
2133862 9851684
-4465816 4446141
-1140414 -7046847
-7011511 -9506877
-4078048 -6744550
9702423 6320950
8381159 -3070826
7594297 7793351
-9478955 8220443
-8453230 -8738654
5426726 -8966599
9653514 292265
-6576517 5950417
730767 -4720167
-2345574 4763238
4614922 7953189
-5084318 2304640
-2225855 -9850894
3158581 3775269
-452929 762635
-2916415 9080533
8526059 -750506
-2957155 -4535256
6201540 6120357
7381703 -9919757
3629996 264662
3073280 2808429
-8724801 3283510
8563343 6496763
1260001 2005966
-7524493 8734121
-6444886 -4125077
8540381 -2608810
3682811 1329259
-7908106 1698963
-6704152 -6770118
-5004272 -824520
-2843424 -8178092
7942265 2038574
-5364831 5874468
-3860869 5323968
-9351251 8265165
-5934972 1728763
-1774474 -8076052
-3553733 5144723
-3604803 2001880
393155 -1078226
-1170684 -49689
-8720430 -1066463
3148852 -7487873
8258361 -6628535
-4936703 6444700
8266608 -6745910
-2190984 -5263775
-9389306 6208873
-5950807 2444185
709350 9266177
994940 -5302057
9138243 -2709270
-7564546 1736818
6255050 -4415490
-2977363 -1169349
8780962 -3351794
-1901905 -1631695
880433 2576884
5948349 3763299
207999 -8344854
-5090764 -8988354
-4252128 -9009040
7199833 -4765396
7678789 8874918
8141095 3765379
8463322 -9095508
-1804778 -8347613
3389205 117917
5702428 -6852972
-5505969 -355744
-1191186 -7274935
-6390278 -6725007
5851878 6906909
670208 -2993493
-1338346 -5683421
7844578 3394559
4385519 3570890
1321847 -6407550
4983720 -5898295
7867084 -999364
-7578520 3124815
4777202 -1153242
8964675 -6866945
-3719917 -9317241
327015 -2816545
-7575128 774115
-3434540 9135829
-1440910 -3965405
3041102 4933690
9250270 1745650
-4859790 -8297244
-2210001 7094848
3203650 2042081
6143786 9111846
-9371166 -1812630
3828537 -3472778
5373980 -6949685
-3816630 -8877909
-8195150 -3144992
4038463 -5020195
-1729728 -5351782
6300399 6463336
5014283 -2647915
-7714225 7375842
-878508 -1944615
-7725506 4052397
-6336403 -3221946
1336488 64493
-8307309 -616401
87321 -2519726
4007497 -7678475
7888192 6432210
7554301 -8102171
-1247163 6587914
4084072 1875504
-959926 5307653
-5712659 -7645656
-293571 7856825
5232667 9301624
-2642991 -5491443
1077306 6870512
6164918 -7852145
-5271300 4740904
-5875497 -2498594
-2501967 -3578609
-8740731 4211825
644035 -8494470
5919711 1663813
-9231920 -9285311
-4893455 7188901
2496554 4852152
-277152 4146619
2003444 6783895
6085519 1945630
6454187 9752464
6622976 5958880
8106736 -2468507
4788749 -4695754
2805653 -7164564
-8226820 8913253
-4358570 -9696314
4325568 5548801
-2787386 -1198183
-7967142 -7238369
9950532 -2019306
-7167154 -2860597
3802374 2447086
-8252667 -4927953
7017677 8322171
8074635 349204
8824437 3471864
3519709 -2786037
2518209 6931173
2282961 -1691541
9738064 7840214
660252 -3427507
-7878706 -4620506
-3302337 7502172
-9736196 -8149739
-169045 -1269478
-1613723 -9785664
-4822225 -4819846
252201 -7811348
-9489177 9441460
-209335 -2730122
3258094 8585458
8315773 -1384898
8062627 9294155
-2397386 833982
-1325803 -7138060
-565566 -2659322
-4763476 1850801
-647026 -5927920
-4077659 -5549460
-4302586 -383222
-7652534 5753297
3449803 4083691
-1211305 -9958407
9483054 -6297996
-6511766 -700482
-9598672 -8209929
405173 -737320
-1443165 1233453
-7932564 -9015848
-6153908 -1324198
6016480 -6742015
5108786 3280526
-131041 3769357
736249 6978112
-3405110 5791300
1544597 6433663
-6966294 -8541291
-8499698 7510752
-8787244 1822402
3638272 -9016644
-7226573 7217342
-3519978 -3444047
7789406 -4305048
-3320896 -2446790
6229012 2373194
-1852469 525197
6322075 -5238156
8531201 5772670
2750782 8707386
4498687 -8216198
733817 1862025
3320734 8559636
6070389 3767524
8106278 -2662612
-9162903 -200503
9533192 -5739098
816855 6126876
-8178171 -3986786
-3917224 -8877386
-3987840 -8982715
-5941166 -7688212
-2926367 -3323956
4965066 2897262
1604648 8121186
9904989 -9767800
2094225 -3896665
-5337028 -6844842
6922682 7931311
-4731300 3249713
-6950790 5028960
1806215 -3894203
-7767327 -7417598
-8888031 5139422
6262036 6570854
7588140 -2805255
-7977114 4790549
3982945 -8353026
4544236 -903481
9734057 -1051989
-819789 -3851115
-5231428 2155398
5310557 3790789
1722100 -8052104
5197609 -5250409
9778552 -492848
5612949 8246820
3345574 -5898881
9240541 361975
9449181 -3026105
-3315007 5502578
-7190521 7037321
1200648 -1292121
320750 6792424
8256787 8261236
6926473 -7428841
4726558 -2563002
-8772213 -8304954
-6357058 -7446533
-2696942 -4533760
4973392 8840552
-396276 9597962
-6300919 -6897306
-4018979 5465650
-7560454 -7060377
958553 -4569798
4983876 -875461
348770 -3715616
-6923192 -3815476
-5554240 -9330480
5757031 3849947
-8713055 -8627766
5583632 483589
-4446592 5031085
3013677 9226574
583478 2856467
2454429 -2012931
-6393885 2703554
-1830795 -1330137
1609486 -412864
5017339 -6874897
-5234006 5084391
-8631225 -7482433
-1297909 5114764
-1699364 6961935
811882 -4335797
9552789 -5942333
-2942391 -5384821
2162616 5136421
-3120652 2611017
-4532516 -4823707
-4320285 -20822
-7317267 438266
9108129 -714170
1389319 851938
-3506607 -6766033
8318358 8923010
-8559423 1259387
-3625849 2203485
-834580 142668
5806871 -2808861
1248806 9977302
7108833 -2123987
-6987566 822767
-6566215 -728550
-3035905 -7591866
2387313 -8582379
1855887 2643810
-8070359 5070046
8438336 -6519632
-3285665 -4164688
-5241678 -5068271
-1292532 7549045
-247470 -3801101
6341567 -2402029
4789110 8917950
1411604 -5335210
2540803 8554268
-622964 -8963210
-7175408 -1930410
-7005924 2810821
-3255206 -211313
-7567502 5381389
-7032213 8600682
4597402 6878491
-7286197 3922475
1370556 3828090
1377135 -2527875
-3812624 -9921976
-2324005 3646018
-4919680 -7471057
9710085 -7534895
-8980626 -991723
45067 -5232759
-4646817 -7087238
5723583 2869659
-7341654 -1652741
6245001 -7531623
3585411 7607196
4485687 9212788
-4348384 -9300834
4527256 -284158
-295681 7022172
-383451 -4095609
2066761 5891695
936990 7292544
2274002 7147082
-3844641 -6836572
-2069331 -4190272
-1277510 6200426
-8413563 -4199796
4147463 6962425
1947154 -5755217
4368332 -7091184
-7878395 8048918
8748084 -1145981
1086214 -9710427
7311745 3275340
1696083 3306885
-801419 -3071706
6737191 -6237155
-9090073 2651923
5815351 -8472455
9853625 9581638
5782064 -6253980
-7937424 -8907533
8054892 7368501
4129636 6210040
9118856 -7481602
3083668 -1502032
-131660 3756813
-3437262 1831752
7623444 3470906
-3222209 -6125516
-6680870 -8164120
8115077 5976372
-1371704 2572673
-3383430 1541356
1122994 6959999
-9293980 -3529805
-2437338 -3094942
6789911 -7231404
1494988 8133906
-9347695 -6564101
1933868 -6869803
-596638 -3747675
8084078 4318560
-2210534 5966101
2356937 -1776126
-7423894 -2916391
-6940018 -1807581
3281445 -9308817
2232539 -5795370
3680981 9898015
-3631789 -6644467
-7223057 4387001
-328050 3930873
2064780 9566854
5519106 3683290
-670161 -4766563
1485762 9969326
4287886 8733202
-2784345 -7913808
-7173581 4593704
-8322687 2088944
-9718637 -4597475
-3906291 7253647
3974629 3562808
-4022824 8326248
-8318218 -2344389
4558964 2345387
8792612 -5541275
6541932 6747266
-7053091 857392
-1392819 -5422610
-5453284 2276748
-6473698 -9907056
-7820864 1350954
-4055342 -6741691
5347253 7521907
-7075567 -9861677
-91677 -1855031
4224129 -981858
-2655610 -6117048
-5945085 -9798695
2546692 -8457476
8517602 1130232
-2122502 1339305
4713049 5059534
9636924 -6659241
5617508 -6679769
-6586825 6699992
-1949054 1660162
4918472 8108663
-1853077 3995604
-3349721 -7217923
927046 1071356
-9910502 6558602
2957907 -4848824
-4647519 9950240
-8507235 -470826
-9340594 415526
4271183 -9989633
-2413747 -8946743
-5605984 -1015768
-5179185 -2776823
6439521 2527876
-5811961 -9249658
1375358 -5509533
1002423 1622863
4404940 9522281
593637 7652702
-3272343 7848339
-7000485 683135
-6850273 2201916
-8268910 -9131652
-6199774 -5357508
-5347141 -7609503
5960106 8071409
9571994 2239112
1978641 -9645878
-4601649 -5607191
-4856848 -1581838
-4575019 -7897258
3725605 6518510
-1442857 6427404
-3403541 -9353103
8495236 9150780
-7649733 3324116
-4473968 4011103
-2604196 -4500006
142487 9773474
4680323 1196030
-8216208 -2688302
2067163 640429
-6489096 3872138
8264947 6562156
7496671 -8574393
-6471651 5924451
-5040687 -7078348
9349057 -229694
-7066445 3516456
-4816412 8461868
1785984 3945144
-9527401 -2466145
-4449798 -171632
-7881806 -2131597
1580786 5692689
5520739 6798518
9955299 -4119070
9753068 -2412098
-5849941 5982555
7408162 534367
-3541181 4163082
7084734 3452863
-6776831 -6065516
-32707 -1049857
-2587989 -3843275
-9898131 5150881
5201089 1714347
4059067 -9425532
-9040776 -9248709
-1039668 6177262
-4507868 -4943638
937292 -5518929
-5414674 7963783
3946339 690360
3741079 -8748263
5414819 1354501
-5192635 2716250
6650735 -4984095
3966049 -9453114
9219963 9134380
4285261 3894412
-4391240 1838184
2412653 -7997298
-7246007 2184179
-9122207 -4111771
944591 -5769323
-1288251 -3630075
6850061 -8118117
-4911405 3297075
-2934836 796400
4667253 1346026
-5937723 -7520017
-2504112 1990970
2537857 -9286988
2363744 3978289
-2127298 1757820
-6403995 9165357
-8831940 -4002186
8181993 -1474990
-3070409 6438405
-9330917 1576139
7946064 7874182
2272417 -619168
5194259 -2687523
8108877 -122636
-8776610 -7740577
7255758 2776131
7283453 -4714333
8515031 7267998
1246288 -178690
4095483 878775
44133 1635342
7633156 207840
8732850 -6271455
-9833050 -1668499
9907640 -4337559
6052975 -9163967
216865 370057
7682534 -1674608
719108 7927476
2703251 -1692236
-8916105 1942498
-255482 -7524639
9743360 8367348
-9294989 -1740451
1654677 -6494000
-2342306 4800494
7524686 4215162
7943707 -4709150
-3861297 6257536
4436329 8110657
8946691 -3953656
-1067247 -6994344
-6152600 -8320092
9607385 -3384713
-2560597 4566508
9025358 -5173012
-2697650 -1476702
9406999 -1230124
7029426 9562062
5584414 2628362
-2571144 -1315897
-7100735 -6757892
-8950690 7469894
3727430 3359324
1469981 -2811987
-4249291 -9319889
6202119 416672
2096581 -2800186
-3668546 -9950481
4616027 -5779682
-8436342 3770857
-7705844 3641385
-7588738 -1133992
-9055578 4217507
-3154131 1957040
3157495 6528836
2287296 -3208923
-5739029 -1426888
-8067564 3336606
3040972 504753
-6298784 3402417
6335442 1308033
8507848 9903335
9952854 -9051625
-4831307 -5160698
8610159 -2914767
3242970 9248703
-9368936 3420667
-9845474 -1829416
-9872376 -8424514
620675 9516747
-3692176 -4198529
4374583 -7092029
-1239070 -6914853
3589900 6307019
-7774211 -8198098
3109935 -192532
-289197 8561231
9509606 1617783
-1026563 -7819991
-734758 7194651
6443354 -9900051
3520616 5024565
-6804851 -409230
1166257 -3808505
-4291758 5839126
-8359403 -8213068
7211255 2016067
-2382434 6015181
-5161448 -4027815
-2225913 -8792533
-6468713 9580693
8141924 3400375
7534510 3242091
5422100 167882
9878885 -3492052
-3392103 7203695
2228260 -1161408
8429362 2644865
8836360 -2060239
-6221113 -7888029
-6101097 -5455397
-922978 7935837
3951018 3626511
9598696 6694588
418407 1305922
886616 9889136
3289511 3949695
9708138 -8455108
-5770873 824021
7331969 -2353410
-5149715 -5891988
-4537044 6456218
-898916 -405103
51011 -6107681
-3995710 -9546204
7514751 3829898
1765735 -7580454
-1437591 -3408227
5802714 8233105
-7944620 -1838895
-1949759 -3778879
2687168 -4541652
9519592 -8660248
-5319874 2395306
-9958103 -6251281
-9626916 4528447
984666 7408534
9519784 -4163960
-7755289 2602102
-4427750 -429205
5917045 -9234646
5701252 -6912998
-7804873 -9800867
8432238 -5736339
2424766 7997841
6735315 3003970
8462318 2991360
-3152536 -577517
4334142 7981911
4246982 1527590
-3943962 -3107609
-5699075 4620066
2972459 -442944
4675510 -6179291
-4092144 5217170
5982524 -9752240
-6665238 -8175098
-7975965 1683776
5947437 8046242
6044083 2972625
-4023404 -9111444
3879916 2779398
4718234 6955266
4937177 -9272620
-5228677 -947624
5944767 -815840
6320578 827361
2900769 2762044
-900894 -706963
-5489792 -2423721
-9659609 5006962
-651784 3009084
-5307139 6191506
4237748 -6111397
6861229 3156650
-3438442 -7201817
5577582 5354177
2309443 -9558526
3685207 -7187832
-5619104 -2753379
-1052867 8456530
-8199757 2842015
8120411 -4732289
4560749 4701012
4793643 -2780483
4742832 1587309
-5403607 5134034
-6158108 6607400
-9503996 -8194394
-2521391 8079640
-9122176 -126415
-4772238 4040167
-3002006 -1028242
-5699722 53557
-183470 -9316799
9139731 -1318826
4039541 8763663
6547727 -9060026
-1842662 2159952
1895822 -6375172
5212137 -7049019
601367 9155006
5762406 2324882
-3353159 4443260
2522900 -1225238
8648347 4125450
-9318031 -4082924
-2594814 6392461
-3553981 -2320037
