775 -4351502 5159689
910
9818030 6970281
-900383 -190356
-6529063 -2669361
-6976166 8172806
8092737 -470359
-1276776 -6648144
-970403 -2666914
9551965 9894649
-1970119 -5895551
9661000 3541770
8981791 7578111
2400038 171970
-7849258 8618191
267609 -2757753
-4592903 -3154997
-6184716 7943650
-9730353 -4774872
2555767 2914901
-6395940 -6259416
-4213423 -1904047
1447809 -8303203
-8453765 -2973846
-3079197 2993759
7098208 -8901800
-2843678 -2532964
-4954852 -724439
9447531 8654465
7272656 7445186
7203785 4114625
-9040371 -9943383
8000268 5127234
-9647638 -5225087
206167 786267
4526851 -4575519
3520434 3810227
-1976624 2829780
9855934 7484596
478355 -430388
667812 9293090
-3239874 -9907085
-631524 340487
-1005048 -5678374
-8233188 -8667641
5446985 8783961
8840578 1486949
-3385816 6406614
-8818473 -642802
-9856535 -3033454
-5092620 1387694
7714273 -2813332
-9983551 8427814
5912410 -4262350
5307262 9872383
9165473 8907117
9000033 8491426
-1168087 8441952
-7236422 -9115139
-7782779 7826866
6610827 7046743
-1466308 7664206
-3412828 -2032243
7324956 5147876
4630775 -9714949
-5810902 -15227
7171442 2054507
482321 -8096629
-2358979 -295757
-7907022 8911084
334553 -7051717
3956062 3774804
2216756 -665414
-7264200 -7212025
3131193 -2503314
-5456571 -5046979
5133579 -257980
226130 -4406526
3257702 -8279249
-7994198 -2448914
7535859 -2111523
9942984 -3805100
-1901728 -2776347
-555752 -7058342
4369094 -1744355
-6279719 1537227
7828383 -5296353
-3445414 7676343
2980670 -7438509
58177 -709614
-3240241 -3888136
-1629764 -2882041
2711433 -8106662
6130441 8596366
-3852548 -4030865
-3626035 8136243
6847496 6199664
5939669 8833301
4291311 7462120
-4282235 -4616082
-562503 -1339595
-4119595 -8045602
9630741 9782232
-7656277 -5048657
4241729 2611412
1239628 -5081748
2036211 3517840
5411178 9609864
8206231 -5252356
716780 1541619
-7805786 6870035
-4413949 -392903
-1559602 9041710
-979818 4042073
1942343 -7268290
-6091533 -2745700
-791302 -8620160
3678424 -211128
4740215 -8644208
-3516444 6022147
-9059601 -8501704
5016136 7723184
-150600 2976611
240607 -7056334
4485285 -1944369
7442019 3473739
-6919164 -804148
-1762438 -6971930
7070143 1521235
-3230703 -225903
7028397 -8471162
-7091322 677764
2982989 -3762905
-9890761 -896546
-4874399 -9760444
4254205 -3407205
-5684021 -3933999
1558964 -8213307
7246712 -3318268
4737363 -8200429
5273311 1731997
3444201 -5304266
-9759843 870499
4908086 4198116
-6027787 -173348
1355491 -8322617
-5128500 -8999390
9754057 -3219479
5883976 370841
-6873251 9863297
8972444 -8990423
9591930 -102694
1684000 -6711576
-7513492 -6332754
7983170 -1069288
3179061 -259777
4435958 -4227167
6643332 -3376737
-9178621 4676115
-5497233 1551419
-4254846 7309944
8310554 -1625390
5155132 -6866994
-3979801 580963
-7039388 1039108
-5434963 -853051
9044255 -8066943
7737833 6673320
-9659434 -6755393
2175319 -9775659
-35436 840088
6612921 7870733
7010348 -5599478
1592989 3256254
7324025 348079
-2341977 -1387891
6986719 -6930821
8718538 8484929
-8417756 2141851
5697311 -5261263
3885686 -5457143
-3524086 -9737651
-547979 -4553706
-1309099 -5786253
-5561912 -7691061
3149028 3382573
-6230342 4402652
1319527 -238051
-6981797 -9219994
-6355563 -7087484
-5959023 2858580
-1555888 1302460
-7696259 -8972303
-4314100 -2837350
-5582261 -6114015
-1571158 -8616788
4161913 819778
6266072 4904756
1634855 -6386066
-4077127 7473325
-6627750 -1410705
5508300 9071901
-8649797 -2858092
-9561734 -3172173
-7743305 6884758
-256661 -5917297
-2098485 -3702327
9841722 8187451
7866453 -7278392
-3392406 -4472378
-3089166 -7715808
3103970 -2447212
4973897 3589099
7203033 -8113606
1876072 -3391248
5198048 5642259
-2769488 5248322
4906583 706348
50527 -1419285
-4534526 5344849
1943905 2307222
1121247 -2274835
-4087384 2361772
5083381 962969
6490592 6295421
8579613 4207327
-8239885 5917778
-493122 -5800064
8602682 6734012
-6657235 9226263
4868522 478754
-4272923 1057165
-8236487 4615387
-6803898 -9366340
-1505139 1814040
6637614 -8822072
-1096907 2955118
-4683109 -2241138
1238183 -2667939
-6372518 -9599728
-2876049 -2271225
-6353446 4723448
1439736 -1115934
-4381921 3153432
-5103953 42418
-9478827 -8522804
2534361 9764570
-3103691 8764602
1914614 -3185774
1144618 92411
-6213308 -9590525
3364594 -2217768
-1942554 2689785
-9978153 1197837
-5885539 9295630
-2975595 6165681
889129 1238412
-9877522 -6812689
-1142905 4845217
-5112364 8256909
9734105 3753143
-3965935 7925161
6689763 -5215182
-5884604 2930374
5539137 -8879271
-8469796 5260014
-6957753 9325829
-5468033 -2588850
8608987 -6383955
-7088325 7070166
3235847 -7276552
3961860 -7547567
8156096 6641329
1486546 -3399309
-5142400 -2986808
-9233665 -1109466
-3184305 7108058
-8107124 -3199600
2247126 6021810
7142539 -3991727
3784639 -2213737
-2887907 1189096
8600246 -656762
2959284 1644060
-1285774 -274414
2449034 -1612689
839744 4466425
1107754 8927247
-4472062 -1004159
-1474615 5110653
-5998813 385538
-9990052 -708280
-1391528 -6666765
9355045 4419177
-9572550 -9144402
-1358139 -986063
2719385 -3271559
6071680 -1729694
9914366 -6164017
3561569 -969036
7418275 -8855056
5611370 8526956
7454203 -9225628
-7713435 9235476
4346129 -7017859
-4115969 811950
2620022 863669
4196904 -4106020
-9686843 3744846
4600444 -3931699
5082238 3256959
2501752 5758657
-5971036 -9682025
-5846041 -1426568
120748 6459682
120979 231880
-1241164 -9944624
-9170252 8248701
7484177 8729391
4227884 -6883687
-3555385 -5653341
5210328 2628268
1038600 9064637
2809483 -592768
5475533 1351757
7125068 9926279
-1798712 -6925876
-6607901 -373180
716605 -5253396
-8793713 -9937590
294291 -9162647
-9107271 -6156382
-7907681 1569479
-7184777 -8277523
7355142 9576496
-6076845 7043107
-7812273 6316109
-2102902 1649835
-8942933 3226327
-5421916 3222933
-4334436 -951047
2123077 4219504
6362677 3866853
8613457 -1968472
-1906061 -2920718
-9567013 2336096
6179714 904582
4990413 -8674283
5564546 8272033
364882 7805636
-2634904 -4563959
-8247850 -3195611
8454225 -447177
-7220849 -350751
5388534 9511292
-1439755 9873587
-3390556 -8945901
4920952 3199674
-8768797 -7027879
-7432245 3534409
-4129494 -8158506
2746076 -6999258
-5673541 4566572
2838606 -9747159
8058478 2407358
7843399 -6796512
7877 7939926
-2507251 9595549
-8238850 -9021546
3006099 -7211748
-7338160 7149685
8203784 4082696
-2717629 -728716
-5240243 -4358912
9175497 -8970074
-7128580 9843864
-7155394 7562355
2128928 -1866152
-1613311 9687418
2094776 7483886
3203726 8961519
6901445 -61825
-7949924 5727955
6706410 6910547
9698799 -6188773
3477264 -287491
6311557 4876991
6664627 -5802600
-161512 -6406072
-5376146 3940736
3784600 -8469663
9092693 -9988374
-9338174 -854441
-1167023 -6262027
3738211 -951484
-9473613 3444105
5898632 -3058063
5186244 -55815
9371084 7948708
4276287 1892654
4121515 1586235
-3536773 -9730097
-5532697 433073
-3456647 5644206
-415057 4305791
5836129 -6316440
6211538 5885895
-4968546 -2554826
-6300501 6873365
8438233 -3619217
9824888 -45938
-587649 8964620
-8574843 -1760128
8704933 -5401405
-992398 -9203759
2382477 -4502428
-4232524 -6870883
-3921458 1362056
-2993738 -7248869
7056923 -4861752
-1178192 -892443
-5006547 -4590596
-4629070 -4966654
-8093289 24907
-1077957 -8413219
1540843 2861296
1825917 -8736717
-496844 -9046806
8068141 -4232574
-3436332 -9275559
-3777987 -2924257
-7278787 1462497
5340905 -5494159
-2743027 -1200245
3938003 4863519
-6028923 6830248
-7760348 5276163
2825862 -8519118
-5977859 -9873066
4230067 -2751075
-9889778 2944184
4207468 -4229090
9240456 -5547509
219917 6226976
6951417 7308597
6900693 -700063
3278786 5689782
-9804376 9621906
-1578339 -1380309
-6516789 -2547403
-5717155 4876017
-7331468 9970640
-8548478 9038849
1682135 5494394
-7256680 -4526337
8417848 -4087798
-5800536 -7146458
-2693967 -4858332
-8631356 5956272
3264869 42302
9342240 8320061
-3473805 -7318086
-7696180 2621026
3757070 -3278181
4174416 -6758166
8117851 7240281
7210921 973613
-7471186 3302735
-1202870 1178795
6652458 4210949
2639503 1540450
-3089656 5070306
-9788026 6838967
2795239 -3267271
6775031 4096970
-5066617 8576461
-8741625 -1366377
3771002 1459579
8181398 -6437804
-3195970 -2471928
7284705 -5127833
-1637868 7438233
740968 -2988022
8190773 890947
-4898104 9538098
-6405100 4843231
-7570110 7741400
-2903281 505244
-245675 -7358136
-744813 9891959
8468420 -3470643
-2320668 4188570
-4351851 2243147
5805343 -8549666
-1021594 6345900
-8781933 5125725
2563958 8779463
-4208559 -419801
-9528854 5821279
5359377 -6017786
8825446 8089395
-1652853 1470630
4492226 3771688
6413552 5443866
-2147823 -5753448
-6707739 8185091
2373662 -3679403
8563745 971593
2421928 8021811
-3115937 -3114560
-7988834 3916686
2696150 -1897870
198682 -2908524
-7087245 8487591
-7530194 -6813820
-8724425 788485
-7740885 3811604
-2416708 -7860926
7582941 6751341
3514245 6513196
4698288 -4564882
-5727932 6806506
-2221900 9588302
126465 5352165
-7762395 -9799972
-3366934 7010529
-4887341 6765123
-6143400 9329216
7816808 5311341
1013874 -3230645
7557840 2802966
9130922 2289449
4428524 2333307
-915351 -3285786
5743762 -5472183
-7520713 -7401106
1921753 -7041598
-7453296 9267707
4619872 9699853
2416233 2673170
-316301 -626170
8655305 9049299
894868 -2687290
5140404 -7488095
-8202387 -1288324
4030994 -3845722
8443727 9355453
1688761 3161916
2392482 -4611397
-7567228 3289762
-1594992 -9347404
-6389001 7428412
6696119 -9673239
2542966 8674055
1347225 -6167656
-4277474 7475551
-958797 3547276
-9140013 -5622169
-3110263 9936071
-8835901 6000391
-7845331 -1312650
-9440845 5195093
-9126639 3114748
1019704 -5235732
8054030 3265843
3918439 -4031172
-6602760 8975391
1818504 45790
-1280154 2609712
6442056 -5638529
4353374 2583423
-3869300 4680934
9058765 -6605423
-6669352 -3009313
5507430 8464854
9668556 -5505253
2206192 178451
-6706801 -9772288
7508332 3079553
8861748 -3170745
-4685564 5562363
-2945894 -4703460
5342330 -1288324
3837740 8872610
5750433 6578528
-838048 -7203852
7477082 103808
3498385 -2190996
4799691 -947800
-2482946 -654614
-3643515 -7176527
3001924 -2814389
9929675 1079030
-5841417 -1188525
5640731 7438007
-4483278 5536684
-9166776 3471519
4699547 2570828
-6040209 -1308094
7786787 -1462712
1333436 9710224
-185968 -3051261
4757743 -8673129
379071 5828770
7690508 -7926214
-5102741 412477
114440 -5953007
5126023 7899183
9227010 44115
9998475 1800959
-2662357 -2615907
-9144388 8031549
-6881270 -9312781
-620875 5555160
-5907552 -2921479
-3211255 -2834088
-3368997 -2057764
-730893 -880870
7464252 3905098
-1504764 2164530
-7422992 5154760
1718105 3392495
-6191970 2691448
5251916 -3155871
8645088 -6964959
419134 5250391
3281940 8499083
9186302 -6208901
9346259 6400670
5995543 -8918221
-1752308 5955059
-6102705 5300641
-5580229 -2604953
-8699854 -4317245
7847285 4400375
-444865 -204618
5704230 2940645
-4367906 -8726760
-9366279 2028612
-2419995 -9115990
-1349247 1795161
294244 515492
4306591 4449045
-6633932 -8003102
-6921322 3652850
-7875739 9361611
4662252 -6157278
-6245879 8537908
-5779337 1598375
-4001250 7570619
-2633998 4584301
-9958702 -1929763
-8140170 5586584
-2384804 -4326608
9073754 -7506449
-3194935 5195202
-4289306 -2275493
-7826447 -384339
1612560 2533637
8702839 -4460379
7417584 -2792410
-6433336 -9172900
9365008 -5403811
6194564 -2679215
-5108595 6102024
-6797323 4709667
5296256 -5226241
-9639657 -6756025
-8566280 7156086
2165990 -9508109
-1796555 -9492526
-1768018 8971055
-1413284 -3569509
8964128 -7078113
-9022140 2715628
9923218 183319
1010419 8395444
-7008367 -6510118
810668 -7108220
1510156 1702550
-3587783 -1781575
2992184 4712833
473160 4224825
-6102736 -4131121
-3639230 1906880
2414355 6063254
-2449339 -2919432
3511059 3162689
6084576 -1346271
-8630642 -5008460
5174859 -421212
-2025768 -8707424
7298811 8701631
-8406589 -6517782
5184768 -9374169
-1155744 -4380081
-9667248 4113337
-1661838 -8163560
-9778329 -6677736
5229145 2235426
-9184968 9098793
-3820639 -9840148
-4161107 -1634307
7019423 9690421
7198313 4439821
-5981391 8388781
2197709 2373172
1074803 -5490807
-2008589 -7987128
-7361297 -4815434
804485 -6823821
-194132 1482959
-4164249 -6346411
-3024146 660383
-7104191 8573774
7672568 4721351
-2602445 6227194
-5407113 -6148071
6058702 3236448
-2323731 4128662
-4966205 3257015
-4369812 -5788770
-1279577 -252143
1760729 -778657
4405910 6711835
2404366 4399433
8398744 7726747
-8619663 -7789765
-4613030 6750848
5324622 -9127457
-1889754 -1717221
-5490027 2997190
6849120 5507801
-8739399 -8380787
-1735773 2907822
8681190 -8546778
-4335548 3298023
-6954120 -5688622
-3950927 -3098773
-6386938 4806609
-8277606 2971335
698083 -1466219
-6739632 -9878861
6871987 -5405228
-4532685 -1352662
-553531 2196609
7710152 -3906087
-8398286 -3527205
-9391640 4559272
9983446 5378667
6831889 -1127413
4686962 8664636
5492366 5012693
-8086080 7732842
-4944196 4057792
-2970873 8043335
9093468 -3221802
9415689 243562
4838334 -7646164
-6482474 6287676
-8999362 2822001
8915914 2963995
1953142 8710790
-4213586 -9482372
-1587353 2561502
3950442 8286212
-532799 -4755464
-9742771 -1362596
8886599 7475919
-5949937 -7828850
2730837 -6057597
-6763047 1079191
-8677247 1824305
-3305507 -7347357
8940319 -1322560
-8500559 212019
5692366 2457309
-6315549 -9584644
3449336 -2354491
2723363 -529135
-9726570 -8138016
-2893480 9190157
-2172438 -7743017
9732902 9880102
4567604 -3285839
-6827084 -6217034
-2621491 -2701559
1639098 -3590131
-937488 -8782386
-104946 8333591
-1454390 -9480816
2976493 1394496
-5673796 6754328
6916189 6660945
8648162 7775540
2153876 -360447
-8653938 1437944
3694927 1776749
1656851 -826376
-1595863 -4055818
-272852 8740807
8555600 1577053
503275 -377991
839623 194698
-8955359 9565787
-9915029 3251030
7161878 -7893397
8860931 3061465
-7761238 -8511918
1779974 5777121
7933026 -9113076
2324869 -6066149
-1773048 9279088
-9030935 -3980204
1963978 2400155
1140962 -626798
3466608 4207478
6345839 -7787086
-5076036 -6030117
-6464330 9701815
2952845 -4031395
-1924792 -6379358
-801541 114723
-5880843 9452491
5229612 1437221
-5159503 -1584517
-5134314 3162638
2441727 7165366
5701515 3092638
-4507207 3410792
5300346 -9818155
-3094324 -849893
-6120627 -1233046
-4746811 -6748485
-7046670 -1196663
-2711706 -1211140
-5074146 -1577473
8537250 -2120146
-2667654 -3359335
594238 5172759
-6411757 -7438042
-1759051 5434735
-4883546 -1546071
-8453432 3199028
9126172 -9182031
3516166 9555713
-1294179 4426518
5709825 2938194
6189710 2585194
3904884 -9036986
-7731774 1659392
2598272 -8806822
-926967 -2805920
-3648903 1135522
8824634 6405379
1483689 6945335
2380071 -7587123
-6616842 9724638
2923666 7496525
830846 7446078
7001792 2049838
8992709 6863364
-198441 8223965
-6674489 4702534
5665548 8507621
-7316635 7230395
8423574 7933775
7644207 5281637
8933512 -9987041
-1065310 -6004695
-9059360 7758146
2687375 -9581621
2659370 -4162937
5849940 -1413115
-3967036 -4416964
149227 9197138
6060503 -6965244
3775073 -858064
-6155530 8378414
-597613 7100584
4330980 2026370
-7523503 2085752
-2632610 -4729094
7800217 -9879295
6632362 8817254
-908248 -3265093
9669638 89354
5926418 -8220873
366012 2329008
428397 -5707290
-6510151 -1084672
1950084 3093976
-7764088 2066704
-7038530 8241509
5342094 8596734
-6860544 2363857
6965961 -326926
-2539668 -4384046
-4263341 6849703
5666957 -4739451
1995456 -7630979
-5025273 -5241291
9054188 -5818554
6510455 -9098855
-4806144 -8063447
851881 9455204
2549180 -8799943
3266761 5318318
3559827 -2698556
-4101822 -1255417
-8891560 -1098079
1091347 -962366
