307 5676207 4641022
406
-7631681 -8026348
3566715 -3146357
-1704880 8017043
-6104917 861905
869991 1196367
-2492633 6537445
4258224 -8712662
3427347 -4512265
7007753 2814204
7634129 -4385196
-9341618 -480655
-6075471 -3238812
1301976 -6765823
6355049 -7199523
993036 2526733
4500386 -6487577
-7117582 3361356
-6105249 -9416547
-6038290 -6306110
4890258 -9693813
-640016 4831701
-1364608 4913977
2918065 -6381792
-1051236 -7937261
-9806105 -74182
1961515 -3417107
-4139567 -9147722
-5913545 -1597603
-6280774 -321239
-7794505 -9558496
6470279 -2771386
-9410030 -777767
-7677962 9352697
-6953412 7001074
7307261 -3716251
3631802 453198
-4632825 -3332755
-7198195 -7732806
6846286 8285240
-9272590 -5733079
-6633833 7040181
7892459 -4794722
-3875973 -773400
1421714 -8021086
4936770 -156747
7071867 -3856439
-2117854 1407049
-6723901 178190
-2820736 204184
6487933 8839039
-707763 7002877
-6329878 119736
2386930 -2824236
7977357 8988279
-6744800 -766784
-3726602 8704767
6426397 -3378633
-1635680 -5834143
8661124 -7449576
-5089971 2302386
8445947 3597894
-4995056 4498249
7192791 -3671907
6532277 -9202605
9636434 -5627945
-8625068 -4463437
5656299 -1071329
6104435 7561406
-933963 -1956771
-207202 4081792
-4697088 2321237
1458957 -1417452
-4735243 4245661
-687562 2339629
-5357985 -6074119
7523776 -3261181
3753420 -6912038
-8067593 5045072
5842467 946211
-2165382 981036
6517599 5478901
6923924 -8274098
9287308 2173898
2733480 -4455289
2142856 -9130303
3190935 5042630
-6374822 -37880
-5792219 7166244
-494127 -8593713
-4667831 -3963429
2775391 4147888
-247798 5372297
417369 -3471189
7475023 -5799039
5181997 8776188
-3228559 7825993
9551896 -5784051
-1093801 -6304635
-8243572 1355556
2225254 4156031
-801339 3899284
-6138596 7932541
5098785 -4659809
-3253521 -9414462
-3377891 -5395342
1268898 -5405000
9967297 9397500
8442664 3537452
7738413 -7098982
-8322794 -1565961
-3739968 -4563238
-347289 -9035001
7176716 -4188072
7167485 8558911
2714942 8933144
-4651219 -607261
-2674720 4429956
2286499 -8273463
-7687925 4940417
9545075 1549330
6144330 -8549463
3364389 -6669675
6867777 6111627
1528997 1807053
-9758908 -2877458
2559304 -4277445
-3312446 9017477
-5170595 -7787984
3287279 -6135730
5313767 4513242
6422333 8518573
-4535119 -9337452
-7610915 -6252387
1204382 7751381
-699289 7217513
8668050 -6734191
-3403866 7961394
4073021 -5451209
-1127803 5980263
-6897195 8118371
-6159074 -8370359
-9352882 5662110
390478 -6955167
-3090897 -4523476
2506118 6194109
-2770966 -7777130
-7114582 -1071548
-4807583 2693916
-7038351 7790856
5008369 6396800
9662609 -5221288
-7259894 -3807229
741562 8775096
4755359 -670520
-2552149 9613759
-8756599 7858165
-3963373 -6194871
-3150038 -8109481
9883395 -1056543
-4862434 3759066
-1501712 2389514
-8682034 -5117048
93220 -6099941
-8309085 9026735
5423535 3054869
349934 -784364
5408407 -2397503
-3622407 3090040
-7580480 8666321
8280081 -8867048
1507469 -7616277
-3811147 2039834
3930353 60448
9003905 3038815
9314233 -3669899
8719615 6657823
4057128 -9671126
6745285 2553933
1580668 -5849652
-278430 952552
-9831812 9520556
-2876947 -9928496
3161544 -1907053
-3240732 3500646
-2850050 -1902583
481140 -4960651
7079183 1173772
-8765780 -813655
-7774839 -6474111
-144010 2754478
-8071347 4055746
-3099028 -8908043
-3837758 -1497867
2652482 -6353743
4598809 259262
-220182 -7625948
-7554444 -2716651
5376296 -580777
5436221 -1876548
6220869 -7864435
-2825086 -7413828
-3723704 9218362
-1595293 6770450
2812691 -9973132
-4702302 629868
7201967 -7331319
6276990 -2773648
-1755163 -5897061
-9734451 -7560768
2698494 -9102681
5787723 4864358
-7852292 4994665
-5586112 749631
8873084 40356
2175921 2366462
-2531014 5093953
4312315 1867188
-1362362 3745282
3772150 -7282977
-4136757 3966681
6635362 9069849
8812553 5581562
2200854 2912352
-2132064 -2942610
-9528938 2466403
9847113 3082782
-1922553 6258785
-2991583 4511173
-5448470 -4992312
-109498 8397853
3491806 6727451
-8889009 7359488
1104770 -9679526
5553849 -7735019
6231662 7393272
6463121 3933444
-7968641 2867024
8295728 -2207974
-2634231 4232213
9214968 8680016
1762799 -9646817
-871680 9062081
-3910393 2356598
-119362 6136737
-2949058 641137
9884940 9771140
7130628 3059101
3379575 -9004068
-6739087 -1764602
-4371329 -8550224
-2100428 2008928
-5124048 4608144
4916523 -69069
-5836856 5688033
4368049 4798644
5151827 5894464
-2527102 8647200
1003799 -5719853
2933237 3562505
6719994 -9115563
-9344422 9984179
3043280 -878714
117218 7786206
8537957 8939207
2905335 -4105516
7903412 6682980
-6192524 -9195092
735839 5295716
-6499899 8723999
-3961005 -2584664
-6690200 384503
-968297 -8809178
7987322 782698
6861555 -9964498
-9080060 920559
-6578910 3581549
-7297164 4091870
-5605572 -1019277
-2080070 -4663594
-6252758 -7067615
2131717 3341618
4146526 4167006
-8020925 5939194
-2820455 -5117635
-5185947 -4520824
5863679 3218541
-3074285 -1876146
1422904 -5104617
-5069115 -5086963
-1650052 -1715540
-8133991 8367177
-5024601 1771039
3268114 7085197
4937956 -630172
-5181435 -8811956
-2953986 8685198
2852205 6950283
2889477 -8807460
8591258 4831280
2826808 2585374
8320267 -6594689
1529165 -1309512
-3897777 -4754017
-7324628 5468422
-6247118 -6450540
4432990 1025321
5312712 8135243
5220441 9408389
-1221783 -1419174
-7714778 -7325251
-8640053 3596783
547066 -668763
523777 -3271496
4076136 5952895
-8945379 -884965
2520347 -3097055
-1890215 9374889
-5379128 6565864
2034286 -3271640
277820 -2703756
837917 -1696480
-3561236 -5289190
6635552 -3849371
4731455 4175557
6850306 -4586231
9010552 7016678
-3652085 726605
7455110 -7926030
543217 -611956
8503080 -5952402
950543 1597839
972728 -6460221
2621995 1576680
821392 -1890048
-2077452 7172634
-4523846 -8900787
8326375 1276818
7427447 -5568730
8606827 4961927
2892049 -5324745
-8308067 -2026515
8700091 -5581047
9009276 -9443800
-7539404 6155201
-9797201 -447507
3666684 3480028
-463841 -6330305
-2237273 7155764
-4734284 -7841845
1847141 8584120
2199685 -4295383
6981435 -160353
4270918 -6957588
520692 -3074766
1600489 -4605903
3367583 -6587259
-9651954 -4191226
8881326 2067674
-9260773 9357322
-1090184 -8658077
4821951 3458378
-355575 -7423500
9732265 -5641889
9032618 -76495
-8976023 7514333
5735302 879759
-9280594 3223662
-1217574 -4766911
2158324 -2493324
2900774 9303118
5232211 6275165
-7916060 8784709
-6631265 5580258
4937580 3481618
4823541 6624314
82692 6363748
8940249 -7838155
-3480044 2243470
-7833025 1188866
-8780449 8068926
-8534963 5707304
-1069034 6954854
-7812057 4700795
-7792528 229744
-467137 -3137381
-6862215 -2375402
-3590693 -5234926
2861684 7738077
1219695 -7705606
8918708 -2200735
-5836987 -3956763
-1794918 -998600
3761222 5619614
9324832 -2758610
-4689684 -1555451
-5848147 -9455616
15590 9291705
3992500 -4400829
5828916 -5280115
1582505 6199972
6340922 7878131
5159557 4720290
-5025281 5266581
7560975 -1978758
5820507 6194414
-7762349 6479683
