55 4878746 379120
217
-6235911 5459366
2905123 -5585108
8107169 -3058253
4172382 -7564785
-7800930 7208919
2861981 3983816
2585239 3383943
-6492452 8388788
-8166700 5436243
2424590 7691892
2443454 3319954
-5781608 -8956271
5767602 -8738591
-8843417 -7278008
7600739 932818
8908536 1535703
-1533052 -8635172
-9177073 1813660
-3234773 9090469
6299389 4995309
-1020875 -8519350
-2619055 -838630
-9933490 4080716
-483041 888493
-1419615 -8100190
5219764 4457902
5501631 -8976161
4801600 1954508
4676501 -6214415
4718404 5958184
-9989761 -5206408
-3841580 -3856708
473304 -1522813
-2432343 9497699
4493008 -245116
1235534 6383398
8061120 5988485
-7414447 8616479
-7978675 8127631
2543793 -5381135
9076767 -6881938
6658254 -9720090
-5249230 -2905250
880335 1459854
9934390 1943623
6737215 -4401261
-5741616 9944630
-9061831 5411987
4909686 4731688
7002924 -8977822
-78072 -8080954
423883 -1761542
9371290 -2016951
8627032 3009437
7628302 3908967
7027029 1170825
-6032913 -778579
6316171 3685283
7661490 -1282142
-9338519 -2803494
-4688402 7595880
56862 -84951
-4672964 -430018
6818022 -6488616
-5466438 2753075
4672121 3820947
-7940595 4455491
-7561460 7612357
621794 3947047
-2143986 3581924
-5247251 -9233552
-12131 7399396
1084679 -8763811
-7529601 -3695960
3500546 -8737479
1374754 -6868120
-4436719 8812144
-9101522 -8568384
-5057000 890318
6159745 7716501
1537448 -8007085
6448406 -6651782
-9039425 -3886795
2576605 1403298
-5014778 -5901279
7381521 -9567381
7832015 -7745677
6006864 -2630610
-3810218 -8566953
-7304432 8477263
-8390856 2206681
-6464823 -3413326
-1981709 9688777
-6904553 -5566344
-7849843 -4522357
9986910 9255192
-7396589 -3796043
-5166486 -1048332
-9645034 6080338
2695412 7410119
359091 7856540
2627216 76933
-37324 -9292542
4656857 -1365920
-2888656 6152458
-9124509 -131222
6455452 -8763160
-9074383 -5589331
-1155675 6990095
4984091 6537417
5792609 -6489166
-7768857 4971001
-6077330 912372
-3007289 -2935343
6991129 6793988
-2833119 2204475
-7718592 -2649780
-9425970 2310449
-9055471 2244084
-9087105 5230888
-4900334 -9427775
4325417 -8211614
-3800945 -8444882
8545214 -2232613
-5695196 -2440268
-6413082 -3954343
-8983342 -9902587
1009786 -4181939
-4600929 7455680
4249669 518849
5239676 4906552
4773124 3932902
-3756649 7521084
-7718479 5347154
-6905606 9704232
-9723542 -6805584
7499154 -1805940
-7734469 4601875
-7630738 -6301790
-6225706 3327097
9372754 -3325934
9287832 -2638787
-4304374 2905764
361445 -7186030
-4150829 -6388951
8517601 7127466
1060368 -8911153
8609931 3290725
-1362120 7303719
7007951 3407804
6602220 1732274
2442687 -199239
-5597363 4101375
315937 4708218
-9448333 9288251
8478670 4090231
3967796 9924421
2830185 7766502
-9419528 2179775
5790824 5707982
2835448 8945995
-9965158 4308426
-2400849 -6104184
3715887 1161125
-5431070 -1246617
-9514342 723839
3040952 -8828850
-2211123 -4555303
2669267 -40059
-751807 8104814
-5288602 3220934
-4338293 -9756785
8009717 1195546
-6624679 8491892
-3283773 1106541
52536 9166146
3474572 9551675
-6552508 -7396270
3764855 3590075
-7656541 7163379
-9596430 8333785
2021288 5345469
-9209834 -4039125
5920816 9810165
431332 3459433
9196719 7685361
7928576 -2340918
1370980 -5141574
5866670 -1545355
2077538 4746302
-3571200 -7417103
-7865427 4646426
7250156 9903372
-3990201 8098417
5261796 -6468636
-8134851 -1646742
6215079 -1818281
4142594 3886437
-3787045 -478403
-7018970 -7420238
-9734876 -839361
-663927 -7822251
-2963825 710052
1681050 -9292947
5453355 5419198
8002095 -6241412
921367 -8117845
4301879 -9863332
8235085 -1828477
1702887 2828031
3697641 -3986766
-3288695 -3915611
2487178 -87279
9434318 3370251
5950013 8700133
-9622876 4931701
-374198 -1268511
