33 -369304 3868268
622
-8470623 9379127
-6284794 -8487011
-9089512 -1371255
-3233040 -3106358
-8255916 842522
-6134933 -8458801
1784807 5042747
-9307693 -7762648
4194014 -7248191
1119791 7869478
-6491881 -9840820
-1328257 8960998
-5215923 1773200
-2708553 -9143036
487660 9555050
1450529 3676067
5189057 2017038
3162135 5165736
4575730 -1384103
9458420 9929095
3986646 -1163834
-6121086 -6676513
8077191 -4228547
-1476738 7087573
-2526597 -5212443
7463089 9643053
1120403 981522
-7245278 8651184
9508148 5904480
-2024117 -7437479
-1245059 -4191
-7987153 9426412
-2891500 -6056002
2559895 -2308666
-2379570 -8315769
-6963251 -5465333
-2141846 4123428
9894882 9432015
6519588 8451697
5755606 -1581856
-1938802 6509344
-9992782 3218695
1869879 9181601
-2397566 -7238059
7840814 -6105620
3890189 -1905331
-2478919 9112107
5572457 -1580612
6110722 4629582
-1169835 -9351295
-4816628 6247504
370933 -5616734
-6184718 -4442121
-5990424 265815
8683959 2851222
-639434 2281535
-4499770 9261509
959463 -632215
-5353922 -113538
3780842 1078249
9172918 5003244
4115352 -9812617
-1393229 9210351
3839933 -312191
336514 -5282507
-9035002 5186450
9569717 5519887
-8922234 1335931
4118098 5901351
-1247427 7603694
-114771 -4681591
7096271 8113140
9997277 -2098188
304626 -1944266
1650335 -5356645
9646599 -5914532
-5727149 -6660395
-7450044 -3721697
5966113 -4604026
113467 -1093758
-5907308 8818979
4338866 1078465
4930748 6178761
2080112 -2067016
8053031 -951154
4367256 -9167314
1462178 -2061740
5840072 1463527
2035613 1459455
-1380838 8661050
-7253482 6202300
9541905 -9217887
-2939583 9535721
-5068305 4608213
-6485545 5542882
4361861 -2438485
1156332 -9876500
-1181387 -8782920
-8333584 -3912919
-2347721 -9101274
4247764 9719447
-9825940 4535887
8515766 8226294
-7797899 6014132
-2808465 -6932269
9270031 821263
1603376 -7545595
-8009873 1328288
8452854 8663793
4206675 9438174
9516041 -8032691
4607161 -8915111
-7698031 672374
-724193 5942127
6840853 -6031615
6204185 -555562
-6019674 -6395031
4347615 6378245
-5091271 5012444
8080176 6549716
-2629021 2100264
4554670 -133441
3711200 8974355
154501 -938851
-8984325 2164054
-3352285 6877528
7962417 -9468283
1204091 3771229
-286644 2780738
-734524 2996250
-7559312 9070561
5191882 -4530339
-8152094 -3578986
3949811 -460503
-3910787 -3243365
1373252 2029987
4412898 -4023456
7467251 -4072078
4989071 -1875902
2804504 -2378248
-5500719 -1478902
-947185 9452220
3223449 4978050
-2241211 -9743094
3253156 5453157
4523718 7024265
5010278 -1789803
4631211 -284400
9255097 -625464
-1352477 -8902626
3127361 7860662
-6162794 -9979225
8465049 -9943388
-9302938 -8695543
-8557438 -4029528
4491571 3501567
2953787 -4058157
3436245 -6455614
6317645 8693588
4146745 3711386
735651 -7912847
297350 -1329537
902415 8262281
-2363183 7444914
8542288 157512
-9465474 6284341
6305116 -5813998
-5757386 -5628268
-4323811 -2713482
3256990 -5060324
8441243 -2881249
-4423054 -2251439
1292948 -6088618
5121322 1529544
-4759070 -9873055
-7785902 -8215581
454882 -1507066
-3244785 2511449
-43637 3873649
-5968839 4392033
-6807274 -8984997
-4798995 -5434313
-8546229 2014194
9300712 -8040029
-3100352 9646313
9281416 2557703
-9693736 7857243
4284978 7374715
-1095741 -5884436
-5757491 -8077348
-6292928 4145189
-7361877 8972960
1484409 4161954
-9448044 -606661
6301724 3957124
4972127 -5416883
-8334843 9494450
-5975004 2689485
4649456 5635280
5281593 -6674291
-1600236 4065456
-5560948 4563010
1937725 -1293972
-4662055 8724030
-9353318 -9158016
-2496475 -7903194
-8930234 -5646246
1032061 141649
2051340 -4929473
9027651 1584017
-1316514 -1646936
-9636134 -3483869
9205616 -7135005
8500276 -5611138
-9769077 3855072
-9563119 -3701779
-9138769 -1369313
-146932 -5124067
6116315 -4684692
8673644 -2292635
-195829 -720651
-3850544 -3822830
-1164829 -6609710
-9022831 7181517
-8718114 -9113489
-8244073 -9995179
9037304 -7518276
7863072 4636145
1541359 759272
7130696 6363348
-7338431 1772283
2919322 7567577
-7556490 6039153
3870813 -7227610
479755 8559825
-9644473 -4939190
1237980 2800279
-1293079 -3495017
-6313500 2589503
-4007634 -315910
-7794737 7484738
2482814 -9735355
4900790 -8757433
2001839 345886
9225586 8958501
730784 -8351112
9216465 4403508
-7040987 6166459
8938849 4176328
-4747495 6829826
-8109364 -8065043
-2748412 -4391968
2113015 -4355032
8234471 5958509
-4357401 -1684133
8316957 6743189
7007834 -2152137
-8393218 799772
3662010 1908624
-6616522 -3875026
-2226138 2887597
9807457 -3369386
-7202927 -3009673
3683007 -7233530
9596296 4252275
6187232 8935513
7059897 4003285
9648253 5955172
1913681 -827087
5132 399077
9658618 72632
7920495 -1677910
9121862 6666453
-8908571 9527278
-4347748 -4699776
8187821 -5525093
1105522 -4057534
-4550855 7995278
-9238252 3902595
-1845130 9132153
584018 2874397
9394034 6858454
2813626 -2356085
-666820 1558639
4474068 7243659
-2683708 9338313
-2339597 4132687
799140 7753139
7280417 9298617
-5401159 1890569
-1118171 5449021
-8608513 5303015
-4185355 9987351
-3593702 -3159367
8489138 9092746
-5516505 -2922479
6452327 -926844
-766577 -6122471
5436168 -8217694
9025965 8566604
7904917 -89763
-5957076 8858609
6611749 8081672
-103359 -2641584
9248985 -3591482
-8142460 -2988166
-7685151 -9352834
-9365483 5765379
5122364 -9354153
9738593 9557168
-3365311 3611502
-7315342 -5777912
-1900383 -6912984
-5130678 -5565566
-6998962 6052137
-4037626 6411640
5270249 3422307
-5979669 -7478350
-119934 1881998
8290517 3916972
-9071194 -8354596
-7707430 2664409
-9053860 5760008
-1077793 5443440
5000608 6068505
-319993 -1339200
-4600760 4151649
-244983 -5118982
-684548 3498857
-7932654 -2859308
-6447668 -5167158
8255149 -1970279
551371 1338933
5737284 4791832
-1291196 2947790
4593194 -3455847
9208562 -7846038
430322 6885764
2329204 -9845298
-1260441 9352529
-9470319 9846164
-3485835 935919
-1666711 -4071079
1944130 6269183
-6590125 7648741
4997935 4011477
4557550 9478559
817492 -4230564
-9438732 -4891079
8056711 9071128
-4384719 -729928
-6059614 -4833743
-7947978 7340195
11250 -3112939
-3760410 -3102422
9260095 8750809
-313272 9285624
-4785455 -4225740
-7956557 8020017
-1814890 -324972
6202857 7969670
7448229 5699397
-8531167 760407
-1614320 -9217926
9853202 -7969899
-6183475 8958744
-5874999 -4531516
-7191321 -9726736
-2839675 8693375
8107306 2819929
-5912909 -4083733
-4798109 7367401
5658013 3773819
-5689811 -7067211
-4875831 217809
-1812521 -4988349
-9288951 -8672974
2087433 8152061
1450487 -7820118
6726336 -9526887
9431857 1303689
-711475 -9457139
-9183875 6073211
4766586 -5386443
-50162 -9507198
-3590930 2873892
-7242355 4036929
-9672899 -5872687
9576454 8415659
-1366532 7153642
-7834707 -5299377
8544001 -662701
-9994288 -7123658
-4943775 631434
-6379100 1456199
5276241 -8217439
4841774 -6947243
1642320 7081118
-8305325 -1825748
-1332946 -3591093
1799151 -5839134
714147 -2407524
-5763858 4556797
2972456 1041248
-9288758 -6187404
-8970428 4122276
-6540425 -7123464
-4247122 9573573
-7278640 -6534712
4921487 -6674545
7624368 -3657740
-8088631 -7285920
9795199 2466143
3156747 3553690
2478949 -8510126
8167092 -8176199
-8067370 -5721900
8834897 -1118760
2438840 -3831228
-7502280 -5676295
8445981 3150083
-1457029 6043644
-1866430 -8094443
7887197 4295849
137657 854930
7197190 -4674964
-1960883 -2237975
2744520 1624911
-4821399 -2165684
-8159458 -4098733
-9758579 7657550
4452003 -9992365
-8594773 4690403
3375527 -4196748
126958 -3639581
9510502 -1610401
-5566756 -1427061
-7005152 -1946527
4865675 2566814
5938096 3398397
8723434 7519684
7798061 3135286
-5239803 -3237449
4596867 -6941066
-8523447 -7544849
2629053 -1046239
-1038604 4234326
-1075271 -2918944
2884309 -7117025
-756605 -7699744
689856 5527619
6616910 -8729751
-8159925 -2360548
2722618 9611759
-4473492 -777898
-3258214 -1339286
4312352 -5750058
1012493 -5460153
-9884867 1588901
4044052 8125712
9595826 -8408313
5826013 -3326894
-3729486 -8926426
-6043450 -5249257
9567351 1671175
-2801206 -4283703
-3013454 -7226441
-7070637 -6184295
5943816 -1173379
8048723 5651981
-5687305 -8529676
-4279733 7306861
4363061 1141399
-7269699 -750888
9891177 4478194
6069881 6774353
5963811 9487003
3076929 1895895
-837010 4750678
-3578147 7033479
-7250224 -8753307
6536605 3620648
-47295 -263677
1079296 9465968
-2365698 -4103479
9883197 -8355628
8951233 -5536651
5604749 8119816
9885281 3314294
-9691159 8335050
-2374245 9776458
1779813 6378722
-9209031 -6410433
8340245 -5143258
4406574 -7529689
6233357 7278450
-6584550 -327298
1925377 2769962
-5247718 3368155
1781028 -6995326
-5350954 2386584
6849934 1664226
-7699606 6116631
-8052722 2454683
-6693915 -7814325
-8037867 -7743881
1151193 931840
-2962241 -3741702
-6368607 -5541485
-3071174 7894356
5172807 554319
-9772979 5678535
-1551503 8588257
-5527235 2152399
-2326575 3200780
8103716 -1229855
-9565629 -5161177
-9044546 4953650
9924685 5251118
7436793 -7097268
7675203 5747122
-3321037 1915279
8173577 -1173603
3284912 3716722
1611079 4321322
-5124359 2730090
-1591374 9300238
404847 7619015
-228586 -626525
5090607 4877612
-6352242 -38809
4800014 -4289324
-9335674 6598481
1849599 5755468
1174553 3105364
-1147514 -8197255
3718024 -8633892
192505 -1952199
4280876 -5592047
8729276 5993769
-8759788 -4108045
7708545 6121269
3740284 -7834810
-5944983 -1886608
5507357 6028050
-4010759 9145625
7372653 9155115
-1730052 -9210745
-938924 553331
-6341305 2635900
4438645 -9764371
-8398263 -4972466
3075335 -1843331
-4919026 -5689405
2820716 -2643789
-4235482 -6189750
9931520 4060928
-1257530 5989415
-5897192 -3811844
-7783793 2797488
-5540535 9610165
1281632 -1794552
-1005296 -8167882
2385449 2067932
7220184 8055780
807761 6044145
3588031 1658829
2331850 -5074150
-8247203 9179718
-3464070 7412825
3739427 4573514
-8849206 -5183200
-9193784 -3812701
2375456 -106735
-7309247 7425376
-448107 4591663
5313463 -2849782
-1017664 -9166475
-4582191 -5691833
4880299 -8632215
-71718 -7362006
-3186825 8204412
5646615 6032665
5212384 1661378
-8409445 7399412
1972926 4264666
9081466 5329982
4033634 -4359927
5533338 2404034
-170590 -3590910
3517105 8224091
7890661 9381303
2731180 -1169432
-4344912 -3127003
-9242866 8148990
3303336 3051739
-6227496 -6798231
9234434 -9883489
-5705759 9419119
6818531 -3036830
-8772164 -4115204
3731131 -8692190
-3052117 -9690697
-4770311 -2235235
-3309793 4997573
-4261984 5059100
-3043245 -9792688
-8445768 -6371323
-6981974 9687936
353278 9725672
-4706236 -6224840
9493281 -6343386
6289477 -933732
-8998261 1244068
8207238 3100071
8984867 7820270
1644432 9435075
2260730 2715998
2997115 1108667
-3893760 6771
-4934129 9687322
2410986 -5639392
