307 -1621539 1307761
333
-6912095 -1890736
7127300 1842758
5501245 5147128
-9077840 -5679466
-962384 7549754
-7358646 -5404071
3671226 2017734
2127710 8879267
2418450 4790427
5479079 -8282536
-2575495 -8558
3377826 155836
-9546646 -640055
-7834449 8320630
-3300909 6123038
-5767697 -4010336
7832423 -7696652
7450477 -8640397
8196489 -4149980
-6600226 888989
5484918 -2765895
9251840 -3958871
-5079604 -8327503
-1020724 -6104098
-4386634 -144801
9846641 -5541645
-2869457 -4445777
-2569480 -4259181
6577801 -9899751
6223287 -403929
-1897912 -6723108
8096593 2971942
4331545 8450863
-5699117 -1936578
8952411 -4955614
2278492 -2299343
-3741862 -3046318
-8857469 1530332
5426234 -6305113
3550086 121807
-2903486 3555952
9110175 -4086921
-5829749 -3256591
-3156342 -3459305
-1346882 -9251948
6541297 5583297
-1444760 6755206
5206069 4637890
-7298688 5403137
-9552476 2023304
9723962 4170075
-8876243 2726016
6772700 8498452
-7806661 -7733712
-5095553 -5284714
8271238 -1740223
4172857 2000961
1260722 -102235
-1045188 8343108
9091160 8104380
3687678 124282
-3120511 5632457
-7213301 4759270
162407 4601910
-3374785 -4511989
9658087 -6873717
-1631349 8865529
7363981 3298196
-1919163 -4858649
-7627011 2073673
-9666550 2985284
7502598 3160579
-6941656 4506307
-4634233 -1236680
-3132299 -5470492
4653791 -5543072
2605737 3071731
-2168999 4049632
-1348458 5392437
3396800 509760
3636044 -2206891
-3341362 -4428761
8869436 -7995305
9662399 6538972
-8871003 9466625
2451909 -7964612
5195968 -8537553
-1514893 -7529141
1234180 8254312
5300173 3850874
8307802 618233
6206316 -46036
-5996404 -6570108
1338681 6553669
-2936571 -4828510
2964600 -5264519
306721 3215825
5220521 2139590
-1321438 -8307491
3675486 4882920
-565340 -192441
-6213641 -3872605
-8885393 -5369372
5401293 2271466
-3877660 -5134861
-2000276 701466
-9344570 6946495
2892739 -5793960
3276061 7175378
-7653132 -5768580
-1033099 -9660510
-3928332 5311468
-2548941 1789974
-4001165 -8707811
-1308539 -1354027
969885 9674321
8318069 8126121
5273102 4756244
9544062 1949028
6814167 674395
-8624139 8182754
-2354399 -5186109
-8463717 4547643
1723021 -9461660
-5230240 4812344
-2331814 -3413759
-8102290 -3746986
559340 3739854
-2451605 -8134879
511094 -925472
-8734799 -1243792
9398682 3997331
-8730073 2099622
-5951350 4671784
-4653821 -9186011
1513096 -9137183
8193060 9238392
-3697613 9158697
2213390 9729343
-2941961 8025408
7128001 -500498
-1731132 -2757422
-9017568 9025711
3407184 8828209
-9580911 -8952820
-7680260 -6081721
431962 4200642
-3699735 -8281578
-1093442 1701890
-4967769 348915
-6271915 -3230911
8523833 6545327
-1779623 -8078855
4166841 -5173780
5367980 -9566233
-66731 3741232
-9016190 2495982
1521693 8202138
-453301 4482595
5529775 7445230
-8636491 -7517860
6682782 365867
-5399358 -5688177
6013713 -7016953
-4151685 3507200
2792642 3562297
107624 -7907248
-5986103 1316475
6142696 8328001
1278120 697090
-5561677 1510676
-5993342 -8788610
1929880 7938485
2421080 -1955296
-4510066 -8523421
-6041281 -9532793
833075 9369795
-6318382 -9358499
6140901 5433717
-8542731 2211684
-4226019 4505568
6598320 4249911
-4433613 -1602043
9242311 3128569
-6174340 -8290917
-4263889 520431
-5751827 -9219665
8718820 -7740878
303826 6178053
7654632 1139901
-5876540 -1689888
-9803741 4129703
-2712443 4956535
-7093396 -6122123
-1394087 -6571542
450378 -5636126
1130137 -3103754
5294204 -2951302
-9822733 6696524
921959 4536515
7573298 -5997073
7299614 -825577
1433545 -8178528
7999525 6018435
9674688 4253723
-7436165 -1829490
-7699787 -6201852
1271036 -7239906
9154323 -412230
-4467420 4177640
1057866 -9723411
-2827165 5982958
5548008 -7811996
1400880 -7532961
-480094 5725276
2244555 4839192
-5986385 -2906795
-8568971 -455830
8078957 5447160
-7782765 9430554
-2398936 269997
-3415503 -5218930
-9942484 -98722
2005400 7855533
-5450474 1728191
2004780 54333
8553643 -1876256
311748 1693968
-3322641 4101652
-173072 4228981
-8415475 6197266
5806823 -7928517
-5867995 -4401860
3561652 7237852
-815242 -7789038
2480959 5778887
3076309 6785823
9203453 9065457
-562658 -4349823
7378368 -6274795
-3704110 3986868
4626965 -8100499
3593469 -5150466
1467538 -5061287
1684046 -9729172
-1015554 3810818
5882301 3268571
1383063 7307621
-2938175 -9985693
4741621 7461067
-4243694 6246584
-4451241 9738933
1320742 8832615
6999144 7268564
3510121 -9241916
-2738695 4377513
-1206634 9806012
7171898 -8111730
9343335 -7613165
5174015 -8844212
4966606 -6456266
-671343 -5841538
3982435 -6634741
5895918 -9288279
689140 -8955739
-192803 637540
376473 6445447
-2205586 -2127692
7657224 4213567
4971651 -5206441
9171072 -6316303
6006061 4749308
-846070 -9519210
-7132375 3177959
-3149901 -1502734
-5442648 8041640
4716454 -8183295
-4818035 3886009
-2885918 -8784758
4775855 -8922117
-5768225 7803223
4248670 7099404
-5028288 4608248
-8661833 -7956916
-3163357 5145288
8828985 6309819
-6424521 8524067
9004857 4835047
-9470642 2729410
3743028 4388834
-5053173 -2620542
-803837 8300380
-5297259 2179633
3394875 -3105520
-2027636 1816824
-379953 -1829270
-4729866 2204139
9328740 -6131283
8428153 -7241802
7903486 -9333093
-506922 -4735203
6305216 -751176
-5916129 3068558
8314320 -2173574
4731612 -5386771
-5490961 2057348
-7125920 9678439
1858073 3705203
-9400317 -2423179
9393645 7769300
-4059969 -8911601
3292539 -986308
-4601239 -6273483
9001068 -4862369
-4195462 -6173085
-8391936 -579094
8669730 5297617
-9117473 429632
8256058 5269953
2399535 9196847
-6229453 2987671
-4817538 6908574
-6869871 -3355373
-3262200 7040535
-2673812 6246165
7334564 -3868554
-2338510 3266219
-490912 -6856545
-9202562 3060252
-596481 -8973492
447415 -3398023
4415946 1011583
-8558785 -8366503
