33 -6677763 -6216459
138
7415089 974613
1234277 -4791189
-542233 -7078804
-8673434 3764232
7436993 1206151
-7640171 3378060
-2388981 -182683
-8026435 5827665
-7343370 9992049
-7601779 -2180435
-8951150 -4220495
-3175854 -8403350
1605649 -3537910
7730016 -3274739
47498 8481786
-8027248 4029909
1755072 -2537413
383783 3207029
9487613 -8787160
-5064657 -5773299
121114 6924606
9258275 -2704828
-6877163 248485
240534 -8768160
-8432242 8295820
-5924675 -4844892
-3248242 5132960
4111403 -6584177
141084 873760
-8128102 -5642229
8387680 -9811417
-2348830 6361002
-431969 142753
-6128055 551306
4778007 -8428004
8496603 -1192712
6102460 -5100879
-2336042 7754878
1503071 1741649
37469 7904493
-6940399 3070829
-9279859 -3370854
44969 -7672289
-4282177 4831544
9189315 -9813946
2890989 -2410278
-6049276 93348
-9763899 3058511
-6390183 -3964892
-2392896 6624398
-4568314 904177
-1680350 8620059
6374938 4050498
8308499 5983609
-3595546 -2121991
3465190 -9137679
-2508533 -535945
1791766 4185331
-8466772 52789
-7244805 7509590
7615664 -9277457
815891 5646184
-1295305 4082740
-9882152 -6431656
-9807258 -5169135
-1748606 -9758695
8861364 8140780
-5292370 6571044
-4928995 5236302
5630663 -6983870
-6121549 1475459
-9060486 -8387795
5797537 -6113730
3939059 -4752367
5273575 -152883
569660 -789394
-5143210 2889239
9488331 3901904
-13400 -3922162
-6574945 9606180
2363837 -7304305
3352827 1676449
-1752507 1225201
8977856 8060458
3592940 3318499
-5206042 -2875129
-1262923 7471391
3874013 8249825
-6502542 7050966
-3101917 -9670575
-459969 8771033
-5823376 -15905
6402351 4396822
2991012 -6335045
5787487 -3611048
-915353 6416067
-1907484 -1848676
1892878 -7562526
3014284 6340009
-7825140 870734
7995605 -3392776
6594967 9485171
7734996 9249034
6300000 468981
798406 -8767546
2519839 5714435
-4301469 -9661563
-2748389 -787185
-4605878 -7899118
-8993814 -9757377
6658690 -8818390
-8150714 90833
-4955340 7267558
-3876080 3742164
-5387102 575296
7182521 -1701220
-2216049 5124856
-3109758 3777488
-5753531 8035299
1784105 -6809757
8904678 -2438773
-2100335 6820296
-3966889 7119561
9220444 5151276
5393900 1427234
-4874804 -9773370
-7166184 -5431058
-8163499 -3025518
3232999 -9605172
970124 -2039579
-1224447 362249
8003457 -9331003
4446486 -924143
-2888844 -5106300
-9399705 1209307
8770535 8895262
-1768090 9504973
-859113 -3329800
