142 -1010808 -8462109
545
35660 -5383338
-2354302 -4565655
5792370 -8174080
2461031 -9091834
-6311051 9604397
2944303 -7322624
-3930530 9216323
8044126 6435526
-7375024 4261602
6578668 -3449725
-1676367 -809054
6264281 -8749451
-191946 5448722
4537527 -347469
8641723 2267950
6884612 -1408230
4026116 -8806265
-6980345 -5469690
-4561524 -7665162
-8060765 -2002961
674415 -8356222
3376453 -2600109
6351769 -739763
-6478161 -6063069
487206 1493097
-9315957 2616859
3867408 1327191
-3224086 -535323
9117208 6191814
-1540236 3829793
-7578437 275283
1469018 7860728
4907390 -1035969
-6184778 4488673
-7514288 -9654134
4505996 8270809
-4329300 -4323521
4936716 -9601199
6852084 -7977531
3515567 974907
-6408234 -2660710
1182834 -3284038
6180639 -24474
-3832660 475100
-5695107 -2185801
8089482 -2856544
-4995816 9242808
-9276808 -441500
6563526 9911574
2773793 -5461586
-7190777 9049238
7242070 9796141
-9805057 -9003724
-6981255 -5304862
5670046 7047027
6902670 -949336
5766627 1778164
-8246309 -9398144
1076956 -5536382
-5205830 -9562617
-2419160 5381849
-2858991 5400004
-5041495 -4898624
7529303 -2135799
-5081033 4038383
-4396027 303096
-7384411 -9755457
-8759181 -7153957
-2458818 5326884
2373912 -5740436
-4173419 5727580
-2494256 -8207066
-7605210 4109560
8573178 -8224213
-7786829 3471746
-8630053 5883700
1283705 -7689637
9928091 -8972692
-8592138 -1241438
-7203055 7457394
-9723158 -3673171
-3428628 -1599082
1246962 -7107568
8219316 -2187809
-5411892 1304496
-2967924 -6890420
7418866 -7068959
7040601 4537820
-1170040 2330008
8318106 -1869869
-5986168 1043131
-4130154 2204405
3231714 5297537
-5943901 -4202063
5771684 4639576
3482757 9369396
-2229686 6048526
1457310 -9945870
-9617327 1533628
-7161876 -7807021
-4697441 7487133
-9581826 -129800
6924373 5237778
-2432214 7458775
8105259 8270685
-686184 -4114107
8090298 -7880909
-67020 -2299986
-3985697 -6161636
994292 -3494569
-4125173 4302339
-7132782 -5522950
7047532 -3838507
7695122 4324528
6517507 -53443
-2566309 -9466754
-7080201 4336419
-425803 -2148135
7826993 2360524
631209 -341665
-1939420 -1551396
567695 2461377
2677743 -3849121
-7494405 3017027
2038810 1208398
-4489262 3499888
7976938 429989
6591482 -1622044
-7297516 -2459178
7487379 -3197044
-2663797 1736344
8589115 -5078930
-4710712 -7227646
-2350770 -9320336
337999 5632633
-5918763 796791
5774520 8398580
7065811 -2834716
2698663 -1547737
9660661 9571406
-4412354 -5262527
-2316186 -4828601
3549355 6080936
-6378242 -5724704
1078253 -1231808
3020888 -8890862
8546560 930808
-3780486 1610003
2289667 6352200
1984833 3868744
7181887 -7372334
3542598 -1417578
-1735942 2956407
3925022 608409
-7303832 -9037279
8216546 3585683
1273435 -9199834
6881103 -4099640
175657 7339142
-3892666 -9497139
4128351 3770262
-5298930 1644574
-6745423 -4808736
-8456536 -6563064
-177968 5544244
688263 -3955350
-2856576 -2996081
2476678 -5769139
-2644377 5407483
-1113444 -3598300
9987383 51791
851957 -2896897
3003463 -6222830
-8883687 -9750588
-9247726 5695472
-534266 9739999
1384574 -2603023
-4895407 -3316844
-7363556 -2844497
-7300252 9164410
7725412 2458476
9462395 3388011
135224 -5131164
2792671 1939073
857125 7490847
-9941010 -8320772
-1217669 -6639139
-2861969 910948
1160360 4302146
-2381 -9229304
3027048 -5571014
-5657684 1979705
1179214 6927974
-5916523 -553091
-1388681 3815658
8790487 -3216775
2687588 8853083
-6278080 769234
-7291692 -7177187
2830012 6514591
8193819 -3918215
-557354 2889003
-6200049 9492502
3794649 6580678
-132274 -2523337
-5577998 6308620
-9195323 -7105226
9822748 -8719330
727579 1983891
8315902 -6093774
-6794197 1855251
-6775314 7106389
-2124377 5893392
1232557 -3053394
5977550 -6899717
-817931 -5937431
6951572 -3312279
-3819776 8624715
-2278255 3267875
3260891 2491225
-1200155 105824
3000598 199245
1479915 -395478
4104766 -4660301
-754075 4723846
9095449 2420668
-7956591 -5031920
3377824 -7679864
-8216906 -80968
-4464332 -5389619
-8810697 7760644
-5551634 -2765911
-4141196 657227
6441455 628590
5636167 -3903098
6202726 -297654
2417943 6952364
-3443114 -8280324
-2940625 -6102142
1138056 3178004
8115024 -1178348
3789733 233506
2553642 -9841567
-7406182 -2832443
-5705709 -3146912
-5386267 -9354162
-2120073 7999946
-1342827 -937901
2207041 3738731
2351985 -4901372
-2682674 -2156792
-5204428 -8928937
-7209260 9735269
6149479 -6131190
7046815 -7633533
-6295528 -2712464
7521042 -2321809
-9647023 7494205
7178114 -7408964
-555876 -7053205
-6407367 -8527595
1988703 4057857
5636308 1472560
7727643 -9354123
-4255495 -2156651
-1797091 -7404019
-6332956 -4421816
-4686547 2998481
-616356 8974136
3856956 -8537067
-1249531 8946811
-3374998 7561428
-2428015 8787863
-8621101 -3022021
-7558874 -5249901
8738857 -6660625
-86415 8550111
-7460977 727560
-6110211 -4450107
-4090405 -9733333
5379000 -7849353
-2271169 4112504
9627338 1562396
-6947115 -4441364
-2978431 -989018
-2042207 6909841
-3012379 -1711610
9592605 -2900853
-3406521 4559606
1826057 3487856
6827232 -965395
-9898931 564914
3808827 9257169
-5192938 -7359908
5423111 7698616
9849263 716657
7345514 802111
-7635492 -9905554
-4346917 6972852
8500186 -4582607
4843586 -4808996
3479395 -3542021
-3926522 -8168793
-1092835 -4411648
9076209 2666957
4217915 -9266778
-6185511 5903441
5160610 4318984
6959076 139668
-2161716 2484024
5717034 -5101460
5700651 -9796100
2814698 3062548
-7448248 581511
-1484744 8467781
-6341214 -8948062
-9973731 -6641158
-4809951 -345467
5242885 8616099
1283057 -3386434
-2653211 4319094
-7261113 8017324
2336308 1161278
-8699054 415849
5416226 -8188264
9226628 -8344418
4375834 -6350388
-771488 4927280
8025143 -2809467
-4341686 1780264
-4651446 -3459600
-100758 -8166548
1487985 -4625177
-6009078 -2394356
4219210 9247223
-3917331 -2209669
-4192345 4082351
-4756371 -8662091
-5729890 660315
-5011596 9060927
3232862 9686336
-6664052 -5784968
1658664 -2391304
4799229 2564460
6861076 -316192
6224208 2973896
4807348 -7790370
-9899195 8639802
-3754554 8811686
575261 6608080
6914763 2981009
-2936640 6657930
512191 5238771
8415438 -5176658
-6115731 4782302
-3015010 -6596158
-9864773 -366517
7242180 320939
5401751 -5689757
-3489597 -5442239
7531657 -5220820
-3011190 5250963
3890766 -5144642
6183396 9605968
6214048 2652564
8149925 -3241343
5932939 -4354837
-9116066 7729638
-7447020 -3554869
3743785 9299373
5219567 8953601
-1412915 -9271225
-6433934 -2128854
2181390 8345617
-7096622 1484170
6263350 1208145
-3540891 2951388
323098 5768512
5374480 2866227
8035143 -3493506
-4218497 -5895120
-249956 6185069
3914707 4230794
3192277 633978
-7550297 -1015961
-2062360 -3063938
-9818810 7669271
-4459583 -958923
-2613306 -6252744
5231426 238159
-8553695 290073
5757813 -5988872
9779641 -2094586
3287993 -3919089
-4896243 -2329527
1775354 1323136
-9975443 885260
7632406 4041750
7192080 3939264
-7076697 824684
277098 9641784
-172593 -6622704
2418373 458288
-3278103 5367824
-4394016 9805068
-7388507 4469675
8480804 9568641
9990407 8369306
-5549783 8260445
8447270 3278400
-5398464 -7929674
-4528062 222624
6780726 7142446
1081710 -6895656
3929028 -3510841
8647295 -3478634
-101338 6722479
-2819233 -1525298
6358878 -7682965
4638455 -3580984
-9111308 4481214
4049855 7249948
-1864394 9369496
146293 4040262
-2681338 -4897825
-2827499 -1406437
1332540 -5563449
-8421003 2644439
5748784 -1886734
-2881223 -4822941
-5785223 -7805836
8916643 -4233928
4240774 4113439
-1053173 8613763
-4967221 599653
-4919133 6101634
3351583 -4078529
7807319 1647075
-4312663 -8512811
-3410635 -2046388
6547176 -4477648
-7524745 -3721782
8922658 -2120284
-1490666 6570604
4264015 -2812206
-618042 5628112
3910536 8478793
-4891416 -9185046
1945069 -1848689
1267316 4055411
-7326602 6977848
5415672 -1135465
-9488390 6024981
28522 3222991
-8823396 8715300
-5762348 -865761
-2071190 240132
636200 9229259
5799863 -3148532
4039262 1661886
-2710002 63878
-1457329 5937572
-731122 -8799465
-8131802 3651256
-9776981 -8786053
708148 3135514
4516401 -7103583
1437750 8640172
1863163 5028012
3743312 3982625
5633216 -4443881
-1687397 497316
-7757073 -6437974
-7070154 8948803
610690 8042790
-9376980 -514540
-4576967 417040
-5866073 -8317956
-2150348 4691911
-1577789 -3997875
1653991 -9410977
6001793 9130359
7770531 -3829607
3714757 -2560457
3938520 -7849954
-9777482 9974421
-7011911 -7911911
8166467 -1464879
-9999723 -4768984
-6726194 -8903686
581774 610967
3544359 6413178
8095222 -1478841
5729423 7678287
6196764 -4055126
9050250 -5848366
5798345 -2149244
-3462499 5052043
5007938 -3914772
-9248374 -9747742
2743031 -1053541
-6449100 -9025856
-490734 5731120
-9037864 -8282633
-7186319 -490457
2636862 6752294
3165472 -4088192
-3050681 -3818779
-6140492 1260695
-278079 -7321258
9346728 -9943727
-9576619 -1227829
-6175786 -2338575
3746653 -3039118
9729492 8832153
-9705036 -2985368
-2011224 2472523
-9280005 -6154136
8079583 14394
9523937 -8317869
8434425 3409617
9321425 -5322849
858373 1599897
5376944 8787096
-8534161 -2765767
9806858 7615218
8903741 3328919
-9009655 -9769761
9707473 -7272044
4076461 -2746650
4267982 1953317
-5574160 -3112223
-6750007 4773111
-5212495 -4854165
9344318 -8670424
4739193 -5688557
-8495054 7778743
-8105007 -3423030
-4635933 2363319
9597553 7271937
-2596493 9346258
2675177 1920763
2151003 -3692751
-8448443 -3818126
-4048423 -5625172
