187 -6102337 -5064258
931
698970 -711242
9125681 297411
-4364943 -6727890
-516117 -3836924
-5998689 -6310691
903445 3630018
8291711 1917592
-6328366 -2405468
1621200 9755507
1744716 -1078126
2317168 5926949
6905007 9436018
3152569 60405
3768016 3016992
-568992 -7404149
1884609 1220110
-8482479 -9870022
5918440 -6473357
-310281 9668931
5874592 -4597677
1548694 3691031
8124975 -3221963
-3111079 -7643243
4628616 -8203391
-6765165 1026473
-3046578 -3626668
8325703 5552003
-4387592 6374782
-608226 -6005376
-3409525 1896777
-6883113 1339134
1469113 991436
4518079 7150761
6819692 9903905
7822581 -5792201
415182 2694284
1988673 -628725
-5755616 -1459843
-7146881 1393946
-7579581 8873000
7762685 -3912046
-8360042 -8109806
8264976 6088388
2599364 9768718
1665495 -9826898
1512237 9189839
-7302373 4782383
1933144 5497702
5401607 -267941
3939858 -8730812
-3520176 -4259460
-2371833 6871392
7927901 8468497
-7621205 1872551
-6738096 -9218980
-3131025 -5200786
9205760 3540941
-7854319 -8974715
3310355 -12912
160191 4745045
-3548764 -5024149
2274586 4188780
-313518 -851137
1397274 6724082
509622 7604441
5861334 -4662868
4724876 6989446
-2025705 -6510499
5362053 2652778
-4049850 353090
-2331344 1140309
-5318750 -4664523
-3639238 -3125583
6861505 -3173069
-8428024 9671118
7163321 9538048
-3756820 -1976788
-311573 -8045741
1194693 5929662
-3949544 -8914298
8939186 -8295685
8693761 -8088210
7917643 -3819585
1349545 -3331944
-462502 -4203952
6936357 7299695
-7364827 7206154
-5919429 -8382393
-9039110 -8487713
-8816595 3458429
-4487171 5049218
5588782 863078
-4666311 1756010
-9797976 -4722790
8879264 6528382
8232697 8768832
3196974 334802
6515217 6926458
6110866 1114618
6910666 -2135238
-4835542 -4351636
5370871 -3636624
-9502665 -9684017
-8171730 1967794
-4573777 -8541774
6507444 5528028
8907458 -6544595
-2272233 2096227
-110211 -5758852
-9230470 -2070209
-3301376 -1230947
1620207 9002228
-1554962 2411950
6042920 -1864575
-1483461 7072257
5236973 2953587
1833315 -3802651
-3486668 607844
-7424361 2330650
3788876 -9142045
6385983 -9481786
-6026381 296321
4908900 5293441
9534589 1701386
2147530 -5201311
-3915906 2820472
-5660948 1362506
-6225544 220653
872430 2784090
-7627301 2333729
-4712684 9388970
8102671 7609673
-1782483 7120631
-8032367 -5383996
7990311 -6690492
-6172277 5756510
8569183 4376294
-330265 -9682306
-5464567 3478083
793124 -8279323
4541149 -800685
-9438179 -606430
9614223 8880201
-5819357 6852629
-813642 486654
-7608024 -3446657
6679368 -3009974
6627009 -9505353
7627003 7413237
-9277254 8594643
-3132495 5617314
-6392 7066821
-99133 -4563312
1431123 2179696
3900373 4436300
6151967 -7775753
-5865831 -9042126
2354427 6713788
-3917230 -6251608
4235046 -948578
-1878883 -2214520
4775507 6627022
7121670 -5199515
-7786277 -6081132
-7486489 -2734975
-7117660 5452821
2519642 -8102632
-2665944 2875948
7571996 -7579491
-626838 8765179
3505778 1472369
-5053405 -4474871
4755270 7639947
-8611660 7301022
8868797 3354392
-8860128 -1860262
7283113 -3010086
1790400 -1568269
2350600 -3078865
4186160 -3479525
-8026704 -2619537
-722168 7068500
-7539199 -2990710
-570201 -871760
-2106580 -9967203
-5978481 1319313
-639205 -8600802
1555498 -1031886
8785489 -5883935
7470457 2943838
3599928 7654286
-5355800 8610329
9558413 883041
7804176 -1049048
5471427 -5574635
1805828 1990337
-8424811 7444723
6970365 3600012
-7271747 -5964010
-5931212 8916517
235830 -6861975
7053575 -1909693
-425227 9596625
-6287310 -1390927
4069263 -1639738
-3985452 3699499
-5173819 -2330808
1068585 -6824899
2126053 -5615406
-1190041 -8610886
-4104197 -2402519
7558556 3132139
9248504 -2529008
1506983 4528922
-4038209 -8023243
7631134 -1907877
-1301218 6197621
5794247 4684709
-6706217 8273555
9150170 2023289
8239141 -120602
64942 7681070
-9143829 -6934678
9966268 -8866472
-7477358 2982225
3096058 -8707421
-3058930 -1581555
-1594211 -6829034
216240 -3810426
-1833669 2429124
3037599 6178031
-5107995 -4202535
2998527 -8263619
2526289 -9313748
-4774107 6292310
8688060 1676459
-642471 5981386
1563060 -1246997
-7597117 213701
5712278 -5954320
-4661741 7441877
8376674 -8675312
-5504346 2279330
8468904 -3217537
1727940 -2771753
-6593722 9151588
7465405 -5234461
-3498079 -1701717
-8499113 463932
9272594 9028210
704669 9243133
-2259129 7960655
9230010 2578550
-7207749 9303932
-6650388 -8367107
1591122 1020881
2345569 -8795776
-4000094 -32204
-733389 6841224
6585823 -5531190
6136750 -9005449
-4239909 2508453
3323089 3602156
-5933912 -5221636
-6193426 4823976
-3416539 5855035
3815690 -2972405
9606145 -3159315
-3855383 -4437948
-2805055 4914749
-4064370 -7989419
5731157 1302419
-8729785 8281200
-2361224 -8268937
8716226 536826
-5952270 6740951
-750596 4852976
-9028516 -192179
4586185 -7427507
-87178 7553925
3408960 909111
453058 -987365
5853320 -2775350
2786702 -7424445
7490304 -8002063
6524871 2497999
-6199582 5942287
-3260161 2256028
3987092 7586985
-9359837 4378615
1119566 2703318
-9927354 -5312107
4495714 2885322
5457816 -8955869
8598056 -8401749
-4976286 -4629362
4383273 -5476632
1748018 5476772
8052328 236594
-5249117 7051072
-7934577 -1941016
-5998729 3792106
-3951865 8382193
-1514470 -6742538
7636077 2551579
7771249 -874307
3813587 -8728005
-3326330 7843895
1404378 -9174347
-7576095 -7868514
-9981524 -7481214
-2957846 9963971
5440744 -3081899
7154695 1306524
-9126052 -3990576
-3415240 4421931
-1785963 5455723
3837916 -6897616
-3640154 -3221476
9330103 -7676554
-6034508 6512276
300623 7101352
-2538400 7779079
8604732 6974293
9105779 1382330
3901117 3544989
-3974687 1640607
8558709 3459623
-5233852 -8533943
9991833 -1770244
-7348313 8156448
3612172 9092945
-7804671 -6617923
-7323047 9966440
4806239 -8928472
7583804 -7992943
1624761 8771731
6550810 -2115573
7375073 9086361
-7014956 -2328106
3733236 6480852
-1878540 6886161
345784 9758549
3740958 9196521
-2573723 -2371716
-4215267 -3750857
-4657912 -7405683
-4023606 1913257
1879697 -2462582
-8874702 -1346653
-6823244 9202288
7974019 8709102
9109881 4801518
-3595769 -2958819
-2770572 6484954
-4517841 -610725
8791788 -9037336
-9278787 -3880029
-4683508 -8346075
-717791 -3021477
3227666 2742769
5337086 -2416706
2012903 8569754
8623524 -8686520
-7516820 6408953
5611241 9748822
974276 -4340064
2977806 -3898387
3142794 84158
-3430888 1898390
3804017 -9627778
3851238 2051271
8171242 2595806
4249731 -2911197
4067326 -6512266
-1253144 6048292
6147939 -2705008
8381099 -5916058
7913775 -9322806
7086147 7004623
-730202 2913307
1089595 -4786259
1315354 -9755926
-7155416 -5932598
-1517856 6974500
7346723 -8069951
3981320 -7713839
-2601681 -6285687
803117 -5331085
-9326999 4164402
212695 -5129557
-5318212 -580143
3503800 8876986
9554180 -6937113
2583862 -6066073
6847234 -843320
4370421 4370012
-2869561 -2063171
-5479417 8202127
5176627 -24977
1905072 3002727
-2194759 -4960298
-1245984 8402745
-6928340 5203560
-632037 2073485
6943928 6261013
-4319129 2097010
-6509652 -8374284
7204955 1701023
-1848698 5560880
-5282440 -211182
-5841170 -5001464
-4548283 1604333
-7677188 -6194379
3780645 -27699
5491380 7499440
5055494 8202069
6604814 -6703379
1016534 6325862
-1600653 2192826
-1546160 -9615503
-5002141 7859628
2001696 4134711
8352086 -1511793
-5950913 -793348
1511822 -3496612
-5981724 -8717000
-4596315 -1812996
1992626 -530007
1958646 -2273502
7742290 8289623
6491692 -2549973
-6737000 -4685864
-8360001 3096507
-4710667 4279534
-2819617 -7444302
2931678 3743173
-9605764 2178242
-9333551 -5066625
-3343621 1262674
7766062 7231889
1031241 8168201
8871557 4300690
-6229316 6434926
-5838576 864183
-846194 5729330
5695709 4420066
9734203 -4354501
1258358 8958710
3238244 -8625798
6446252 6547691
-7192783 -9581372
2596870 -622069
-3172342 -6798547
-3019520 -4220328
5527913 3484037
-5831410 7262894
1563585 -3440846
5510432 -6959853
3904331 5334269
-6420049 2188209
-3391725 5574489
3736340 9275661
8234371 -3657522
-9766968 -5005302
4058742 1472615
-5592405 6679285
8573568 6865959
2583764 -479182
5300490 -4598774
8885263 9564244
6827139 -6655245
-7579739 -6946147
8610352 -9092924
6241345 7930693
118902 -4968965
-9394475 2337648
1613309 6727178
5586008 -3141783
-5630732 -7635968
-3647000 5819041
-4985322 8428010
5293969 760595
-9718587 -6411754
-8494176 -9605915
2474682 -1901745
1443010 2907439
-1522356 -698179
208897 -3620377
-5689683 -2912004
2119032 8966594
1304242 4429219
-6327251 -4759091
-5384522 5433904
7797936 9258758
5077799 -1015254
-2587244 6667288
-2572116 2608829
-1286573 5223077
5617163 -9774351
-1676095 219251
-6873310 -1908155
-89982 2283267
8662891 -5879314
-6274966 2635267
1601861 -7026792
-81221 5844066
3601327 5422455
-6627289 3591529
-4633361 8216806
9717904 3687000
354288 2960790
-4430381 -2869339
-7646262 7782172
8007822 4283046
7018649 487253
1095450 8848079
-6352302 2661691
6782377 -8994532
3640735 -7689411
7800149 -9492589
-1132170 7758948
-4302244 -9764719
-3656838 4985509
-4281333 -929533
-7242533 1709801
-5329409 -4563428
2567233 -4371892
-6589720 -7243438
7039608 -2562677
440929 3934454
-4701115 -3425391
9236300 -8463621
5058200 -1053416
-6226475 6018677
-957560 -8784713
8974236 -8426325
4325308 7910270
-4587868 7188344
8775163 -9331530
-5105377 1130799
6567371 4048983
9677091 -7918434
-5161872 -8349044
-8395368 5603723
-461822 4394088
-9031303 2045561
-3901708 4837063
6299999 2721349
-1259974 -8843508
-7628220 -9926475
4163552 298818
-9274559 3862368
-6432936 -1511140
-842670 -3862427
7268372 -7657773
6391210 4051953
-1350129 3835744
-1996948 -1415347
-5811623 3487999
-9601561 -392316
4169597 -3757093
-8920030 -8632864
4088485 -9732110
3940734 -103678
-30153 5344863
8160033 -1171134
5207586 -5866601
2622259 8885474
-4976953 8774650
3633230 4295941
-9135754 4807772
-8840132 -7459208
1125446 -485883
-6997884 -837080
1286957 5313823
-8443270 -6599445
7284043 -4543446
8240796 5153052
-4950626 -6111120
1750095 2181531
-8989603 5019221
1668972 -89872
-8688045 6217984
-2491014 -5708769
8587172 -3664998
3659126 -8857784
-6316991 9451418
-1034465 4818994
6498267 -2675193
-7361370 -5515997
-9599090 -2214776
3241778 6711712
1864764 7684953
4090185 1482575
6180458 -569509
6966064 -4159720
-1733239 7190855
-4074809 -1364963
2926268 -421284
-1569930 -4049470
9609098 -5970207
5997563 -7910803
-575457 5808459
-6866734 7479451
4479806 -4077190
3708034 8288248
4999960 4880717
-4917978 -3050187
948740 9381077
-1188432 9172208
7528840 -2870802
6836405 -4222368
4412669 -4204399
-2109331 5277949
3744831 9855290
6401435 6320740
926289 3353929
-837611 2398998
-7605199 -9649168
-3726357 -5187993
-6899744 6874608
-5728323 9981677
9447842 616568
-2355 -646301
-8957741 -7087066
-7441516 8809213
-5413154 8571100
6883053 1911242
-2810809 1515867
1371157 7290075
-3872833 3450374
-3195697 -9711056
2687943 7053456
-79360 -1516956
3295052 -2400904
6990056 6194283
-1307687 -1088340
9528228 -8738267
615433 -9343493
6085794 -474126
-9148561 1657692
-7254856 8644278
-6928128 7954637
-529495 2144550
-565375 -7222585
6227789 3358014
3646959 5561792
-4868400 -6967907
-5968511 8851254
-3549650 5052240
-6237124 -157107
8754553 -6559593
-5297860 -5028459
-4371952 8282782
-9674992 -2166075
2007970 4230194
-4609175 -8823553
9131085 4753114
9414016 -1537303
1240113 -8882058
4475956 -1151359
6926785 -2532098
-6983653 -1877085
9490521 4574737
-373022 -2952163
6890730 -4059128
-8102369 -4093794
877747 -1838364
8960770 9116123
-3049951 -977853
-6747658 9285778
2978577 8958019
-3772515 -8840481
-377784 -5373986
8260308 -4358498
-2993505 3378681
3362936 2736265
3375532 -6066719
1024370 6379283
5943472 -4617594
1323278 -9348652
9073906 -4649445
3512191 -4262739
-5146616 -48347
1490153 -5010687
6791443 1803433
761452 -2741153
-1581634 -229980
-3087613 6988938
5146792 8040582
1419264 -4827305
425312 -7846713
8602920 -5217800
3677835 6317197
-8300397 -372709
-7205009 -7862340
-2511785 -4460767
1276494 -8131102
-5663097 3516758
8506071 6129878
-9550336 5827056
-6914097 5297514
7583886 -6272532
3232758 1504269
-7938796 7012625
4701673 -1620450
532838 -4003180
-6704628 7643337
-3523114 -864242
8763049 6973207
9110867 -9307159
-3767926 -8441959
5943291 9115434
-4851456 24920
8671151 -9719806
6107251 -6345385
1468481 9120815
5364635 1709506
-6786224 -947632
8581345 -1402606
6976944 -4725020
1271800 3283018
926356 -2490218
-838107 -2916476
-5943269 7403242
8096084 -2075058
-8000665 5683951
-2684263 6844510
-3130569 7942626
8222821 2464282
-1364751 8056934
-305899 -3153576
8555930 -9896269
-8327549 -4941264
3656130 4286058
9561038 -9746204
-3946833 -6850573
659209 -6650810
-7050934 6979523
-3100883 9821102
-9737603 -2994202
5206101 -5004799
4356064 4778084
2720711 5038190
-2497528 3741847
1798781 -6540116
-7177340 -1345926
-1242195 4009234
1584322 -8621410
5664649 -7053392
5716756 -4759547
-1610120 -2257961
-6392418 -8230077
1265798 1565441
-6097104 -3443352
-3921202 8164916
5676469 -5834707
8943377 3801251
-1160558 32533
6290732 -5819560
-9843324 6341914
7512340 -9394135
4615099 -7020664
-5642073 -3729855
-8266895 -3800578
-6043773 2538928
2797319 7449862
1736137 -5137541
6427900 6404901
5477902 5518288
3683204 2847148
-471207 -8443300
-2125696 -8123975
-5575089 -9011477
-4831037 6713746
-4427988 -9284357
-8678491 -4674360
-9178672 -6915647
-8129150 -1547040
4652382 7695607
234535 -6396044
3570170 1124961
5987420 -6968145
1953108 7822659
3340947 -5068327
7778821 9947362
4020415 9540503
3932881 9823967
-9187510 -8105281
8608465 8357792
1589787 -4018547
-6176555 -5819523
9781182 -4572352
3880609 -5355226
-7659619 -8347967
7772341 -8950657
2174305 -4908731
-9360524 -6141137
-8318478 -1838275
-4390250 -4891064
-4943701 -2461178
-2920675 -6611428
-6787461 9076714
3487785 -8987794
1886350 6541381
-7477166 2096250
-1206921 -6523862
-1096214 8862632
6023758 -8909386
-7257353 -7215605
-6166261 880491
5971760 3031340
6890203 -1475604
6686121 -872412
4236525 8571725
8626899 -7704128
8200796 1809176
-6597758 -4293775
9234783 3929687
471068 6890027
-8497371 1121134
4597272 -4489746
-5627114 -7187940
-6097326 6017410
1318158 2912996
-6206512 9161673
2193013 -2331751
6192645 2281600
3925541 -916784
-9828706 2878766
-2309010 -1837934
9971242 8798193
7020770 8408138
2337825 -6626516
2779863 6255554
-2623312 -7191107
-9164500 4282492
7094552 4490312
-6975926 7724738
637735 3513579
2675252 4342232
-7989519 -3052425
1745527 -5131734
-3532166 719478
6114597 -4328932
3833134 -3360872
-4562678 -6194413
-7786274 -3679272
-7789436 4974444
1229998 -2932097
-7606851 4990427
-8210729 1123038
-4386650 -6771351
-9046613 1400176
-5086245 -8846223
5496009 -5892526
1055049 7589007
-7542727 22843
-9257679 -7199423
-9012003 -1074892
-1919412 6856918
3178858 -2662516
3658212 -3965738
-8991293 -2091064
4976839 -1614871
5891908 2238705
-6638256 7369988
3114989 7681180
-8402292 -8508554
-7354777 4068377
8175851 -3488537
-5899530 657585
3196780 -8252747
7064182 9074096
-9484444 3939101
-6687628 8052179
-4610337 -1403856
4630407 -992418
6916518 1564228
2465709 -1844534
2910523 -5590291
4296050 -1642383
8555149 -1211381
280066 -2588961
-8520584 -9847143
-3335680 -4558359
-1384422 2171620
-3564775 -6718857
-7644761 -8187642
5751460 -6500593
4067938 5387147
-6016709 1580184
3104118 1973954
-6461818 1130050
1801868 20636
-3053303 6003891
6877860 -5287608
3501011 -8757253
-1346213 5433010
-1897781 -6218923
-8260929 133203
4821175 -2717108
564035 354649
2167008 -8743600
7272159 -4564374
-9177227 -9565180
-5468644 1340098
-6685948 7322416
-9031181 7635474
-9827538 9368586
-2111171 2770687
7483079 -2880841
-1638093 -5233311
2716051 984091
-2718480 7015694
9665249 -9181729
-9382485 -979409
1891593 -2997223
-1740823 -6302098
-8350120 -5941399
7009773 -4468663
-612213 4989005
2311421 -8458871
1692955 2701839
2070425 -4203408
8567280 1865417
8984576 9959254
7242295 6050359
9550802 9862835
6878529 -41653
