471 -5946199 3219818
714
-9115713 3282169
4098921 -2698179
-8768239 2411460
2625271 -214335
9901130 -8095098
9366321 9287413
-6219300 2107403
-6996471 -1265924
6653830 -4334167
-5897981 5434625
-1945199 8355535
-2539790 -9379668
8370719 -7448445
-7836159 3961502
531655 129784
5928306 5383659
5201832 1415942
6343754 27227
2329244 -1050055
854847 -1030975
-9227210 -5253274
-629519 221169
8955245 -5446510
219323 2374010
-2191365 -1874573
-3519037 -3162305
-2541973 5863437
931344 -3542475
2935379 8345099
-1525117 3095185
-9004804 -6532966
-2600671 6919541
9463120 6197028
-4853026 -6256917
-4771539 1792364
-944558 6001821
8739342 -3998749
554742 8425923
-6683714 210939
8336367 3290417
-9871888 -6358727
2021062 7333682
6307559 -9897508
8447591 5468758
-8919705 -8240710
-4773676 9438826
6358368 -7924509
788872 -4857995
-1114911 5821488
-9869795 5935846
-5545981 4113550
-9885199 -8298001
2644275 5709714
-4079347 669543
6476313 -1523087
2118186 6773372
-3376594 6604425
-776731 6655601
2124359 -7069035
-5309745 -2329140
9626039 3204655
-2203502 -7567068
-2425063 -1499241
6838599 8585370
4521216 -1023622
-6910072 -514844
1187156 1491588
-2798698 -6795270
-3609375 -6168569
-5175304 -4361693
-7588320 -7133062
1987716 6942882
-3885165 -964914
1966052 3727337
3914550 8239195
-6039798 -827341
-5878057 3540589
4557700 1756700
342071 1696881
-9326741 1396299
-9118544 7379639
-8612421 6279540
9484270 -5415036
-9067253 -1411119
-3256459 8391247
3774538 -4242557
-7299675 -844779
706659 8278606
2005943 -1184839
9570708 5189063
-5638277 -4079507
1977434 -6469090
-2196038 -1516334
2696899 -3464866
7931434 662385
-9441623 -4113489
-7833949 1329242
5914206 -8054044
-6948810 4166673
2557920 6846953
-7395604 -205269
1466304 8848810
-356232 7821073
9152586 -7827037
7362027 -8350288
-9913443 8723294
4770556 -8276250
-7276232 2063992
8599126 -7425481
-4246744 -2062980
3823531 -953088
-9623846 -3688367
-1742410 5989582
156255 6290360
-4346335 1308780
3619863 5230527
-3404310 -9225587
8595487 -4913833
-2740870 6239458
405522 7748073
-1012280 -5378843
8861259 492080
-7443928 -6241724
8849147 4101380
-7961600 3671550
-7281537 -5397596
-6569611 -1621717
-5632135 5610969
-5582318 1687979
5513111 -2959528
4787351 71347
845761 -867026
-3264507 3899393
138852 -8042400
9705673 3994624
1132133 3060726
-6447194 -8790255
-5031978 -7490255
-872523 8625230
2296781 6333521
3452277 -6317771
2060512 -2468404
5658917 6882667
-8913002 -1055271
-1498447 -9923401
-7335701 6600110
8249436 -6711096
-295350 3510060
5467660 7501282
-5987742 2359854
-4579420 -2310315
-1100569 -2339257
170488 -1026613
-9885031 -3616195
5233678 1814317
5496546 -5071898
2459698 -1314044
8084975 -2442942
-981861 -1881384
-9288433 9171973
-1711565 7519692
3324949 -6624134
-597722 9054224
6555506 -6970401
5389453 7386290
-4924024 -9432236
-1771493 -9189967
-7700228 -3508241
-4608084 915348
-7270335 4931094
9859196 -9374406
-688450 742564
815974 -5164753
2953863 9912877
9084851 9834114
-129842 -3818218
-442351 9889638
8943862 -6804893
8741058 8959927
6346218 5499368
-1416516 -3353137
-2543103 3938546
2946657 -671656
-9756308 -7726979
7204115 8338573
8964167 5489709
-3767727 7063312
-8101441 -9207930
-9295053 7048248
-601286 -2631226
-3933092 2306150
2195789 9268872
4980332 5624557
-2899163 1139651
9155372 3721390
-9631746 5963407
-7581695 -9744792
-416448 -9658497
5130876 5364962
3703535 -172756
7833306 -5148656
4431008 -4815946
-4023876 6581931
-3853469 -1154081
-1268955 9197424
1503574 5545245
-2669530 4797953
422511 -6300637
-2644633 -7689198
-1451456 39700
-3996893 9027091
9282299 -8566850
4291005 -1578588
6302726 -1134148
1209448 -578118
4273226 6261
-2293333 -957246
-4375314 -8779414
66505 3682792
-4603432 1771217
9832815 8797550
3595503 -583506
-4367790 -2836715
-8009561 6534366
-3425934 2987577
-5468980 -6944665
-5511514 -4906475
-3968711 -6186681
2679171 8779491
-9282275 -7665985
2340276 6404972
-4552274 -2492697
-1272111 -9953056
-3753912 -6411236
-2123666 8794394
108296 -5840992
3575502 -2290851
-2611214 -6296200
2754518 9207712
-5288359 -8104423
-5049088 9328585
6938462 -757339
3055981 -560602
-9264758 -7030248
-4696233 8251504
4656476 3969319
-8523377 160396
207340 2620555
6209319 -7279136
4031611 -1030220
-4354860 6602005
-5688846 -5860093
-9639941 9220642
944707 -5783708
-3888131 3114578
-5040485 5656348
7415362 1062782
3018532 -8102023
7384081 -7012305
-8760801 3753774
-9760554 -7312151
2848245 -1587972
-8967417 -8283931
-5563067 5571937
7058069 -241746
-3639740 984896
5124804 -7296791
4440203 -6812234
-2595941 5484863
-8884207 -4615090
3557611 3515928
7095062 8591660
3005990 972973
3960668 113595
6383721 390071
-4405728 -2283781
-1355401 6623167
855588 8442517
-3469194 -7806466
1951789 5292522
8793770 -6411125
8808436 828401
-3467481 3918574
-8080210 3248640
8633550 -3547070
9968859 5551935
4143596 -5292487
5680486 -419727
9693868 -2850414
56009 -7842494
-7609922 6077590
-4782891 5650282
-3390849 1034677
3228212 6072698
-6118428 3139958
-754815 7696353
-8958894 -7324658
-889731 -1946378
-8697738 -2426375
-3457092 1030059
-3418006 2452164
7159678 -3488233
-1391608 3241942
2907880 -4643484
-9969625 -1697739
6896203 -7036110
8614172 4936805
-4028518 -7886688
702362 -4776677
879633 1716046
-8071249 4583934
-224371 -9875181
-9305207 5486209
5576187 8885898
-7567691 4513407
9481923 -7880905
-8852786 -8469345
4772598 6641601
4514470 -244394
8057867 -2319522
644368 -2938803
-8001998 -2529578
-7899913 -8225108
9514568 -9514164
-5281765 2802449
9902736 -7089447
-6964628 9163338
4649548 -7805283
-8919385 6246517
759924 -7257913
-5138818 6029276
7559931 241848
9399801 -3991604
-1719646 2332529
2529360 -3569377
3491820 8854574
-3675004 5690080
7464973 5489822
-1507989 -1574917
3743885 -504107
2406446 3210246
2373584 -3837027
-1642310 -2041829
-5795312 9539484
-7718429 -8045343
7983933 4964613
7722813 -2857247
-4332499 5543864
-9607254 7122614
-6446762 3947856
2802430 2922106
-1387814 -438590
7567585 1643778
2585214 8593511
-1910596 -3940404
9269842 -3670901
2492072 3012203
3486726 -5840222
-6300737 3366114
5320771 7691414
-4827621 8497186
-4360060 3304704
-1151432 5411544
2534159 -6176207
288001 -758686
4679772 -1396251
681511 -6909569
-2749438 -6708041
4401822 -1750904
4308692 9835776
-3835125 -7508773
-1980218 -3905114
254665 1173299
-5460587 -8493492
1714274 -3529720
-5032534 9860184
3164888 -596994
-5185450 -6876242
-3052448 4529808
6287475 -134939
985162 7235553
2842337 967247
-3224442 -8333326
-84230 -9907101
9928675 -8822619
6184960 6740815
-7164299 8609902
-216799 -5795258
8227602 -4393282
-5406650 -3161034
-3300850 -7541772
1861234 -7922831
-4799073 2380390
9426550 6675785
-3459154 -5335169
4416737 5714025
9197625 42361
1709035 9775426
9868325 -4026817
9666916 4141157
881972 2313352
-6560394 5851876
2572970 -3765974
-5642904 -4260841
2578125 -6683076
-4224847 -1049553
1027616 1793627
-5825983 7636387
-3171476 -1255105
-4073921 6116919
-5652703 -4114277
5928084 -9657184
-9881758 -6455078
-7965543 -9846529
4294628 2502919
7332623 4217726
69602 -4823399
-6073021 -9227771
9027740 -7357427
-4040503 -1715925
-249126 1605865
-6600508 -5748998
4403742 3294842
-7960262 -9910139
6206780 -8767734
9634341 -9517831
-9175015 3070429
-868297 5562425
5715896 3459579
8478850 1166161
-4616113 -7473123
-9780170 -1672175
-8383594 -2030159
-6871234 -5853191
-5052764 -9355854
2250011 -8395384
-4144382 4698111
-2007047 -1834145
-1744284 -9740640
4007979 -7450957
-6968788 6978848
49278 3642320
-8278902 6372549
-7651520 9180981
-7136506 -46654
2480223 3343682
-8328493 -9236267
-1266425 2700053
6846862 -6712087
-6067941 -5621307
-4016691 -8205901
-991438 -1301578
6864277 -5644720
-5385360 -482133
2066911 7636345
4615194 1138971
-5218708 -2385525
-6012975 7180824
6361805 -3497610
6455736 8851857
2195540 1741652
2505385 -8547688
4152365 3867047
-328687 3755312
650358 -6484420
7826031 3603372
4818147 6633667
-9011053 -3165407
6352460 1682424
-8164878 8119940
-8224737 -9064277
-1449801 6450316
-3852508 -3443445
-4424703 -4946424
6421785 5025649
-3232699 4547386
5999698 -1382675
5000725 1789039
8060703 -7331585
-3816005 -5327962
791762 -1288939
7861081 6526378
-6639029 -4390091
-191314 8850028
-513680 2229784
-4318141 1643808
-9389524 1261584
334491 4232058
1801986 -3242032
-8216383 -1573859
5489879 -1776228
-642551 -1449081
2856310 -5994071
-3325656 -5641826
-969788 917013
9628075 -4625308
-8098930 2338327
7948236 7489156
-1144464 7778394
-7475470 -2243078
1917082 858209
4636145 -1793611
4954800 2527558
9285526 7486988
-4086871 -3243214
-2503090 -8930856
-7863585 -8596992
-4591063 6854360
-8787466 4992725
-4090262 -5400366
-25674 -7240901
5097426 8054165
-1940327 -5608252
4686494 -4437986
-4164711 -568438
-9710229 7211024
7933766 7752371
-7203718 -2557732
-5070744 2888566
2161704 -7918192
5667304 842386
-5238254 9658615
6512975 7803719
2796444 -7312964
-2713330 241861
-4482688 1222535
-8206948 -222652
4169096 3131090
8693105 -147274
1800640 -1144409
8582967 7044746
-2686531 -5393237
2049031 6516733
-594701 109751
-5292088 6978287
-9662975 -8432996
3741971 -9624784
8178936 -4901228
-9697840 -7228702
3013159 -6508268
4714267 -2411170
-117470 8530472
-5822086 -976328
1392750 -5948374
-4576431 5387371
2432117 -6806610
-2199847 6522889
3039622 2261939
-7628310 9849184
-656177 4961274
-955370 -2920398
-2545181 -319151
-2704027 -7213399
-4442101 8150107
-8358161 -2401867
-2296685 1087410
-7865766 -1127541
412483 7585845
4153823 -3687851
-8300480 -8194767
7514975 2093745
-1383366 -3352010
8909929 -4684872
7680664 4172608
-866118 3797971
3393926 9540839
-778312 694864
3481465 3365097
1515204 -965987
-851502 1555716
-7356873 3157043
4545854 -631835
-3045990 -5222639
-6394138 -5041663
-3236430 3624186
-4282069 -4694617
1953373 -5721455
-7889975 -3149083
-8976475 -6620346
7177625 2307041
1847881 -7326240
3368624 571551
-6063352 3585921
-7380065 9366442
922158 5451852
-8874752 -5715215
3652951 -3918363
-6624649 5671102
3145792 3123313
-3252501 -3018787
2286596 2425714
-779388 -5018218
1832699 6756321
-9864025 -6153011
6154031 -4627423
-9437311 7313601
-9598496 -9481736
4104185 3931313
-4185893 -5661847
2306357 -759528
3525258 6736266
5334255 3431605
-8380940 -2821791
2817874 8709606
8207172 -2718796
9706918 9565374
7063508 -6989880
9766442 -1072470
-4709128 -8587440
-3214863 2418769
-7751278 -8555097
-8036833 -2652174
3795491 -7349773
9504732 -1416296
340529 9609599
-1137783 1811089
7759047 -6134213
-6439652 6712824
5422431 1894459
1692015 6378222
-1540052 -3854045
-843925 1398933
2842816 -4476543
-3063983 -8561131
3857639 8133688
2094943 -3762494
-3898316 6106361
1272940 -3425538
-2325482 2413527
2023126 777672
5105114 8015047
4397186 3401695
114520 -4619487
-208676 473886
9368461 8053303
-5800742 -8516661
2882272 -2171591
-4131782 -4128315
-2689445 8241440
-1108520 -4679413
1558093 -8831806
-209093 3502775
-9922763 7659777
73305 3580200
6874224 -2248244
-4233197 4612783
-9469169 1979338
7359851 2680342
-6845772 -6838297
-8784994 9667527
-8849134 -7477311
351099 7930616
6318653 -3450509
-5209069 -1264331
4056257 -6370792
7313754 -3801236
9701539 -4385650
5790480 -2895338
3201214 2295129
-9953115 8380137
-4490728 75438
-7945223 8330040
1010382 -3959897
-798194 1930980
1598508 4164611
-796348 -7066836
-9136220 -4734274
1815217 2071103
-9193227 7182434
3327994 -877499
5321265 4863030
2993732 641749
262763 -2460844
9834285 -8699436
9680701 -6536023
3539415 9881170
727563 -4810026
-6253571 -1889456
2557877 4254297
-9064740 2948236
5881400 6672737
-8061537 138913
-7789984 -738467
8960319 3753681
-7123818 -6983211
396171 2288313
5446414 713799
8252955 -6610096
-5309532 8225529
-8310494 8087241
484763 6887522
4593848 -2254726
-1627830 3728678
-2017024 8340277
-6195135 3446399
119136 -1081764
9057149 2202618
-8535849 -5426048
8327633 3783518
6800307 2940822
7745487 3720167
-5566034 9712831
-6897265 3191902
1417431 5203273
3290514 -9690445
-286571 -4376710
-4115084 6291630
20308 -5692723
-7352445 4257086
-2296514 519636
9437873 8968772
1171390 338974
4912926 1011374
-5205108 2635541
