668 -4353012 -3048329
907
1818645 9988737
-419889 5198810
-1830387 8482322
-9862240 2206669
8467334 -3531944
-1114107 -5251253
-6638804 -8262757
9237893 4149739
-9469416 3191910
923253 -9811544
1115476 5131765
1882855 2481614
4456778 -3435296
4812004 -7549930
-9386590 3137036
3125773 -8236324
-521162 2432056
-6569270 -7294115
-2571094 7648451
6632860 -6431510
-1682763 -4103760
-9850165 -4481247
2184844 -5805215
7386696 9387729
9576185 2715429
-9636454 -9173699
3307915 691662
-227282 2246401
-2787177 -9718955
3418081 7101075
1381103 -2173766
2774642 -3456145
-8233908 -9140059
1024744 6205372
2290215 -8288650
-2392409 -2342396
-4307291 -9392548
-5197762 -9726222
9661507 393906
5625687 4705286
5531587 1754045
4962059 5989233
-9248014 -1160497
-8363100 -5265223
4352204 -9518838
-1692604 5054982
4115189 -4266693
9109600 3598390
-7679886 -1602367
108983 -7349303
-7175347 4610329
-2265866 232926
506705 -8966285
1427621 2536372
9758010 -7315436
4438609 -2946692
5558893 5289597
6645452 -599332
-3348202 -1172769
-691607 8282353
-4146313 3520354
9253662 132141
6246883 2485228
-9117139 879614
3530311 8566998
-4306321 -6491804
3741123 6354965
7388680 3427813
8480537 6764180
9448744 -8667347
-9097687 8238547
-3955503 -3596294
5804374 -1022442
321141 -7310051
3488654 4972524
-1507121 9629535
-7721972 1858693
-5656079 -9737107
1142507 8524912
-391738 7743134
-8748669 7189171
-3939512 5301941
-8753893 -2491194
-5727014 -6550832
7298173 9726644
481544 6238082
-7358212 716838
9694396 6526041
1732342 962515
8451391 15537
-7838576 7737349
-403958 9460622
9723515 6955805
-2002931 -3543684
-5800550 -6617625
-9428454 7605331
-4576376 7967133
-4524061 -3367966
-7402446 -3330269
8912728 -7734723
1019712 2412079
-6871083 -605728
8436665 3661500
7140367 -7176687
-4644798 -7314641
-9577292 5591759
5052381 -9967021
6988784 18751
6475067 -2707751
674624 -5014147
5107536 3190869
1158003 -6237478
-7089092 -9468840
9717244 -849706
-6068076 8024814
436893 8629972
-9459404 4951636
-8870512 3565810
-1094525 8977261
4178972 8269856
3861615 -3222971
-3189992 4601681
7136784 -8569652
-1277403 6315144
3817349 3611851
9319072 1913573
5676095 -8558763
-8027602 477075
2143722 1103355
-871831 -8310358
-9680386 6075646
1027282 9565062
-4352776 -9139790
2353823 -5326878
-7057022 4552699
3846081 -3467205
3650828 -679055
751294 -9343911
-512414 787612
6915815 1990243
-6096183 5821287
7262525 6234888
-3288037 2096264
-6800380 9234923
3440917 1372037
-2552317 2327789
1892852 -3723117
9653445 991317
5664440 7540076
-5390872 2007268
1056415 8607418
-2071636 8455209
1627650 -5292756
-1988792 1196010
-6813747 -8884764
6936524 -5072976
-8838088 -2909930
1702687 4199049
-4049676 -9609773
1762265 4902307
-2769904 9391241
-4331876 1726300
-7282382 1639300
-8304271 7837921
-154811 898410
-494172 -3695143
7276418 3417956
641552 -49456
3662906 -1095932
-7464343 1169113
6096137 6849160
6455582 1988533
8703934 -225599
-7319020 -1841731
-6939424 7170610
6561851 4443245
8685898 -7192975
-3037323 4746327
2584248 3919868
-5181722 -1341594
-2520385 4945789
-9119903 -3159542
-692645 -5243967
-3823546 -5961998
5207115 -7029739
9819421 -1287889
3216996 1303252
3594005 -1208644
6949625 1920930
-8392108 6274985
-6765417 2526554
-2150069 8169743
-4567578 -8079519
5840349 4812608
-6528985 533022
7995163 3174979
-9984563 950630
-1776984 1391612
5429614 -677208
2293054 4399470
5627933 636729
4456333 -5371173
-4063465 -8638719
-4201437 -1949662
-5674676 -7113839
-2070933 -2593545
8092550 -2440093
-8003260 5778998
591606 -6475028
-3425654 353441
-6471580 -3421027
45956 7085861
-1522527 -6456143
2866650 8268972
-4815206 -6092912
-2939831 7676056
4821235 3329079
4690360 4032855
-7916807 -9242229
6160284 -9511077
-2104622 8924869
9001128 -5910649
2384701 -4012072
-7970748 3514220
-6132339 5492659
4587985 -1396402
-4310541 -2603919
939939 -5366059
-7097087 -3316716
-6893276 6322941
-3484651 -9395941
3933138 166894
-5800251 -8663416
4610707 -1376502
-887579 8799294
240516 770991
-2623306 -475849
5512079 -8242004
5272217 2277747
-2229593 57683
1177633 9139878
9052312 -7641608
9508685 -616556
6066728 -7749
8831544 4927950
5532009 9173453
-8143301 -4653107
9199829 -534853
604997 8572800
7372094 3810537
7097880 2233770
-8242079 -9871038
-8113041 -5525425
6752322 -213648
9844035 -324472
-8668242 7039081
1913825 -6461980
2921464 -9615930
-7107327 1422510
-3649540 -1011808
-9322003 -8275783
9587462 4398821
-6136032 -7465304
-8892504 8787292
-4885819 -3014683
9219087 995943
-6358743 -7787939
9202988 -9022992
-6720288 8044568
-2279904 -1528337
-4489256 5640099
9178119 -948145
-8047723 -59078
-8636568 -5384065
-3879520 -5155049
-3430832 -9769755
4629066 -3201523
-8150474 8672983
-23373 1009387
7994704 -7042978
-3530683 5090808
-180779 7213792
707152 110575
-1844857 -8461438
10225 3986865
-7856684 -1608408
-40201 -1962679
7978243 -8678564
-4062629 1912076
6757027 1858028
2088273 2057851
1372681 5842548
4515531 -3282661
7726726 3222207
6179229 -5507842
2099318 5721431
-4548425 5164899
-4724526 -8081461
-6542899 6158727
145592 -4053031
4338561 -4016322
4021000 2288909
-3873303 -5701640
6210437 1999243
-6142729 -5419580
-845376 -4516184
-8673636 -1538104
5179236 -9472695
3749512 5841895
-9665947 -4577686
3660097 -7554907
7609992 2433371
-3131737 9111672
-2213248 -7114534
-1167564 -7158284
-1174605 7932344
-7262395 5687349
9985710 5362747
9878342 -8619346
-4038925 -1287501
4196315 6251966
-5286138 -2367949
-1840644 5522680
1364575 2409450
348117 -8091132
6870313 -5785019
-835296 -5991786
5636239 4480306
-117876 -1450681
1391036 -6577009
3871687 1230912
-3081738 2732783
-1904470 -874355
506299 9420324
-1867177 -2026128
-5774162 -1016274
6615777 -7670862
368170 -8543947
3865503 7291485
9200353 4249098
8464079 -5786380
-9261813 -1412981
-6932675 -9854865
-1305545 6374426
9797417 -4534199
-786934 -9914509
2818274 -3814544
5311101 -1352320
-1931996 3430156
-8595972 -4182599
-2682521 6200827
1046317 8146219
9602272 6449609
3741094 -8585512
5663586 -4015873
-7285900 -4542200
4044819 -3355983
-3210848 -6547713
9826713 -371504
-2389351 5483607
-1914550 2140482
8325938 6823715
-4528605 3420076
-3149768 3637040
1970793 3539399
-7743422 -1745739
8916832 1804624
-1745767 -4180752
9750088 1035456
7019583 -8004672
9969480 -2069974
4574043 9733683
-6814030 4014299
6159147 3879547
-8120493 5529035
-9814131 -6230204
-9406488 -7518691
5901386 1028160
7181552 -3935093
2120659 -7248382
-6477769 -847655
3473321 4377237
2712837 4955415
-4009129 -8272445
6239235 2462925
-9607049 -6989545
5260490 6208715
-7260634 -2516654
3879246 962813
9008200 8898513
-7331691 5758753
756414 9194070
222230 5778173
4359433 -3342200
-8074229 -2596218
-927521 -3519908
3373681 -4551998
-9596582 -7454200
6789707 -3913481
1065796 -3605711
-8078904 -4454706
-8245991 1458748
1458446 7181587
-9339248 7009727
-1575408 -4662308
3612797 9668952
8863022 -6390746
9387427 6885564
-6456636 -8398396
-8478262 3746860
2743304 -4530865
-6566510 -6889431
-4343630 -3883014
-5280143 -6163092
-7252451 4962429
-9492276 5785653
9760753 7184998
-3117063 4778085
1787813 1219200
-926756 -2456311
-2787359 -9787595
-6178341 5202394
2087958 8592016
-9806380 5725439
-8011349 -1852326
3616810 4231711
7342280 4731956
-9151058 -433348
3403560 5515002
477432 8085151
3870804 -1332539
-4147541 -6498492
8279593 3631558
7367110 2735396
2795437 67406
-7203836 8956706
-3324548 -9991921
8600095 9134175
-2624034 1279762
1943789 1310067
8058130 -635382
-5903426 8076951
-2356397 5400411
-6568235 7461868
5547019 -8952837
-7769024 3909197
7410705 -8065825
-1917915 -1916564
3335184 -1793349
8274057 7965547
6922254 -3869378
8655053 3586573
2720749 6114058
9910173 -228500
-8918433 2613067
-8022315 1853962
-69087 9139698
-2943539 8590611
6052479 7574516
1138031 488226
6913776 -5884150
-3949974 3369007
3968795 -3159167
5047484 -3351537
-5385989 9820332
8467306 -4162106
9424467 -8463735
166675 7122359
-3106141 -5338432
7274636 76848
-8069190 -9508222
9631476 1768673
359285 -5621925
-8047409 9204289
-307484 -3588236
-6956033 3090622
8975982 -3393708
-4036523 -8389655
-1741192 2944777
-4718539 -8989038
-3151144 2872819
-3074564 -6251233
-9128874 8789675
-6548756 7092112
9685312 -2235015
-1743236 3242232
-4989095 4132475
8510550 -9595408
9608882 5370190
4298307 2979494
8586468 -8182250
-9059606 7342274
8952619 7562450
-6976420 -3096129
-2085167 9727779
2600599 -1694959
2053809 4763689
3553365 2042387
-8349149 -4558713
3206273 -479039
5279545 -8663836
-2015009 3979389
-3099667 -9709550
-1823007 9011893
1991387 9025567
-9156683 -7524700
9817574 -6905792
-9343342 -8216289
-1312417 1286545
-6469324 6196590
-5498368 -881232
-6117542 6131275
-9309985 -928207
4513080 -47825
1989488 -7659134
-6322970 -9764295
-3268554 -2730967
-9924165 -5821627
-6809733 3631780
2657347 -1747172
728128 -2301994
792214 -3982983
-2199272 -6937946
-3135049 -6034775
-9838185 -995337
8123432 395628
9043255 7179799
-3748408 4522242
-5525583 9733270
-7925863 3281025
3516730 -1019743
-1234358 8267519
-7554107 2764529
-3603691 -1158523
7094306 8152512
-4149482 1570008
7587025 -9661214
-6599159 -840915
3124310 -4612246
-3091231 -7217856
3177772 -4197523
5498629 -4967799
9554443 2221028
-5529350 4266573
-2452402 6545212
-4474531 -3455213
7328659 3580681
-3654790 4291111
5648941 2290904
443416 -4742129
6827879 2743247
-4401615 -1189714
7969371 4414905
2319011 -1000774
1781371 -6389967
-587489 9227780
6776334 7475495
-303477 -5088860
1694065 6330777
2875990 4167174
3228313 9241664
2822345 917811
7725275 556972
-7152124 1683907
6941778 3374216
8633815 -4192356
4617931 3769657
-9299086 -5767800
-4252221 -4896346
-1286312 -4463723
7280410 45502
-2479003 642551
-1929957 4056744
387521 -266127
-6098953 9764108
9005772 5779863
9214027 -354288
2719037 -5655531
-1455272 -544346
-7170130 -1916735
3890910 -4513494
1772516 3980037
728589 -1491159
3612495 -5010218
526060 6476368
-3478130 4842535
-4514914 -2193530
4379566 4042868
-6223259 3555129
-4164410 -5232913
3063303 -9805860
-7643796 -5158638
-8297816 -5206318
4249336 5075241
-6841493 246912
-1750229 -404442
-6424405 -434231
8074610 2538639
7528421 4304184
-6703095 -5796543
9045993 -1945519
-1622697 -181225
6377995 7047431
-6881087 -7243131
-9959691 2671088
-4618420 -1045497
-3687783 -4380036
413646 -2262215
5329378 -9469247
-6705982 7179334
-3225108 8487885
-9429994 1543789
-5917572 -7133161
7171023 1160968
5364426 4127201
4698035 2984280
5319408 -3073229
6490554 -6924662
8348560 1697403
6884844 9609467
-1436030 8388869
6525185 -7733576
4209 -2607460
-2076707 -3061169
6634517 -4666412
6337825 1217311
-7238900 -6590591
-3723752 6907832
-9414848 9359880
-3996566 5963623
-1052096 5949578
5392701 -9298531
-6223193 6783664
-1518933 1883256
-5990925 -7874633
3030588 7882263
-9851312 -4910602
2481938 -7927875
-8472692 -7330751
-1997163 -9594769
-5861105 8161825
-8428766 6857015
-3718801 9416347
8776228 -2152518
6327458 -3133649
5332282 -5220338
7997483 7791714
4575378 -6758665
-2359057 -8225710
6416010 5572797
3455061 1650019
-744231 -8037050
-5964924 3603749
6272998 -8262293
4659290 -4437616
-6275790 6792188
-3834445 8798185
8214533 7811796
8175631 2446754
1829457 -492887
-3196873 4503089
2294803 9678091
-7080573 -5199390
9091252 -3129819
4959330 560370
4726741 -1976386
-7497083 -1585609
-7981860 -6017490
8236569 -3462007
-5383271 807491
-9883969 2895860
1694045 -9142709
8669088 -3718414
1244692 -7575070
1932043 6844719
-6135840 -6925851
-7247759 1251522
-1431516 -1324685
5545496 8188020
-8735258 -2340263
5683351 -6978822
1435570 5991484
2490346 8186268
7240613 -4029938
6777553 726916
-6377224 4373695
5230986 6893584
-6824830 -2166827
-7225544 3900074
-6738855 -3063786
-7473284 -2777149
8474374 9641657
-1683028 -4721043
5983329 -2957142
-2781053 6378820
9399999 7248071
-4244093 5418651
-3878729 835569
6805631 8246254
-1026830 -6638115
7735580 -3900463
-7006879 -4887702
-4538177 -4517082
1899345 8684644
-4379142 -9247369
-2024517 5160490
4802148 -1852426
-4057117 8966209
8525419 5635472
2014293 4442564
1690636 8260719
3679370 1414292
4766213 -37105
-1790851 9800641
5678878 1571844
7671381 -301329
-2672679 3414458
8897377 3180855
-5618149 -4694503
-3941872 796722
8473564 -7480939
-6817012 -3450037
8032524 -4207936
-8572463 -8357777
6084788 -925704
-2664985 -4041818
-111174 -9708224
254671 3530737
3331378 -5344961
-1256765 8463821
-9321156 -989743
4941067 -3585383
2111824 -9477482
-4171985 -3645204
-332130 6493675
9012736 -5597505
-6531189 -9342213
-3550149 -7804276
-6162052 -8498665
-6908017 -9606260
8868274 2439088
2730864 426998
6474087 -1242900
3412139 -7014465
3965708 -194534
1332075 -7844625
-8913656 4644553
-2316577 8789494
-4855709 -4285480
-7791805 3511438
430285 -2671487
-2013700 3737283
5933008 3899096
-2083216 -3047496
-2653756 2287308
-5273604 1008767
3952118 8730871
-2512029 -26388
2959147 426205
2748023 3416463
-1911810 -3075144
4085761 -5919902
5385945 -825466
4889054 -8230816
-2203026 -9469764
-9624899 -386399
-6649116 8227259
-5357292 -1638598
5313906 1800244
6603904 2559492
-6431741 5176502
3907373 3846652
-6179736 36729
-9537065 3911697
-2671840 6779412
6220620 -4272690
-192591 5416350
7107236 -7177267
7108269 -4806646
8239942 -5487358
4126243 7421595
5648854 8615043
9492797 -6521
-8206276 -9708438
2851054 4806703
-7500442 913980
-5239367 -1064334
1488747 -1076717
-7165020 -1419103
-4639691 1951682
7678993 163140
8095842 4097281
-563634 -9997246
7712460 5203078
9715720 -3455365
-6033770 -1531246
9600149 -3641685
6351795 2131437
-5060649 9092947
-3583998 8145519
-940501 306758
1758776 -1084440
7838844 -3663516
4917382 -6752477
-2284442 -9326176
-6646683 2794043
-3108675 7910903
7913657 3965511
-831410 -1155957
5388679 -1857531
6611223 -8599338
-2241022 1871261
6519050 6211372
5304319 -5889227
4772644 -8541598
1765160 -8279678
-6847766 6348495
-7315020 6040288
9287811 -9008922
4181255 7602362
396405 -2996631
-5085728 50924
-5983565 -195918
8648126 5344281
-6513250 -4298623
-2897960 -3446843
940770 -9902027
-1174302 -2622630
1488143 9976173
-8565425 6646369
8366691 8777139
5125634 -4283913
-8243625 4035278
5026356 326966
-2070672 3560538
-9436092 -8276037
-5708761 842086
3162520 -4521820
-9177538 -1692325
-3474596 -5673002
-6603493 6825564
-560110 -3856204
3521166 -3146370
-3170197 8265588
4911957 7525661
-1180848 -9219270
-3503183 -4204999
2346631 -6055213
-3211895 -9230456
4330082 -2627013
-8386697 4717434
8075872 -2589658
2888523 -4095458
-3271431 -6245256
-1918257 -3772663
-6947099 -4229674
1914122 -6005398
848232 -4990857
-6725269 7951641
-2006346 7678035
8458765 703041
-985606 6812807
3273946 7471934
8241478 -8638975
-8749636 -9937949
-2704163 -4912087
2498255 5380019
3800914 -4628291
-8357194 7903130
6646819 -9470517
8816161 -275451
3719151 2216073
7225216 730284
-8801723 7083736
4761771 3016300
-6280659 -808069
-3995262 3220537
-6791177 -4749913
-3388888 9278684
1857088 3966654
9054567 -9622172
5757848 9152925
7040987 -5930826
-8027695 -441238
-7395403 8683793
-9075306 1135476
-6648451 -8579241
-5332605 4643845
-5756067 -9423234
3593066 8382024
-2426045 9005705
-5257406 -171241
5078846 -3904954
7890082 -2048583
-8081929 4206310
4584138 -252830
-8583552 3488990
7558165 -7141662
2417100 8457435
7141228 2046822
-6817702 -2461950
-8524839 582274
7742471 9050200
9626966 -3857444
7040932 -8013595
-9007890 -4263616
-1918505 -5385113
