357 245911 -7962308
493
3332554 6422871
-923952 -9474379
-910110 8456759
-392259 534414
3375967 7468476
7321627 6433002
9287296 2006932
-409164 2473973
-6065885 1122086
-6025718 -4421238
-1830249 -7298820
-2895938 -8470516
7198793 6107237
-2338728 8106276
-1647813 4716637
1139509 -7784684
5257290 4201093
2657852 2731909
-6733677 -5652820
-8184343 4781945
1214948 -841357
-8834425 9137284
-5872391 -6981404
4140682 756411
-1148475 -1938276
-6720744 631316
2160801 -462372
-4355135 -7100329
-8994053 -640406
-5923768 -4177511
-1962194 -8125514
6075579 5215741
-2052350 -6704904
-9841372 -8750217
-1451919 -6269675
2888968 -8025715
-8888431 2279381
5297977 -3429105
7327306 7755531
8333607 -8044989
2586328 8695183
-1767188 -8387136
-5487465 -5252871
-3376925 3877677
9700167 8034834
9909320 699307
8431400 -9745675
6065773 5984899
-248966 -3620950
-7374272 6224401
8198687 8299115
578496 -1968952
4601944 1826608
-417861 -4123527
-9652163 -5554398
-6859214 -2084253
-7955037 -4549483
197646 1373598
7767627 -3442502
7108684 -662927
-9963619 7467794
7722119 7018004
-4480745 8467781
7363184 3787892
-7471354 5270289
3569405 2505264
-9463688 -9272667
2553941 -5852099
-7459273 5138256
9583859 4652433
5084532 5404916
-9144567 5240997
-3385405 7129495
6203345 -6430569
2906504 -5617778
4366369 3312029
-7153615 -4540763
-6072981 -5395160
909085 -1634360
-6364071 3806555
8828171 3437731
4165064 -278314
-3614060 9364483
-2980908 9235357
-3595858 -8556981
6847935 9119303
4360300 4005026
1134521 7703368
3789151 3491247
389821 9854218
-4317401 -3304345
-5328755 -5243810
-8122617 -8954664
-589024 -8885384
4921171 2786468
-3775801 -4436742
-2198704 3749342
-4369823 2905615
-5342676 4187236
5630255 2649269
-5715076 -6422181
7582845 2478190
-7302090 8645224
2136471 -8766281
-8912063 6487061
5699069 5042645
9798835 9286889
-9667775 -9629686
-8515070 4192570
-3020962 -7740446
-2177188 -1077547
5188147 -4280411
8625204 -1859540
-7672303 3334676
8500298 5798881
9376700 474304
-7047505 -7214778
-8569553 -524103
709616 8166757
-2829829 -3916730
-8874085 -5686094
-6399205 5385592
-1727742 3441103
-2366327 6449372
8708926 -242812
1195993 -2870936
2848653 9048090
-2811449 8900492
2235168 -6009790
2305443 -7967400
2506904 735466
-3962959 1682143
-8841960 -2024249
-3857491 -2532512
-3932890 -5615991
-1302085 -4170968
-8785376 9709378
3150481 -5184938
-8735566 -513118
1760422 3300506
2945922 2489713
-5945845 -7043585
4373259 8310928
-7698862 -6240942
-4208342 9124779
-139754 4606581
8805076 8298563
8790666 5897287
5881127 2479468
-620171 -5066825
762207 4464589
4173967 8077744
5409158 1976831
3980065 9840800
-4342341 6673593
-8320342 -4259513
-8786746 8603581
6914509 -4266187
-507128 5586513
4711293 1731999
8854932 -2199118
8615797 7087891
-4498470 176360
5172181 7406464
4855991 3899009
-1636402 -5447990
-7370245 -4381801
111382 -7462434
-7621634 8038913
-2771142 6607800
-7651713 -9447623
9155959 -8575132
9675034 -6438458
1664407 -1413180
-9681180 -8315742
-514860 -3624300
5979943 1690104
-8133535 -9382710
8023754 -8518527
5380482 7038646
4107008 2879745
1014296 -6255919
8797999 -746885
9808381 3642031
249831 3692717
4245095 -2962761
-9021540 -4885530
-8807636 -4082594
4504226 -9346506
4854104 2856772
9232472 -2660602
9029503 -5660756
-5043466 5212416
-789759 3412320
-7032682 5496640
-9107262 -5409276
-9148843 7074326
-3672558 1907034
8065417 9649156
3341873 8652175
8205766 -9168400
-4053929 -9896680
-3979274 9184226
2354072 -2861565
9995207 -9475047
-9619297 -2791824
-5936227 1744032
9472800 1926558
7855230 -8463341
7033300 -1316959
-4209883 -9177452
413227 7926038
-7650576 -3358726
8806782 -742979
-2090804 -9585158
-8753558 -5334992
-5231672 -3885038
7815541 9708865
9363653 789055
-6169640 169613
7377790 1875212
-6380756 6727415
-1346026 3957915
5494574 5608396
-5708562 -3490796
9848105 2527874
453912 -7402093
-8244466 -7222316
-5448943 -4680311
-4265469 -9437684
-4772676 -5023395
-6392081 9497325
1722543 -7487995
3301060 -8576540
-5890574 1086196
-7038592 -352228
-3624813 -8512784
-2038517 9097005
4705401 -2454487
-3428930 -6543943
5983932 1513191
4111099 8935527
-8286789 8954196
-5726115 -1617015
-8538347 8780620
-6242775 -7475232
4538446 9205330
-8282665 -2634856
-1211395 -3739011
7347185 -2465253
7182519 -4585617
-3098401 2824945
1921950 6074058
-6380428 -2620566
835491 9143704
656895 190642
-873831 -3180577
8289972 7284346
8183683 -6644268
-7863648 -7436143
7604978 9645337
8850667 8409929
-4224927 2143424
8404413 -9431998
-9380899 -2919970
2494413 -1732050
3609247 7801620
3875678 1912364
9291798 -4468802
7191254 11602
-9797756 127290
-536935 -2151851
7648848 -8155235
-4799503 -9730611
5349599 5832531
-2005780 9853201
8263130 2954577
-4901999 -3155113
9929241 6554556
-6365414 6018766
6803068 -9451658
866314 -1354648
3074068 412315
-1540135 7258345
-2730053 -5117781
-2474139 -4348881
-3984379 9988544
-8166691 6988926
7258316 6180821
2013352 9550159
9403360 -4875733
8078844 2523925
9368812 182843
-3262601 5693197
1711963 1814406
2362748 -7111663
1533689 -1484969
1443698 5745415
3003760 7124110
-7993671 9903564
-4445317 -9726293
2778603 -467810
9037468 1570304
-9732523 4611913
4162072 -1187864
3936403 -5202818
7321107 -3918216
6264627 2015247
-9775204 6689919
-8979323 5518378
8406716 1936759
2968142 3383426
-871159 -7543243
9580867 -5588159
6831757 4648953
4922660 -8412804
-6364262 -7613560
-3526903 -2298736
4829529 -7326793
1485343 -3259426
1537756 -8492047
-9893911 -4578253
-46654 -1141137
8065135 6370717
-5594553 178143
4631254 9085812
-5014410 -7187837
-4731079 -9884251
-5472410 -3369217
-8720264 7366140
1469689 3875699
6262139 -1281251
-1063635 5105427
294986 5251588
4508515 -6234106
7790199 -8219670
9718429 8562623
9937839 7896288
-3216643 -7811873
2366270 519326
-7878510 1188805
4000968 -3002475
9629626 -2892919
-3745784 1786241
-8331266 6673568
549267 -2466047
-1230946 3138423
-9239798 9327758
4579347 7705419
-8528687 1055189
-4648129 -8395786
-9833163 9261512
-325848 -4929700
-2741573 2621028
-6859646 6457510
-2353685 2141050
1654927 -4738155
-5114722 4163635
8466229 1284553
-2041879 1139494
1189799 -9865037
3273386 8507388
7835146 9958853
180624 -3450060
7605129 -5069155
9051411 -5831711
-6570199 5473352
-9456348 1734601
-5644371 -4379694
-7922184 -9681568
-5024166 -2504016
-4725819 -7759517
6404118 6630761
-9568334 -7324189
3815305 4870347
-2478338 -9093861
9413527 7521457
-3338 -9204952
9861341 -234975
-2787777 -9822713
-5654424 7466470
2939823 8779986
514587 -9708270
-4087964 -4000173
8834611 4870217
4882553 -9493796
-7253313 -6189555
2957558 2673086
5348897 1667157
9053857 -4094424
-3188285 -8319446
1718363 -3424481
9886920 8741594
-8977028 -8284974
4408665 9748261
-268917 -9248453
9531533 1270593
1562323 -7329094
-8812914 46121
7432690 -9289
-6986733 2538049
-1135153 2315243
7504681 8276306
-56536 4338757
-9755666 2853578
-2949516 -1002679
5572840 9572401
8313996 8768848
-9516126 5459760
5208021 9336968
2604867 -2591109
8679484 -5060895
-9873637 2136400
-7817479 -7241840
-4734777 3829801
-3632149 2131563
6963158 -1721509
-3445203 -2250950
-7912193 4467839
9837769 -985387
8011934 4848493
4420895 -3111746
-4342898 3584775
-8439113 2734891
-5411789 8657328
-3933781 -714739
-3259282 7193078
-8154170 7262055
-9979785 9383433
3213235 -5971648
-1323733 7801791
8596634 2097438
2362840 -4360574
-9892735 -4848569
4166045 4450647
-700859 9945035
-3166711 -5305669
795458 -6279964
-1028721 -4993257
-6335929 2356346
-8358393 -3924158
5785272 -7753358
2025049 -1617675
-9717890 7631102
4175806 -5438383
-7636592 3495345
8109135 -7147926
-1508500 -9039958
8627825 471975
7438975 -8884883
-8939848 2793870
4554 -3261884
-7025496 -9590207
-4583464 -9199988
3156358 -5537865
537977 -8403041
6359953 -2685683
-1787006 8839601
6470703 -1614997
2946620 -1504895
4506802 -6837138
8531288 5310028
-1213578 2615938
5604265 -2977212
-9345743 -2585753
2724470 3043240
9781356 4230762
4640555 -7270976
-6470964 5272212
9734347 2573444
-3313245 -798253
6516064 -7211324
-8371723 5563061
-6051936 -5270941
-4259484 615333
-3705453 -588964
7237416 -9752682
2863256 -5174165
-5635025 -3976162
-4045563 -9016126
4027114 -4980768
1766346 8678907
3924283 -3675177
-8402965 8923254
-5986950 7453320
-3344933 3847735
-847237 699805
-3737134 5687483
2932894 -6702607
3912726 -7272718
2138318 8673410
8920729 2723625
7549460 -624266
