6 4557455 -9639172
478
-9531895 9296779
-6417785 4511669
6458783 2930531
2908184 550520
2492986 5056969
-9834513 3065780
698196 -1696257
-5252181 -8120721
-4188249 -7343770
-2149382 -987527
-8736755 -292346
3900040 -8207379
-731600 7709289
-374633 8532984
-4393209 7019877
-1166992 -13805
7014216 8591248
1521779 -5068425
5482096 3472999
-8953680 6946315
12095 -9508566
-8688470 -8788192
5607439 3226644
5882874 -3940651
-2411825 -8580810
1126845 -6266508
8042465 -1148580
-3439291 7543237
-1407427 -2689135
6847094 -1297572
8688623 4199364
-4693036 -4319897
611678 5702839
-8307810 -654905
-3708589 8610126
1617913 -7261489
6466671 -1180142
-7953498 2929443
1505144 2074110
3493301 445728
-3304428 9093319
-2055261 7136498
4679735 -5261962
-5434745 -2978199
5724229 5788660
-11976 -8587650
9608805 -3070795
5148396 -2188660
7156435 -7263165
-8653038 6840587
2095450 -6552154
2267705 -4518773
8410670 -1437879
-9363769 -3169441
7276288 -84186
-8474514 -3354116
-6217618 -6028140
-8773750 -529775
-991622 978469
-3232871 -4208494
-2796144 7248960
-5821835 -728495
-400803 -3187339
-450504 1842913
-8800148 -3244367
-7280169 -6587190
-1105963 3295302
4373775 4987536
4334448 9821059
-7746774 -2473641
4172243 1610736
5582596 -6221288
-4234711 470978
3965799 6808847
5116705 4773668
2022628 3249281
5037138 -7679439
-8350426 -1282855
-9439942 -5363664
1391969 -6284578
-2871767 4276263
-9912083 4111800
-8384311 -1461378
-1640318 4461693
-8011948 5950137
-9922775 -6870740
-3092028 -1323353
1663977 -1823827
-5014980 2673261
9963281 -4370223
1395410 2618077
4938638 1985909
3219406 -3567452
-6414764 -895436
2819987 -3704183
-9427920 4977205
-8394642 9948220
-8996806 -9340003
-2361958 5737399
1687536 -8120772
-4991512 -373906
819094 1764761
9940934 1916460
7106074 -7516929
-9370800 7442307
-7423264 7069355
-944735 2024610
8457159 7515375
-3380061 4791023
-8913160 -7957605
-464047 1956278
1904498 -8341080
4835270 -6342337
9395062 -4575955
-2696727 -7526688
-5384241 -6401050
-2119937 2311762
6744574 5434853
7917924 -9662651
7779656 3850648
920004 8547125
-6911913 2872745
388120 2491621
-2717356 -8454754
6103994 -475589
-8519310 -1630515
-7455243 8156299
-8186038 -4098460
-6158063 7380027
2369692 -8790976
-5192026 1145211
5973325 6985451
2420304 -4795611
-4458262 2717899
-3431452 -7145420
3918057 5837747
-1289508 7488552
-7503475 7006145
8551391 9098612
-8860625 -220831
665006 -2828263
-4671964 5136417
3554310 -4273884
5622495 9658350
3383726 7396247
-8942190 -2007813
-5022362 708052
5912441 7031135
-250965 7397942
2768875 -8545820
7291927 6317583
-3677513 -3313068
-6306923 -3997581
7617383 -1180988
1114533 4760821
-8067442 8756758
-3590472 -8220460
-2494344 9776947
1951649 9963838
-123563 5644503
-6363309 -4664624
6043428 934248
-2034617 -1385671
8528624 1955870
3410050 7714418
-3451647 1297499
7984431 -6781671
-779252 2870840
4206204 4193861
-1045318 -3161869
8111241 -4679262
-2899722 -6596408
5696891 -5479231
7000959 -2877714
-7233211 -2351459
-4499731 -3122603
7811645 8919832
-2465838 -8456303
-3984081 8293380
6007799 8579138
-123363 1942321
5160650 5072504
-2056655 -9622580
4571281 -5618602
-6264119 -7850451
-2529713 -6474037
9445908 -8152877
8884244 -2913083
-3274445 5142799
5307692 5885204
5278953 -7991303
3444881 -9192039
4868011 3090598
-6099670 -9020957
2074533 -9116070
2826252 2424481
-2503014 -8048830
4844943 -2013098
-5115347 5440331
106232 -8067424
7974892 -1379466
467657 92872
-303859 7420800
-4920049 -648098
7753458 -1061951
-6536902 -9612356
-8804395 3032411
8639361 6907979
7887023 6063616
-536101 -7460309
4964173 -38444
-5570921 -7709849
-7206595 -7538841
417842 1790374
3722950 -2321942
6298593 3040426
-6866702 1697842
-8365006 9282602
-8849144 2829440
4283841 -3285054
-2897410 8904314
-5546923 7746939
4654918 -9185453
6878164 -6907562
-4367870 -4941707
-2463798 8858415
-8851434 3112655
5573814 1965281
6272007 -6058029
-5863618 8508008
1548434 -5043
4209152 2951327
2233929 -2801915
2543877 5844146
-7440908 -4098862
7321804 -3172282
-5425343 -7821966
-7007418 -8225118
-5132680 9229575
-5712131 2387098
1245513 499450
-6387895 1824071
6305704 -5089569
-8631246 1702271
210279 -4905937
-2394628 -4494864
8456463 4275066
-8526849 -8185476
175023 -6793255
-892117 4017028
-9155254 -4749533
9944854 -3570313
-1795431 7935755
7165330 -7062564
-2159114 3071890
6087692 3969551
8309974 1602751
-970466 2216150
6434773 -2867970
2226093 398288
5903425 9161405
3436471 9831466
4162342 4359888
7566633 -2574026
-8556998 -5662635
-7895815 9190868
-4379444 4804100
2739855 -7950961
7502827 -3658523
1929719 -7578463
6391089 7860065
-537184 -1982588
2749914 -2782585
4349446 8492350
-1109362 -815313
-1653908 -3424461
8923357 7310415
-5813344 4298915
-8275111 3085700
-60583 4269641
3460510 -6832109
7971991 -5440046
-3391007 1597418
455247 -6771802
-4350264 -5888180
-8028115 -7615033
-7081269 4557177
-8225408 -6048947
4959755 5668645
7369684 6124038
5215930 6366746
3677161 8232129
2531044 4139287
9741339 7863817
-5350189 4255934
-59823 -7802891
-3242937 8110321
-7775909 -9571479
-6343281 -4117591
-5771 2679338
5064305 -693545
-6136368 -5517533
-9050128 499388
8684385 8154577
4278615 5909628
2276374 6054070
4286199 -7989103
-1333463 8469887
-1149943 9333595
3589529 -1592124
-6878663 3499868
-5873459 6046059
6474580 -7605247
-1722838 -3649368
9029970 -9868701
-8045893 787743
-2213438 -3389372
7110016 8334091
6488668 -1263565
7162415 -1689246
-5635176 -6716364
-4705467 -8044859
-9574972 1167375
500970 3961070
4885299 -8208563
5291305 6606852
2652911 522988
2917741 9417846
8284830 -872509
-8224858 3711255
-5501001 7314801
6441781 6245601
4579693 -5198087
3538348 -3931851
4378903 -6415287
-3131651 -6782885
-4827744 1260079
-7572546 2162883
8640305 8113637
9905074 -4555223
-7948371 3525604
-5951407 -2287268
9646930 -2779108
-1135265 -517314
-6806058 7931761
5246562 639877
-3114521 -9790707
-4988794 -5795305
272844 3981524
7566237 1065907
4283022 7168100
-1571821 -5565413
-886178 1971631
-7398380 -6628014
-1183237 -2245873
3796084 -7493306
-7264222 -6615256
605636 361029
9843715 -7617291
-9685530 1986723
-7373400 5554009
5763302 -1922616
2282079 -7971569
6009955 -9225491
-5643232 5071275
2239375 -3907455
527132 1156142
-6872227 -9332445
-5960459 2157306
2427785 -4270607
-9247560 2856304
-1242600 -3776131
-898750 -6511782
8387279 1879388
-6133889 -1055034
7015327 8701749
-3220867 -3507289
-8962505 2778630
-3930509 1577564
-3351160 7047450
-6860005 426259
-8417599 8888215
9555770 -3816521
857137 7226527
5472272 -6404689
-1032033 -6715077
-7974856 6224712
2229283 7725367
-7878893 1126395
2587713 616562
-8165336 -4012782
-5003718 -7880608
4898022 -1386203
-9808638 -3966223
5597579 3483865
-6089876 9356554
8244769 8737575
7437406 8008878
5235405 316892
-3571445 -9189104
-5904181 707677
9448742 5396523
-4361758 8637315
-7719938 1678025
4810939 -2240650
3746568 -2615873
-496480 6645603
7775753 8742850
7292979 6917894
401760 483467
-159979 2890559
-5855514 4311884
-5162886 -9398858
918034 -8418108
-7607212 2588871
5812901 7346590
2743113 9004959
158627 5261643
9456020 897707
1173409 2438689
2339169 -3216689
-6571085 7436330
6179180 -8157311
8760583 3721020
-5795513 3472160
8879071 -8321305
5990580 -3439140
-2837998 -6976443
-5394551 3344046
-4067082 8080037
5426627 9514590
1035901 -8254181
-476186 -9313908
-5899849 -8805472
-3850430 -8503814
-1720503 5273561
2709891 8488739
2847780 1708412
7945784 -8594577
-2606065 -5875285
-4196589 -7849729
-1288869 -3726994
-703437 4310343
-2345611 5873134
-3530477 -3581635
8449307 -3896341
-9634170 -8103850
5098594 -514792
-6803911 -110356
1385830 9198745
-3011342 -8137989
-9649250 9665328
-6109908 9698549
3620325 -4285118
-160403 -8164123
6502500 -8985740
-2712733 5643008
-7530297 -4786368
3603118 -899818
5518547 124093
6227752 -9927359
4485143 -3515794
5969415 -890065
8999579 -7899911
-8701166 1681856
3543867 -7098238
-7432910 -1712507
-9497606 -3589031
-5357797 8973534
3325763 4122719
-2346668 4481800
-7358839 -171736
-2441752 -2543049
6557133 -4889136
-2248691 3677718
-3733289 -5407967
1076239 6495414
-4394651 3268206
