277 7053273 1660338
532
1580872 -9524166
-2950699 -3073811
-3737715 -3079307
9601198 -748541
327285 6275071
-3567329 8392388
3028121 3675994
-7414774 -1375701
6556989 -1415368
9491777 3560811
4163336 -6802162
7577193 1858605
-3736644 8047530
-5312097 8013228
-2417147 9600239
-9923926 6348241
5790782 9163726
8600771 -2874625
-1106814 -7946932
844491 8201969
6594358 9220472
-4587182 7277163
8417814 -7861169
723463 -9485604
4075207 -2508845
688993 -7268407
-2893450 -9245105
8802425 -9217462
8795766 -4113742
-4513502 6006680
-5128727 -3621380
8058698 8078924
-4795701 -9337944
5231476 6659469
4861438 -3386163
8350661 -3924033
5869482 -6027852
-3889020 -6236521
6794227 -3196352
4294803 -649205
-5401260 869434
-5859319 7500148
8282686 -5778357
107901 -7056894
8949786 7078453
5973425 5594399
-3810325 -6178940
6999468 4032123
691592 -6089674
524164 2230944
823263 8069382
4557883 -1125175
-4845343 9209098
-3987254 3185215
-7463990 -8051116
-4665329 -9692450
7807698 9651103
-6127254 -8008296
-5065189 -1393263
-4314810 -3503001
4607751 6400949
-9777991 -8341385
-1792910 -9202574
-5292247 -262171
-8031227 1415034
-515584 5231917
6623094 -4691611
-5482513 6558651
-256134 4294103
-1240660 530233
-6645865 -5203771
6963684 -3389637
-1397933 3678186
-7715077 3352782
9849781 3536878
-62172 -2029887
-7854920 4457532
5254959 -7323811
2414019 -7131478
4283556 9962712
-2289019 -3100856
2207533 6284324
2842976 -5665925
1144531 -758628
2287958 5103194
9899423 9903871
-3485766 5642093
-679721 6863107
215889 -2367347
3685884 -5878446
-5391981 -7417977
7039555 -6376288
8816253 9269451
-7862027 2294514
-5226422 -6253376
645769 6421529
2705854 2484559
-665013 5369654
7127379 8065182
3168376 -9520482
2899741 -584663
7573782 3067800
-7552741 1930327
9562980 9410414
-6468032 -4820499
-2238476 3248864
-611072 -1860012
-2590561 7317431
-388054 -9278466
-5531842 -452587
8485294 4385524
9386436 -2369721
-7000066 -6292500
-8227318 -1278577
-8282707 2643665
-7940998 4941059
-9474789 -2866614
9063713 9632784
9043198 5488822
3184675 1143045
6908262 5091519
-6768493 3462551
779983 -3702810
-2981276 -6842702
-4778937 2908281
9810157 -5996765
1633514 6222710
9930210 9196593
-9565632 -2850200
9793465 -8297107
-839696 -7848339
-8198601 4368819
-3482044 -7798133
7690689 -9134888
-5475490 -4438846
3169025 -6608283
6854268 -8567228
-9753686 -1083116
2074183 -9849397
3058884 -2734961
-6215374 -188402
-3965692 2869042
-5418013 5418140
-7432059 -4035481
-9816236 -4983644
9684369 4877758
-753422 -655932
1545935 -8514231
-7649119 5764534
3842040 -8247024
-4855307 9391743
-9175485 -2988934
5927950 4515314
4665917 -8929170
-9147779 -9481515
-7153564 -9758846
3110196 -5363153
-9945013 -8602904
-2638385 208535
5224891 5139280
17039 -9938269
-8077849 4909261
6395030 1779969
-2455497 3468086
-2262585 1262263
654007 3902895
-9086039 2882108
-2602578 -6005126
-4934296 -641736
-7606899 4579692
4820846 -4082075
554772 7755889
9152986 -9552606
655929 -6873888
781744 9030953
9092685 -4119179
3306434 -9201217
2578752 -8985164
-3000725 -7782184
-4003569 2639607
-3457497 4736690
-9864850 6650438
-9354687 9972816
-8152568 -9951075
4628617 8227369
-5854705 6756886
4512775 -8034185
4929561 -2783581
-7141117 -3817887
-4786933 -4414510
-6017337 3640628
-3044237 6822104
7836940 -194551
2023265 9534516
-5309525 7352567
-5394391 8019697
-2813513 1232978
-6277853 -5259240
7306037 -9651848
8575522 -4430421
4842817 -5548994
-3583179 5237169
4969940 -644407
5537706 -8653618
9448224 7828824
-6014196 3267125
89229 -6569112
-4247311 941567
-7007565 -9557478
7795089 7775955
-1687996 -2317089
1432241 -7599301
9657811 -1985157
-1637004 5154388
3240320 6963848
-8585146 9454870
-2791609 -1916863
-44918 -9651973
-8305591 4694683
-4960141 8009141
1276266 3658985
-393775 -974337
9967231 -8634504
4324370 5358915
-4348778 5476018
-6841071 2119459
-2963490 3963226
4494421 4591171
-254441 9210673
6174521 -7142583
4828639 5502231
-6414631 105727
453754 4553382
-751934 3540451
1549592 -5335485
8323501 4287925
5829941 5342211
6707707 -2070274
5804993 -1686476
-6210458 -6451571
-1815760 -8543785
-2064207 -3051528
4055995 5220751
4431424 -7569785
-4712368 6317906
1820138 -6877702
3228025 2632624
-2813994 -2078141
-8537690 -6318220
-1653705 -1049576
5754702 -4471745
-9129534 -3330204
-2884125 1584643
9898167 94525
3642954 -7079132
-5622916 -6312291
-6847467 -8172806
-435703 2312877
4743092 -275120
-3957213 -6004278
9634372 2547077
7696053 379277
8301136 2862397
6544177 7398411
-3651164 2279798
7808053 7406825
6592973 4619890
-3795467 8678519
-1226956 -6291152
9146069 -3897300
-7693239 4932350
6759545 -6476847
-1647618 7975647
-9783121 -3676158
-7164084 5611827
-9324744 -3740334
-844705 -7529712
5332686 8371309
-1713928 9972783
2252582 -5606785
-8199960 -2848740
-8228850 60635
-1260845 8393014
4618214 -2024317
-3405265 28551
-5039098 3764283
-196212 -8582151
1909848 4236799
-9439359 8156171
3767998 2126727
902746 5912910
8383198 -3040394
-4669085 -9941959
-9969175 -3767764
625452 3616987
-9231752 2283407
4860394 -5058156
-6665142 -7460602
-6968566 6115901
-3855547 469425
-5766292 -373831
-6439630 -6378293
7858506 4037497
-5289980 5470218
-2403054 935499
-3151591 994370
7953976 1016044
1074085 -4768392
1463844 5801243
-581770 -6378738
-1578979 4605648
9547493 -7297170
7758581 5797768
1913669 5398703
-4131872 3306367
5448888 574474
4196181 -7381811
6655686 9009259
4479477 2054687
5506539 3882058
-5123572 4592775
-4391181 -7645052
-2413444 -7169596
1147999 -800743
-4663129 1566753
-3827599 -9433771
5785412 3757893
-444339 -4280106
-8881402 -3939655
9366712 3985682
-5439843 9503078
-7878733 4815600
3824859 8756338
-6672622 1293305
-4824637 -9179311
-2070184 8833917
-8811135 -7431857
7914899 -3945012
5254245 -8708226
2858527 -937102
-7854520 -9408884
-3134639 9030928
7267175 7930892
6507589 -1062626
-7076943 902125
405203 5874301
-6793747 -2516786
-3760448 -4957177
6336128 -452535
-7115494 -7916718
-9082801 4027844
6595987 814322
-614338 4622417
5914191 4510887
6090137 -5360093
7747376 -1227282
-9680002 8235617
-1317139 -5387263
-3933536 103525
-8994350 -4809550
3581103 -1010479
6472735 -6072794
-1029971 -696291
8851174 5228639
7311922 7822509
1850353 -8264320
-4933646 745473
-4632110 -9037307
-2010068 4452017
1608276 3798433
5087503 -5919931
-7684313 -644348
-3515258 5407502
8027379 -6485100
-8778297 2551206
4057079 1549382
5476588 4802806
-5893485 529814
8274805 6962969
4785478 5474041
-273927 -1896921
8848553 -3364168
-9885123 4792428
-8239203 6732795
531229 -1895191
2184878 -4114575
5241078 -4381268
3542586 -2983083
531818 4242172
9309730 1569966
-6880652 -5730127
9072679 3366809
6412975 1112288
-1924743 5695547
1169588 4687780
-7209140 -7139265
-7987081 3412014
-9279206 4155765
888560 -7872204
232605 -7518409
-1632984 3936141
9554874 4933836
-8049247 6124446
-7117030 3097460
7183778 -5001077
-8214852 -7807300
5559509 2819478
-6068234 -9142172
-930273 -5511164
1692969 2007023
-2615889 2755667
-3832319 -2999819
-8844054 -602970
-5958821 -3111525
-8113582 -5439142
8497000 4273784
-8276028 -7230213
8894233 8051874
-6334314 6191078
3706353 -8222796
6486256 -9150535
3668943 5491502
-1134318 -5437882
-949046 117062
4640437 7935409
691076 -9256077
-2255896 -7975452
-6062069 -624890
6263585 -8583598
-4022739 -2020890
4769246 8150004
3436143 6990613
-2441161 -990429
-4799351 2330376
-3376068 1224525
-5409658 8907002
4398504 5626541
-9811341 775638
-9107300 -6735814
3715947 -760387
-7500111 -1950511
-7409610 -5592976
3782134 -7239655
6693100 -3471679
-2976217 -7437929
3228427 -7329639
2177326 4309381
-6681048 -3335430
1511299 9736165
-6522958 -1480399
9942956 651583
-3721876 -9416263
1359375 -3142188
121999 -3533217
-1777251 -5231573
2817916 -6162054
-9238678 -6761010
-4000665 -2075342
4452979 -2940192
-378120 -7307565
7879148 3993114
-9181152 5366659
-7968770 -7427174
-7691009 6654152
7690106 3542529
6710464 8302386
8886123 7633062
-5509126 -7011411
-544628 245498
-2469723 -2870775
967172 194473
3433463 2864545
-9210796 -5755154
1304655 1949151
-2842062 -2241465
-8248350 3442887
-1190454 -4962913
-2390087 5086850
1741002 -6642872
-583991 -7564743
-9262357 -568892
9580522 -3873526
-884937 2140118
-7614384 -5928603
-6283026 1086787
-8718739 -7567755
5296790 -2799502
1445345 -2768924
9180227 6085994
-6155470 5266352
-1290761 -3661834
-6108395 8112532
-4284266 35137
3392266 -5982130
-3546873 7456736
9404197 -7191725
-1065251 9707122
-5636408 1501071
5572468 566164
-8347048 -3250792
-8302195 1805795
9006293 5450565
-7318359 6994596
-4403058 451638
-4282010 4378221
3232739 -8042176
-9929644 -3056419
6978719 7124344
3658566 8302442
-1724469 370985
-4304388 2628046
-5148480 -2320272
9180799 -2853286
7712878 -784887
-1519327 -2730380
1591767 1882182
-2667253 178479
-2826925 598060
-8950301 -7469259
6908962 -4713631
-2755806 9284041
-3772377 -7341947
2298749 9830902
8133345 5722694
8610031 -4042685
8585361 -3591124
-3395044 -5694357
-6031291 -6563118
-4831653 8302107
8088079 -8318412
3563770 3649020
-6172501 -320154
