197 -1091626 9019655
231
-5889411 -6394090
466950 -3289282
2032453 7713814
5123126 -2822805
-8469851 -643594
-6201386 6805631
9504754 -9907358
3279104 3578423
1421623 -7291565
-5620035 -436865
-4245650 3703625
-4646604 -4311627
5582645 -3938943
-6603540 -5538389
3369985 26875
-3850862 4932467
-8356814 7480574
-2289259 -867560
6309635 -3808009
5548397 -7166133
9639498 356137
448779 9347011
2925435 1660604
-3114609 6244235
-4192629 6863410
567035 1265356
-529919 -5921927
139131 -1563217
2898395 -4947274
5079602 -3948057
-9015589 -3731620
6265307 -8771260
361180 -7372403
-1180412 -6023952
9326267 9187167
-7940344 6884338
6231349 1482117
5659073 2508435
-1247329 -8326864
8536546 -7455536
-3673828 -2923606
1154467 -896419
56717 5796253
-9151020 3809950
9861894 -7044888
-776508 -1555066
-7809974 -9153695
5990254 -4511201
-8018801 2551206
-5745275 7326194
4210532 -8692534
2789583 -3685618
1339169 -7041766
-5368630 -1551344
-6490528 2608192
9684586 5684269
-5212150 -164356
-4368102 -6644594
7165356 -2639081
316031 8997230
-2557836 7027250
389907 9539524
7544675 -7851458
4699748 8896513
6222708 9525875
-9166659 1470825
301559 -7050408
-4092174 -3860723
-2895715 -8359271
-3234727 539197
-3776534 613758
-9550598 -3550140
-7678382 -6472332
888588 8597652
111234 9486974
-969423 -8795381
3260495 69750
2218292 1936836
833350 805171
-7152602 -3081960
905218 9572410
5038354 6197091
-7663632 -8793223
5363858 -9053819
-5998270 -8042994
2570764 -7870868
-8904656 -7258452
8785568 -4463482
-5865829 -6583038
-7096064 -325844
-6604872 -3238243
6831508 -5549135
6387702 -828025
2493498 -950200
-1515807 9737404
9309814 5340896
1537988 9389411
3112540 4348168
-2189299 -3609292
-9135934 -1523601
605531 -5671217
-2929669 3434830
1487701 1700875
5117837 -4144100
-1953592 -1861776
4899981 538125
4988991 -6042112
3129864 1731489
-9218710 1376693
-6369551 8139714
3480611 -734517
-8828754 -7059737
-195217 7534951
6442011 4283786
-7239815 131837
4460620 7306078
740908 3365716
-4933409 -8469048
9903204 4744961
-7116815 2700780
-6761094 -2050388
-5576147 7783167
-485344 744249
-7879058 70069
-1790217 -7187702
-5405867 -4248609
-8791994 4206746
1741697 -4234621
2565518 -6470859
-3822670 -9299939
8006139 5325703
-8792228 -9362049
4685255 -8736601
6008361 8790715
1491496 4588459
5054423 8891546
-808935 -2753246
7991003 1994628
-7935303 8705722
4034372 -9888055
8379688 -7209167
6997579 8628506
6910237 2104046
-1850461 -1260723
-560662 -524245
7317811 4326870
-2518827 9961829
-8774772 8525583
7316298 -7833572
-728761 7233589
-1358512 -8675854
-1429100 6842014
-8647005 7832553
-945373 -3438097
-3326152 -6582308
-3791475 5605352
4233858 7569888
-7809714 -6793895
-5538266 -6339553
3136203 339826
7183048 -3582576
8895605 454014
-8504051 -5335779
9347001 -9879167
-129225 8812247
-9863606 -8865408
7976606 1028615
-1138832 -1292706
5269198 9329601
5263646 432148
-3962500 4459398
-5454361 3988523
-289020 2787710
6448157 9252277
-7891545 -3310934
3106490 -7899288
-4928922 9291503
6472076 -5481553
-5360719 -3432973
7895627 5819077
6953669 -2973592
8055023 548373
1772019 -2553372
9292581 9432543
-7618957 9557569
-3466680 4556227
-8938897 -9065105
3722605 -6404689
-7152412 772083
7461150 -7312885
7304179 -5043956
6763899 -6916008
-2397560 -7624742
-8541363 -4247672
-8428595 -5241927
1784481 9354264
-7581011 1041427
1004407 -7644144
4304751 4191009
3748578 -7186660
7369568 6685795
7620690 -9718102
-6122791 947023
-8280894 -6140352
9063115 9241150
-5802806 9180256
4780601 6367294
8742552 3477445
9229773 -7616959
9657466 -9798810
2071806 3317531
6875310 1441947
-3685845 4490796
-8801843 -9603931
-6790591 -9381094
-178947 4946735
-2255014 3095329
-5957648 -2558256
-6182256 -5861453
-6620303 -4238541
7458067 -7119141
9248153 -9906757
3570689 2238668
-2861939 507058
-6775400 -4683186
1150697 -3204473
753826 5296406
-7696446 -1973993
-1577924 7067981
203240 -6498289
964799 1631486
