244 9278692 3962674
691
-3260241 -1395043
-7989511 -3842798
2217867 9192582
9294476 -1300320
7332878 6545043
3885742 -3261187
-5244215 -3127196
5451512 8299660
-7122684 -7645475
-9908543 7838662
-1066706 4458002
3091856 -559203
1842658 8599532
-374302 -7774102
4020942 -150300
971009 -6411627
-7738073 -9239299
9953284 2981498
-8318822 4479794
1024837 1764112
8502925 1530408
8403212 7426932
-1757056 5775062
8129588 3854724
-5790261 -6363388
8094614 8221045
-9821805 -4340615
6775269 -6297177
-4071279 -5462795
-3096743 -3599032
-7494307 2466015
3226716 7874266
-6627884 -5232380
9247415 3180000
7460465 -4946706
-899945 272252
-9784464 5963390
1738453 -2496733
3874344 -1541520
2095092 -7615607
3121790 600435
6259820 -7293941
8925234 -4183663
353542 3035090
1952410 7370307
-163678 -226849
-2352583 4458103
9225723 -6936962
-1240609 1019533
-1410820 989490
3778095 -3780144
-7816754 7689235
7708854 3993631
4968464 -3561949
-1177556 1583198
4699985 9579908
-7714033 4460587
-9723076 959806
6511248 -8788799
8581508 -6853181
2919970 -1536342
5438113 -1582170
-6002779 -9432612
1586921 -2819812
8169679 2756612
8976468 2692453
381688 -5535874
974109 3676066
2630470 -1909457
2190093 -4057427
-4477518 3969266
-1570147 -3109921
366237 -9675199
-8463997 -1293222
1853597 9393837
-2142505 2633863
3568046 -5226433
7857307 5811960
-7007852 7565267
-7161769 -8039419
4653034 3678179
8142305 -8185301
-1992883 7551075
-4358382 -883585
-2424660 -9362413
4606854 348063
-245506 3097822
-4061024 5553059
-5740163 -9879269
9514568 -2525021
2625194 -1370214
-4080294 9888415
-1783273 8709592
6274859 -6222987
-4262406 1208876
7403407 9113090
3444141 2906981
458056 -1937935
-305168 3967611
4605198 -1383974
8964089 7270172
-7115653 -8271596
-202184 -8765064
3872019 -1176677
-1185346 -3425995
5203792 3386588
-4208645 3956200
2665793 3639850
7416863 4008083
7733311 -8542996
3086447 5670810
-8905857 -2346930
5715135 -3469412
3014551 1552199
-9831775 -4590033
-7319860 -9863898
-8135494 1648666
-4600046 -4435513
-3095838 -5821326
752680 9271974
-4825086 5718816
-324984 8472824
2112674 966269
7490704 -7659191
-6202186 -7954111
233051 -2259633
5393438 6884261
5931201 1327194
-7120607 1108573
6518541 -1054247
-918145 5563970
9728989 1715033
7279520 -6537287
-2358612 -4871057
-5599083 6700034
2418850 910420
-616756 -424169
3058453 4610218
6951028 -8504082
6058159 549157
805877 3265194
-7334193 -3708789
7618405 -3800685
7307888 1113360
2575465 3014151
-8905527 -3657219
8057814 4173672
152738 -9176538
8468758 -2146314
-5446280 310478
-8779102 -7130325
-5038141 6972570
1582789 604142
-5383588 8020312
-8914179 -8949831
-3168285 3190923
9482134 1891698
607365 -7986126
3127234 -383108
-7368957 -2084746
-3225613 8219052
2392724 6241868
7065331 -5167798
2685888 -7454538
2855940 -1949559
920116 7239609
-3271469 4076838
7197332 -1601673
8934991 827672
-5605807 4330096
-2478980 -9979187
-5571137 -6257740
-4243866 9519506
-863602 5036229
5467835 1399721
-381227 -5716207
-9474338 -7757778
-2925576 -7988503
-5443040 107345
8157786 2276665
-7967374 -70748
-5993909 -8405746
-7418 -1238843
2105182 3719775
-1950128 -1072427
-8535262 -984273
2757988 -1912756
-2393250 -4106398
3446183 8514122
-86157 6743149
-8973058 -1085982
-6327408 9532616
4060466 4068956
-5823699 -6736631
5540034 8617426
-1453322 4850439
6444694 7572660
8850169 -4930879
8788897 8953628
-9602447 955351
9971079 9355121
9958717 -8137708
-9727754 -4754581
-6240459 -2434533
-5691384 3718429
5148799 -3810263
-4277647 7851911
-5562781 8821391
-7915240 9782819
916597 -8870127
5980312 141146
-2286194 1979628
7048749 -5058642
-6105014 9080328
-7447969 -1646002
-9774529 -5707460
8671184 -7476890
-9715119 -9815812
-2250344 8943430
-4821789 -5955577
-7249488 -5425376
4942887 -9672990
1664753 -9010783
-9227963 1896459
3026332 -3734134
6407012 -5795014
6184614 -993356
-3535645 6637171
5717499 -4250284
-3379934 359341
-2831767 8269530
3308993 -3154462
9546078 -4160583
7299199 3593874
154649 9812086
-5613289 -7522590
-7195580 2905161
3894379 1845950
-6257591 -3014474
3251392 -2817232
1387754 6768741
8291738 -341596
-3704425 -9911279
8354789 -5243907
-2368214 4529426
2798957 -5025145
-5663255 4800020
3155789 -3892050
2218176 6399176
6211262 454989
2932399 -7627174
5277987 -9402027
-5039724 -1746828
5238698 -827634
6355134 -8780963
7987779 -1509910
664846 -9740759
2864314 -1204131
3551962 -523226
-5993800 1219103
-1289690 3700100
-8983528 -678491
-2054189 -4436592
-8037416 4172262
7143603 -9836012
-7463186 8173846
1288172 -7407646
845526 331153
9503520 -1235200
-16163 8600576
9607018 -1624994
-8849401 -9512032
-716163 271865
2264991 4014913
7750368 5352151
-947748 6271191
-4407299 -3539321
-5459561 -7414924
6757338 3538512
-3781148 9019375
7193221 -3582707
-990352 -1244334
1603172 -9002255
-237455 2371526
972103 1106692
1998050 2262735
2750703 579121
3367338 3148650
9679915 -7965459
-96956 -4367671
4419873 7430284
6407315 8955296
-8459627 2528926
-3932562 -9052246
9967129 814063
-252291 -5197357
-3925339 -323298
-6809200 8757357
-6354765 7677833
-8699123 -4530303
7732432 4617338
7712812 3298928
8963930 483136
-4965971 1080150
-771168 8643845
-1409519 4937073
-3591278 -6351295
6177631 -5002204
8461902 -9534553
-6204138 4761421
9564064 945383
-9377914 3543571
2300928 8155078
5832911 6329238
-8201065 5946164
-6920146 7133789
-7050931 2047720
-7469144 -9207334
-5610831 4429351
3073196 -9918763
5018310 -3865647
-216942 -8336322
9177826 3943384
4408831 8477041
3238462 7639729
-1414888 8204694
-5735383 -4681121
-6526043 -8276450
8052788 6565546
-4971938 9306868
-1042991 2368076
-5584204 -9375732
3933287 -5577570
8851781 9463004
2060593 838808
6973161 -5558670
-3894992 -2921097
3538640 -3243781
7749612 7799186
5438915 -2052529
8668517 988074
-1176695 -5975972
8263930 -7066865
2015033 2297262
-5879517 -1166929
-8798853 -440553
183715 -4406156
16275 8133295
112651 6633354
-2527838 -1131944
-4174262 -7826756
-8231501 -5554677
-6282106 -5552902
-7753715 5307139
5770963 -8532494
-5028067 7685200
4225580 -3044168
-7594681 3795238
8608853 2489511
-8677418 4420352
6496151 5245688
-9160468 5040081
-4310272 9196219
5829573 -6627841
-5243432 5802379
7975623 -6698264
-2252941 582306
5029405 9744122
5051262 -6018694
-4551188 7275690
-2522758 -6661423
294409 -7062903
6732336 -8297177
-3291314 2699729
9636433 -2142459
-6896771 -9452380
5587701 6132585
5328804 6459113
2347625 -8722571
-403840 -6325271
-3023535 7104193
-9797149 -2428217
-2684095 -2760123
-6262465 -2251392
-4975702 4883519
738448 -813653
-5360203 -4982107
-3279284 -8967142
-3751061 -8627867
-8253974 -4054246
-3506626 -4114628
4534309 7365607
-3658928 4597427
-1608792 -7620535
-3945805 8688697
-1690758 7987368
-4440849 -4452988
2786889 -8971554
-1222946 -4608592
2791280 6524424
8227124 -3682295
1335598 -6470272
7078938 -7133079
6755406 572666
6518420 -6672123
-786750 1017784
-1616609 5528146
-7358075 6263911
8643377 -2759185
-4070487 1033133
-979499 7213924
-7239064 -3244893
-2216447 -2903996
-4996236 -1935822
7104954 6560608
-7121687 7795044
3841125 -2151570
-6768297 -3269737
7302929 920063
-3235707 2503461
-6478755 -3662299
-8134153 -1506105
-5242194 -5579012
1661804 -5492228
-1942743 5917535
3131459 107669
6862776 -405890
6690114 -1591252
6472926 -5353670
3723290 -8306122
2005275 3577880
3942663 6601603
-6668134 8362752
-8200833 7174366
-322172 3151147
9488848 -1436540
-426293 -4284575
136414 3871047
895171 4331514
-7234599 4314570
-5577761 8952428
-8937110 5896861
-5694391 -8714985
8447697 7753004
1963234 3294887
9389119 2170987
-8711058 6484861
-2636035 3331782
506149 7137160
288307 -836867
242945 2700329
8415754 -7706493
6164554 2333005
-3335481 -8931480
5383090 9576077
1044857 -8053728
7843133 9805329
3606697 2107747
-7622897 4665094
-2040019 -5429254
6741734 4340338
-6658449 9865453
3197235 547028
-2315811 705517
2385002 6219736
-1079935 488848
2782356 5144299
-2522696 9852172
-9079308 -8536738
-8960660 -3341825
-1395552 -1179865
-8858184 -5399451
6708297 8963933
-3854620 4748513
9319260 9085400
-4057910 -3378287
-3512834 -1422654
1640726 -8200006
2505511 9684402
-1579510 1841267
-7669884 7406865
2551164 -143092
-290920 -2371176
-907914 2544821
9202996 -6853876
-5517389 -7352222
-2751672 -2192556
9287730 -4375572
-9627059 6472977
-1925271 -4566890
2054823 2208553
3302251 -3466828
-1666834 8541990
742744 -5057022
-699403 3355029
761894 9163234
-979858 1630713
9259537 5829410
-1625769 1245574
-3091949 -9132024
-6484246 -2422772
-2098976 1390662
7015090 -6719566
2269763 9705106
-4861784 -95616
4629289 -9655507
-3122335 -290608
-1748618 -2068459
-4609129 5210831
-1434140 1510478
-6809936 4691468
8838534 1844106
-9810132 -5273441
-1511515 8098071
1482399 -1435900
-1342320 5396536
9303551 -2485494
794940 -924944
-1219837 -1165007
8739377 -6935296
5925549 -3565269
6144123 3368667
3816560 -7196786
530397 6911857
-1577665 1723783
-3584749 1612609
5973067 -5871248
-1144689 -4746215
5868209 6162935
7243387 7343796
-4743315 9866960
-2618534 -4098933
-2507524 -5439764
-4088419 692759
-3726185 6272639
-7292630 -5349041
535978 -7800636
7518930 1367846
-1720297 6868890
-1407327 -1950673
2178288 -781609
3347143 5007924
2778062 -1848645
-5685710 4718806
2062602 -8837377
-8970417 -8442322
9975097 -164361
4395875 -9072598
1620161 -2532427
6256564 -9692543
7474768 7893976
-9906660 8963935
-7151867 -9472902
7395988 128622
694301 1127836
-9653773 -4011339
3512937 -7127411
1023944 -3790278
-9071472 8807351
2486326 -2145414
-8071384 -4492517
5343122 -3967738
-3040336 4420066
-8112361 -7744650
5079159 1096177
-1009847 8144204
-375509 2553927
-4402623 -8400155
1728467 2472624
6116812 -7006635
-8501622 -7577232
7811709 -1020608
5189114 -2472333
-3664981 -8647995
-793409 -1366005
4141478 1337697
7369959 -6348440
8071626 -515400
-5743698 -5670377
5425800 2475617
-6863827 9335461
-5594260 6932305
8532150 -4722984
265992 3117
-4487166 -7223031
7716089 -3617195
-2121451 -2988788
-2944768 5527798
6879803 -6932337
-5781990 3390251
-5272052 8602747
4770659 875840
2876793 4614260
8943883 -4641363
7834254 7133095
6468557 -3113964
6334693 3486780
8763796 -9125703
877415 4866844
160165 -8453859
-9554702 6390249
5917814 -2123745
-6595947 -1676153
-6092138 -7026954
-1120351 2800209
1402956 -1874127
9001713 -3876051
3254561 -3826385
1532252 1878506
-8472046 -5285203
1600833 -8117142
-2114010 7996511
8870808 -2064474
5318722 9166139
-9287720 -7735425
1171177 -4521112
-4128505 -8842422
-518575 9605343
5094741 -8208100
4592109 3389287
4031512 6490742
-7385309 8511417
7201384 -4450422
-55564 -1614395
3100402 -8750012
-6867153 1472390
-531099 -5298765
-4846887 1018837
184976 -9143938
5636989 2988188
983428 -6586392
-5428814 -3191834
8929861 6854923
1163175 -3431037
2474603 4024602
515344 -4244715
6783054 9022467
-5427955 -4353612
4031993 3984439
-2249221 -2967166
8505224 -2867605
-5650018 883626
4418816 -9509522
3862892 -7980553
5007635 7120144
3050105 -500119
-1175600 -4008937
5362338 137643
6706607 -9729387
4295216 -3474486
-5202849 -8302438
-9279971 7326912
-7026700 4096557
-9402652 7808427
-5158739 -478355
6654040 -1651872
1748106 5862837
-1130333 3520374
5539822 -3833078
5803419 -7267441
-5251207 -6936191
-945127 -1146476
1507519 -3910455
-3639842 6933563
5975429 -1785874
-7571960 -9344626
498639 -9227420
-2614510 -6851930
3472849 3471939
5509937 -2017162
6330966 830462
-3306701 2163977
8200704 -1920927
-3237653 5562967
8295526 -3743122
-679313 5082118
6451994 5560671
-8349784 891912
-2174524 -2040486
6173640 -1989625
-8817899 -6199095
7089838 1118033
4266103 1680740
7669032 -5524672
-5025482 -9744696
1085766 3178969
7859298 -8694515
-8099090 7779065
-4141616 -1423646
4833232 -1336743
-6254624 6670263
