354 783232 -8324750
736
3855573 3740598
-6878054 -7223931
3719864 3401383
2539459 -6657272
1187979 8478015
-4908137 1699836
7256536 -7681922
-621772 3252240
-3649392 2245704
-9190043 5297888
8815819 1951042
-4354537 8457340
-2222521 -205284
7039567 -989632
9793600 3793214
-2466188 1231170
-3476409 3649174
9566909 655758
-3485162 2759807
1237823 -5377280
6322557 219169
2537248 6329686
-7901722 -3904555
857502 4431828
-270284 -1551113
-9600071 -5816189
-7358849 -1454465
856603 8561744
-2427888 418630
-5788156 -9587477
-5839955 -2634287
3531239 -5737992
-2565882 683636
-6556556 3098148
7720868 3948956
-5831874 4681267
-6472695 -3440223
-4828425 -778274
-6346446 -4374417
-3409178 6029077
-9787112 3383271
4445158 9507104
8068848 5370391
8305374 -4698238
-4285715 8157313
-4476974 5033570
9295579 -125670
3074318 1570617
7185117 -3270303
3195006 6517762
-6284619 -2577663
3982115 7363132
9101210 9759038
7900974 9153690
-2300881 -7245236
-1345613 -5508204
6515252 -9571641
5798750 -6900454
-9082340 -2899547
-4742234 4104124
-862305 9148297
-8461021 -6702856
4867761 -9050374
-2320677 4613297
-6352588 2052878
9475215 3390681
-6729835 9879145
9638184 -4026318
-4872628 -7628625
7642492 55510
4547306 -4657157
-4228798 -3703121
-8087223 -6421089
679364 4086305
-9293219 5346789
4495086 5937130
9234274 -155524
794102 -1449583
5680067 -3381613
8671265 989778
6896811 1843831
1722976 8146480
-5879837 -9833023
5054704 -6122488
3933022 -8236113
9623083 2697196
8994076 -9003319
-5424408 7910637
1996942 3423205
-1230005 -2228692
-6291562 2703724
5064552 -6734919
-5668149 5459064
-7922549 8375007
-8118863 -9988082
1855749 -9251284
1411548 8777948
8944925 6095077
9972590 -1951937
-188049 -3484018
9213178 -3578036
-2581355 -8048614
9862023 723606
-5853188 -5489411
2281897 1858966
-5437310 2916807
-1301760 -1493313
-6034249 2143594
518601 3030091
3042009 8559554
1824622 2399738
1177687 7414110
3509188 -6763829
1284234 -7361036
-845054 3481778
9903742 3612537
5563923 -9115523
1608083 9838740
-5650671 5425947
9801265 5754895
-1328298 6631227
-4862086 6880307
-976099 7369943
-7083614 -8379982
-9820428 9542503
-5541407 5958396
-4111142 2004195
-2243282 5636280
791597 9398046
-4603824 9040952
-4830158 2462895
3347372 7816271
7655011 3250117
-8807584 -5044544
-9289649 4520692
-6331729 -9006319
7873988 -8101594
1784701 -8677462
-7057444 9414242
1473097 4701087
-6824165 5638480
-2357325 5931690
-5915677 -935306
-1537260 -2084255
9473050 4875920
9855167 3858917
-5808460 -5357108
7893009 3202540
674348 -8153449
-1116405 1601778
2595459 -6098949
-4200543 2551867
3874405 -7014200
-7599958 100510
-5198402 -666687
-5028207 3873139
-7678819 -2022567
7042127 -4869179
3046566 -3594496
3797776 8021220
-5603511 2519616
-321140 3652944
-3144516 -1411971
434580 -9911778
1690000 46184
3947235 1834527
-5613606 6801811
9787611 2263045
-7636445 777151
-9889536 4704005
-8906504 -2834847
-2341061 7598610
-7270569 -6585322
-7663466 7217418
5238638 -1707651
3328318 6134311
-212745 9635127
-1776844 -6992822
5611752 -840909
9205275 1174088
-6991384 -2698248
6619916 -4331138
7931907 9911362
688514 6407527
-6372115 -9704537
9976968 -6684670
-9086060 7237733
3168763 -2364093
-5146674 6159723
-5547927 5505298
1639609 -9908036
2243444 7780391
3303921 3943216
-6897693 2982952
-5842959 -1084326
-1266222 4823934
-9507204 9682009
2109723 -4646306
4277574 8424704
1236519 5314589
8629920 421811
-2340456 1213487
8849395 2060212
-1780064 -9171692
-1150042 6219073
-1172611 2672009
-7031248 3005919
-3050865 -8929167
-3429862 6272673
7704699 -7432206
7391728 -6756469
5441892 -3561522
1792172 7884524
-1174420 -2448385
-7133795 8586098
-992091 -9937901
1275587 4012477
-3927311 6667454
12114 -7358666
1376759 4292625
9480986 8862072
1867991 -9795852
3791334 -7550262
1238764 1333478
3901272 -9638528
-6394997 -8540185
-2101707 1293000
-8306124 1563247
9114862 2206818
792916 519457
581556 4497419
-1490104 2317178
-8499016 4373495
-468819 4582586
-8608437 1513098
-7108478 -9092060
3628441 -9127450
5838640 -2724135
8609343 9936127
-9702401 9593756
-8946428 2510615
-6196385 6418954
-2017799 -1048135
3675035 -4502509
-1466700 9613415
4110835 6984304
-698518 9114857
-3995296 -7379269
-280331 802466
4831916 5535886
-1039822 -6372415
-5499865 7723438
7515655 -7411381
-7475254 2855127
2448884 6124998
-1364387 5338697
-5725997 3502456
4970673 -5044420
-7030577 -5227444
-5614028 -8837939
8146365 1502724
617581 1013159
-3849758 9964199
-6716983 -861363
-5325477 -1613736
2013849 8114933
-1645277 -3848946
-1260327 -969664
-8114537 -4129622
4511728 -6219228
1635821 4334347
-9646845 -6852659
-9380727 5909825
3198733 -2159819
-997758 -6411304
5091420 101057
-8885784 -2851393
9629158 8225353
9880343 -2735541
5650723 -7087825
3543460 -5445134
-6777728 -9819076
-788740 4414535
2801265 1961946
-1740930 1096723
7947423 -2687007
-7023314 9894891
-1678932 816930
8657111 -6404041
9701007 -8480198
1620859 -2340647
-2675688 -2691220
8050485 -4748572
-4967761 -3046530
-7618003 7930828
5002047 3199314
3380238 5925457
339992 8224319
-7297383 -7408502
-3795427 -6858743
-7029398 961687
-6627069 -5848004
-2514721 -4052712
-7940401 -5789649
-4269847 -3857610
-3681904 -8239393
-8414261 -132635
-2364855 -3841240
-4371417 9636224
7567053 2667384
-4133302 -1989420
6452390 -4914548
-6690229 9246936
4354786 -3207618
-7550008 -3987611
-509572 -9440641
7227708 -4579406
-6115765 -4620289
-409937 -5287013
-6628271 -4056166
-9779207 -2163432
7703933 -7793823
-1635062 -8193468
-8557243 -4660922
522814 3993521
4520453 1526162
6611614 6389512
-1847200 972843
281578 2437737
966478 -7492414
5583298 2731570
668516 2973259
8352970 -4672642
40345 4552751
3012938 -2056967
5779602 -4071574
-1865396 3233731
5040264 -4000113
-6144682 6499542
-6990585 -1000627
-9474465 4378132
-6716003 7529868
-1497288 -346499
-7908762 1436797
-3539264 8784290
-5967788 3057717
-3969024 -7955966
-2628608 4700728
-8230168 6900298
-5156668 -71911
-1627133 4782770
-1983499 3139286
9139173 6507471
-4476635 5573117
-5427510 -7005509
-111024 -1467220
8579001 7614377
-2732122 3172973
-5390230 9598065
898707 -8124531
-2550462 -6413142
8147244 4930919
-7852001 -4003134
-7102836 8034988
-9520571 6434183
1216953 -9743152
3396134 -1147703
-4640232 1749807
-2677076 2535308
-1953849 -6600514
1932266 -5588233
-7973856 451479
-6375548 -6972381
-7374316 -8189625
-6314156 -9249425
-5662567 3524391
-9028338 1135382
7132248 5001030
3036018 5636014
2070197 2545764
2802613 3515448
-7632255 5803503
-2446690 -3801253
1250407 -9756135
-6356649 -2607414
1804353 1812911
-7735610 -1908030
1119589 -3653150
-1842775 -4111157
9155770 3745274
9786017 -5640579
5494803 6009555
1010585 -9242320
6393694 -4856597
7689167 -5953396
7562052 -1536109
-5732606 491780
-793120 2446149
2690014 -5662944
1729643 -9542713
2270198 6333366
6941688 6050348
4913550 -2949059
-4543864 -1938723
4322903 -6929225
9946548 -5388094
-9378539 4108921
-2617047 5441351
3101106 1632047
-1804997 -6223353
-5243110 790274
3798406 -4242945
719556 -8459363
-4122307 -6994714
5978926 -6590430
2259288 123688
-3825963 -9234524
-2183583 -799024
-221394 3603939
6674715 3272553
7884459 -5898491
726782 -862385
-5421033 1022273
5170672 8109735
-8113618 196425
3503051 -6634325
-8360918 -3356727
-9299738 -2698542
-7176904 2358638
-1715440 -3422045
6701644 1318374
2083851 -9456151
-7738823 5392033
-1004028 9900268
-4310826 2039783
-1342355 8187039
-2675345 -6426367
-2887742 9384427
7494163 -5580026
-2867249 -7717070
8164957 1896897
8540170 -9364197
-9546387 9804039
-5320971 1756784
8334740 5793061
-2888564 -4520058
-3976209 -2447264
5461121 9195287
1611907 -9198680
2841104 6973445
-2323163 7301081
3391067 4015101
3399528 5001492
1937818 -9496675
5302608 893691
-7209411 9070569
2222724 3467565
-4212043 3847111
-4396104 2676337
-1530601 -7016662
-1536720 6454988
-5992276 5580835
-2707526 -2996577
-2195256 1985197
-1041358 8904381
6205463 3162200
-2822699 6635479
-5846677 -403470
-7383793 -9423171
-6013127 -1392507
-9805585 7918815
1386381 9293814
3140925 2417139
-4906523 -309310
2674028 1261173
-9767487 -3920772
-8339937 -8862691
-1859268 -5759763
-1258214 -8531111
-9626730 5945476
-8375972 7700429
-3147740 -904915
8691615 -1198671
-8105489 1005584
9613077 3824175
1742990 -4118616
7691550 2323844
-5259016 5645723
-4663587 832475
4610001 -7649187
-1569959 526794
1664103 4842514
1599104 -7393544
-5924655 2321187
-9216984 -9659110
557671 -5551385
3543701 -7592956
-6275274 7409932
-9068132 -5248332
8575843 -4380763
-5983027 3061297
-4614858 -7164814
8480909 -8291477
-4942650 126126
2476939 6333675
-3139531 2183703
-2973782 -9093020
6029788 8524572
-6637889 1141674
-6001084 -9894867
7070100 -5854873
-3447828 4556588
-5517128 -6869847
-2118178 276898
-1587513 -4585260
8476037 8974017
4325555 2429460
-3345665 6377531
-3496343 2806465
-859860 1711685
6411741 1496948
-5079720 -1483039
9557885 5954311
-2904015 -9049932
-8944799 -7080004
-2934876 -6388747
8167841 8125302
3771807 -3866352
6410546 5167065
3098157 -8346371
3143999 -5176967
-231155 -5909453
-9531922 -2530446
2792371 -1060468
3167569 -3028264
8468684 4448863
-7034176 -420690
-4466379 5905317
6855385 -7476291
7960058 -4854042
-1242788 7910587
-1447759 -4974818
1158830 9441405
4608471 -7675952
6494030 -9914272
7425113 -2293372
1797175 -7845619
-7859713 9710310
-1350158 2265254
1753342 4932659
-8102126 -8182589
1396722 -7261622
8643695 -5136301
9903760 -553305
4592654 -1984567
-4073980 7863818
5405352 -6650134
-7208729 -3005387
-8164987 9080534
1682614 -83906
7622723 845395
2999776 -892273
-1181963 -8063750
-3282144 5140064
-7410925 -15769
1801643 987550
-3757719 -5513051
-8133000 5714717
-4838588 7402328
-4582239 4287113
-5332717 9754066
-6896068 -6139867
854746 2588988
1669522 8411556
-1672350 -4793888
6051507 -6647863
-5023784 8466725
2919328 -8432364
6707700 -3689394
6294837 2153536
-6858913 1813127
-1183572 -9387168
6327549 -8100280
9302048 -6800219
7486894 4005314
3759380 -5280190
-1420057 4670529
-2740483 -620335
-9692427 1951042
7157154 8929040
4797529 -1364777
9618301 3208661
4776297 2290097
8600703 -4946019
7207517 -5999651
-1670172 -2588107
-1975275 2864956
4764676 7146257
2862390 6868627
873941 4066725
1302887 349284
-4980187 -5366679
-3470662 9882830
1833872 2279331
-6275277 -3163089
-2011513 -8492622
4716040 1038604
-6671299 -2393212
-4822879 -7991311
-3990961 -8070595
-658702 -7615362
-2234053 4338867
-5998524 -117625
-3248998 -7469377
-886300 6863866
9729502 7624943
4774617 -9583413
2815770 7265668
-7938649 -8696045
-1859133 7165994
8673373 8302426
-658970 6129354
6252494 3389413
5398102 2669731
-2884512 -8570385
6330605 3923493
-9221287 -1026862
1371866 -5903448
9143528 7296541
4160408 8122868
5747812 -1742772
-8809832 -3593738
-6328070 -6961219
-5657264 -3477710
-6311716 8249633
6552059 -5000045
3645661 -7638343
-1732578 -4106911
1079173 -101845
-6155878 6181877
-7378278 711013
2200504 2691080
-696016 -6599565
-9303023 -6427630
-8304762 -1552488
-778907 -2626263
-3703649 -40598
2998183 -7072387
-550097 -31718
-9265733 -142728
4857227 3138187
-1983803 7286327
5695768 -1497111
917396 -1200029
-5018152 9291293
-7481341 -2722129
2485303 -2396429
-6479642 4719163
807885 -8210713
-7246848 6733687
-5892576 -4980525
-2504770 1974245
-2581790 403776
2888410 3009765
-7132963 6868113
-7477348 3622677
-6574644 7724265
8743506 -6944799
1855173 9121125
928770 -7822746
-544875 -646627
-526704 3447429
-9317056 4456780
6246068 2993655
-7756306 1490829
6510305 8999220
-6510183 -3648881
-728753 -5994465
7015300 908027
-9707508 4676009
-9184962 2398690
122955 -7184856
8386698 -5759605
5877872 -8617187
-6439933 241871
9595244 -3193358
2770424 -4468455
9988325 -8415107
-2905100 3453368
-5055802 -1249255
-2250035 -661406
-1793935 -8545497
7976390 -6243866
4664161 7477312
-5330327 4991690
-2609620 4956653
288150 -4515288
-7758541 29687
-6071148 -1325152
1433071 8119331
7442325 -9994728
8053169 -6455333
-4870440 212749
-6333882 8041494
9308592 2224460
-8436945 -1389684
-7418829 -2941443
-6668956 -230880
9762785 -9442439
-1934397 7995205
-4531789 -5567542
-7566478 -2027664
8002023 -1727287
6947561 -5325019
-7205688 4447228
4452500 -9103016
-5558349 -9763362
-7034261 2505669
-6936485 -428788
4312024 -3368143
5242173 -7627893
-8052983 -1608569
676904 339696
897257 7794413
5789618 439689
-2611501 1479213
9451549 3774181
4563246 -177978
4497003 -30076
-5582848 -5972841
-5075857 -192332
-7439342 1386004
6408025 -634205
1453359 -4473603
2158255 9471541
4360000 8281735
