46 -4899728 -9747971
562
-3884973 -1045667
-4209774 -6910778
5597759 9939146
-5624944 3969742
7797947 -9379090
6454769 -44015
-9154432 -3304380
-9410324 7176385
5961815 -4974482
700060 1140691
7950626 7163914
-8788504 2828052
160388 -2299427
8628691 388165
-1995210 7861950
9332635 8880721
-8030057 -3363831
9091667 7639213
-5874692 84054
704965 -6533276
3422709 -8076745
-8864773 9676086
6852471 4268277
9293795 4241255
-4618054 2814286
-7505448 -7489793
5338260 5848924
-6450503 -6293952
4094214 8015000
-1606698 4694541
3575262 4615356
3767877 -2274062
7881503 -1938443
8145612 2859544
6326268 -7993189
6446419 -8633071
-8956985 -7734670
6533607 7581646
-5660746 7895487
-6773875 -1656245
853962 -278800
-4429875 -4279322
-573274 8708574
-760073 -8364026
6330515 6037292
-6831000 7633229
7875519 -7577871
-6999961 6936877
-203578 5757023
7763834 3662003
5028932 8639042
3420724 -3273395
6824604 -1411701
9000138 -7529316
814439 -8836142
-6598590 -7773736
-9536706 4184753
-4590320 -8512113
-6876138 -109980
8443665 4649607
-5200812 1970729
-3090789 -8387335
8549543 -7325292
8431731 -90750
-6428747 -9137683
2017711 -1288083
-2045125 1116537
9704836 -4561564
-2090880 -5220521
8459689 8704975
3447591 1239911
7941016 -8138901
-6651013 -3572763
6317257 -6649304
516655 8989201
959930 4760922
-1110060 5315844
7990552 7869141
-9705257 -2560517
-1698200 -1061365
166904 -6134004
4982533 2835863
8274299 8121779
5417610 -2796278
8425049 8699771
-60318 3877299
-1745249 1872640
8299877 -2119301
-6252253 1603738
592939 -2866514
4410761 4264403
-7903401 4069221
-5545285 -6699299
-6743464 2603503
-8457862 -5250542
-1384545 -5925312
6910551 -5774606
4863526 6114340
-6681938 5184851
-3599026 281136
6674788 -8256889
-3867897 6340657
6737708 -5070461
-950371 6948332
-5918181 -9514545
-2733790 2158920
-3771859 1008932
-3174015 -637191
-8033688 -6800792
-2051333 82521
4157209 6024802
-9749803 -919526
7711166 1067760
8768963 -2369925
427563 -8970771
5288692 -4830062
4026947 -2897649
-5451758 -8579204
885480 764655
-6233538 -3885777
8273143 -2516349
8492583 -6450975
2911834 7017637
-9783155 -4681432
-2082559 -2605501
5935653 -9318136
-7721310 -7925350
-4341237 -1297798
6332277 9989857
3535438 6944078
4630368 -3240159
-3621456 -8659518
5277630 -1342685
1938322 -6556861
-442638 -3836889
3646762 -1778863
1770162 -9653142
7364495 -5344302
-25734 7198348
7109199 97692
-6704091 7891708
2482710 3044853
-8252945 -4425401
8080808 657825
-2398096 595685
-128122 -5867402
7989433 -7767728
-6594060 6250422
2209913 3267063
1946526 -2139386
6081751 4283628
4630486 -4406711
-7234661 -9631735
82966 1994981
4609025 2739605
-6852335 -2807835
2753370 7904934
-6520466 -1853272
8804553 -2983222
7612463 4076694
8209293 -3593543
-8844918 -2515659
6251115 -1284922
-8017859 -5438978
2421636 -9022619
5261009 -3554980
-5445339 -8980260
-8611995 -108505
4402828 -2680000
2575957 1470971
8663137 -988147
-3083212 5723623
-6129649 -6067141
949637 396322
6989368 5191256
-8402286 -1437900
-1437207 -2284987
6430091 5269148
9830170 -5186091
-4208710 928585
7373605 -5231842
-4212102 3568651
-6539854 -8071734
-751734 9692256
1163227 7862974
-3125173 -8175777
64198 -7657284
-3724424 3791615
6704289 -3549099
-8357842 7225213
8303666 -3789990
3925023 5756224
1025372 -3133541
-5803280 355115
-8716300 -6628106
-1859948 -7495638
6073013 1173657
3101923 -3555697
-3863441 9533159
7396133 -7649811
6690764 7299786
2158855 6787313
-6904720 -3245037
3205864 950783
-1824004 9799570
-3990420 -2635626
-6879402 -3520338
-4137526 2450955
-7193930 -3337678
34216 59194
2563557 6606122
-9703869 690621
7134924 -8847078
-9313918 3398054
-1735405 5787835
-4396027 598567
-2614120 -5044640
1710323 7762828
-1286389 481161
-7202917 7432539
-5203086 -594040
-1598026 -8676985
3773970 -9566136
-2903813 4264448
6839995 -903607
8218867 7130403
-9662624 -8080096
-6927174 8514999
1913053 7472300
3260135 -6241092
-3126172 2694001
7649361 1380461
-856711 4259708
7257221 -8123964
9308575 373253
9779213 -9945696
3893671 6621841
7055706 -9302461
4961988 -2332358
6764035 -5848107
3798648 -5681665
-3761761 -2500746
-3985747 4136025
-5875323 -688935
-4413674 443659
-6862340 -98835
-8718374 2460154
9236214 -9212979
5179409 424915
3314520 6493436
-935908 -2995664
-6373822 3093733
3791273 -7042236
-6858242 -9318116
7350129 -8730387
8104300 2422145
9921399 1148777
7801154 6858891
8686308 8452005
-1104336 -8074168
1826997 -5727366
-750860 2033324
-4663303 3108623
6049890 -8998293
11495 -9483894
-2479558 -635589
4974496 1591939
4549703 -6337028
6861208 -8717879
5068086 207813
-7370042 4211337
7876467 3172386
31277 5067710
3519715 5677621
119805 -1282414
-4493428 -7584621
-3034945 4463154
-2428223 -2727935
-1726228 2301752
-4665790 6138020
8018783 801619
-7606442 2854652
-966023 2993279
4275401 6943262
9667427 -4104815
-9893477 -8140161
5032226 -7702614
-118552 499342
8693315 7579855
8813793 -6598837
8332894 -1186879
-6723725 6836718
6625135 -4702051
116053 -6635595
2018777 -5101093
5700526 5450263
-9178733 37560
-6969161 8094084
-2446302 -144756
5750430 -177408
1682432 9737478
4551216 -1626695
8872647 9231010
-672783 -5567336
-2166173 7565962
8895435 -9342637
7494081 -3833279
-6018978 4688063
568820 4119216
1534475 4097075
-452662 -7412403
-4858491 9751353
361789 368605
-9776150 -1827652
511293 431840
169318 -1509368
6863937 4710077
3941087 -5279466
-8330450 5736584
-4181102 5784656
6442019 -496623
-1813550 -5285666
1918749 3936100
-9428332 2167472
-3735453 -7512431
7591518 -5377505
-5626152 -1671763
8696842 -7266973
-6578273 -2748010
7683830 1437044
9927676 3933020
-1356903 -9630500
7606386 -692035
-4955451 5100536
885193 9275936
-8704335 -6620200
-1905866 9843564
-3703983 -517885
4165939 2529235
5016804 -3132315
-5993467 2946838
-8724925 -4875326
-2142299 -1619619
-1851277 2488269
-6074686 1279428
7728801 8348905
8718405 6369342
-4322692 8888250
-3494861 6324791
-1882921 -6761791
-3381991 7390332
-249752 -587256
8894859 -2771505
9757730 6046265
5430303 -4422850
8523988 -2709114
2415560 9436836
-9666431 9799063
2287333 2789613
6585394 -1517707
-3168802 -1271001
-4901659 4314195
-4281203 -4450396
4390747 -6707999
-3469789 2223936
-7869380 -7492173
1920571 3148220
-9623284 1880869
-2072866 -6668217
-1091067 -9865554
-2574667 -6642563
-7205727 -2567078
9748337 2357245
-4853141 5644195
-5873512 2035670
-9235331 -8267747
6046448 -6525962
-8460006 8379363
-8328636 4281597
-3494466 5930742
954921 -1798425
3866148 -1363846
3033375 5391844
8723627 4242864
-3106338 -9039490
6834299 -9851087
-9901813 4318995
-3323759 2144925
-2210880 2362876
6914899 -5660548
-3928295 -5568040
-2094002 195920
-1424717 4634505
-1083898 -554007
7893087 -7237000
964575 5421636
6574143 -1151992
-5760148 7347075
1589939 -7876130
5600732 5479832
-1854903 8483602
-4681051 2435032
7096309 -9240364
3122512 -5488458
-1149006 -5114571
-8166259 37411
-9766668 4922699
-442796 -260261
9185732 -8675033
-5912033 989659
-3588705 7078819
8443179 -2431105
-5084030 5501790
7625661 5199384
-6804432 -977738
-2494136 3226393
8177777 1340665
-5383347 2824813
-147292 5274086
2675867 255517
2809281 8703702
-3857246 4509608
-5750652 3042613
-3116068 5699958
-3310383 5951432
-4453396 971900
1057147 -4382735
3635407 -6010217
1705519 5973117
-5004621 -6222580
7003814 4901087
8758104 -4982405
358761 -2302057
5488382 5891109
-3853373 -9788531
8915171 -1835751
5190210 8955908
-5485127 -4942075
3274236 1955910
-9576306 1398805
4887057 2480205
613822 -4029702
-7523566 -4055796
-8082678 -5750770
-9456998 4181953
-8400607 9429053
-5553351 63168
7761112 2873849
-1235041 -2678238
-2466769 3249494
3930095 4911586
3867494 8964754
6539032 -879695
3592567 8382367
-218828 -7670380
4809825 4016262
9986560 -5331770
-6871214 7940000
4705582 4979346
-8322348 -4953892
6991514 5248584
-4688247 -6722955
6150894 3954515
-8723723 5589217
-8644937 -5084147
2343791 -8674140
-9709386 5285158
6921816 -3788715
7110004 -654002
1675618 514383
-5469355 9407529
-5924241 9001796
-541852 7033558
2012904 9720897
-5232994 -5836270
1928666 -3793092
-516047 4274872
-1770613 -243229
-4654012 8151200
5583405 -7977984
-6652124 -3298949
4502562 -2072803
-3345166 6154842
-4499159 -6059270
4455113 -6235161
-6827632 -307189
-1305393 1502111
-8947979 9764479
9485376 8152755
4832837 -4418723
1788186 6768734
1043606 -3238496
6518275 3788491
1939691 1789345
3811361 4380616
3598019 -9960551
-2033354 7159237
3314080 -1899419
2041311 4621480
8386319 8814921
-1492268 9012777
-6968760 4075039
3839518 -281308
-9612201 -5916739
-335462 3324895
93629 5220637
4498493 -8547276
5241216 -8862764
2926581 -6466880
7913736 9697259
2253060 9254295
6413532 1511756
2128689 2736058
-2642461 -7756036
-8941115 6686353
-1784518 8260210
2335250 -7917030
-5681986 1246722
5329983 8691120
2016015 -5294187
2442802 7510873
1479950 -7890355
5763233 9457647
-7009232 9237518
1451129 -8793834
-9539539 3420856
7448964 -6295810
6440248 6873994
9117958 -7905994
8780359 6314139
-2909298 2693196
-2707482 -3004159
758915 1942304
633424 1610532
-1167303 8605250
6116123 -7350560
7275437 3791852
3249499 -2403927
-3166409 3038670
4244836 -1243381
-7822524 8284721
4505263 -2778350
-5904356 9626440
-8279554 945511
-2740349 5729954
-9060498 3017157
2529350 4350353
8809009 -9251628
2358904 -6711735
4409867 -557567
2091873 3707954
-9983842 525991
638416 -8116338
-2561316 3265657
-7977723 -11640
-9210567 4199873
-8578477 6716105
6342545 5294696
8756559 8033519
-3720175 579344
-6403499 8532562
-4600733 -2780672
