22 -4291925 -6307215
73
177493 7419564
-6057596 1087462
-2577026 -5560925
8536890 -9611304
2393095 -3206235
4051554 770530
-8974172 -7192884
1190704 -8415812
5395305 -7376246
6274025 -4038853
5554186 -122615
-6792483 6879440
-5884602 3614
2587005 -66000
-1841573 -1861530
-4441965 6279791
-2632747 852273
5291348 -7983209
-7594513 -2693420
-3383303 3828238
-5401232 -2685066
122050 3184603
4768792 8140948
-9235297 -8687246
9790254 -7319551
2557835 -444920
8950872 -2139208
7864406 -1718296
8215704 5582623
-6278907 -7032236
1763907 8890484
-257243 -8204520
-6187729 1647512
1470444 -4965895
1378695 8734110
8565397 8087142
-6211903 -1506184
-3365236 -1312553
-7483446 8556889
-8762661 9915819
-8012748 4823160
5200304 -3688474
4593230 -9061876
6520747 -4418938
-1451174 2808934
-5784230 2758193
4553673 -9687267
-5523402 3958527
1508984 882297
-7867241 5947042
-3449464 -7112320
1381496 -9301844
-8098044 338634
-1104477 532612
448432 -5581490
1758022 -7350786
-1039260 2435684
-4109840 -3041674
2539388 -6446030
-1120743 -7589092
-2314547 3604567
-3566348 3095027
9569907 4755478
-4362225 910250
-3142707 1078891
3966571 -9713113
-9014957 3407829
-6253537 7864419
-1602968 -7113001
9821861 -4841661
-2192447 8845464
-6202500 1579883
1054561 -715354
