0 -6553498 -8053681
114
-972704 4614644
4673783 -1224103
-2572045 9844175
2733918 4793315
-9772863 6066389
3375740 -387185
480795 -9537781
6622954 5825781
-8771410 -8035471
-6071271 -1261791
-509718 4642204
9044716 -7840724
5471770 -7833376
2903080 6631143
2593998 7403883
2018527 4849399
-6374704 4137646
3981822 -3307690
4001977 -6430397
9635993 -3284260
6328555 4229114
-2792315 -4471915
-8646134 9325702
-8709769 6346992
7601553 -7417543
-258987 7735312
9894588 -2908165
-8225189 -8697919
7933224 -2117290
-4713407 4677891
-472709 -6956426
7181221 -178528
-969866 -4331061
-8245105 1163043
7878783 -6967888
-222422 3907240
9435325 -3276310
8565745 6985264
-4151392 3305544
-1595647 9855976
107641 -6549839
-6941652 661718
1963799 -7481419
401292 -5166841
2027402 -7586625
-4543050 5687885
8025710 -8445307
9739985 5154523
-3682434 -2944156
87956 4011232
-2081528 6712701
5952743 9865535
-632849 -2646203
3175693 4518488
-3109183 -2267889
-6301376 -8419954
2241764 6998458
9517039 -3243028
-5893517 6721915
1651643 -81669
8122569 6133885
204931 -375055
-5220532 6148279
5720475 -7538732
6472500 -6386614
-9673913 -4191568
8190319 6907324
-5738879 -1204818
-6686329 -9926178
-2194067 -46833
1533213 204488
9719298 1504557
777881 -6225022
3013245 1752689
4187373 4884364
-6465399 -5335112
4289833 2309942
-9025427 3739532
6200800 9069301
5199039 6695048
5019832 -4810348
-7903024 5525126
6836661 -4273497
-4199675 8874450
-1172383 -9849668
-7128828 3606258
-4889185 2877182
6652160 5106822
-3140489 -1594952
-6710588 -7818242
-3153354 -8953116
-4126822 -3175986
3079898 3652832
-4761515 9364103
-1424496 -8202949
-3013297 -9562475
-1520997 6111688
-8161808 -8399968
2990834 -4684336
7982348 -2361483
-8755224 -8181549
4695633 3369872
-1523306 8871943
-2723008 -6135854
-3954096 5336206
-1100558 -6917244
-7576878 -4591098
9061734 -2711027
9169428 5503021
-183576 6816572
7254097 -2255068
6372973 -680521
919511 -4266900
-6434883 8211165
