540 -6195080 -3323599
988
4483096 189457
1348923 -8277916
7350738 -8710245
-8663542 972190
997938 -8883660
-8672361 -1653798
-5917158 9551813
2631834 -1010282
-5577945 7029676
-6761625 -2315514
-8996685 -5906984
9458345 8045004
3026062 -1066524
-8490726 5675567
9480487 5994402
-3816141 -9297973
4940464 -3520065
-9713958 49134
-8978676 2291202
3407542 4138852
-7514946 -5464385
6603780 -2748466
6241252 9084248
6113925 -8248034
-563548 -9336692
7272676 9352300
7397304 -7043880
1889596 -752627
7439292 -7060281
8934121 -4084778
-3382751 -563869
5916066 7634332
-9800181 -8442287
-3634733 -1281540
-7142688 -8778857
8273110 2289162
9540696 7858719
6942967 4876890
6628857 -1701700
-8522040 -4426756
-5074456 8581661
-8462219 8750636
-9485638 4839201
295272 -4056271
-5624697 7953654
9906138 -8254255
9380077 992553
-4933382 -1661444
7057017 9579896
3317392 1431886
-6278952 9914329
289400 -5893146
8983745 5778096
-5923604 -2767632
-4678036 5612602
-3289385 -4445643
6821345 247509
7603062 -1751603
-3291522 -147941
-9677934 -2101666
-7839569 1083782
-7923665 -9771796
-1433240 -8459492
3636757 9659305
1091191 -4376223
8054459 9470501
-6422645 -2671409
-6893313 -1656141
-1907421 5077452
-6793594 9699436
-4746207 3414544
6178405 -82978
8165419 4591490
-5556450 -3702181
-3287495 7390249
-1525969 -5234384
7510172 -1127064
-7070204 -6933282
-7273976 -3923068
-5782938 -917095
-1446594 -3666433
3662159 -7728479
-6868268 -5352886
9724566 -714802
-1015366 -6259336
-328440 -7069027
-4635653 -3245221
3862622 8366317
-5335864 -6470234
-9079985 822524
5588140 1376641
2765929 -8089601
-5022883 -4385336
1691596 5695725
-5221369 -9780507
-3446939 5908658
696531 -4151611
-6988145 2731572
4533122 3828264
85280 5252774
8183747 -6482243
-7211112 9756840
639509 6064446
9594212 -832138
9990386 5303645
9196638 3030579
4940978 -1905122
3709542 1962567
-9825356 2434448
2653941 7917491
3826149 -5046725
-6681983 9207002
-5545074 7039033
867297 -3670128
-8417354 8988049
5022158 3468929
-4257879 2282745
-1652809 7811046
9495261 6381630
1685275 -9542245
-3995313 9485647
-9903122 -6601735
5360832 -9054335
-4103535 3806420
-5759737 5535476
3005104 8550407
273761 8066413
5105446 -1160527
5169345 4728688
3716737 8489095
-5525624 -731656
-8448911 -1261105
9066293 216497
-3401873 -7585367
-7127612 8561554
563554 8283402
4198019 -1122925
-7660907 660432
6983204 -441149
7610679 -1764442
9302317 -8776532
1806233 -6867865
1971608 -423921
6821119 9428031
433478 9657306
-1074350 537856
9276751 4907854
-4875649 -7006909
-4592276 859396
-579049 -5761170
-7477768 -9203535
-326460 2500857
5677641 -763397
8795454 -5471015
-4719104 2660845
-3599335 -1077515
-5429027 -5416787
-3324356 8206898
151281 -941067
-1283761 -6503237
-3449029 -9415241
-1991035 158241
3151333 -4172278
-796529 -4350332
-111502 1075409
1871874 8624422
-6358369 -5072918
4163685 4061767
8590752 9319272
1980117 -4524509
4397977 6388000
3487566 897135
-8379615 1485302
-9455765 -9836790
6176326 1771667
-5127222 -8223173
1935068 -7272703
-8928628 2881744
8531412 -4913599
6161811 274843
-8584383 -1580089
3346993 -1966315
4611804 -4942752
-5623480 -9972969
-4497478 3202557
-409443 -1127011
9770124 2416851
-6097847 5594475
5757686 3906862
-4321471 -5553611
-3776784 -5549636
-2822339 -6932341
5949403 674636
5761038 -1750967
1040228 -3002832
-2066569 -5560799
-5010762 2455845
7513093 3796776
3823807 9601043
-4680048 4405965
5795307 9326330
1743181 -2573139
-6978663 -1918217
-8011355 5645335
2608076 1295375
5745739 -9816474
-6748814 1347644
-7977720 -7076600
-6311214 1716941
8714109 299670
-2744777 4729014
9701212 9163892
2960669 2244462
-5638143 7214305
-5863377 -3215524
8627158 -318191
-374978 9931930
-1986287 370340
8532027 2646359
-6058266 2359
185885 -6343545
-2479549 9687473
5127226 -4046577
7670365 -7940917
-5124894 8816012
-3938622 6384474
-1935281 2130329
6891143 -4237410
5493248 -8974612
-9673784 3769352
5967513 9629871
2078153 1469727
4356419 -4407464
8238895 -9908134
-7389423 -4595202
-938747 4696982
4384455 -4687185
1266238 -901944
1157139 -7971967
3360397 -1063397
7837430 -1451403
-9321073 9421776
7700718 -4097851
9443889 86422
-6144225 3193966
-4659811 2286457
-6243816 9823288
7932176 -65306
-7457087 8112603
-6482599 -1312576
-6615594 -4846510
-7017343 -4904994
4193062 285213
2313247 4248896
5701851 7866554
-3584849 -4326356
-4904580 -3944367
-5525866 9610430
-303147 5312491
-8977191 -6081977
-1279167 -3931020
8408620 8879351
-1185955 2477017
589621 6340797
-4971779 1356958
-973199 -3376626
1718381 -9071021
1214192 2009458
-3741646 8427795
6294349 -6472561
-798916 4476558
-9467809 -7290499
-7680069 -3187144
-7874653 -4993674
-8559299 -5466864
602116 5664509
4543860 161534
5154904 -989263
7867886 -6642095
-2768784 -4255475
-5115749 -7103893
-6174914 6258017
-1732525 -881016
-2453220 -2444370
1083070 -2957818
-8481260 -6158871
9066982 2800506
9613362 4567283
2089961 3903266
8436402 4255062
-80429 3530663
6208549 -961481
565608 -5536569
-9662312 1363453
-375670 -1566506
-6154047 -2431096
-6173079 4508582
-6372434 -9812609
-2256979 2094397
9136579 -6309302
-2468172 8826091
1626597 3171671
-2261046 9115162
3018428 -6243688
8011374 9828916
-4124069 1454831
3009702 -9552703
-5089272 -7915520
-4035714 -6424690
-5474844 7764768
-4666327 5588616
-7386450 -1628891
-1441500 -839406
3771343 -3758883
-68185 -1182127
-2356035 -4575726
1112297 -20005
-904842 1786914
5543226 8851252
1196520 4629938
-3915231 -3929048
-3481751 -411197
-5810365 1610823
-2297515 -6054671
-8289902 153921
-4257462 2227641
3115102 9560123
-8762931 -9127560
9629909 4189954
-6992172 5008413
2949039 -438275
2058072 -6831855
4955059 -5938663
5428941 3669582
-1700479 -6985362
-914410 9141813
-1269384 -3099358
8511466 -1879808
2065521 2920251
-6925827 -3786049
8441593 -3708029
-4147906 -8666937
-7794497 -5926953
8263002 -2910836
-7902423 -8164587
-6086510 -8729170
-5561025 -2437032
1624305 -1512086
-7842503 1910386
4925024 9569598
8711411 -7026630
-125988 6526967
7163511 -2557973
2878631 -9098170
-2884218 -770968
-1962644 5952804
-197781 8073727
-7853226 3889450
-9021386 -5475926
-3640513 -9590224
4196958 5592543
-6844488 -7210671
1277244 1152285
-6937328 -2703831
-3134232 -4048907
-8559185 504048
9547367 8093531
-4464441 1314827
2216658 6710878
8456263 930542
9399698 1848792
-7561129 -3506381
-9616931 -798083
3725991 -5414355
7511774 3878036
-8013069 2601831
-2092488 1708732
-7138982 7658795
-5045035 1701108
168553 8440042
-1055910 -5662915
4946968 1609368
5440548 -8992190
7718688 2998879
-6070579 -2342794
2022350 -1308697
5184922 -6670881
-4952612 4461221
1563218 -1915656
4478732 1289732
6407915 -8408656
-4183571 6465663
4124459 -5684573
-1467112 -8806201
9633841 1595776
-1550787 8701441
310810 -8905717
-7897907 5912533
-1088587 -4248642
-4075084 2337134
-8971563 2840834
6169954 463618
7441191 -1270288
-669592 3733694
-4976574 -995591
-6887894 6325492
-4692493 -8568659
-4253231 -1071465
122334 1948318
-6455906 4279657
-4502550 -7727473
-6633190 -5490341
-9577807 5808260
4075970 7985256
-7161258 -8150042
4690792 2517238
-7019144 6383531
7629595 -6622902
7110793 -9577953
-8057191 9476355
5801847 -7865781
-6434439 7571267
-3500198 -8890645
3057673 -8171318
-1375309 -861512
1411015 -881880
-3855869 4122141
-7553246 -2705823
-4720567 9082676
-9067366 -960924
4072667 -9365473
7018059 -1860221
1516877 7053523
-8077 4647654
4124010 -8855978
5794594 -5548916
-7977649 -7557791
6067916 1876507
3705189 -8961495
176993 -874410
760062 4846232
-8515275 -8411992
-1117815 -579455
-8980426 6447831
-4513092 -3322029
-2687502 -8047792
-7391661 2075927
-8354198 -5669443
1494564 -3358431
-2214409 1637725
-1394839 -4381426
-9422865 -6419815
5456692 -6856136
-5817631 6645052
8286994 -8321767
-959183 4359362
-1536278 -8436592
983953 525543
9489726 -137740
6540231 -5480121
8988440 7492986
-431087 6369081
-9300361 -8403221
-1761652 1214716
5368793 -5289445
-7154519 6023940
2120477 -6026045
9634171 -6577384
-9932332 -9906478
4288107 -6183459
692255 8354662
9918070 5845277
-3629180 9155978
-981762 -6581624
-2061745 8376898
5869885 8074821
4443902 -3073305
-8960173 -4561202
-830134 -2340107
2370448 -721825
7818467 -5461340
-8971033 5215929
8638546 -7544703
5065171 -9336862
6996031 1222566
-422771 -646722
-4801445 -2311713
9360617 -7988349
7946379 -5914273
4978978 -9104793
8970028 -4115365
-4672318 848863
-1195987 3413930
-8926176 -3632491
-1837963 7973880
5028892 -4039376
-8823446 -4019496
-9047847 6057859
6720997 2331452
-6445982 6017324
-4629397 -3766619
3921668 3131247
-2340749 -6914490
9687590 -4201363
-3306156 -4394370
-5993383 4666568
8031783 -4336128
1594154 -8149348
-1781839 -3164204
7326028 -4815670
1144955 -1103450
-2606593 2354920
-1587221 2321509
-5347039 -1654440
-5637115 7650129
6399862 -9276669
3854579 -7750160
7851702 321530
-1363481 4030182
2152164 7539292
-5277788 5330363
3510587 6158782
8009434 -7246005
-7893856 -4895259
289072 8743947
-2359502 9432172
-5696555 3950379
-3728112 -2449743
5895817 -4767424
-7117295 -6558799
-5835468 2775054
-2458754 1798919
-7879551 535463
7081997 -4607051
5448593 756968
8603683 -765838
-4607056 2687158
-2042495 2114270
7219012 5918730
4662677 63649
-7987826 -9975564
3974815 4819527
-7630216 -3684381
1548195 2763055
-1279392 781954
6073360 -3052747
8746172 2885140
5936956 -6385393
-8476092 3382974
6656294 3018953
-7746885 6972501
-7823989 5259978
-2625752 -9837589
6081141 133517
-9802834 7109612
-349600 743819
8079698 -7790660
-1475041 6141567
-1095378 2965835
-6252211 2589507
9536760 7625230
-6973277 9821149
5952108 8282932
1665906 8963679
-5501016 7476016
-3035130 -1677799
6098531 -3247900
-3085489 -859119
9274398 -6527221
3098744 -7004347
-3744176 1987917
4197257 5265496
1407064 -5664478
7301357 5238569
-2171924 -9688314
453269 3565498
-4097000 -2635164
8164120 3479992
-5039977 -8144892
9331125 -169973
668580 -540993
6211107 -3704005
5436876 -3232889
-7243758 5641971
1153976 4711275
-3300808 -1628662
-6363165 7409800
4261674 3412801
-8832278 5043899
-2128063 -5920616
7644882 -8487850
-8606662 841558
-5678450 -6452118
-4597009 9557459
-8096162 -718427
8740581 -5265884
1030111 -4911230
1855881 -2531960
-6889989 8983339
-3789034 -2871525
-1983834 4263987
-5809861 -4573490
8839312 -5830647
1729604 8451814
-7468802 2523386
4035537 9601541
443100 -9823920
6240315 5428875
-2497314 -2718998
6562576 -8356694
8893774 -593476
4495294 -2180491
-2196099 -7559763
-8576424 8867527
8512355 -6569735
210604 -2365457
3061053 -3471479
697874 4400744
2852558 -5583283
6940104 -7572522
4545371 -2099892
-9407460 -6508007
8920868 7504823
-5214174 6832855
992513 8939907
-1653569 3864754
4200615 -113713
-5157124 5358078
-3258043 -7995484
-4565219 -3733547
3900996 -4745688
-5700815 5645386
-7437518 9478401
-6104881 4997059
-59111 -2068608
5831500 3351575
-640080 7002613
4507436 -1059608
8289600 -9202860
9737047 1809614
-4325632 -8201535
1684753 -1916521
5957909 2391335
-3087796 -956019
5310434 -7300134
-2045821 -5136663
-9491277 -8272218
-8793816 2253364
9766776 5587557
-6481051 7617655
-6514418 -7775983
9226630 1866801
3323546 2845502
3642642 -3749581
8060033 1613146
3411611 3379690
3979521 6250754
-1357911 7612716
-3343302 -62570
2637296 5554293
-9582369 4483484
6211267 3107827
7877544 3442706
-8453384 7417451
-2448542 7644320
2384689 -4934435
-551281 1037040
-6117458 1611320
378091 -7227735
-3098237 41536
-6578774 -1561876
7205230 -9686626
442443 -82901
9854529 -4152680
3917965 7099141
1582625 -4991822
8116005 -3148052
2811007 -9689756
244047 -1490099
-3845779 4357623
9423188 7795505
-8651103 1055263
5182935 -8611741
-5839476 7747791
-2210672 -4438974
-3484498 -6421361
-6107986 -6273094
3644006 -6279267
-431947 -3149191
6466302 -3985113
1023065 6002370
-7145681 -9434721
-9124476 -8344577
165324 5665326
-7460699 1119571
-8568571 -1164102
9891161 -8037511
5867101 -7219674
-9471882 5074096
3151474 2543977
6122617 -1682554
-5439296 9666976
-6612291 2530983
9381792 8204710
-5780402 -4527886
-8525515 5848094
6413373 5242663
-585562 6845156
-4973166 -194751
-9075179 9579763
-1584339 -2433865
-7955024 -7643750
-4863424 -1693178
5897270 7912077
-7027593 8181046
9014844 -951256
-1284280 9095024
-5857641 -6424451
-8219741 -5380218
91896 -6475849
1888597 8516209
-3724775 -5917267
3444241 -9181678
623572 5689663
5269426 8471075
8553562 1548393
-3579005 6201439
-5491739 -9401461
1026968 -5926077
-7745030 2921883
-8029373 3999375
-4389249 -8730186
7361715 -6797300
-9661166 -246890
3277261 1658327
174536 -7052918
-2970184 7682210
8500533 6449761
-5344223 2990409
1461485 -875895
3188850 9925203
6126643 -7468601
-6870062 2126197
6200120 3151256
-3926860 4156907
-9327366 971442
-5242391 -9439881
6279171 -3716614
-1447152 -7880676
3777651 6618005
9565088 -8169890
9512320 6468540
-4565347 9111256
2101665 529205
9653310 90430
-7468014 6079502
8610902 -4641488
7484709 8658629
-5673763 -8259160
-1585901 3684830
7172624 -7084271
5992201 -8396914
-9597176 -8069767
6565910 2271372
-8594270 -1044328
-6697866 -7140087
9328453 -9029182
2598426 5330807
-4139988 -5236893
4853537 -5299909
-9220406 -4486677
-6611813 -98125
-8923144 1906848
-3835960 -9127103
-2925921 -4596906
-9164825 -2905508
-1302422 -5753297
8693289 6827376
-901251 -899598
572426 5259199
8119112 -6979169
-6008351 3874561
-794632 -36082
4727025 6590075
3806518 5065380
3095055 -7903086
1998790 -2897536
9009312 6483243
-127508 3075646
995092 -4826647
2267845 6946571
-8806726 1830268
-8826004 3481775
5098529 2402915
-2337886 272745
-4190072 -4329045
9545516 8297579
-1738503 -198423
8908004 -8732764
-1151031 5504874
118140 2714523
9816987 4460376
-6540029 4633282
-9774719 1342652
6516005 3332463
-7204614 1220373
5566993 -1216150
-7734375 6505013
-1092072 6740990
9530087 7364154
5551461 6570043
4867622 -4659984
-2342055 -2386670
-1119434 5645471
1150345 -3434050
1796825 245887
-5293736 -8731515
5901768 -5869836
5472816 -9317413
4015051 6127049
9863774 -5494827
-4194625 6810437
3315450 5430768
-5311890 -9412648
467858 -7776621
1309774 -5781803
-7925435 -3980680
3632650 8693748
4339219 -267489
-1185187 5029568
-4724544 -4510436
9274401 -9388362
7258154 -7501928
-6819341 -2307479
-6180430 -4752677
-247504 7195710
-3477500 -6316655
1630465 5557872
-1338424 2354302
-2905967 6318575
3053124 9129435
-4851245 8403807
7097555 5127690
-5139799 1297757
-3672675 -6046874
-8040958 3675014
-3196996 1602781
-3382795 -8766556
-8557683 6577510
-8175167 -202135
-3006425 -4738112
-8538415 -5906318
2167906 -3967573
8386730 -4391598
-8073023 -9170518
9958917 7997115
6400923 -2503547
-7375857 7624024
-1078219 -3985170
-7515691 -2515656
3675710 -2234541
1884592 -5556649
8193147 2995066
-427423 8501798
-1700337 9635465
7413705 -6086238
-1992556 -2190410
3842018 8875290
-5516308 2691702
-3962463 -5254900
5258567 8927021
-3576526 -4003546
6136831 1659490
190673 -8436030
-8435334 7574964
-4659577 2674982
-365315 5240377
-9248205 7225016
5726814 -2172167
-2536702 -7159276
-3245513 -5973523
-5647581 -5122997
6268645 -2721717
9969986 8194437
5455889 3268689
-5287938 -3992477
-5479671 714457
4890299 -6348112
-4784142 3173512
748477 7597324
272306 -3219475
4537254 6088900
3313916 9906992
-9748823 5289049
8129774 -959270
-4416441 -9769173
7624182 7400613
-5321104 -64021
-9353232 -3590821
9677868 7165234
5689109 -1380990
1849819 -5610070
-1958182 2725791
-4100697 -3259882
-5662557 3257677
2554554 6647780
2736681 -2873899
9549445 -2908192
4897209 8566949
-9875968 2316974
2547801 3026983
427596 -4292409
-1840078 171983
6581162 -2377155
-5211921 -8676957
-57947 -1224618
-4318336 -9522811
-4280668 -8208128
-8951658 3723483
9497512 1618635
-1733584 7902137
-4971761 -5431582
1660226 3519449
2086398 7094036
-588989 -3442565
2100771 2210430
434374 -8041188
-5352852 5044719
-7332436 1110648
2433691 3744662
5036397 9971996
2965537 4892096
6683968 -9281939
-3042104 8684869
303504 248663
-1849200 8971760
-6459822 1086272
-5394279 3179039
-7210572 -2283244
-3209456 -791528
3935254 2200439
-3324397 8891315
-3547614 -5630372
-2003371 -6160897
7583766 -8363697
-8391701 2946672
-2161231 -4863485
-4145424 -2909812
-4224943 7039089
-2712248 2812473
1784233 -1405087
9681186 5438553
-8866056 -2159236
5557520 6803259
-3988269 -6076628
-1359837 -7651936
3755731 9946986
6832966 5315767
9154870 -9791882
4360773 7345947
292620 -745012
4391503 -1514576
5575612 8131389
-2313170 2762432
-4425095 3867021
-7538066 4974583
-7070512 -124510
232606 4659472
-6020916 6579784
-9496843 -4209873
-9345457 -9185
-7545847 -856680
6975439 4410275
-2865255 1803472
-850581 6130310
7901650 4011870
-7502706 9442039
89780 2293154
7571938 8072906
1939927 7776611
-4732454 -6853157
-4461315 -3081787
-8422314 -9286614
7293170 5771292
4077771 -4443230
-1936063 312679
9456000 4732314
-8341059 -6965557
