219 7049978 7532129
590
-929365 1147281
-4511079 -8654608
1562299 2501872
-8262631 981982
3220286 2803165
8015083 -9578877
-5285054 4189481
-1652374 -4975735
5693235 -4258685
5271630 3407227
8783260 44033
8518100 4921744
5643402 -7052966
-8955684 5570964
2620942 -7392657
3754625 8576445
2438189 -8308423
-3290199 1759898
-7258120 -5999512
-679995 -9036477
3900998 -1521481
-7332000 -2664912
-5124295 8615944
6873611 1015627
6939206 -9431060
612973 -5338407
9583338 5722466
8669500 -8352574
7218390 5226740
7834083 9713816
806614 -160667
-5952738 -5894940
5864959 5761155
2277996 -6726584
-5763061 1123191
9601710 -8401999
-8550558 654289
-8213415 4786063
-4198310 -3674853
9410440 8660196
-6678211 5257248
979714 -7460235
-5812809 5421479
-6835429 -7834433
4395735 -8594418
-6238733 3515007
7620067 7718701
3479857 -2191471
-6401703 -3998622
-359078 -4242147
9872206 -9648412
1005877 -757368
-5971305 -8678352
-9836852 2792462
-6030990 -7653263
7603985 2089940
4629705 -2709200
5228631 -8899948
-6734381 1333249
-4744817 8393203
1908210 7661354
5380056 -983550
-658669 -7955371
-1953992 -8623735
9650470 2939629
-4192431 7686930
9445914 9522676
3360677 6813447
-7877739 -6525390
8337699 -3959823
8130117 -3908728
-4101576 -1541963
-441911 -4723826
6609423 -8872945
9520258 2823708
-6998586 -8135394
-6602592 -6055180
-4010550 897822
2274087 -4744908
711073 4035458
-5761260 1924557
-6036414 6518642
3332089 -6315346
9675616 -159385
5880792 -2029297
4061975 529668
8987705 -3472739
1803435 9960399
3603806 -1454206
3885854 -9070789
5310169 -4359583
-414763 6887268
-9698557 8707578
6479022 -1908961
-7873503 2575530
7016440 -2809905
-6291263 8881589
5082596 -9019974
820641 -442821
7527882 4758212
-4712120 9217785
-4254954 1589857
-5933392 -5724415
-4662269 64833
-6489604 186766
5827183 1739937
-1372794 8820566
44496 7928773
-3980188 -8554999
4020531 -3476482
-3770035 -9337338
9544251 1036971
-5466651 -61298
2012233 4626847
-8098588 -2129658
-2911873 -459885
3646324 9705644
6497582 -4650475
-2069289 229284
-9583949 -8164687
3575251 -6042541
-7221975 -1240414
-3311641 4718809
6163810 -4661127
-5621257 2708172
3370834 -7299307
-3745983 608708
3063763 -4568563
-9941715 -6696282
1174061 -4924004
-2867536 4476049
4181693 778540
-1355582 3295140
-6475575 -6804373
-4969059 -908519
3048940 6456828
-4783586 1122544
8357705 5826966
3682191 -5578874
7129298 -2962133
-7745088 8060935
-8814005 -6983516
-1552079 -1491071
1812648 4249758
1842107 -8977442
5498607 5503061
-3718399 8974571
2269711 -7803347
-4607720 -2557629
6533852 -1689512
7283668 -7060427
-3421531 -417207
7926111 5016435
9437561 -5063826
-5509607 1608302
-7814411 -916789
2099695 -3254694
-2229413 -6628415
137695 -9452384
4086527 9583235
-2397352 -8020198
3470725 -414866
-5701861 3884250
3842973 8256789
-3432723 -7793228
-4853655 376826
9959619 6367298
1383733 1724815
-822659 7885730
-505968 -6662354
2420857 -3815913
2929393 -5804026
-2432441 7036904
7584520 -9300020
2799568 7705254
2201409 1671047
3772534 2918568
9319170 -4327866
-6071077 587025
2793797 3162144
-6461030 -6987447
9379851 7940143
-7818690 -6501411
3900671 -6720064
-3382418 -6124997
59090 -6605297
-9892971 1554791
-1408305 5504835
-1278832 -2325412
7896195 8692567
-7120033 4037088
-3044344 97604
-1713910 -831147
9755878 -3725173
9436971 2215014
5227567 -4933972
5522523 5492293
8990882 -2876230
403706 7703833
4095188 2891553
-1197392 -462360
-8907569 6670631
2175466 -1090362
-899422 -7799522
-9106955 3412986
-2549926 9513125
-7872919 -6226988
2941865 -3077917
-4286738 413172
-7371814 -4785904
280124 7666585
3158878 372105
7495875 -4197353
6022832 -5333888
74017 -2100419
-46427 118020
-3211349 8876625
-9697385 1046004
3246482 1480470
-5106544 -8080454
3949023 4139527
428892 -5140117
-5701682 6076105
9005629 5887109
-8898795 11580
-2321835 4150167
-5477728 1381329
-299672 3353395
8019507 -7981853
-7565920 -4276840
-1642467 -1906476
9486501 2387653
5950009 5146184
9143006 2305469
-3258633 -803509
5852370 -5963537
-8587302 -9309610
-717153 8797614
4684724 -4288984
5722596 -9195172
4954995 -1697719
2199963 5917113
-729492 9477267
4011766 -8099709
-2376548 -2709985
-2100109 -1037802
3866203 -1502663
-6356479 -2613608
2208213 -183788
1529055 -7213472
9339343 8949580
2156323 9897778
8695392 3268393
8979409 -8560830
-7756001 -4103532
4198750 -2781643
5651822 -284654
-8291034 -3601287
-9184644 -5077670
-5271303 5720732
7199283 -9044840
-547503 -4855060
2531332 1065486
-9118301 -4387629
-9084749 7255898
6205478 -5072894
-5175116 -9745406
-3960661 -9121847
4833676 6036629
-8066903 -4981252
-5246543 -405973
9309373 -1351801
-2436736 -9594721
7843961 -8981661
-744576 -1621379
-666219 5089010
-9766050 -3545293
36545 1302631
6915002 -4718366
-7462468 -6565404
-1638297 7830253
601199 1259363
2137516 3186587
-8260432 6640538
4175638 9487544
-918429 -6327334
2320865 8929095
1850726 -9092703
-8074364 2400482
-9220897 -7788961
7300049 -6302588
-7331529 -7370764
3931867 7533999
5331985 -4778631
-1344035 -6636779
-8806526 7869518
-8354767 7017668
-7279392 1794673
-1564789 -3700899
-4213354 -5539824
-9350806 5127201
-3427352 -2615431
-1708134 -4513588
7886894 8423374
3150765 -7266145
-3568733 8665997
3811585 -7032834
3017517 -8383909
-3162540 -2256547
1106674 -1650497
-3780979 5493425
-4972554 -5183499
6611174 -9619394
-3320293 -9735594
-5275418 7562738
2689939 2466353
9850923 -4626223
860189 9262588
202314 -9340859
-6607004 -8736565
9929432 -6646920
-3679754 -7659384
-6043293 3741017
4000822 9337764
-9796381 -6689481
8803944 7623849
-7559650 8938992
9319598 6347742
6612148 1567876
-869386 -4000695
982011 3853083
1743212 4336906
3599494 -6650714
-5991573 5119753
6383188 6318160
2187592 -2598576
-257960 6312620
-7430011 1024191
-7121693 -3784901
-474382 6570812
-3288987 -6918074
-7979082 -9154086
7193657 -848637
-9280761 -8659484
9856173 -3677843
-9824760 -150146
6703112 -6645464
-3296178 1918452
-2961795 302606
9137118 -6771398
-6853622 -6578607
2250365 1324711
-7651098 2888418
1619869 -2663293
6423871 -4772791
-1690865 -8854513
-8008599 -6865116
2286247 330053
-5813079 1701410
8023568 -4478162
-2111956 -5956906
9913983 8198808
-7366387 -5408844
4893762 -3382195
-153593 -7811830
8125916 4030881
7871944 2992785
8397555 -7107367
229340 -9779154
-4551945 17424
-6320737 -3346789
-211905 3757190
6603595 8187017
-111573 4590694
-9887467 3306868
7349962 -2088005
8627156 -1999423
2591734 -219703
6398103 3777121
5965291 -9998152
-3450919 8760862
-5730000 4091207
6983841 -5578975
-5358129 5183907
7717684 9729533
-3617255 89926
6363468 -8603053
9583964 6170840
-6722113 -4516585
8790283 -8011256
-7582909 -6609580
1390997 -1343402
8436895 3560599
-2662280 -6017269
6500932 -2648650
8628565 5819364
-7573077 -6949987
-2528961 -7101435
598824 1927116
1656650 -5370738
4719189 -1683492
-7770192 8039395
-3273413 -6400991
-8401223 4330124
-1164780 4474
-4088754 -9610940
-8437990 1252312
-5187089 7302244
3801327 9998906
-2649744 2150632
-2030004 302259
-4131375 -4021179
-8606262 396919
-7675964 3339664
7968926 1992563
2825423 -3502962
-5463567 -4795533
-8680171 -2428417
-8098292 -6220628
-3699801 -7081394
5824018 736928
4505592 2211445
-7969959 7386029
7384935 9318504
-6014512 5831369
8649980 7251543
5746717 1955484
4868755 -5481395
374621 7140455
-8350630 -290857
6206181 -9140100
-3935633 4474794
4562729 3258966
-445309 9900548
-7180846 -1019211
9717718 5854890
-9417313 1159525
-1454446 4223310
-3941834 -7387271
960450 8446841
5698384 43654
4515490 -389570
-3354612 1445101
-8898091 -615754
1609741 -463639
396261 -7248721
-257575 -2184077
3591241 -1023019
-1122471 6821507
-4197704 -6854068
9000822 -5786964
5372561 -4479986
2259677 9583510
4712591 6434467
4881308 834195
-9122150 -4326959
-2200177 -6903956
-2942502 5393340
7293938 -3038437
6497925 -1840593
-6572962 -1096320
-764045 -3105814
-1612481 -4314184
-7492677 -7172804
-4026871 7265049
3994437 -1690381
-3654014 7490303
-409835 -633002
-4198535 1122015
-8043790 -5697244
-7507851 3199125
6295169 5350412
-6739895 291973
-230112 -6647333
1512074 -9445957
-542277 -3732187
-4321648 -2544535
3141281 1210030
4037227 4065871
-6152728 -1835044
-1009073 2526708
-7466637 7841709
9725059 -2146735
8975280 2123529
-1057363 -4473476
1242001 3447843
-8685393 1434787
4243112 -2462829
-6593810 -5425288
-4871244 -5987000
-7202834 -2565383
4890082 -2897169
8312862 -9008130
5057741 -9452285
-8770977 -5133559
7393149 1421366
-736925 219950
8073216 2442864
-5433607 -1011865
-2968989 -435152
-6987309 -3974617
-23478 8273013
8326536 -5672701
-1097989 -5780366
-9251014 -8267274
-832657 -3452881
3649951 6062504
7054374 6573777
7121492 -5520835
-654394 2112116
-6466518 8350515
-8913182 9255107
1697971 -4687091
4301044 9160034
-1275118 -1219283
4806100 3848408
2121421 -5746074
-8902423 7298974
-8481392 -7035691
-5302965 -7484060
-936940 4783946
846451 -3619269
-7045492 5229363
2224880 -2099175
2529293 2592353
942868 -8429514
3341945 -1420873
3892037 -5453962
-6293928 7556268
-3663015 -9290567
4557841 -5052693
-8282415 3659437
958411 9195614
-7840077 -7184838
-4668898 -5006629
9777318 9373311
-4245958 -3089486
-7860123 -6859879
-6442702 -1291450
-8699097 -3118891
-9032053 6086592
-5334281 -5239876
-693838 4309892
1866161 1074108
-5700106 -4471413
-7007754 719498
6895288 8857735
569702 -5290169
-2475007 -2146301
-4636577 2729625
-5380712 -4627553
2282962 7657093
-9202786 373330
1598233 -3060809
3820301 -5645488
2957456 -4584512
-7308036 -2695400
-8385507 139528
3729988 -5485521
43066 -4002994
-767144 8029882
6887618 -4448336
261495 -3871856
-3501804 -2542680
2703297 302840
5675287 1861619
-481288 7322586
-9787732 -9525399
9930145 -7167722
-2813210 1810501
-257658 -3733202
3571398 2660599
-7199873 2434306
6948785 -2297757
3699249 6530115
4559998 9508203
-4940133 5448458
-8423398 -6036032
-6062360 -2162286
8140554 -1925202
2452769 -842711
-3520125 -3667806
-3193205 -8028519
-5196241 9208496
1018997 9253292
-4479910 -5493098
-316147 -9238661
-4288002 9091489
-3206268 2483980
-8469553 -7339217
