633 -8410042 866251
919
1892291 -4350931
-6040749 -660629
-1035561 -3911404
9845725 2849911
7893896 -1136017
4601782 -6539592
-495238 -7519156
9338907 -7779969
7225609 -5484317
9091104 3165775
7849269 -819083
-2829524 -6377192
9494858 -2283723
1105468 -9585673
-7995715 1960776
126197 4488071
6343794 -3587071
-4982123 -3398199
9451712 -4691767
4172216 -5136398
-1675989 -138040
2342804 -8709649
-6489618 7828773
-7655544 1681711
7363838 3252343
-7566740 3951912
7574720 5213107
5445736 -7879912
-7465584 -414070
-8453294 9067556
-3928020 7055053
-6532018 -5810744
791057 -7584226
-9759640 -1514140
-4134186 242769
-9895271 4412576
-1780721 -3293823
7051302 -5036114
-838051 1729662
7498357 1912111
-4135977 9042140
4255247 9931618
-7948294 -6561256
-4458974 -7782664
3801244 7102474
4157528 9604085
-6206659 2389576
4805351 141862
1144074 4584398
7343519 5045711
-8025361 7009889
6232418 -35400
4928486 193919
4439933 3283721
-4804168 6606788
5648928 1938290
-5613740 -6423793
9531303 -7579473
7154215 -3562033
6056793 -4927670
-5323585 955460
-6654964 214321
2872536 -1530244
5570506 666739
8228802 -5983390
3542851 2914025
-7121375 -9796558
-7086287 -224730
5575343 323464
-3069748 7353646
-708064 3287527
6863734 5095532
7516059 -3805451
2632516 6395038
3983720 4670275
-4374265 -8794339
1419983 8660135
9646243 -8512877
2153863 -5707481
-9174519 5216749
-9352874 382665
-6897541 4368333
6659955 6042103
-3634433 8532524
5886170 2235298
-4477175 -4187829
-9092297 7694459
-6110992 4902911
-6185699 940115
-4389610 -962124
243537 7798021
6458156 -6247523
-4760400 4179872
988743 -1379249
6353852 -90185
2808833 1814225
8698910 -482670
-4440566 -1572356
-3039831 5358865
-2405837 -5558647
-7230123 5362691
3057150 -4366660
3052603 -6322420
4617695 -537490
1016738 6866905
4664926 2744437
6496914 3776628
-9527148 -6360565
2260186 -8263485
-5837318 1461596
-6724179 -8869609
647721 -512133
7915512 -8025269
-150052 6207155
3164861 -5124319
-9761628 -39537
5593803 5934738
2128670 -4188125
-2209263 -8837242
8029663 -3253634
2007155 1323828
-4899544 -4789058
-1149623 -1495930
-7243063 -4426692
-448744 3626915
4757306 -3080381
6407487 2827077
-2681840 7921380
4128535 -3160649
1715032 7168108
-2871429 9809748
5744486 -5530244
-7202017 5238726
-1082163 -2126843
-2864125 -6894927
4428901 -3052500
2158442 9143030
-2352900 2045709
135369 3525171
9668439 -7079611
-159991 9686626
-4969945 -3057903
-5136523 8763848
8119551 -5135432
4549028 1508365
1318113 -165417
-3179309 -8322400
-567322 -2937400
-2547891 -7864973
-4759900 8350515
7814368 4587984
3731014 2185353
-5768938 -7510838
6014334 3894467
6814856 -3117217
-3430591 -1800875
5141222 9171217
451417 -5884183
-1019615 -9995300
1513065 -1429032
921903 -6470587
7723365 5347530
-7589870 258947
2393974 9672396
539263 -137761
6966575 150426
-7664221 -1646369
-6640854 697590
7108409 9083193
-4034024 1889832
-9911043 3923265
-4389165 -4948262
-8316093 5230179
-2248769 6062252
-5366779 -6819356
9226409 9264296
-2871821 -1928524
8330423 6949775
-861477 -7945339
-5566747 724397
-9125177 2194138
3064122 -8600172
-5386230 5726954
4810147 6423268
-1686900 -8277821
-1838203 3292476
8344214 -9081591
6148588 3772632
-165116 -9971879
-6791235 -6100180
5680468 -3015543
5055934 -7564826
1901301 5324999
7379661 -4097291
6627107 3556176
-4249685 -8187086
-6787258 18282
-4254763 1330789
-2245943 -2173487
-7934956 -9444616
3847860 -1416491
-498082 226841
6515825 -5291574
7252899 8166858
-7933322 8867062
8367871 2978016
-2070457 263499
-4411502 -4059843
1842867 2347196
-4096627 -7031841
7297425 -9013674
1004608 -5829960
5500829 -9489832
-9146967 -733803
-7662066 -6745114
-5645253 -7081923
-4338729 6185794
3410573 3856665
2023523 4693448
3560510 663472
6157841 -3393446
-613595 1928382
384891 -5912616
6434580 -2508745
-7024233 -7772242
-6785916 4854305
9024345 -9726808
-9216640 4218693
-6515110 4525174
296412 4152745
7070823 -4177176
4524971 -2832489
-8975824 5248446
-58106 -9548104
-6368280 -4435948
-5313042 6018757
-9536509 9789561
-6123055 4073363
-8435382 848382
3076141 2827878
-2317817 7056737
7329930 6290225
-6974730 -3293471
3748055 629642
-5217612 9026513
7365689 6560820
6244683 -8146789
-381991 -5592988
-5141092 7268860
5349264 2076255
-1904988 -8993019
-9203458 -9963778
4109585 -8925145
1923238 7189840
-7465930 -1809445
-4752707 7515731
-3677692 216253
-560866 -7422777
-4276783 -652421
-9109556 5703542
-5219286 505605
-5124832 772485
5179498 -8974603
810609 4493177
-3430567 2554758
-3921909 -3840127
-3803905 -2819203
-1744347 -3125366
6580826 2822032
3528940 2695243
210974 1631248
-8152499 8776233
3869808 6533282
8397213 -6197012
2022882 9593025
-7385017 9287657
60143 6803596
345345 -2509849
-8016671 7755993
-7172897 -8844045
9832180 -8930886
-9233737 -1094805
-1703819 8544628
-6116988 -8461732
4233511 7393359
-975393 7411952
-1295463 -5555515
-9022232 -6611540
9707800 -7425655
4683723 1891333
1178991 1730682
-8949370 7298706
-5211143 3755486
-5972169 1395976
-4931717 9288538
2874004 9371286
-1723519 -5099537
5961443 3640268
5178536 6572662
-3517627 9844456
7256408 -8071600
-3627115 5506980
1411793 -4039054
-8948357 9867005
1758339 1119593
-7149724 -1748282
-4449576 5453682
-8274480 -6099094
-2186766 -7144366
4660524 8269703
7640989 2881517
298333 -9949119
3691149 -4082529
5006485 -3740224
8620584 -8613963
5830789 4005211
-487809 5876993
4354291 -7796325
4587032 3440336
-5440070 -2077714
6174005 8861723
-3168243 9926558
6343816 4240781
-387233 -8926371
9343332 -5842949
-445080 -5726708
-5675827 -499326
-2065503 9853253
8629382 531674
-5565937 -7059018
-537455 -233682
8159663 -9735147
4984880 1491089
-5068575 2513954
-9563759 -7911736
3466340 -508645
-8065735 -873402
-6632621 -9701903
-8628273 8278082
-7564867 -4503501
-7713857 3231411
-7267915 1990053
-5640341 -3389684
-341658 666582
-3876083 5505393
-4728289 -3391243
-3126390 5586462
-2922449 -6568625
-1538319 4374842
6463107 -5474671
4016684 -8585726
540872 -70553
-7256104 5950950
-3254616 -3575396
1921103 6631975
-7620261 -819483
3686922 4207246
3333914 -4888176
-1705241 562933
-3931674 -7007744
-7882635 -3064972
5037842 -6143610
-2712235 -1009024
5882170 4631746
9157075 -1734202
-319927 2345277
4791076 -4309889
-8358939 -9779055
9161901 51325
-3316700 -9097203
-7400334 1083004
-4709750 -936961
-3308784 6286589
9365874 1140516
-3350876 -2497673
4437355 -4565799
-8193057 -1233510
273818 -8008451
6623295 -8388940
-123142 -3844012
1017618 5780370
-8529518 9556931
2294229 -4191306
-1623629 5627895
6530693 1456130
5055487 5059672
6639063 9130359
-2066700 2862089
-5997394 5846631
-6651042 -2700825
-4750272 651730
1934572 302665
2294215 -2943329
-1332269 -7791610
-1635621 -8566138
7214233 8544589
617873 9381997
7707043 8684715
-3171038 -7087898
-3115416 -3916585
-8856913 -6640345
5006367 4456423
-2681487 298502
-3854866 -7060333
-7244806 -6162529
-2994447 -7989556
-5170538 -1995078
5061593 8940126
-8851484 -359971
1073891 -6270676
4790266 -487105
-1105108 -1711876
9489191 -4591861
-9163407 9118288
-4798297 8834506
4710513 -9762471
4693953 8861142
-840356 -283120
-4827100 4528818
8366289 -2178870
-7652073 -2071906
5933017 -4628158
-5688032 -2822611
6817418 994610
-2759713 7976837
-2510268 -2108691
-1304214 -7969447
9955044 -1099023
-1980735 -9298671
9535835 -9208363
-8970834 -4262680
-5401538 4246349
6479581 -1760529
-7231711 -3725542
-3388059 -8347519
-7903072 -8865422
9022773 -1040132
-1346391 8029945
-8459093 5851093
3827930 -4528973
-4121312 -8702454
-6671901 -8682337
-7265008 -2909174
-2207844 -6716857
6591132 -6729391
-992071 9844343
-3392956 136651
8376122 -3877257
-5086447 -6913374
7255459 -8855588
4795342 1525494
3001714 9352387
-101316 -3665533
-7814439 -8344677
-2873650 1439592
2737138 -1470157
-7636142 3005039
-9904135 -1418410
-5618915 -4901150
-1630541 -9595627
-9751283 3488570
-6374779 -106260
6016483 -3144239
-7541261 -7998657
5662107 -9069963
-5028117 9714199
1582938 -7026198
-691731 7973598
9628921 -8518377
2921215 -5989818
2540026 -3244728
2276663 8174705
9272647 4903884
2519087 -5111120
7809606 -6346267
7142303 3404898
-6701361 574675
-53212 -9232476
5285219 1831474
2761511 2405528
-5363921 947327
3921129 7733395
-1776655 6219017
7700640 5745750
9755933 -2147734
-2876110 -6861793
-8687087 2295959
9716195 1916905
-677862 -9414440
6755645 2235282
-4359819 -2868256
7706419 -3585700
9698176 -8544828
3286646 -9830441
2575087 4983396
8447075 8564510
6297905 7211166
-4053464 -5115444
3146658 7037602
-5110132 -6352824
-3214616 2902591
7714902 2013759
6447016 -9385351
3716561 7431098
-7817268 -4230846
-4582750 -7011441
-597141 -9660735
-8205563 -6876331
5809581 -8382612
-882864 5081084
3645594 -1615332
8112187 -2435789
-5034881 -7540149
9497453 -5941277
-9777749 8111777
-6469279 6903673
-8566216 9523987
-9861364 -8754377
1193073 7880801
-6350045 -3628450
-639891 3375806
3715071 -932794
-5292773 1279320
2896708 -1974139
5623297 -9483192
-8582171 -7986156
-7905593 -731109
-5754906 9530016
6105091 -2940474
7687656 6258899
3162572 -1156306
-1632318 -8781623
-7536000 -2887291
-5006490 -8977330
-2605780 3657074
9549232 -1356535
7710671 6754329
-1966350 -4219345
3806516 4934251
5451059 -9069642
5460555 -570187
1215056 -614760
-8568392 7554962
7130841 -2023498
6751753 7536699
8896746 4818497
6036874 -7569322
-456613 -2735572
-1712902 1017226
7190652 4536897
5696714 5681319
-5048000 -743764
5036892 3407386
-9142011 -4497998
8948713 -8640240
-6694074 -1174600
8210641 4409268
1964230 4520982
5013837 9642249
-304699 -904929
6429920 1765590
-3287380 -1407953
5856475 -5016854
6000373 6256007
792904 6659925
-5142404 -4292623
4963614 -3510381
2413357 -7674051
-2172049 506
-6123382 -4212302
4613098 -3223336
-8814068 -2817456
4219879 2823739
2465989 -4333485
-2722062 -766284
3515658 -7838710
753337 -6292141
-1308995 -9771721
6484286 9126164
-1697559 7207730
-7084892 9793543
8799514 3160038
5485987 7878722
-9604420 -6270777
-7966727 5830290
-7393045 -5727802
1454743 6646371
-529889 6309239
4492106 -4325378
-2575310 4452452
-869906 -8229955
7994256 -9059652
3684979 2399783
1525947 9201613
6409344 169266
-7520839 2344740
-4495222 9324452
-280474 3795027
40602 3507117
-8146240 -7368542
9420008 2073875
-1279754 6977067
3286306 874751
-934275 706709
7675513 -9705235
-7935190 -993233
-52884 -3194393
9205390 2575418
1777031 -6367905
-3682287 -6752311
5592430 -1813625
-9972821 -8686774
-2375395 3613560
9637030 -7736943
-5105485 7665207
-7744566 -8509210
8467857 -5685476
-2294373 -6507967
-3284906 -5729485
-5434720 -712295
8294472 -5609392
1196215 9146442
1721860 -9242060
6906388 401606
3649295 -6501108
-5798381 5740453
7053680 -8241923
5371638 -5771201
9008208 7194637
4859845 5008668
-984190 -6097276
-9266400 -368369
3123664 -2516333
-5729466 -1560773
7726932 9838759
-5770633 -8647833
-9501391 -1462243
-704303 -2058066
859892 -5263178
-9247934 -3797915
-8057461 7025540
8783617 -5046315
-8301164 1512571
-1292792 4155255
-8319725 -9292955
-5390231 6083405
8231389 696085
8179752 -4656631
-3701052 1355053
-6289836 4966639
6318806 6542233
-4920010 -9544117
-1602182 -666233
4070589 4375687
3094125 1774062
-1200398 4822655
2292693 -2446984
1581939 -2416780
4254827 3991529
4698574 2805499
-8594743 5935103
-3368812 1824695
-315584 9636646
-6491949 7327293
2293932 -1500283
-4958050 -2781784
-9809549 -8870910
462857 121940
7013979 -8895379
2878684 -5466553
1872454 -7375544
177472 -8321714
-8222142 -5834853
8156677 4275763
-2918737 6032686
1967789 -4628397
-287349 -1513480
-9360482 1115329
-1557378 1913419
-9586864 -5852431
-6117863 3252906
4381996 -4544914
-1906622 6588941
7693562 -5155146
-8105347 -4892642
-2268186 572246
-5233115 -3716541
448607 425639
-5298598 9061095
5093781 -8878364
9009591 -5700983
2785537 9577922
-6790396 -1277758
3152014 3425055
88977 1652226
7421485 3565150
1536589 -3512534
-6923593 1803481
-835313 9629967
7253677 -9230030
-6141432 -6424308
-140848 7501844
-2072517 -8858195
-9797099 -9692241
3945747 -4854763
-555745 -2186966
9907309 2955338
4193933 4746144
-9312448 -6883087
-2714509 -2654053
3427449 -6707119
-219653 -5293024
-973190 -5035962
7110358 2856755
3626725 707849
4283542 4364035
1865879 1645
1143451 -5857306
6966805 2309714
-28696 -6137296
1675738 912552
6384242 1931911
9194407 -5900601
-2783688 -6905473
440474 9881959
5691192 -2981844
-5758516 -6132076
-8651686 -4528460
8328295 -4215354
6492496 8458672
2822708 -5528628
4473017 776038
-2564916 7204939
-485346 -4383532
-520828 6918241
-9652855 2002310
-6065779 3671263
7770662 6731387
9825915 -6871372
5526940 7503327
-5478517 -7217259
9167017 1218132
6689672 -8720681
-2936034 -9484668
8974004 -2465681
2005691 -6443538
-3151148 -5686936
4034356 8995061
7127881 -3199712
-6281471 6065362
-1932328 9123406
2794669 -5934326
-9202939 2001893
-2353127 -6918317
3101362 3139328
5922070 5690165
-3091702 139197
1418517 -2394561
-1879229 6114322
6164994 8482483
4555297 9611128
6440544 -9312963
9682098 -8595851
-1795563 474900
-3459738 -673668
-1550262 -5560682
-1495008 4607934
9126179 3760759
-641206 -8181595
4957734 9289405
4979570 -7539843
2599354 -6603844
1001595 4404220
-6965105 -5982129
5016706 1638719
-6233801 9199889
2403278 -427997
-6507496 2723095
-6802004 -5398271
3928061 -5786707
-1347389 -7745390
-621103 -7622201
-1345090 7157603
8976009 -1494924
-9689167 8013704
-9526139 -3549905
-153749 -2193244
4727328 3073216
7091087 3364198
7519269 7762223
-521536 2107794
4196149 3801820
-3475084 -8118257
8999824 7688654
-8098053 -7760736
-5506126 2927885
-2177964 554559
-2287838 3872771
4894200 6476946
-2992998 9204523
-4345382 5205033
5528141 -2519136
3070432 -1982779
3897772 255470
-1982307 -7322129
-2697983 -6066607
7735214 12510
-5589395 -8501833
9186821 -5739870
-3500606 -6589571
6338314 3605120
6676031 -6490380
7382392 6676702
-4330000 6904546
6109069 2276592
9997977 2677002
-9842134 4280040
-7702739 5526119
-4218411 -4255350
-1577478 -1288615
2644779 -3684366
6328144 5724539
7222706 379993
-2843525 3255101
6665530 -1074121
5047352 -3827779
-318159 -4479804
-7803102 1723383
-1372071 -2935767
1857177 -2133102
3060253 7253351
1533391 1855155
9897626 3218119
1479122 -3652996
5058390 -4320785
-5488799 9901644
5626183 -2296831
599514 3355698
-3389201 2848890
4291121 272341
-1039086 5792682
-8687122 -661527
3578209 8642755
8223341 6026129
6409379 -7793862
9459489 -7403130
4452025 -530368
5204104 -6490768
-143763 4349651
2545218 -3316774
-3415130 -5085373
-4865852 7056420
-7071530 4727405
-2423705 -1749986
8522355 -460731
7848303 4383769
6238594 -2516731
8642376 9161182
-2296337 -183197
-5460706 -617931
1978940 6629394
-3900973 -6001217
-2491984 -3569035
3296969 3819483
-9497291 -119395
4795232 8358539
-2068689 9603931
4331336 2445732
-9304254 859781
-9600949 4423984
-1192247 1734453
1734074 763706
-7558760 7562699
-2620497 376450
9758520 144903
-3225702 1918797
-1566068 1737460
684777 -4610323
9209160 -1541700
8338905 6498098
4856638 2228221
1832152 -4349511
8096221 -7212051
3647731 8679840
3103824 1308319
-6957228 -3436866
-156808 4427929
1990629 4776846
7669649 2284433
-7570664 1886484
-6194719 7428169
-8318019 -8280014
9626015 -5244435
3213866 -5116890
3897561 8835175
-6420252 1552771
-280387 -1245801
-5941500 -2071748
-3391907 -9667814
1640506 222583
-697931 9711917
-3343801 4683278
-8023523 9145262
1429695 1163180
-6950336 9646126
-409353 -3624617
-9388278 9371297
-5873138 -6211020
-8811558 -9762263
1589265 7340728
-8590148 5086003
6356554 5169013
-6902734 -6354183
-6021997 2931407
-6846010 -7778289
4449980 5618509
-7181860 -5027588
6634026 -8893821
-5214289 7310969
