212 5465287 -853493
312
2263739 -6108581
-4352639 8105719
9098629 6794043
-9968158 -393091
7821401 6185604
-8278065 -3422710
-5573373 5316167
-5969618 -8924818
8700610 -7983327
9665130 5788860
-524165 -3760739
3739420 9159894
-2807958 -7670389
1934649 4169726
-7848634 1281705
5173124 -8918844
1703228 -3068543
-6274500 -9179514
427395 -6681791
9503814 6273695
-7149015 -9234851
6081316 -8774251
4817283 -2722387
-8189362 -9888302
5900558 -3965755
-5210142 -8524231
-9364337 7892745
-9777643 1045630
-4784643 -9655943
1625763 -5326642
-4245485 9883075
-3185468 -3201113
-9864275 -25905
3292304 540032
9330079 -6920527
-6155378 -4687530
9054571 -7818935
-541322 9925938
-9962363 3871854
2422451 1269316
2745085 -1545453
-3652707 7212309
-1742060 -4102899
-3758842 -3430350
1243008 -4010351
-4127276 7866921
7182161 -486125
2004322 2687256
5743640 -165762
2913711 -4703373
-6874551 5073720
7254785 6758333
6684272 -7819979
6051875 9229815
-6984517 -761739
7692808 -9009321
8202988 5760569
-8342330 -5959899
-6873897 -3539072
2450577 -9584820
798454 -3114536
6399339 839653
-6473091 -9503033
331205 -1596338
-3783359 1786902
9376974 -6755083
-9996750 -657910
-5961537 -851889
-1622074 -796126
8442135 2606691
3597370 1393409
9670330 6134944
-9824955 1800358
8261287 3844352
4259533 5817501
-7297035 -6771784
4067870 7574339
8071306 1618656
-9977682 111131
-8101967 -1597489
-5836220 8755311
-9386246 -8724993
-7060530 -5832969
-4112743 -5347783
7258908 1317396
5227158 -5670607
2980689 856278
-7343363 4897488
-8741807 -4327914
-8510413 3434276
6662492 5517726
3092065 -5807448
5811209 -6753286
3357846 -6320277
2082234 -1650121
9621543 -2227769
-8436409 6246015
2929398 -9764703
-5112486 -5496939
5820458 8816655
5662400 4662775
-4480947 -6436032
977808 -1356911
4315176 -9307958
4126318 2236001
-9729921 5804763
2513668 -6694837
-3448123 -4121504
-441781 -9158771
-8292540 9909723
-2318045 4156806
402821 -8670997
-8435700 -754454
-3735041 5848571
-2818422 8968167
-3852706 -7914583
8165737 -7156021
-5996580 1666347
-5125258 -856454
-8620453 8318596
-3360288 9001060
4822575 4165979
-9955525 1669732
2510961 -8625547
3800528 -397305
-6240499 4218421
-1936223 3998835
5760733 -3321326
-7472755 -7855571
-8887404 -7974307
6627462 -291177
-4930846 -2740110
1442590 4793200
-6063254 -927425
9907523 6317332
-2165256 7832645
1998624 -3452765
733319 -7342680
6548125 2043100
4162147 -6755720
-20946 348653
6863841 438000
7116674 559183
2703612 2624574
4650267 2160271
4385446 -3667439
-3891197 1277730
8587282 9454601
-8956472 7551393
-3614923 -7475972
2873025 -9048949
-9985361 -3263826
-8090154 -5128350
-568898 747958
-3491409 8457971
-8677024 -6406751
-3452399 -996003
9563180 8186817
811392 -6335725
-1659102 2266792
1115705 -4538341
-744259 5242696
-2786351 7224509
-2707746 -2156977
-7116597 -1742823
-8275419 -3806316
2929858 5756429
-9371921 -8260780
2487178 4839704
-4185973 -7424467
8685134 1512121
-9483882 -2862997
-4676179 -4767265
-8586638 -9920702
-5137557 6135213
4113224 -245740
7513308 -1505500
-4280991 -6631034
-6271659 -5273042
2984135 -4472384
1721300 -3388255
-7631826 4708716
-1035712 7167510
-5476434 5512605
604490 -8548533
2963588 337593
7474596 -710376
4522359 -4003941
8591709 5314769
1449982 -1547927
722685 5970504
-5534995 8079559
3964877 -1764007
2962951 -7299634
-1772018 7693218
6821315 8463439
3172155 2465634
-366856 1705841
9734798 -7863556
6104263 4156710
-5505697 339288
9628912 -8415797
-2419738 4485252
-199979 -3332377
5119696 -3828028
-7857524 3766356
1845915 -4157619
-3405273 9123833
-8175800 8327144
-1463286 9557678
8021117 -7431466
5034169 -4641970
7063871 -6290375
8362421 -5332687
1340376 6798670
9654310 4466684
6050887 -1648969
-7163717 9283223
8467198 6147502
4835826 -4847343
8919013 -3896753
1945628 -505346
-1381512 -6718720
-8391576 8540355
614386 -7040960
-4472426 -7338510
-1980480 -1364497
-5138520 -9438257
7745409 7599744
-3085234 -6776099
7690585 -8397863
-46832 -3430924
8368651 -3742175
4921679 -4694196
-7025187 6835850
-7060903 -242495
1768511 -8106174
7691458 -2598923
8457785 -9613001
-6653961 1816234
4477724 -927829
224026 -8610034
-8048291 -7502755
2613341 5085507
825760 2213470
3815607 9528107
8613535 -8967302
-2709477 6285128
4107284 6982187
-3665611 4728554
7002411 7082097
1492275 -726514
-809085 -1229078
-8325726 -816267
-9000033 -2351300
-762777 7536665
8926631 5477691
491288 1977602
-2936891 3394693
8124515 -6895371
5149088 405221
1437919 1940123
-9258397 3762624
744811 1244794
-4026652 4848887
-5552664 7079200
8869038 5492111
-5736966 5939611
-4876656 -9423695
-9258642 8453660
5990325 8639663
4117354 -21419
4472535 -2566691
-9171998 7124995
-9770376 4051996
-5542782 8952517
-6591008 -2104935
-8342311 5895137
-2860068 6666947
-5967814 2402500
-8001948 3113280
-1394608 -1520478
-5580867 3383442
3959747 -4615222
-6161562 -7941171
-9301508 4701105
7196039 2345115
9778424 -2667801
-5542806 1668574
8236923 3122778
-5408352 7203170
-4901765 -7305859
8589278 -1999360
7183940 -3244076
1674776 -4270790
1358843 -8783874
-304351 -3810820
9572622 2480587
7865365 4114782
6173612 -3951278
3266179 4220155
-3434730 6872104
6720655 -7021430
-2836503 8860047
1982825 -8822151
8381020 -4599580
-1905439 6574473
-5424886 5995607
5267884 -3316161
-5070598 4275406
5491532 -3057340
3131841 6288245
