527 -6397228 -3350333
847
-363312 3780985
6197197 -1198046
-617271 -5341329
7595818 5540495
5810750 6616353
-7872110 111057
-8881058 494569
-2888513 -9924194
-4693912 4104806
181386 -3869448
8339605 3742846
-8171796 -4204149
934834 3227999
-6047247 6334019
9936792 -3667967
-9886982 602420
9404374 -7910168
9264855 6310215
-5632938 -8696545
7919808 6860674
9488083 -9822187
-6811266 -9952302
2639856 -9392974
-2771816 300221
-1052875 462296
6721494 7409571
5721774 9803083
-4452566 8549699
4883718 9172961
-4495006 -499813
-9897392 -2663138
-573305 8134364
-3039068 2023334
3326790 -1308450
8068576 1327994
-5977841 1246598
-6189351 7556660
8163686 -2789107
27467 -1033143
1945506 -4608130
5317793 8974592
1294027 -1333000
-2783301 1039568
212529 6841461
-3658351 4616770
-8046368 -1766125
8884591 8960609
983943 1380327
2588230 -4154477
7173518 -5689267
-1926316 656806
-9270182 -8804323
-1593429 -5599315
3367542 1409856
-681921 950390
-75018 -4686952
3980049 -5364128
-1808208 3735362
-6906825 3713100
-1670130 920673
1670900 -565176
-9088215 283503
4180182 555492
6401015 1895729
-1277186 9284764
-7542077 -3909115
-2713437 6796498
3713535 -6812259
4597598 -1790514
1676228 -2918922
-5089522 6432029
3584253 -8398790
-2147076 8890527
-4880020 -8223954
-4786929 946100
2897276 3449850
-6266647 -599676
9955816 3809062
8221143 429888
-285348 -1126817
4964069 -3056043
6256808 2172575
-2123331 4766984
5492822 -29657
-432227 4990619
1422648 -2830950
-8713388 4478252
-4114869 -4993099
9299299 -8344111
2601989 1005111
-5545038 -5487629
3912695 8015617
1824679 -9295333
1134555 -3615137
5258046 45822
-493868 3365560
-4461865 -7261533
7505451 8279292
-9234013 3414804
-9078225 -4485375
2683675 333761
7328365 2344423
7351325 -3513360
-1857471 -6786504
4218608 -833024
3679347 -9255482
8760135 1189922
1894589 -9891606
9009609 -6898833
-4336659 5545497
-1088943 4267656
-477525 -2314175
-4034883 -3034456
2896701 -2972073
-4941096 -3268895
-418782 3818476
-3837100 7742580
6745572 -3090417
-7360569 6030577
-4802447 -5111899
8148971 6858039
-9435687 1393253
-5982001 -574542
-4957023 2458903
-1995600 -6972391
-188383 706319
8392144 -568191
6397353 9334092
8878371 6873614
6121071 -705946
-6887469 -6062724
-8320144 -4297711
-4871776 -8208217
7822360 941780
5829881 -2232345
7142047 5536265
-3070482 3978852
5920662 7706360
-7318385 947518
3975127 -9036360
1669959 -6797633
2634176 6303096
5637188 -7421545
1968421 -8452118
841936 4515560
8452836 -1910508
-3691867 -3529181
-1737398 2649044
-6409176 -6047291
-5763283 8601314
4137580 1937057
8432261 -8621236
1601476 3583450
-5469032 4352923
-2167085 -3200556
1811 1022447
9841895 2019226
4597682 5152340
6700222 5479084
-7489004 9082455
-2828052 -9941490
-3470670 3480184
8645580 3480081
-50857 -2691716
8425951 4752756
-3310187 4185860
5564624 2563531
8663333 -4877926
1991349 9682452
-3518104 -6805698
-3266899 2340617
-5640157 -999940
-5847600 -3425003
4570433 1473877
556333 3368974
3427484 7081429
-6922035 7728281
-6275286 2473166
9781451 -8276455
6476301 3673857
-2140283 8207402
-6712715 -6833886
-9195460 5940693
5623146 -8049382
7661272 -4687759
7652858 4621394
-6378546 6910726
6002075 4529054
-3997069 -9709794
3659180 -6911140
-9829711 6559264
-3196103 -2913335
9559831 5764606
7488151 528612
6718821 1857634
-7418612 -3519196
-7836730 -5421461
3035584 8385025
2851996 -7032190
-9203597 -8824918
5796477 -6970380
9940346 965614
-4505332 1934283
2224490 -1541227
1547633 1497599
-9426784 8400022
-4513313 -5765726
9998880 -2622887
7905725 7562871
-579495 3383
6484187 4624547
1719438 -5481754
-7096729 8647457
4131619 7271374
8446457 5755267
8784888 -2555625
8409989 -3240714
8693569 1241586
9700360 6421009
-2081392 -6565589
4350786 1247993
5482268 -1508176
5868938 9837473
-83304 -2002500
8000884 -3708985
3431914 1853554
6371800 4485071
-4351119 7667704
4939079 9275071
5030339 9780500
-2775125 3385536
-9855178 -3668421
7573165 -4365136
4572225 1354743
-2694493 7273525
-8962129 -7509166
-6500990 -8343707
4010118 -963509
7033991 1884300
8175316 6443167
-1703279 5034875
-7963701 -5876418
-8208713 -5331479
-6056408 -2314820
9982032 6730366
115902 1490283
7821862 -2793092
-4641876 -7222924
-3351829 -2088620
-4815095 9930350
4937536 -3529970
-9357325 -3777224
5259267 952898
-7162801 -2830854
-6387687 -5190389
2360838 3528867
7652449 1909034
6577555 4397137
4598669 9443736
-1309546 3037499
7044135 4580702
4303962 1322708
4099784 4865997
5293729 2178438
2108788 3264308
9734338 -9521365
9217763 9562676
515575 2893366
-9937488 -3006617
1802994 3352774
9397993 -6325175
5583859 6680184
-6406326 7050442
-989469 2161414
7715265 8192343
-4710603 7700985
-976306 4759400
-7858250 2109711
-5711850 5639830
-8579510 7435479
430466 -1086710
-9007681 -8845171
4048195 -7835418
-842035 1507894
7377020 -3372941
301884 3477311
157495 6775013
-3658193 -4114257
563509 3751169
-5540135 -2131310
-4430324 -1721226
-6961825 -7734386
4375326 -2890278
5265904 7696277
5131756 1179828
-9906882 6686395
7841224 8078575
-9756843 -8914563
-4890317 -5594229
-6450818 -598878
5394785 -7513297
1778068 3851066
9736809 -4447720
1819802 8119876
-4011434 -7183330
1095444 6279667
8545281 -5925406
-6299332 -3350029
6862600 -4563041
6616787 8966573
5652968 1994357
72932 -773742
311695 -3989456
-7067333 -7167559
2233563 5421379
424434 -3518151
-9667085 -2371652
-4303020 -7797497
2838731 2586076
5402746 7516782
-3687199 1343649
5418244 9014542
8180866 7374435
5327746 9118912
8085485 5043466
9554175 1944534
-8829208 -3745195
2265349 -7856541
-5024100 -6001161
1936570 -2285632
4196217 -274185
-129485 -7638995
7079860 -2954516
9631560 5567496
-4399370 -81409
-8737760 -2449342
9081553 -5570216
-8195781 -803164
-1684251 7262419
-5177763 7131965
-8407149 8917586
7688744 6892765
9036224 -7236357
-3237517 -45907
7668462 6528477
-3745708 8699053
3576410 -5618969
1426516 6124808
-5791344 656270
-9425139 1058076
1125087 -190714
4239070 4353454
-6449710 206640
9985411 -1440359
8207959 -5617609
5816330 -5192352
-8299587 9800810
5080806 3505074
5975519 3252990
-218533 -8156711
3058694 -3839667
-6942283 6035759
-5323081 9151457
-192273 4484233
8058661 -1114425
8694862 -7101059
-231253 -816252
1906740 -4549716
4009926 3319037
217781 1892151
-783848 -5265763
-5464953 -3965889
2055537 916565
6685907 9615853
3975494 -9452592
-3292258 -3532626
5019486 9550541
8701998 -234541
6766044 2212757
-8901667 -8973923
6441370 4824705
6524806 2309547
276183 -3789883
2045507 -1568454
2840050 6802461
-8463302 -7736712
-9186249 -7943798
-4510881 -3928254
8203951 -4614360
-4066952 -7824973
-8841247 2179446
1729987 -4842858
-2561047 -1305409
-9092651 -7051663
6490766 -5795003
1546055 -7994318
-3168419 2932137
1658606 -1929139
-981241 7107764
3910226 -6295887
8483753 -8141191
6431363 -2036724
4035022 1813856
7199496 4436835
6611862 -5244674
6934772 5648897
-9193961 286967
8981559 -8818889
6645800 -1755007
2449990 9888908
4410942 3136566
8585055 -6003955
-5416742 -8757477
866639 243662
-3535873 3602018
-2022821 7293217
-4743506 7464233
-8205559 6924895
1361730 1807868
6563194 8993938
4642835 -2026408
776911 3497966
-2804571 -2034774
6210219 -241530
-352622 -6158771
-505852 -8823438
7688959 -5941680
-4699157 -9404445
839217 -7727782
-1609412 -1316165
-4022948 -180303
-2716070 -1115881
-4190986 1233546
-6958585 -921629
-9411339 7170744
7660688 9604609
-4381072 -2252152
5713075 -1562400
8196070 2814357
-828061 -5560354
-4383792 -9640199
-5581879 1182439
1777994 -6694832
8093738 -7764683
919152 5133564
-5046739 -3515674
5368445 -587444
-9353897 -5246457
-3651734 3693812
864556 -6312482
5808479 9453280
-2798872 -8958403
-8004451 3943759
9274469 5430555
9870202 -9808381
3067772 -1553592
2145199 8002762
3824282 7485894
2237563 6439545
1573109 -5565628
918698 5673067
-4914377 -957278
3796265 8803496
2497308 -4268274
-8064404 2660884
2114164 5878216
6919813 260428
-5795813 9315292
-2737800 1431714
1623334 -6521344
-5558584 9648754
7651516 7207458
4693352 -897033
-4457487 -6007849
-1573477 9447267
5120334 7115622
-3841655 1861574
665070 2722310
970388 2470962
-4868154 5678730
-5926702 -4577663
5682765 7246010
6561303 3509464
-5058822 2403304
5881961 6339855
5988609 -919136
-3711677 2839729
-8057303 -3843523
148628 3498027
2945295 -2514790
7117184 1091504
-7046922 -9418019
3304291 -6724471
5746492 -3865500
4329582 -5725320
-7786631 -9121662
8124349 8402880
-5571304 7896134
-7184210 -2797996
-6458141 -630125
8450739 1214103
-5946167 2046820
8203297 7255414
753442 8512882
-4001908 -9131722
-5523866 6215089
6797070 -6884724
8907158 -2570788
-3919936 -7382286
9408746 -2829998
-1951660 2925998
1328878 -8377885
2034601 8689041
8407397 -1726073
7643802 4850391
-3935505 4465608
-3487572 -1389107
-4133692 -7365320
-8852438 7232078
8100356 6619750
2834839 9662006
5293634 -7423510
-7477946 -7851739
-5234025 4200792
-8629206 -8881530
4044468 6691073
8313188 -8064513
-9375472 7889698
-3836375 347789
7714533 9031926
-3986114 -6192573
-5065327 -6220972
8930060 2526315
-241607 800981
9937083 -9922378
9739628 -9624899
5467943 2771922
-2563465 5033262
-8249593 506349
1624819 -5281137
-8590064 5637553
7573040 -4330713
6075337 9723125
-7412734 713921
-7737801 -7761037
8562742 2818151
-886469 -1723915
-9197600 -6502585
-3185252 -1956409
-1878787 -6922855
5968598 -3248169
2040105 -2139159
5410456 -6047107
4459242 9476641
-5804496 -322785
-4685232 8600413
6786052 8121792
7844917 -7112191
-3881918 2861390
-2383295 2948536
-4233313 -1619719
6656366 -3820553
-7806785 4880219
-7076190 -24881
-4431384 -8475685
-1723853 -6438624
-6061431 4053567
8006460 2832604
-5174403 9349025
-973760 2465703
-6417532 -8462547
9659246 4341009
-254830 -9631479
3229911 20515
-7030949 5863252
6759885 -9153384
9542415 -8747909
-1351338 -4067397
-1575926 4251982
5776298 1572472
5133848 3992691
-9437390 6568797
-8082247 9072418
937795 8569070
-6448875 -3256649
-9202844 2480388
9337749 -2866406
-2497885 -9543598
-7006730 -917081
7462523 3248378
-3388654 -4037679
9730764 4222408
-9844989 -3846239
2922096 -1620574
2468251 -8904562
5088129 -8785254
299895 -9881549
1707221 -1832909
-3263839 2217648
1477351 5161369
-2358243 -7196361
-7546415 2274508
-4752738 -3020494
-1421223 -7527948
5720430 -1759468
-3280794 -3958700
2780060 4848128
-8998111 -3550030
-2654251 -4548577
-3453139 -3559663
-2344917 9814000
9932451 4151342
-7681567 7954978
-7311021 -5843975
9317394 -8429053
6890938 4166330
-3559162 -3040849
-3544991 1860875
4332927 1688101
9928633 5033786
3591438 -7430291
7417837 9164191
-4385838 -3628502
-5660727 936078
7376416 2959911
-4709737 886135
7553829 7547851
-1980818 7739066
-8104909 2388615
3959562 708161
-5125509 3728837
-9312012 -6633148
5227727 -6168318
-1963865 -2857003
4693135 -439346
-5353285 -9518880
9645312 -1715427
4656071 -7935448
3000630 7775826
-6747911 8995345
-7602168 -7106602
-9558750 -1457648
8797770 9951661
2340276 -1539568
1684945 -9307138
4421699 8816190
-7816958 -924212
-4576178 -2373960
-2714611 -72879
2004127 3459957
-3542570 -8021475
263098 6650842
8715394 8619094
6394920 7435522
-1052781 -5767623
-2874225 9647009
-9294287 1345051
-6186936 -9916623
-8939839 9503483
2712697 -1330307
-2514117 2745106
4337247 9650749
9793141 -7814722
-5371249 9761069
-4262621 -2921470
-8426593 6632879
3283721 2194809
813903 1836506
-8211620 1999116
-1252155 9725175
9372184 735599
4597002 5873620
5956998 2594249
-5385916 8410066
9596111 -466489
4794970 7326782
-506117 9598347
-8216375 -867783
-1106714 -712976
-1118094 -3587624
5561607 -2852983
9341826 455314
-7708180 -1154671
3360797 -7327919
-7602744 -5919800
-2667849 -7891358
7982262 4285792
-3119959 -8070847
2855571 -3544388
5989124 1494126
-8662740 2451683
2050030 784094
2432663 -6652505
2634519 -3649993
-4721265 3842301
-9010681 -8483575
1971739 -9159657
-314328 2847497
5519579 -3220089
-6623537 -6953531
7671463 433187
7235332 708614
-4845881 5653725
4625690 -5884627
-1874149 8009691
-7022274 -6868834
-3568388 -8020537
-4673042 -2455892
3894115 8864275
2706576 477829
1994255 1689202
-4954103 -3787753
9059745 6482346
-6737742 -2752079
-7189258 -2904324
7528863 9155073
-136312 -9517795
6135931 -2719453
1395921 5017807
-4456150 -6722027
-3590861 2038124
-3466060 -1478424
6065684 2840751
-5778622 1860898
-7661272 -7523849
-3318294 -555694
5656554 -3150665
-6668319 1727603
8975525 -2767349
4328327 9110291
8265365 -8213733
-7731527 -5626458
1654090 -1870947
5663212 920756
4198729 5566363
-9879161 3723415
-7755009 3124220
8481323 -3345221
8515678 827028
-4180469 -7297299
2147007 3370758
-9779907 2501237
6745193 -9680087
-2447436 6068126
5178418 5720718
23337 4397243
8770786 -4039865
-3394460 2291810
5728918 -7058772
8507591 -7731248
5992167 -7556001
5568219 8628430
7799562 753511
4096891 4049542
-731405 -1168408
-7797650 9916422
-5065988 3931955
4251868 4938795
1006921 -8320795
-83725 4320785
-1281972 8701691
-5338174 9939612
-5252225 -2511186
-7053606 1267366
-3947529 -9523307
5437045 -8546015
2598768 4560990
-4685499 -6478384
7571159 398330
9229922 1927744
1844167 9356106
-4195587 3948624
-1112581 -705469
973736 -9943718
-3106581 2410692
-6371264 -9109989
3345975 5611447
5616614 -9193086
2074281 8093750
1086796 8563008
2533346 643104
-4795906 -3476159
45457 -4867886
-1953204 -6965052
4962692 -9867032
2005427 9793070
3741694 9323211
-1382258 7809840
382474 5145465
-9927491 2107830
-4485807 7275893
2887341 6217597
7024512 1376521
-529729 -8979693
9583315 -8384855
2258249 3073419
9597260 2116661
-234873 -21305
3013643 -7840930
4808390 328275
121345 -9507312
2332251 -3186183
-5376342 6379391
-5958792 3466346
-4425824 5006132
-5201622 6630070
2847667 -6395278
4981243 7685719
8706026 -127821
-5996324 6967866
41286 805693
5438707 6261925
-3759379 -7845102
-5686032 -4796166
5532110 1770616
-5220344 9122359
8452528 8169807
-2934449 7111908
578254 5592538
598671 1106759
-2263171 -1331218
2273504 5397049
-4400880 -9415503
-7026972 9771099
6738966 6821498
-2372809 -3023295
5754982 9296604
-8548498 -6934102
-9213915 4511955
-3717428 8281823
-79466 -1165453
-2995646 -6421420
-9309512 -1626938
-6034399 -3413743
7693017 1268742
9937525 -2919376
4994025 7946198
1047047 -5272619
7014833 -9406855
-69005 4020076
3513133 -3729849
-4433245 7558186
3140437 -731885
-6219929 9534609
7816432 3926522
5277421 -7421005
-3842425 -2263034
