455 -1131062 -3835234
584
4985915 453817
-2719167 6802347
2947694 2689835
-6099643 6513020
7834272 7456985
-3012373 1257738
-5967425 8285657
-4912283 -6878304
2526693 -5525938
9897808 3651885
-4330394 -6760773
6557142 4724982
-4459344 755570
-131317 -1413514
7455424 8199240
-8830591 6033449
-4647852 -5042309
163878 -1549758
7479615 8299842
-1726820 4064236
7838326 5313887
-3884104 5260807
898856 -8129099
8861315 1203613
7371851 -6574451
9181128 8759124
3484106 5557809
-3686621 5738271
6841109 1541114
-7743294 6182062
-5268137 -3187115
-5713072 -6573884
1876358 -7399637
3416557 4450806
-1484958 -8127675
7186212 4206089
-533103 -3646631
-9259378 5818461
-2977926 -9634247
6307654 9601938
8361062 6910277
2468086 -1994865
6259758 -5638480
-1581014 8781465
-2520121 3100867
2430104 675693
-3381839 -5271906
9844809 6717032
1167838 1010871
2883197 3261367
-2532544 2199233
1068954 -7414239
8404222 -549295
-7667190 -5674072
-6072134 7942649
4852926 1156817
9161952 4805280
1683152 9837365
8618830 5421710
-8961071 -9897861
-6705816 8615062
-6656844 -4014615
-7297583 -87655
-9076784 -6812034
-1034315 -3613393
1102192 3806413
-1091473 -1050507
916551 -7828854
9013427 -2687251
7771750 3249361
-5593822 -7058707
262926 -4858971
-5021606 6084482
1506192 4462430
4564569 6113576
-2755010 2545121
8530506 375105
-9712550 -6895501
8808817 3749275
2652235 -8789333
-2466568 -2225498
-759653 -6245573
8441926 -1041689
-1212587 -9843102
-4077388 -28295
2912998 -3440837
-5783456 -7154858
8929625 5692276
154707 -8288710
7824867 -7047831
5497291 7235628
-2389266 7586209
-9309292 -3455851
2809777 -2101816
-8374797 9499525
9790379 7978364
4249143 -8325012
633299 -8452921
4220329 -4792579
5179126 9420712
8496228 -9857059
5504436 -9391523
6300753 -7287228
-5575937 4434061
-97418 8971812
6207441 4765282
-5132157 -4600127
-5539625 -6181825
-5767289 -4441448
7574429 -213496
-2235132 8374267
-9950745 7364809
1428240 -7985989
-2778567 -6801094
5135971 -4351431
8307863 -7599441
-6990964 3632199
-1138677 3812299
-9237288 1826142
797954 -4198262
-9432980 665294
-1418480 -2994605
-6660078 -4565136
-6490232 -4441753
-2138897 -2427366
8463253 -8915803
965358 5625971
156334 1028860
4227766 -7606402
-1957832 -105881
-5188969 -8119911
-1971360 8866383
2678682 -9663581
2162561 6889964
-7308298 -4042254
-860608 5476868
4998615 5775075
3726291 237264
5795511 8338538
8427524 -247589
-6647040 -6343386
1798937 6890777
-2080363 4318319
6711917 4471624
-5634257 4663755
6543845 7270437
6136820 -823226
-486806 -5427515
-8537551 -8668146
9805952 4192107
-331025 6670504
-5038069 -1054655
9182609 -5332409
5522481 1204574
-9043015 -2505527
-6332561 3950005
-6642866 -5690055
1144616 5466377
-61999 1276771
-4059474 -9627114
7643323 -3179904
5996871 5000723
9573209 -3703504
-9855298 8026417
-5265124 3552010
-7261134 9950655
-8587648 -3079796
-5895853 -2299203
1421723 3111313
-9394214 9626628
-3907015 2378708
-794994 -5726774
2255955 -549881
3243242 -9650378
-9277492 4710308
-8469596 1700120
-3299156 882184
-304968 43627
-1929956 -3725947
2342415 -7643914
4823093 -4678727
2241477 5081282
5298431 6235445
-8136889 6345624
-1511396 -3279845
1615215 -7531103
9258475 4581589
6548060 3336573
-3797452 -5969218
8741090 -208698
-8508578 -3074944
323592 -9728505
-7168526 -1807734
-3017329 2534976
4891063 -6582129
-1260856 9325087
-3077279 -7769492
8465954 3496973
-157403 4737504
-8542341 -9670935
5314314 847553
-4570858 -4410773
8925800 -2910858
1119924 -8022798
1768504 7644700
7086109 -138985
-7351138 -4223722
3968545 -2590299
2461030 -4519664
-8585441 3467568
-4690993 9868445
-7901047 153703
-6349324 2231728
-3030767 3081259
-4073324 -3990375
6857178 -9056756
9048823 -8759009
-9153515 4802672
6779874 490976
-1864324 1966409
4343776 -8935270
9357361 -4778215
-4852161 -491010
-2494321 -4157742
9309826 7608869
7477314 -1079762
9073942 -5381166
-633086 2092619
-4826121 5240970
-8749404 -1147501
-7687904 1100555
-5142102 8107774
-4573201 3877271
-5631753 -4295617
187145 -7793327
5787756 2503924
242061 -5469079
4039912 5145117
3503727 5389900
-4484879 -8454409
465829 2813553
-51261 5508787
-2398593 -7943877
7297094 9315654
-9315495 -4708362
-1091455 8547690
-828184 5512953
-609775 3766444
1987179 4598615
-678359 3758472
8778748 -7825676
9221598 7625749
-4712782 -979190
6927062 3261510
-2676547 8790945
1604498 -7557816
7950971 305634
2361758 4069590
3385244 8068730
-6639632 -341148
-9277106 -3413899
-7900945 -5214734
8551710 -105290
7009678 1489280
-4752248 -6944759
7745918 -3668681
6473420 6542853
-4436337 6967516
-7254622 -8239362
3067935 5007077
7449261 -7414817
2890817 -5327567
1258375 -2083415
8501667 -4747425
-2572221 7159971
-6253927 4378388
9163654 -1849327
561736 8361480
-149240 231716
3286957 -9912234
8935437 -2385136
-5842283 -6450773
-9483257 5408857
-314153 -7762268
-238838 5778473
8363656 -7246218
9942567 -2789577
-2356640 1254474
-976599 1200943
-1639086 -3854972
3039768 6451181
-5398146 2106987
468467 2203422
-7564862 -2320058
-2232292 2835579
-9549556 -1761553
1787675 -3296855
4628354 7124513
1878598 2304418
-9400756 -5685799
-2932017 -8360240
-8633465 8962900
217374 -2989449
8211494 -8473752
-9812372 9240776
-1791691 -3427592
1195748 3227396
-4569182 -4673485
3006458 4180567
9532499 -9617692
-1379245 3290518
9993664 2499295
-376192 2924782
-4770799 -2861630
1452572 4018758
-1825130 8344797
7307697 8520555
8047458 -458594
1067654 -9958576
9282200 6258952
5347713 1255282
6999030 -2509491
2817024 9059813
-4243268 -7570152
-7187844 8339834
1630353 -4710769
7788526 -6050737
6874046 -5859631
1278739 9928687
3947445 4619599
2964396 5247663
3768219 -7877684
-5819926 -7211555
-7170131 1815677
-9409018 -2235920
1535714 4628421
-7881070 -1544953
-9968788 -1465256
-6519056 -2547693
8308493 -4212056
1077176 8809452
-7241285 -61154
-3404433 -8617946
-8689259 2149113
-3231288 390659
-4361678 -2225461
-7586793 2249460
5037906 1922893
-6261429 -3406719
-3126287 7867775
-4987451 6845905
-4699048 8409427
9460523 -2868521
-2899862 7848516
-6363540 -7058533
-8249081 -4591368
-2136170 -2770012
-1387957 7025986
-824900 -3024250
7366409 -77216
7697323 -1539836
-9290375 -6995269
-2556023 -9889470
9220163 -1736117
8648010 1182548
-9455195 -3906124
7019655 -6339441
-6691609 8362109
6210625 -1003470
1937997 -7075119
-1666487 9847085
-2922926 -3794732
-6768745 -1286304
5689446 -1794531
8128253 2406355
3382871 -4427793
-8906710 -1658071
-9031189 -3391152
4872731 -1462733
2236167 -9811025
8799203 -3962906
-302347 2780972
1143081 -1664789
7331741 3006044
5930926 9870058
9717144 -8213909
-2008641 6780791
8010839 9310570
-2483961 1222614
6145321 -3783363
1788844 8160644
-3497427 -471807
-1346607 -4601513
-3547894 -2528615
-9823288 -6473875
-436781 8688274
-6014402 1492267
9827478 1777224
7299621 -2354968
-2484910 -324428
1461663 -4253101
-7472310 9748586
1575508 9453022
-6808011 3054882
9271519 1607899
-231456 1853662
3898207 -6423284
-8508445 -1212531
-1224794 -7448399
8594078 -2056339
-3368065 -8531730
2960538 -1842703
2450873 -6866114
778918 -4695632
4979940 -249506
5497393 8294008
558947 -3558397
8410978 541436
-6403682 -7865545
3742355 4119319
8489333 5384189
8960905 6027251
7331072 2387541
-2544506 -9547540
-9087526 8622631
2607253 -3950428
-3276779 -9939239
-6805353 -4432209
-6611488 9174094
-1075411 3973565
-5216074 8368452
7326408 -5578018
4963418 5342873
-6320 -1746262
-7626943 1076088
-3539722 -6263965
2279638 3378742
-4233717 -4578817
8389996 -7872937
3266046 -4261871
1787701 1818822
1879583 -4126701
-6042557 8510922
201369 5074231
-952204 -2654045
-4285593 9125958
6064292 -3651926
-8309053 5557167
-6189095 -6455937
4620151 1684628
-2062985 8700314
2079057 3596781
1534317 2733006
4860069 361692
6099822 -75687
-8256865 -1873885
-3484234 -9596125
1431150 -3860930
-8786699 473209
7819164 -8367481
3274829 -7222550
-874476 6049924
-5876557 -8144527
-4600464 816472
5017452 -2065651
9151015 2536040
-3867179 5470819
-1796175 -6253576
-3375531 7667138
-9892197 5580246
6222713 5240643
5644518 4367290
-9493639 -7261520
3211689 9592020
-8775461 -8280338
7013464 -6452794
2113482 -2984280
-1128806 -3861011
-528187 6236925
6687626 4270730
9323122 -5510735
9960084 5838642
2101418 -4544056
5639434 -9319738
6260508 1242239
-3517118 5747238
114528 2483222
-2261946 4643753
4235773 -6862759
7373256 3466095
7013301 -2023335
4992385 4386720
-9474291 -8356865
7880061 -6136421
650662 -2478
-2996861 4567687
-7077319 -26216
-2053920 9479576
-9840162 5024100
-3733661 -6414485
1849105 -1063302
-8580080 -4734426
9909327 4479985
7617227 -8325674
5140422 -3338548
4638117 4990483
-622797 -5329925
-3686789 -7853145
8526786 -7580735
-5066861 6709624
1277311 -822552
1667585 1936279
1415855 4199993
-8259555 2130017
5715532 -5907955
3028743 -9476864
-4211290 -9919011
4560975 -3034984
-1360658 8214389
-5124158 -5305446
9685037 6296116
3482544 2030311
4177166 -8421408
6514209 9795755
6505379 2703953
4397753 -8552651
3383628 -9700958
-2984613 -3934662
711708 7315835
3924232 -1244168
-8204679 -3572760
9024582 -3047025
-3565657 -9899617
8314773 3585557
8280111 -2409962
-6113846 5706967
-2262722 481500
-5423556 7368698
-319195 4430797
-2865250 -8909346
5054355 8702536
9001579 -8467497
-9885806 -9045665
8270170 -3983034
-2710849 825902
-230506 -5289246
-5819919 -915528
-8298793 -1205924
4895985 614425
8204463 -9984020
-1760701 -4307552
6173948 4606969
-5507980 5976578
407375 3266745
-3126249 -3310823
-4608286 58477
-5892668 -8071894
-7117559 6909645
-7073389 -5778474
5047428 -8847389
8379717 -7267886
-5667062 7333275
-3872649 -7440202
3174223 -3965854
8566478 3539689
9232137 -6104962
1018360 -3194222
5298708 -2077562
-8810817 -1973268
4715909 8222435
-1719088 -9420714
-7492608 2623975
-466380 2388244
-873877 -4610167
9058796 -5023416
-2291302 -5826449
4023178 7438513
9998311 -5442011
592135 2666882
-3793429 3172535
-416075 -841387
5964391 7955060
8393850 -9397715
-1370983 1263099
