767 9620186 620792
793
1132301 4032926
-7858468 -908530
-2564688 3936498
5851219 9099662
2058235 -7962313
3225138 -4594969
6406215 -1310571
5459985 9070616
-1366600 -2198960
-7519405 2865691
-8436356 -1722935
-7637457 -2495862
278021 6605869
8594739 -1134829
-8998290 -4466186
2083092 -8268117
-6660295 -5349637
8586861 -3259024
-4159361 -6708630
-4670943 4438080
2359463 415226
9104655 1070547
141163 -1234322
-916930 -2919008
9946683 8774563
9567980 -5919983
1584155 4026680
632549 -8069476
-6687953 4378529
9912343 -8256360
-6524477 6830109
-8519528 -5488213
1252763 9331581
-7377049 -9932667
-2978234 7093402
-2491371 -9531640
1538907 9381229
-9336740 9129636
-3789371 4196422
-4512662 -7737318
-3657300 8673664
2700344 7571670
2018546 7926855
2305384 5849245
7592885 5330594
-5322945 -5265921
-754134 3584761
2916342 -3842472
8741213 -9501370
108384 -1944355
-1475995 8279331
7660561 133365
-736998 2579264
9292038 840173
3102855 -2010017
-3336353 7295728
4867399 1961907
-111237 1880344
-2270411 -3114055
4732891 4710499
1960931 7838827
1423588 9409947
8083827 -8793203
4221779 6856282
-5088073 6825040
5104372 6846516
-3020119 -4047716
1047900 -4718715
-1362190 6242883
-5767134 339938
-9847981 4257017
-3781075 -6587134
5293210 5019418
4421715 6107688
-6665461 5539151
3377978 -8329041
3597258 5295470
-981380 -5198434
-8342152 1681085
-8977523 5756751
2603267 9086127
-4961589 6126849
3924486 2099501
-9141264 6086311
8942602 5078648
-664334 -4908397
-8979179 9094621
-3369609 5554591
-5821369 6314031
-5630466 -8947894
-7276935 -2486830
5324993 7747513
5065431 6320323
-9482240 6859965
-4866932 6723280
5809407 -8459762
183439 252688
-7647811 3364171
-549518 6624278
1702926 -6789075
-9181120 -9090564
-9995943 -8961408
6593183 4356053
670084 -3365552
-9797093 -9228186
-9198663 -2444029
-4696516 -7074028
1762648 -1357318
8018999 -9631085
-391453 -5203240
-3663002 -6847933
-4078893 7934307
1298478 6520438
3144716 -9210352
6516926 3265312
4174749 7363994
8402587 7335806
1691860 -3304842
3329607 4995770
-1716063 4878296
-7565733 3532514
-1025162 -914726
244308 -9745897
3139371 3253838
8050599 -1736693
-6068274 -7252082
3198577 -5612403
3424387 -147166
642482 -5502945
278720 9085455
6449450 -2840592
7011567 -5546531
1148627 4852037
-7635841 -8780221
-1385573 6994586
-6956548 -6835552
2249722 -6434953
6335502 2018291
-4727871 5010382
-6726311 -525127
-5260856 5839080
-9773322 -2794584
-425398 7937721
4951129 -3832583
-4747127 2733436
2409197 -4770151
-7800330 4218675
-8412936 -8062884
-6843105 -4135351
-7140764 6467575
9632024 -5712326
-9630927 -4097312
437331 -5601902
9408481 6704576
-3820551 -1774187
-5935107 -7317830
-7596062 -6565055
-8627333 6807923
-7024659 -5505108
7228329 6323796
-8446355 -9255434
-2520407 -362474
1574642 6269667
-7865684 -933343
-4465768 -2752111
-5948085 7509904
5928945 -4833744
-435645 -5579011
3641917 -3633724
-2891559 -8510812
6687710 2337718
5772664 -6310313
-9502390 9091649
6102893 7145331
-4014521 5989303
6733869 3331222
5485100 -2460876
-6191209 -5786538
-4203529 9576094
-3176017 8459459
5969364 1330704
-986688 -6607749
-9670408 1898309
780937 1094019
2583207 3971509
8825579 7889379
4095418 -729082
-9121081 4598243
-5740074 4593028
582332 6981812
313035 245405
300881 9832553
6562368 8314487
7890582 -3373976
-4914516 -7641161
-3794105 7230917
-9376832 3571200
-4530491 -2264440
8829579 -9047240
-2559379 -1233202
9172529 -6070861
3200057 -3733799
3380796 3267947
-2139024 4078976
-6422860 157075
-9597520 959660
-6691435 3890175
2204663 -6780286
-154262 2387285
-2737523 -7388403
9842514 -2552426
-8981226 -4015276
3720284 -9534317
3934795 9004635
-2228566 2549864
-1004645 -8624583
-9842030 9460315
2728263 -7804588
-1209260 3538766
-6304159 3105591
6581603 2367880
8774408 6614674
2350740 9890168
-5206194 -6504577
-3892980 -7803522
-7839595 2056283
8041007 -4050466
8931569 5695531
4700167 1761292
6827508 2866365
-3241866 4987953
4448268 -4177137
-9465373 -3083896
2971222 9692883
2798474 -674633
-8306753 -816584
8314442 -8103571
-8213402 -9532345
-6036922 665182
-4621988 -3419596
1153039 -7413550
-1464015 -2461583
5750301 -805954
3471690 9983906
2850271 450468
7954773 299198
-1361587 2124757
9040861 -5080607
-5387723 -826960
1014759 -5471564
-3771796 -72897
1823533 2708007
-4307986 -5457354
-2275820 -3873517
-4776761 -7828555
-5242105 3102192
3156962 6376278
-4429676 -4189768
-4205861 -1092737
1874083 9042015
-8142435 1160762
-6714480 -7654792
-2735399 -6987669
2185371 4842733
9371169 -5606770
4320334 -6799869
-1575510 8115725
-7341629 8660219
-5213298 4116504
-1195699 -7101097
-1482552 -7473707
8902571 -3921451
1888781 4190762
-6901975 6989247
-1452386 199272
-8639965 -2511540
-166332 405180
3417511 7161907
2004640 -385379
4007852 8119234
3835717 -6107838
-7992113 -9155462
9504757 -7739793
-1106936 7182611
-9918486 6807811
1850456 7697365
6292266 -1401038
-7210276 753027
-9741374 -1818952
896672 8404101
8408913 -1193759
1727773 -5226941
-8065034 -9241067
373555 -4854716
5780870 3939607
348121 6897759
7742297 -383412
1876795 2356008
-461381 -236594
9087569 3286211
-6500071 -7863514
-6748200 938025
4207404 9792195
-2026757 -3958475
6961978 4466030
-6727729 1386268
6159327 -2112756
-1353823 5000044
2661680 8094294
-5449747 9019732
-1566157 -1557449
575491 4898374
9770734 -3823860
-1544102 4968638
-1745150 -690646
-6037808 -2456533
8481492 1754779
1546974 -2786008
-4228131 -4794752
9671279 2036570
-6577162 -7266152
621092 -7056450
459947 9582165
192811 1783621
-6680294 5637979
6596882 -2740584
-7842210 1753549
7929690 -2827627
-7858988 -8071475
-6245769 -3614412
3929056 395862
4666993 -2283577
4930415 -5073100
132149 -3786033
766889 -9297715
5952485 -7680220
7779682 4189727
-3711755 9089929
873550 -1760371
-6122391 -1002592
6256825 4193256
-4053194 -9525509
-9836783 930967
-4624156 6392848
5294788 -7695771
-4783557 -8353573
-637150 -8259804
-3332903 9883436
8613755 6809618
28255 -684402
1635378 -8103003
-1396924 8497092
7587021 -584940
171042 -2592327
6405082 -9023077
5170180 -3434997
9555846 -4821741
-1374422 3633338
-7457462 9719063
4539644 4001423
5647850 7837326
9577523 9756087
2155875 7527053
4336671 -3755380
-1923430 -6714017
-4817020 6881278
5378370 2228300
4159712 3786056
-8806270 2965391
-3541334 6847106
-6587891 115164
5293423 -8371154
-2221464 -7032044
5203371 -6080999
436776 321074
-1841599 -256984
-500897 -3915373
6128032 -2264076
-3503104 4171331
7457314 464703
-2654019 -2910182
9318118 -7359706
6426350 5240703
-9277554 3477830
324937 136432
-9748404 -2818888
-8673689 -3746602
-8262294 -1938629
-5503275 -895153
1942274 6941078
-3315906 4933501
3534480 2617027
-9647049 -1300451
-7129120 -337488
2643567 9366199
-3543983 -9671806
-7031512 2505900
-2253397 -4225865
1768317 1911191
4563975 -1530951
-1833486 4609606
3379357 -2668076
5393295 -507175
1114024 5117063
2058141 9890020
-2660126 -6943702
5673325 1258587
9958137 -9125646
-6946781 -1457372
-2091173 -7170983
-6842788 5696786
-9280961 4364844
2655331 8642052
-6930405 -1534358
-548956 6940001
-5934041 7633571
-5034505 7617558
-2889617 -38332
-4921268 2875142
2765163 8224407
3797058 -346775
-9088187 2621389
-3987905 -529617
529364 -9130050
-6301033 -934686
7278453 8438191
-4680612 9372531
8014584 7997492
-3536866 491071
9947424 3600531
-6249546 -1569470
-3951912 6529736
-3508596 -8767699
4107444 -4325177
6415583 1570136
-8776638 9388959
2010348 -7271007
2199376 -7864825
5521477 8022443
9604110 -7271260
3683284 9220444
8592976 6882563
4880055 1519024
-7989905 -876088
-7275557 3859541
-7709928 4473872
1003608 8991250
-9776449 -9145488
9045688 7495012
-8418499 4330995
3719954 -2022377
706616 5321215
-27258 8246654
6269098 5422344
667437 -4505781
7231015 -1610440
-4727877 -5649279
5869745 5823991
7464255 -9847822
-3471929 396192
-5129936 2705051
1696301 -8665505
-7810992 5873672
-4114963 1919852
-3749152 3751048
-8271329 -2533462
5304105 2487154
733809 2435287
-2142369 -4723153
-6712582 9519259
-2091181 1041420
5392141 -9481567
-1141223 -4302706
8365824 -6221762
4174431 -3676968
1544435 -5106105
-3771609 1560847
-2565480 -6759264
-2323059 -9066249
4684799 -4164091
-4181201 -3555859
8931295 -1070178
-8634891 -8877096
-3600249 -7818544
4217067 -8260908
2780513 -312831
-7278046 4642238
-9660468 -9310994
-5532755 1580731
7903764 1221708
6115604 1158028
-7281125 -8035449
-4794712 4860347
5794098 -7330253
-1494344 -4601419
1842722 -7004751
1925071 4324455
-2036289 -6709631
-4528174 -4193468
-9938024 -3120186
-916665 2205245
-3152516 -4641159
-3952152 1805290
-6613979 9703368
925077 -6968555
-3294175 3806137
5770689 9557033
4417380 -575300
-5389200 3492329
8890910 -7272170
-4276921 3116456
9957264 733632
4024001 7648150
5971034 -9562673
-2682858 2012179
-5782575 6033010
3908204 -1083171
-9277881 -6418739
5800981 9956052
5503849 6624493
-7053018 9242410
8799443 -7790326
-5849274 8717671
-5273648 -4266825
-1538995 -1238474
4394335 6133614
9383598 -3299564
6864938 4351599
-2694722 3407600
7936131 2835972
-8614665 4622420
-6460750 4669908
767521 5293539
-2234057 6777721
3402214 -3431497
8327265 -6730208
7995818 6349197
-2416780 7126709
5376236 -7853456
908071 -5174075
-9040461 6353594
-6945970 -4697594
2170357 -9656862
-3732910 9918969
-4728707 9475635
-3385592 6719573
-6094166 -3343372
4466519 -7329990
1964083 4673355
3758210 -7767538
8018606 -4633702
4231847 2085476
-8271463 6014424
8160969 4331419
1673696 7104773
3458367 -8414608
9404150 2633236
-4507274 -971250
-1052281 1574507
-6433506 -5723832
3512093 -3264636
3391993 -7302746
7883616 7417927
2091283 -9625136
-7392673 -152300
-2269650 -4150507
7934969 -9374067
6640358 -8037803
-1190032 2179858
-715368 -2682321
-8580577 -9516335
-4366747 5259351
-5711899 -9176427
-5085568 -6357669
-9565149 3235820
9971185 -9002722
-6305467 3946944
-6118776 -4120470
8770746 -8421851
-6057799 5972507
4338352 -8621927
4520359 1672551
-3848900 -5210326
6969532 -6322931
994748 -2522579
-9522562 8770516
4029868 2414171
-4245904 -3889309
-7730626 8317969
1553790 668528
1665806 5220577
-8316127 -5958673
-7562791 -2123309
-8028807 -4434903
4053956 -8792045
5102381 -4086606
102298 -1607691
-4301665 -377260
3299809 6253398
-6269181 -7332133
-8561616 6810909
-8258568 -5791743
-7164700 5468252
-3697427 -2504472
680408 7621026
2841603 7856363
4414042 -7653786
-7260742 4525477
2606926 -632397
-6908089 -5289549
-6859803 -3339117
-2430456 8194292
-9666616 3242495
-504106 3267879
-1547902 -3850455
-7039546 -4256935
-7532325 -7593166
391438 7218238
-5286234 7819327
5440354 6694012
-2933273 -2089474
256740 -9201691
-2159862 3997122
5881077 -4487650
222801 -9552935
9624300 8972988
-316368 3362999
9121846 -2806156
2978075 17016
6166561 -1382260
-3122842 3946525
6353360 1643367
-1138395 -8138815
9680512 9261150
5955162 -3908277
4002249 -2362782
-1564472 5538242
-464636 6775342
-7712308 -1207982
-8244565 -4583559
6905782 -4973154
906197 -8620265
-8910069 -3410586
-877217 28043
1162136 -3415642
-9469116 7805696
-550936 8039294
9900479 -599404
-1338254 827021
6918745 2097343
9734562 7133261
-4812145 -6562654
2729040 -9313558
-521540 -2760429
-4827636 -2466915
2559931 1233896
-4870017 -7921854
-8816087 -6533872
3494171 8736267
-4679375 306696
-1887608 -5343693
5211953 8367861
-2231543 77808
-9095170 -2371216
9726128 -1053444
-3920183 339927
-3706375 9460690
-9852868 1267672
1023595 9022666
-3444249 -7858056
3375840 6195959
8274106 1632034
5098162 1022176
-241557 9458019
-7718933 -8891315
8281345 5079068
3446930 -7090189
2987620 -3990350
3638435 3731739
-7321705 3892450
6748729 3364563
-4658395 -8725536
-4941512 -6957646
-7934980 8005089
-9852967 6082083
2278043 -8862877
2769157 -3960774
7061402 -6931499
5042872 -9616329
4008709 9336197
-3068383 7323939
-9766250 2290054
8299704 -9621453
4110287 -4262278
9630172 -5545509
7819054 -695066
579399 -1104747
1937608 5677011
-3801548 5637887
-5763677 -3481020
-2343896 -3654514
-5098936 6514366
9582867 2941613
3325285 4478818
3815015 4625739
-5533970 -2666006
2140400 -9253368
3641532 7216132
-7046145 440104
4894596 -9731829
-426895 5100379
-6004367 -4769998
3423366 2668856
-9176904 -1550407
4968573 9621818
8483656 -4940581
-8426215 -7375323
5566291 -6615280
379890 3673004
-9184905 -8592072
-1258078 6711257
7457890 -4718875
5013609 3398674
-6161222 -6384226
-6116055 7967464
-4415804 1249726
-1003919 -4026598
1158611 -420171
8029422 -7580553
4557617 1981707
7041126 -4485653
-1860975 3041274
-1057654 1131263
7320619 6221668
145948 9322237
-1450154 8135714
5933191 8887870
2286544 -3992264
-7860138 946800
-8569383 -1358326
2407753 8540159
7029914 -2985187
-889006 3920186
6339633 -1811475
2686584 9656768
-4828885 -6586398
6454876 -7755938
-4108323 3310140
-7951840 7913575
-247836 -6787704
3864362 2194108
-6401670 8302010
6826099 -202447
3260705 -1598774
-440747 1482313
22473 4691322
4222487 -8032994
5887192 -2947613
-2242736 -6666519
-7009751 -5256823
-9326869 -9556152
-7312090 -9322283
-3495791 -355640
-2442065 -1420413
-5691765 -1447630
3262830 -173549
-1871539 8172597
-9513498 6861161
7778739 7470912
-1046774 3747207
-9045118 -2662008
-8178650 8975699
8544438 -2306279
1027203 224894
-2515577 -3698298
9261902 -3466196
9727873 -1842445
7801915 4466164
5562103 -3767917
4784453 7876202
-2297347 9870338
559287 -9436365
7424796 -1652534
-4181621 1045789
7309348 -2280112
5057880 -2712043
8780008 8264230
8474304 -604417
9620477 7324446
6142500 -7982141
-8931985 -2895099
-2221192 -2079246
-7613082 -9204111
