307 -983680 4561910
415
-816587 -1521790
2478873 1700136
2905202 -8128052
6302204 6277811
7629047 5437659
-3374204 4148932
-4661426 516881
-5627517 3413909
-1707019 -7154510
1267503 -9877356
9292202 -2005136
-500501 -5247057
-4150519 -4268318
5863644 -5075456
-3542784 6986247
7980809 425554
4642042 -1843018
28930 459682
-3262507 -2452756
5501255 -3668866
2996418 6882892
9916125 -7872949
-1942688 851344
3696834 -5711391
-5588747 -1133355
6861509 7480690
-7766367 6219807
4467841 -3638992
-6198096 -9400533
102066 331485
-9242961 -7224527
-6551193 -1917124
1058910 -2084567
5462677 3477737
2325223 312756
-2804352 963932
-4392665 -4678359
6172985 -2888226
-6083265 3664648
-7468707 -7613828
9866862 -9155660
-419501 9392803
8270163 4616847
5216314 -5951660
-3103822 4588420
-119755 7834733
-4082391 -9830431
-1914997 3329052
9323141 -507129
9805627 -6452320
-2972035 -5835284
-7997291 9517628
9145754 -4848348
8816300 692046
-4405430 5578841
6423181 3863946
-4226899 -4538568
2594632 8520032
5084724 6559616
-6335612 -9672702
8162031 -8019098
-7849528 3544633
9390037 6595992
-3911136 235475
-3700493 8713178
-7122106 8410843
7928471 -4156176
995477 7396955
-1910998 7074225
2653066 -7671871
-1291573 3683572
1661357 -8407401
2628983 4481528
-6442503 -5744011
-5416713 -2286292
-305390 -2778115
3282871 5261671
1857663 -5638566
-2886739 2672908
1386087 7946527
6357371 3412769
1772945 -3219667
6693641 -3197806
-6123580 -7231578
7612904 -5217357
982567 -954162
638438 -3678669
3319212 -7356076
9416265 -6732579
-6502519 6876709
6614946 6515905
1777576 -4291556
69878 -102183
-7429274 -6364761
4098119 7183140
-6887739 -3526835
-4230150 -7028158
-225964 -2598442
-7313667 -7536509
9762486 -3833192
5212647 -9700763
9136920 -6738594
-4094670 8367437
4151210 2456132
-8150807 7837948
4353853 7648692
5873488 980492
3394661 8647781
4799372 -4056634
5642858 -1518261
-2528744 -1102509
-5614315 1271471
8673030 3241107
-1779050 -3323926
-4640766 -8640637
4174952 -9500211
-6238805 3088233
1455670 3311872
8284357 -7817123
2537177 8123233
-1711723 2649902
-6369606 -3108970
-4461189 -5838235
105131 7025056
8023147 2854536
-8247973 8264342
-464187 -4505596
8735511 8654065
-4669861 -9274805
-7915442 9472813
2488954 -6794275
6293959 6259510
-7912265 -1233499
949379 -2250371
8389214 -9627908
-4461654 -6513444
-7106061 -3322509
839256 -8314907
1226501 -9050898
3803638 3460740
-5758566 -750352
4744052 -1927982
-3273917 -3706401
-2981205 -4004085
7985081 -5427426
-2221701 -8380295
395568 474035
9240537 -5927742
-5661760 2483303
-4628253 -7293732
8709176 -7272546
-8078702 910093
2595186 -8396885
5068570 -4723094
1253998 6338039
-4412312 -8611440
-539422 5495432
-8210968 -9668260
-3672344 -1296987
-4208061 -1192173
-7056116 -5687263
-2696876 3570239
158849 3339452
-4177245 9060013
-8233719 -2986559
-7742752 -6289146
4620948 -9524542
4594925 -5821454
-544548 9732486
6070526 -7820153
-6431592 -9290549
6204883 4174566
4506306 -4454662
4248352 510267
1834446 3350314
179403 2556643
8643234 4778331
-1882217 7482528
-941107 -1197916
-1668123 -3543109
167745 825175
-6183015 589125
4767671 7305045
7037532 928262
-4375538 -5776876
7448927 -4375590
9798976 -807130
-2745440 -3829838
6680430 -3178366
-9828051 4019264
-3424092 -8968772
5809559 -7132296
-9649768 -4780858
-3462422 -6072657
384234 -590874
2750653 4869456
-4541419 -9448021
373377 -916010
2528604 2742605
-517919 -2589091
-4448329 8153066
9862288 -3068992
-4382478 7866999
-5311367 -2883151
-8863887 4814304
5845533 7376934
-9755361 -2287979
-4552484 1655092
-1901213 3111223
5036701 1985094
9370902 8483021
1551353 -9696294
-612304 7345836
88441 -8075270
-8148009 -8083699
-9930633 2086874
1534234 9920014
7787013 9931656
9564857 7151756
1966061 4991998
-5114715 -9299030
-9070656 -2188406
1983038 -4870076
757499 -3623140
878306 -9918174
1081199 -4205799
-3902093 249209
-9888603 -7367448
7073634 -1998044
-81743 -7283810
4803064 1441977
-6121657 -7496024
4951984 -3662702
6005406 4181708
-826293 4516841
-2265836 -9512181
-1700587 -3424656
1705268 -1336492
-2443280 2798804
2880630 -7537233
-9226680 8435026
-8799413 -6038171
9110734 -3128772
-2610464 -8688016
-5971826 -1299280
-9857302 7307793
2328121 1347590
7684888 -5978959
8202750 9796458
4313299 -3793353
-3305534 9892809
-3531847 -7952537
-6772677 -2489768
-9690964 689773
-4331108 784043
-780930 3189666
-332153 -3557787
-4170207 -7063991
-5752006 -1221419
7479302 3219329
-6956526 -9207480
2140111 138352
-3324255 -2112053
-2315595 -175001
-1452002 7394847
7287656 4514057
6561520 5242465
5269049 6272161
9478286 2305196
-6910761 5578085
-8715897 -4852821
-5894256 -5175339
-9722977 951950
2246884 -64463
5671218 -5474983
-4682463 -273814
2380890 8714692
-3397361 7457648
9799000 9056635
6451483 -3196603
-8682546 -1653002
6105815 -3744509
5044005 395326
-7299478 -6108784
9469301 4522291
2185822 8306114
5647127 3269756
6738059 6291566
8743455 5924150
-9550833 -1015057
1227481 4414673
-4354283 8283057
-1742943 6124723
5181358 -5235291
1568106 -1943943
-1080592 -5850807
-7078963 2885560
5797238 7541575
-8567208 7965042
-4996315 8497761
-679773 3418445
-3311798 -294140
-4002574 -5032646
3407857 5942613
7443908 7257234
-5811741 -3626624
-5343567 -8812259
7312464 -166023
-2884962 2913491
3485900 -4989826
-840632 1199496
6601408 4921660
2463236 2080405
-7438201 2398646
-6587241 3896028
9830825 -2434516
7271344 2732986
216693 9035379
4977992 5785123
-4441291 -6375450
-2074 2421900
-3874007 -253032
2097297 -2829288
2600555 -6561543
-1551368 9212335
411831 8602807
3524468 124352
-7795243 -2986761
1928238 -4012296
2400084 7282908
7364744 5340997
-1926016 2230909
1266289 -2847559
-7062436 8290677
4431579 8760633
-6301114 -1503727
759593 6945857
6632921 -175121
-4220311 -7143109
-7930774 -766524
-9647364 4228321
6869025 -5002590
-5472999 3877104
2381160 1590134
-1126958 6455239
1796237 7297596
-7955143 -3762214
3390227 2386573
-6806398 3311146
-5411868 -1155857
-143232 7625181
-2912610 -1712982
628249 3132714
5989605 -6279688
-4529860 6407938
-6847389 8058831
5572593 -4177224
9699880 -9978364
1611770 -9900405
-928814 -5402608
-8105012 -9515188
9238951 -9132577
-4229652 -6060154
-232656 -4854470
-3493974 -1036050
9105483 -3128172
5158846 -1120854
-7988140 -3807126
-86814 -4212904
4711386 8001465
-1423351 -2100322
3722455 7863998
7885634 6665594
6765189 -4061313
536080 -7986243
-7501431 -4163624
9220151 -5052580
-8596382 4253872
1915755 -5009500
-3529198 1170963
8042791 8421781
-2699073 8092638
-5714488 -4282010
-5978562 -8170860
2346957 -3284950
4614728 8732824
-886826 -9076394
105553 -9146465
-3207777 9515161
-8471082 -3129258
-4776530 7328303
4792075 6543839
797712 6959974
4466826 6195694
9883009 -7286533
3651600 -9062372
1546618 442152
6160142 3468879
5298019 5832130
5063532 2697932
-6052891 -2355023
-8915065 -7805387
-6951852 3060283
2575444 1190488
577583 -159629
9685026 4104362
-6835446 -1682595
-4722621 4477102
672796 3962266
-807915 2260557
-4285462 -6927843
3514309 -7156315
6312564 7261156
3093287 -7809196
4888736 -5873064
