49 -3201758 -7851422
74
1064205 1752324
-2878113 7815437
-7980850 6842628
-4637974 -4535050
4431393 -4372666
2129009 5040354
7014240 5232726
-6683949 8158649
3421666 9326242
-2862766 2256783
505140 -3606740
-2646362 -1972170
5303238 -8946754
2367920 -767682
6030560 -7398337
4353988 4516498
-5151712 9611117
6453745 3992227
9457178 -3132562
-4988876 4332123
-627523 -3595077
4154001 7140133
-2184865 -3613282
8229312 7470052
-273165 -8763199
-9853587 -4633454
-4089271 -9768024
3801574 -2499949
-751278 -8786033
6331983 -3830506
3202345 -4720718
-5109600 685971
7194550 566985
7434423 3860497
-1807379 6651728
5573003 4961899
-5381616 7565098
6468168 -272996
-2802943 2433519
-3813328 4697481
2580379 -559756
-7811428 -3666915
-3650511 8491108
2221428 5990146
-7840359 -1885437
-4089803 -1446589
1755734 -2121662
8445323 -6683051
7177447 -1049716
8118365 -1603902
-6642003 7886420
-2032130 -3792280
5934725 -2023619
2926253 -5563961
1649872 -6868218
-4911622 1629277
7962363 -5769749
5237712 -2723049
-6732903 6828204
7459119 9975492
-1471097 7943090
-4178572 -6630684
-3313734 2800989
4267625 -5733249
-4820799 6380065
4266485 2385990
1110063 -1462802
-970068 4750707
1703098 -2955212
-7307078 4472537
-3898186 -6647030
-9900426 -2218700
5058251 6580529
-4074915 5337286
