50 1085350 9298677
635
-7932234 -407983
7218401 -5027207
-2705735 -6253784
4722815 8023552
2218117 6218846
-5865807 6101491
9071963 -1123472
1089856 1284122
-2026352 -6282543
-5021541 -6075131
-4213063 452445
-8474338 -2206454
-1071150 529227
-5763829 3732452
7334155 7314484
9422853 -6465152
-1492358 9401921
5664489 6641255
-2818841 -1681741
7053457 -7096344
9005147 9399276
-1724196 -8812350
-5011876 593462
4310919 1882012
5806882 -4521876
5930569 1805730
9599276 -8406181
2123046 -27417
6221388 -1471873
8358963 6359217
2410418 3555543
-4526184 7781817
-3060576 3434412
-8247329 3654657
6558313 -3363065
8552564 8806128
2510130 -1920188
1189626 9344720
1226733 14606
5492730 8016897
-177373 -2966385
-8856214 -6060349
3912235 -8061745
466382 3266832
-7857598 -7350025
-1278130 -8658302
1639867 -2930828
-9496416 4195686
-2149657 8579291
7732578 4772607
-3904913 6925008
-4995180 6285142
5629863 1121569
-8863825 6194446
4211343 -3143404
-3593437 6628905
-9431444 -5966030
8488577 -2449651
3333533 -3002857
-7836530 -8528688
-7186990 -2007713
5061459 885340
-4918974 4452877
-4451480 5565043
-7145998 -4552279
-7627271 5797450
2082593 -1050911
-9929342 9893901
6088347 -2287544
-2914596 -8793167
352090 299690
-3149988 3491967
-8957684 -6563001
434142 7854942
9326254 -3107799
4884489 2597613
5999305 -7860736
-891507 -54052
8027344 -8919668
9044405 -2826635
5487167 -9118654
-7653212 3933487
3827388 -2430240
-2201432 -7582554
6140632 -84264
2731778 4883972
-9107709 -3507278
-70279 2098143
-46915 -8065393
-8656839 2880216
7994181 -8204309
6451307 6227650
-3826402 3993486
-2409830 8076152
7765869 6717294
7598641 -3365424
-9431937 3253036
-9177203 2461781
4879227 -3088197
6827539 -8862283
6021690 -6463789
28934 -7924330
-3309835 -569667
1364941 2475007
-4644777 -840398
955293 -4775546
-8547896 -6650596
7342891 9922952
7999104 -2374298
6859349 -5066939
-5916011 5764973
-981991 -3025658
9436123 7168404
-5919792 -7642842
-6505124 4315350
367914 3424099
-1983879 2032918
-8536749 -9603152
2871855 4706286
6382240 -4655456
568998 743431
4092835 -2662467
-2739515 2021102
2163157 -6047922
-8598508 7775941
3540914 -977494
5996848 -4514519
5170238 5075276
7432434 5432971
-7735327 9250446
-4809103 3443662
-4523420 2632587
-4454213 3207019
-2086695 -3060168
2284376 933995
-8322574 6811898
6665783 5369727
-2609171 -1713387
-5244956 6442621
4218562 9553986
-8907156 -3843464
-5841631 -9724171
5351105 7089692
-4960985 9328607
1095405 -4700109
8743554 9820041
2452628 6286303
-7990326 6736486
-6323682 514768
-8551237 -7560669
9251229 -1522953
-6153226 -6873811
-6070846 5917013
2359634 -6246045
5824294 -1315802
-2642914 -3421804
9370377 6917138
-3476817 1515456
-6639585 4721482
2537726 -5921450
-6101409 -3027827
5774828 1281280
-1982234 6351220
-3134012 7784502
-9776167 -5789563
-4796164 -9168897
-6042708 9475063
-2091572 -8433038
-4679083 -9597202
-913003 -9731938
9362610 -8854789
578702 6444083
-9524109 8732988
-4029178 -381763
3696787 6352659
5841184 8508548
-210172 7595379
-3537049 1616012
-8083134 323947
-2949264 3328939
-3323606 -7859301
4132114 2254572
3821534 633686
1036484 -7959458
4824956 1658803
-4679633 2639833
-8399731 4187567
2920555 5899069
-4482694 -7923840
945171 8891377
7399926 9214093
-674176 -3213645
918719 9706106
-7453595 5788775
-8365934 2835585
4976285 -402859
-8148287 -1689540
1460498 -8375249
-6334706 5673247
-2667949 5013335
-2346832 8490250
-4805831 -4831230
-8932161 -746563
-6154050 631076
-7961194 9101497
831942 4791121
-8422523 9438732
1661190 -9842233
-1537106 2496196
7848134 4207596
-6195263 96961
8407421 -4659229
-3034478 8172803
-3637598 -7615728
7397607 -6852832
4153771 -3789195
1379575 -4949225
4304213 9347940
-20983 -5036234
-5934737 8150163
-4542364 2017823
-6027093 4897206
-2428675 -2964887
2047662 -1849551
4874397 6034219
-3868820 -104204
-2247081 1195487
-631710 7054954
9439226 4718441
7865610 5730692
4457850 6836833
4403960 2019381
-6116327 -4162575
801192 -8775475
1891040 3862690
8396865 4866455
-7719987 7348677
-5616210 4886124
-6963426 -7632310
8401910 -1052196
1359952 7910971
-893542 7049442
-3379252 9112871
-3652335 8474748
-3278207 8576326
-2070489 -5786725
-1250992 -8820357
9533420 -7666528
6074349 -4850967
1528076 334612
7717420 -2034610
-4685933 -75059
-5188934 2513785
4881476 -7785791
1162014 -2152360
8274963 -4200262
5365532 5038318
-3332458 -2618578
8372522 -8013719
3078959 3015207
-255166 -4905685
8790310 3524823
-1625353 8493842
6159227 8323731
-8825305 -5551004
2414386 -2312697
7612245 8892115
1405901 7728453
2459015 4939663
5303655 8803729
-5396533 6137381
1175699 3578618
-9039960 9968999
4471632 7843241
858448 1848915
6943230 -9933056
3591767 -9396718
1613476 -1750107
-3426376 -8033586
-3584590 -2227296
-2023641 -2251681
9156787 1346149
-8409046 8104956
3044619 562688
-8117231 4049969
187350 -1651726
4443245 -3513764
8971587 -8636950
1722643 -2080363
9768552 -4040428
-3973484 5097444
5700726 -771865
7478028 9618283
-8415303 9830555
-9880389 6568004
6832675 -9483541
1862608 -1904030
-3799073 5989462
9068502 -4030085
-9980116 1761898
-9889827 -9048729
9953859 207235
-5913363 -2930230
4989407 8925447
-5114981 -1674368
-6576924 4757960
-6013905 911535
-6953830 1640155
-6012938 3980475
548479 7147219
7663678 -5893327
-5281005 9897506
5886969 -7957361
-1987446 -6563726
5198173 -2528177
-1576905 -9451210
-6727623 -2175302
4894468 -9106694
9818753 9875366
-1799001 -116125
7158187 7220124
-1868341 -5859573
-1703066 -8855718
-2358891 -6305819
-9158600 2283996
-1092979 8189588
8087095 1021431
-4419578 -3857631
-421357 -3509584
3962239 -3890672
-3341882 7293168
-4882134 4901686
5794993 -69504
-7677786 2528686
4928914 -1869902
-4649777 -6960435
-2820007 2087101
-4252264 -4001766
-307584 5476927
-9722724 3388845
-5905214 -6949832
4071599 -815703
-2156982 4698233
-8811351 9652021
8277701 7421662
-2768818 -2332760
5085279 -5064180
-2617332 2349049
7394087 -6603376
1526722 -295118
2744448 2323001
-5589897 -606703
5391532 2440793
-9565928 -7325809
6063036 7600300
-9349532 -9288652
-7588002 2674174
-2627593 -2761580
9406793 255016
-9806970 -8922592
-1255351 7684495
5136667 -2575787
2289614 6346280
9742904 5035687
-5259431 -316299
-7993297 -6214022
-4304372 1369
4958514 8933158
4123701 3603512
1203812 5392587
6103935 -7296911
5377264 -5629368
1609052 1032285
-8712698 -7250329
-6172920 -6467802
3733045 -8519668
-8579103 -4911919
3950713 -1130288
-6094601 3710511
-6605787 -3790031
-4053 -8837680
-6319958 7917268
-633222 -1792073
-8188561 8638556
-3452505 -6509521
-3806432 3015251
-97764 5167783
-3799932 -8429168
6836856 4027640
7559838 -9996278
-8515945 3180288
8268369 1292883
2678947 -7095048
-868184 -5264566
945403 6584346
7746667 2526029
443297 3457702
-8334370 3943061
2581617 2326427
5816906 -6522931
-991327 1645465
-3186752 4526826
-1385989 8910909
2938549 3013316
3017039 -4549133
8631155 -6985260
4307623 -2982554
-7561250 -584124
-3332338 -3013429
6087269 1570566
-5903405 7613065
1070767 -3649712
-9706651 -2943756
1899023 2736397
6213467 -4608681
7036784 -2284071
4759108 -4777860
6649401 -6149968
-620300 -6626881
-8659662 -412050
2602690 -7603261
-8069463 2487845
4420073 9426666
8929589 -5630712
5939854 -8912265
8700800 5016858
-8632853 2552802
2125398 -7712081
-2459331 4176848
9568167 -5975578
-5743297 -6245864
-8507372 -878697
-4512313 9015811
4905282 8142029
-9753669 4867388
-219521 -1238028
-8750183 -4634626
-5207960 1711017
-1403343 -1813758
-726023 -6278371
1254839 7052863
-394335 -9508871
5295401 -4861662
9315187 4247416
8271838 -7163930
9106558 1399706
-9478990 -7471459
4060705 3115538
-6226081 -3991303
3392437 -8517661
244312 -5979750
-614376 -6827083
-2599714 -5989519
2196724 -3305984
415645 5996943
3049806 3987053
-3005465 4186837
9325175 -7344528
6902888 4806288
7642358 8640362
40069 -2308922
-7264029 6748916
-7619194 -6922569
-913872 6796676
795368 -3845275
174975 -7521434
8167835 -8960320
7566513 2076952
8770968 -4431879
-8434936 -7720411
6266643 -8297034
5889803 4614870
-213306 5777530
583818 5214978
-3628307 9205934
-3102988 -9257472
7796 6411762
2005545 -7850664
1462364 2388602
8543327 3608025
-1397057 -7742268
5813764 -8765346
3311606 -3229222
2338899 3380278
5659867 -5401073
-3698107 -3579685
3551538 -5557138
2736744 4708048
-7560622 5854584
5060519 5836914
6579442 -1188929
7739185 4473883
6623219 -3412762
1492192 -255270
-6647244 -1914416
-7140332 35519
-6213474 1955699
8726478 8673433
2053711 7098132
4213411 -6418271
2045 -9770070
-5327207 3031656
-2260296 6069935
1924519 -74111
-4237196 -7304565
1506506 -3014962
3975274 4858598
-8554163 -754308
8990422 -6885155
-6283219 -4545619
-1993747 4859530
-3184770 -3423550
-4750117 1792779
-8592737 8058060
-8360211 -180054
-7433772 5620675
-8831317 -5841814
-9771879 9755373
-318737 -8575260
-5879825 2152641
1654031 5444067
302665 5626681
7388725 8145657
3776855 -5735146
-280764 6379148
1238678 7493636
6586438 241841
-7965380 570260
-1371680 4352673
-5827381 5958235
1578910 268110
-3057352 -3261152
-3505779 -4736054
-3311314 -2829230
1839763 -1308164
-5864097 808861
8951894 6010146
-3327844 -3045079
1219775 6340620
-4763880 -9550989
7942647 3455363
6213556 6474798
9561411 4529086
-1118241 8248176
-3277236 -1810269
974193 -4429269
-5174069 818026
6081972 7916842
7603964 -6163496
2528341 -7229342
-3904129 -556273
7970225 6664244
6135517 -4952234
-8611614 -5357619
-4908608 9871645
-4156640 -3375494
5615656 -6965960
79478 -7943083
2821445 5177067
5883151 1477589
7048320 9544209
362236 -3142656
-5225814 -8125749
-4289244 -3555792
-785133 -7621850
-5661771 8239097
-2580307 -2172910
2874856 4824807
9467188 -6444789
-6573144 -3220406
3404100 -5441419
-9891027 -729784
1327133 -8463891
-770472 -7295197
4182392 6664931
6209140 -4887321
1970024 -6252935
-4378684 -3428624
3015585 -739438
-5844935 -6151576
4603873 4746804
-7426106 -8990354
5834453 -7976433
8095130 -2034897
4744697 5301642
2376575 4038338
-6691446 -9334850
-7798741 -4998100
-9776945 -2847960
-6183029 1430787
-940181 4405447
8152512 2542463
9113840 -8970157
-7193243 6290181
-9861395 2129425
9392581 -3038178
-2028531 -2741169
-8201250 4482827
-7552070 -6194078
1623916 9893880
3932218 7192628
7857778 6516843
-8481257 -242876
-574484 2575389
6522528 -8258202
-1336402 -4241161
8301303 -4417653
9128542 -3183890
5622643 7415143
-7939080 -8064700
-1102878 -1722399
5536432 3969853
-1547320 -615057
-4292782 7335182
-254586 900611
-9390409 7331134
-3635670 6193984
-4048892 983721
-6440890 -2116927
-7858776 -2107023
-3831832 -9918362
-4336014 804822
137284 -5530529
4400966 -5207472
9244180 -4240072
-3446119 -1021762
-7051909 -9342345
42598 4606665
1941847 1400772
4817735 -1733832
8113655 4203613
397597 5427326
-3588953 -5522015
2361058 -1134943
6758034 -7513491
