93 -3454306 -9260444
260
-7088684 -7069280
3055698 6530600
442813 -7629507
-368151 -1365340
-2754491 8111580
-5721077 6709274
8694488 6664788
-1747063 -9273143
6309142 3910725
7915802 -7434007
-3935625 5423513
2489647 9399373
632836 2671599
8553207 -3229944
-4167898 2693447
5624167 9292763
-1660285 -1256582
-6369737 -8803783
-7652770 1298880
-589540 3262112
-28614 -407261
8773879 3689383
-3067408 -1334125
5092952 9543168
-7890838 -6758266
1181600 3008754
2408127 -1826463
3361488 6187599
-7042345 5557315
-1749238 -5568953
6240162 -1210243
7533175 6391281
7587498 -5420123
-1604890 3679791
-3058097 9934728
-7956181 7805570
-5988694 -570358
8095517 3334050
2877219 943898
-3298015 -4295179
1229927 -2497267
5676270 399937
-3412464 -6361946
1711721 -8445889
-4014842 -454808
8334949 9962483
6353764 -7774679
9321550 -1615523
-7935732 -3542386
8908695 -2283340
8038583 -8477477
952165 3468866
-3197083 4566241
8026491 -8435966
-2731145 2196488
9699221 -5271524
5128413 8498782
4653188 5375491
-554046 4232302
-6222506 -3635091
-3672608 5431113
172786 4628795
-6986728 -7318844
-8344877 -505664
-272651 7593892
9116416 -9436182
4032684 -9717716
4848525 68581
1632616 -9164399
3032089 -4608632
119845 1417823
-83394 2731310
-9376846 7764610
1996912 7086146
-6548944 69108
8016573 -1709242
-7080446 -7705200
7492309 -1810641
7683696 8449178
6043071 9147432
9711250 9927397
-9790319 5159487
7744420 3743934
4579536 -2425442
2965926 -8106612
3311212 -9872023
2859288 5602123
3366734 -6772182
-9686036 -4001206
6067902 7879998
-3829243 6281372
8576173 4084476
-7726165 -8393337
-9944159 6068482
5215914 2473883
2401280 -1384736
6291103 -2556484
-8812550 -4872687
2701871 4035524
5928912 -1716662
-1588684 -4332202
3786273 -759876
-5015706 3786956
9785750 -2846993
7549358 7814611
4095983 -1629996
4970832 6236467
7843130 2672156
-8743010 -238980
-7765097 415323
9030588 -1010744
6432772 -2847464
2279849 5321691
-642785 7620223
-4096439 7498073
5682223 7802480
-2957396 -3168771
-9381815 -531504
-862144 -5456749
-7642138 2920287
-8709708 -3312786
5440033 6453845
-8357646 -1222524
8538496 3283163
-6301514 -7100656
1888601 3289752
2958640 -7270926
8050766 -9162275
8457948 7754841
5252914 9924333
7726813 6877862
6225443 -6548511
2919986 7285770
-8170979 -640019
-7719732 -7942158
-8738592 6703235
3157080 6086912
-5135611 6701441
-7499044 -2684214
215131 5919237
-8274659 -3800558
-8555131 4620084
5457809 4683981
2438823 2011987
-5547328 -3567890
5826324 -9791911
-6340421 -7820514
1981608 2051767
-8588252 -904083
-6329889 -3673019
-6969784 6208369
2295281 -5068481
4149312 -1296352
6019435 -323978
8111612 6650268
5366062 8750918
-4112646 9836953
-2962713 -672717
3855622 3861515
-9706375 9476110
2200551 8308295
3004133 -1363699
-9311931 5860130
7472399 -5014259
-6170926 4616169
824538 -8857490
8590381 9375642
-1920710 5636172
7828546 -4743955
-8093687 6615077
-2117653 5940158
-1706536 -211272
1632363 3769701
-9852431 5330751
-2676787 -4512014
6312633 2957546
-8406152 9523764
-2099753 -683234
-3181141 -7718083
6898086 7888998
9031509 647933
23575 -9761023
5875149 7621890
-7122064 619217
9750647 -3779953
4676558 7300601
9605681 -9850654
-3564600 -7029978
817125 -6245603
-757617 -3417031
9540515 656690
-7303194 8071368
-2611866 -8865637
5932632 597053
-1513948 4206993
7371278 2830719
-4413952 -9966087
172155 9911205
-6953226 3977549
-9802404 -4433557
-7132955 -7202579
-7053232 4874154
360528 4989078
8743475 -617832
-1518511 3694005
-5649305 -9497790
8573578 -1977996
-843632 -2952498
160907 8478064
-4798591 -4911000
436071 1163311
1197224 -7427313
-7516108 6022119
-332 -8630620
-3064177 -4469333
-9155560 -7286383
104123 -7680780
-175349 6307560
8206080 -9535348
-3324991 -8915522
4103041 -3312431
4709574 1025705
589559 2676619
-6328964 6382294
3987646 3266818
-5569870 -1127555
-6038515 -5576282
2962189 5627354
-486914 -3554623
-5507604 5478210
708179 -1034738
1284482 7853189
4160749 -9187698
3793306 -8890867
4709964 2366830
1570751 -9531684
-5989627 -1186995
4005976 -3719675
5178971 -2883716
-9616898 7677012
-3450542 -833382
-3893312 -5186768
2956939 510943
-527328 9068877
-2936561 -7529975
-6048361 -3518579
-5665390 7771618
8583921 5236122
-1138393 1011711
5894893 2377227
-4638105 -6428429
2384576 -2534355
-3737678 -627732
6488552 -3609447
6583917 -8558706
607912 6871655
4201239 5649727
8677022 6714600
-1700171 -2841822
-7855444 -9333953
