268 6259449 222690
859
-5635731 4544298
3633717 -3061349
-6971236 -8973988
-32685 -168744
-9282147 -6331258
4539294 -7443088
-6819818 4917786
-3365756 5544446
-2127880 -6334405
5880082 440564
6574642 4089209
-8899343 9914784
-2795559 -3325965
9493625 -5303149
3472653 162300
7222950 -283685
-828682 353274
1379287 856667
3204275 2200082
-1614823 3862954
-1063782 3922128
-8643733 5440823
985269 2116400
5781995 -9493137
947427 1373742
7979303 -5821571
6609566 -2477930
4196105 9079960
-6223189 -6185993
-3507341 -3793918
-1561250 -234184
-9880909 -6284391
-2911371 7610068
-7673497 -5985270
394036 -9707096
-3268615 -6771968
8668855 9330254
-6036994 -9395996
3627219 -345875
3544219 2261354
6439783 -5425353
-5386931 1523522
603482 -4434299
-620291 8809174
7531608 -3103355
-821186 -1611280
-5379318 -4029642
6096779 -702095
-4171013 1709311
-5481433 8423282
-8348686 6223023
-1930371 -6233696
6886660 2836521
5006998 2032635
6810341 513880
-2395121 -1448783
2591091 3250125
1332178 2217948
-6456526 5710925
5123923 -9288113
-899392 -8924918
9561793 -5697263
-3883006 -3762358
7946953 5658572
-3401794 1945981
-9314644 4981872
1264529 -9234128
3602393 -1245015
3303972 -1848811
1181421 -1390608
-323039 114314
5880791 8786300
-6479400 -7731947
7978978 -2787031
-9558791 -2935926
-1860843 3102901
-78010 -7941831
-1704189 -2299050
5875874 6038984
-2015035 8759116
-3742660 -7525920
5756304 -1329679
-58342 7521869
-4326941 -641303
484441 -6754369
-4123703 -629168
-1842867 -9838597
4945808 -8242912
-8513591 -5805915
1258160 2924786
8544040 -8072382
6502139 1913669
2130971 -9017618
7021367 -5202050
6073418 -1993155
-7002723 7522684
8709358 -7669241
9852628 8753581
-9371370 -1348984
1896647 8042039
-2587128 1113072
-6209173 7772944
2046384 -1913643
2280442 8736635
-5822227 3532794
-2023236 -6461398
-2031377 -7278187
6220548 -5521096
-723146 -9900406
-9377209 3241915
764599 7866625
-9802616 6136420
4890001 -8009691
641326 -9949988
8092052 -1965016
9148056 5054325
2827270 8021276
-3892367 -7061117
-8324482 7390006
922800 904427
4443030 -4146709
-8908543 8899565
5894821 4928005
5027600 7312005
-6929728 -4828325
-6961700 -1833257
-5696836 -3648777
-1658467 5752036
5802049 1709517
9744501 8982859
-3446464 -3589547
6948081 8892557
4347792 9380806
-712835 -6944286
-3523507 -1460338
-3090694 2726317
1625882 3435875
-1636119 -9482885
345472 -2479297
-4791269 -6608519
-5925424 3415744
2283319 -9236617
6515420 -1622260
-9912742 -9375148
2124063 -5166179
-6239374 9831759
1240669 8677600
574758 -9291293
6280773 8104813
-3355524 2378275
-4895407 -7242734
6193142 -3929866
-3412751 -753173
-716117 -5442977
-9535144 6932721
-7135183 4492614
-2227651 -5460568
-4566475 5148136
-1710659 6804121
4154294 -4479217
7868894 2929756
-5876292 7914920
1139979 -8374085
9730729 -2785181
9593094 -2579248
-7305629 8891557
-5038309 -5302313
-3539133 1403865
5960888 -5934708
-9001987 5744750
-7246284 -1057904
-4002120 -6137170
1527318 526065
9846539 1431405
-531460 9816659
-4737232 4000833
-5567894 -2662565
-1036650 -613524
-882353 5572085
5509190 -8789569
-9898012 -1289258
-4075219 8203561
-392574 7580031
-8354677 2385648
-1869602 8084666
9543114 5159688
1538870 884114
3926532 -4459006
-511248 -6933811
5399200 3773071
-9709744 8957292
-3705273 3178320
-7435203 -5277638
2810800 -2225570
-1015139 1682444
2909538 -1680010
9039903 -8396798
1699585 8834320
-6263680 -1352671
9248347 3344909
-8979051 1866719
5267185 8791461
-5667545 2559820
-1857639 -806283
5483140 3821207
-4705148 6057913
-763766 -1710251
3012111 -5894069
1880361 -5682617
-1483821 -4177089
-3340747 3381575
-2498871 -8574282
2776390 -4300844
-3137163 9200714
-4938025 6512710
-9104219 -3888816
7418997 -3917075
8642745 -1320681
389388 4267805
-9394636 -3214894
-7156981 -4127471
4162278 -4099784
6148 -5404395
-1087012 9690741
8030005 4402861
-9699212 7429168
8854886 7205610
-7095233 -2198083
9518984 -5852372
3176690 -7716044
-9088507 -5419041
663884 4072472
-7248209 8330490
2598295 -8177019
-8875561 3141179
1530060 -4279988
-5863420 -6032541
-8920584 8208690
415784 -3340920
-8938058 -7595
9937925 -1554211
-4348601 3879082
4197352 1309163
5456791 -8927482
-6643525 3716336
813647 -1366519
5222305 -5732032
5114810 -8522468
-6699487 7974096
-6368372 -9770542
-4050530 6941305
3425116 5161688
-4113269 86050
6745131 4504532
-5503063 6302515
7264656 323425
-5797493 6951214
-1739623 5432407
6504926 916211
-5367453 -6282832
-5132998 2377753
-837927 -2037453
-559921 -9910693
579756 -5723117
7022693 -4743056
-7801751 -3272264
4405776 -7027837
-4425434 5623365
-7355750 -9707493
6595022 4836049
7675826 9657539
6608754 -3623970
-8191562 4394685
-4689103 -5130869
-8897348 829716
-6792531 -7540204
422343 8486006
1091665 -5114106
-837223 2378774
152071 -8328579
-1600843 -3814529
-8326014 2350320
-9509962 -7195066
5613793 9764904
-2882695 -6865712
5308179 2208816
8584846 -5206869
9187817 1916933
-697583 2909636
-6260648 7015066
9474862 405069
-8592573 -3053179
1832715 -7586442
4792332 2499092
4170514 3511845
2213668 -5055597
-188924 5086023
407309 -3595994
-3831089 -7182534
8468106 -3978897
746271 -4197432
595700 3776285
8209571 -8152531
4757106 -7700131
1831287 -2488012
433409 8496458
7959632 -6177499
-3763941 1840836
-5660072 -7691301
-1663104 3544744
1005499 1026794
-3887182 -9449436
9470923 3332927
6150393 -963521
5057582 8156186
-6041246 -2865149
3427489 -4196147
-2348677 -2929194
-8112973 1637060
9149048 -7591571
3421239 3718314
7540816 -417543
3939645 1380871
3689571 6293227
-7645677 8279573
-8177280 4542819
5093384 3359823
-3307250 -2064462
6972017 -2919341
-4763155 5359496
5010699 -5454048
349805 -804401
-1217242 -1561812
-9924752 8001128
2925909 669785
-5611900 1740648
-8676895 -3652851
7728020 4445268
-6745153 5262750
-3941324 -6066057
8476763 -4390829
1485346 -2118604
-1666714 -3913501
3167158 8178096
-3946056 7821655
-7632393 920355
2632306 -8935356
-7980816 2717413
-6765107 -8584936
2084850 -7905567
-3648567 6160803
-7492048 6472950
-6565430 -2325461
5453641 2752324
-797380 -3310583
2298588 4028669
-8089935 -2320617
-3717766 -6216066
4478383 -7240297
-9418641 1965744
-7113901 3048679
-3370325 5465318
-9300917 -1965243
-550178 -1351140
-6740355 -6066023
2611132 -8465328
523974 -388922
-198031 -2364564
-9612240 3958544
-9352039 7771963
1800632 -409620
-213885 2946550
-753164 3710698
-1013247 -1415299
3066797 -6274781
6773899 -431888
-4966569 -1530752
6504006 -6596426
-5431214 -4267486
-7817157 -4046172
-2511500 -2171569
-44138 4793975
-7570589 8012474
1971018 9757831
7529794 5333524
7440256 2618979
8081881 -669573
5557477 9742724
-9156223 -2671282
-6429711 -5455770
-3371305 3910575
-7620177 -9655812
6264115 -5821522
-89008 8883829
-5162343 -9167099
-8822315 -5389812
9404163 -5157491
5371335 1133547
-6592270 4349927
-7800197 -2657647
2477685 3453877
-7215696 2156411
1899135 -6924082
-7079012 858133
-2081285 2742913
9169840 -3508722
9351818 -2936238
1242240 -8450337
2949845 5615933
-1034813 3669585
8279773 303854
-2337284 -7340776
3792771 200288
7066567 -6965949
-7107243 -283147
-6829270 9266370
1422782 5370442
962712 8471386
-8154129 5838269
-8902466 3883701
-9625021 -235413
6828349 2783726
4333390 9726797
-2140917 -1929410
-8259825 9799587
-7380207 -659378
1999846 2536300
-7263412 282509
3316561 8308969
-1974178 9803156
1585878 -1274330
6612464 -6287095
-7815709 5525012
1363282 -2424824
-8541123 -5969837
-3688898 -5022832
7760895 4350208
-3406642 -6860549
-6273607 -5389363
6926576 4452441
6309415 7982920
-6964428 9546369
-7654769 -1690739
9134582 -4227839
8091669 5661792
-5612538 9676756
-6610339 -322453
7718912 -9000074
-8908546 -4426047
-7879532 -8401454
-3424286 -7449668
-583108 -1568430
-5912627 6852961
3979950 6010250
-7020957 -9669881
8313039 906526
452896 9288458
-9885929 -8651388
9637125 2798127
-9023729 9248653
8925410 7728794
9922693 7880085
1396363 -7684929
-9594624 7641605
1756503 -4995831
-9929147 -7474156
-6526234 848570
-2298469 -512254
-4502004 -2438860
-2108741 -8318518
2588008 -9006608
-9718150 8720650
2585614 5557256
-9128265 -9604078
9644575 2222739
-7532115 4364358
-5239205 1086337
-4082239 4906931
2548536 6157158
-8838672 -3676863
-8634666 6821392
-2330038 -8767819
-6763721 7355452
-5083408 5371493
-430673 -8749372
-7755980 -4675797
6561206 4673688
-7252704 -7474130
5438144 -853180
3885912 -6380968
499742 -2400928
8685409 6353797
1260728 5260538
-6065952 -5396830
-6557340 6325617
3147009 7611728
1360262 -5192006
-7836554 -9183029
-1295184 4596541
5847169 9596391
7436946 8274144
2947832 8091189
-9382940 3998152
5661325 5695128
1830512 -1428444
6170628 -452763
-4098966 -7669745
107145 4856038
1975560 -321885
-3996268 4041193
1652922 5418220
2742566 1667093
-4999584 -6986816
7609725 4906013
-2981244 3705232
-5504272 3456895
-5935564 6972054
970207 -40088
8171393 7197848
-4230595 9147884
-1304879 -7481743
-5151488 -8059967
-687577 -2887493
-693026 4955657
-8486797 -8712016
6706204 -2172942
9494151 3166125
6179309 -551229
6871136 -5505433
716152 -3694614
2278633 6406244
3378298 5211880
7688145 6343070
3540918 6864857
6012741 5859538
8377795 9310323
3766709 -5292138
-5663278 5742660
-6785331 -6920868
-5632884 3643696
-8529245 -5272128
7893997 3589673
-6961556 3481258
7975826 -3410342
2895045 2425932
-1167824 -8791670
-1063438 -4826322
4033100 -7789526
9075332 -3375293
-7515755 -2425981
9400694 5088073
2312288 3378393
-878947 3167403
-1237112 -834638
-7190942 -5147926
-420053 3130004
9236029 6796165
277424 -2526056
-3420045 -7725527
-2783243 -9230398
-8022068 9475000
7165030 6048933
775760 -6569154
55554 1198131
1288502 -148908
7455517 -4943849
8434544 689196
6372952 -7715843
1449519 -9928051
-5075976 -4864160
782196 -3225070
6087447 4503971
4494267 18226
-5190949 8881223
9650825 -8925778
3065574 2025809
-9408906 4145109
7575956 230605
3945088 1366854
3734298 -9852138
-4795987 -4766410
-1560862 -6293832
-4009675 -6361442
-6289493 -5187910
-7535718 -43803
-752521 -8849117
5654854 3246479
5781057 -4665074
-5783850 149122
-6260304 -9409892
-4867731 6383327
-6955211 6805271
9552228 -4276636
7090218 -9379255
-9231393 3497316
1247258 -6659131
-2952963 8488972
-7872470 9686396
7014839 -4446286
5509911 8354390
9505273 9479121
-4758048 -5242610
-7391331 -2323520
7825602 -8976991
4129470 -3175181
5724498 4081650
-6596727 9261739
-5014897 8769287
1906384 -7044499
-1030831 4591674
448895 -4808657
-6319684 -9783573
9902824 7495932
5565998 -4192154
6678588 -565985
-1086864 1075910
-1650348 6183862
-6139658 -3328559
-9789198 958321
299492 4202296
-9199702 4340272
-3881636 -3976009
7309630 -5796428
-2840927 -6380181
727845 -783985
4407358 -1355405
-1138978 -8823260
1189024 8087674
6411873 -8719802
714213 -3244977
347285 3090461
-8209325 2143702
1331495 8696937
-7828389 8167369
-5113983 1542297
8398922 2471103
1011446 -4313684
-110112 -5482714
-9346543 -1678923
53444 -434687
8209908 1381303
-4925605 -5539198
5064829 9587283
3383833 6263420
5534795 -6006946
-400133 6614399
-8725547 -4117920
7095369 1390543
-7925736 2605948
6664597 9266980
-5745564 -3039718
2646598 5063519
2097157 -2217766
6103311 5052838
-5381849 2750615
6648270 8673107
-6866090 5344412
-2551953 -8277335
7986085 715091
4708145 -9168120
7446279 -3962768
1919312 6824364
-9268741 8720732
1326680 -985318
-9201986 -7194476
-7717842 -9492370
5571149 -4947550
2834685 4928756
-7502054 -9815341
2935274 -8545652
-9872544 -2883903
4976861 -7900104
-6177439 5777718
9009161 -7575092
5773141 4324999
-9637769 -3766342
-6941978 3219420
-5543495 2281544
3812578 -6210718
9111158 -1700463
-1192833 -2873056
2179395 -8606684
-1161576 -5621683
7079328 7530432
1501132 1336370
968819 -7469046
-5369150 -5855060
2439010 -4054319
-9113059 -1546589
-7221590 -6035477
198181 6660082
-7604145 5656994
-2061462 -4227444
-7921810 -3147640
5151897 4267468
-8605588 -8810652
5099016 -6040935
-9146266 -3909841
6136943 -6062560
5273810 7933062
-9535984 -9845572
-5700632 8758981
-5295338 7611218
-3935371 -745269
3219254 8107956
-2715610 -8640608
7016386 -6582564
-810008 -319755
6532605 7471276
-5744904 1268182
-5026118 -5799145
-9323728 -4350492
-5743980 -9927102
6526690 -8469994
1979420 -9607037
-9452609 1800500
559481 -5040212
-7428994 7363112
9134195 -2219504
8404804 -8848013
-7488621 2353449
-1712763 -4310806
-2114208 2044117
-484607 -6419
3778115 6934749
-8864396 -3713159
1936350 1268349
1341247 -8188124
5858234 -1291278
-898315 -2132063
2184789 -2162346
2797442 -7834571
2044893 5260623
5557471 -2115200
-963212 1179088
6048889 3962275
2167821 -5935481
6108637 -5663873
-3153940 -9946387
6988363 8140382
-5572776 3140528
-5591123 640319
2452196 -1120074
7588648 -1733523
-1349234 -1689570
6148085 9206685
-8627886 -9164444
-1387469 -8538121
-8136968 -4066641
7112447 -5829998
648629 -6583828
-2519309 -4322311
-7469832 5332802
5386416 6105680
-3237585 -623772
5033108 -5108869
5531450 -6294009
-4897731 9441986
-2291537 -9500002
-1189571 5207269
4413954 6359229
-288863 7474866
1453097 -1697579
4235780 8323668
5010022 3316129
6732301 -6135420
-457731 8175003
3507806 6729345
-4648623 -5411211
3965017 -8589426
8818057 2113792
-1663865 -1001874
-9043536 4349507
-2634142 3438404
-1354327 -8818721
7540508 6176287
-3832495 5575980
-6121599 9767998
8091666 136954
5969436 630533
-2988535 -4381959
-6206956 -4781911
-8052566 -929914
3658875 7300850
1227776 -2701188
1928956 -9859755
-861629 45833
-5604659 -9734908
-3780152 -7388813
-6207534 1761199
-9546162 4865522
441502 3849326
3617324 9137695
-725351 -3163745
7466788 -5774657
-156616 -4755915
462175 6994606
-3935308 3636428
-6546369 2409609
2224773 9723568
9863813 4681407
-5272759 6670082
6935174 -8481464
-5870277 -8361066
-4083515 5671374
536896 -9561459
4287867 8886675
8024370 3494750
2847357 -9578456
-5353113 -2700981
2543105 -7169502
9825104 -2993377
3159403 5521632
-9552407 -4110204
-4386636 6613034
-6189206 2672367
-8141199 -4522823
9512065 -8945613
5209673 8793975
-3018299 -6358212
-5919671 -8873842
2529185 34950
-6470300 884549
1306093 553555
368926 6377058
1723908 -1530668
5475955 5428383
950015 1549012
7438808 -1364642
-4751607 1397609
6586328 5568525
3562054 -8424461
-7370074 8445129
-244544 3074120
-767740 355951
-6001539 6737157
-3227893 -4171058
6713491 6527646
9597553 -7181840
1711570 -9464064
-994732 -33521
7911215 -6564522
4984490 -5518777
3116581 -1138770
2775191 -5060350
-9491825 881326
2456865 -638481
-9677000 -3413418
9660702 -2396857
7959094 78456
9331966 -1107038
4721904 4473907
1001553 -3895927
-8561415 -6048253
-5512317 599106
3081938 3150155
6585633 3492951
490526 993153
2370735 -5913525
