143 -1229608 -5872116
551
-108788 -3544527
7779461 -2224398
2881284 9954374
-1006291 7511741
-1605744 -2898228
-6330775 4330347
-6723032 -2861984
8472838 -6564626
3793172 8294541
6722831 -9025
-6360949 514114
5117374 -9091842
3150711 8451655
6414706 -7570197
-6283453 1714614
686439 -9457409
-1681807 3607759
-3921514 -1534100
-4022358 3715830
-9182398 5072195
-8081106 -3111750
-3457381 7003179
2954906 -4804138
6006755 7531809
-9960863 -3251922
-221455 2729586
-3845904 -6321812
4646195 7412271
2358426 1821160
6052126 -6422746
6636197 6074973
-317267 -3261435
5204465 7470742
1186572 5761219
-6650234 3698459
-9413290 -5479473
-8476294 -4731339
-7019125 9645681
7177490 -3005036
-3740605 8987631
-5766431 7216627
3411167 6037940
-4033437 387666
4725178 -9426285
-5849031 8324989
4399962 777304
7515869 -9212834
8257908 -5917305
9843914 2720334
8935146 -555519
3965008 5710033
-9021306 9521856
9167537 -1994934
5000031 6475921
5463552 -1138621
-3921993 3775778
-186282 2213474
5117492 9489174
-9937111 5780281
4105270 -157330
-9380026 6730210
7517376 -1494768
-4895720 8135843
-6627471 -1708363
252470 7464546
3174579 -7692325
4345883 -5782522
-5261104 4153273
629195 -3970228
4891152 2255279
-3968943 8609099
-6661075 -9030841
2974685 -1638873
6657760 8456417
-1700913 -4446073
-7715863 -6720618
-5699033 -1080939
9571256 2317866
-9390497 -594753
-3130207 -7056214
-4748539 -6621675
-9887845 2560725
9230350 2113697
8143469 -5148949
-377317 -7624103
-9015003 3034621
-3479868 -1829908
6531220 6840274
5296692 2011170
7565097 -4294668
-1015285 -6404221
-4968807 2365586
-5316548 3285682
5207281 -5397551
-9937413 7809307
3703984 4593426
-2845849 7830401
-55902 3816139
8667191 -3615498
-1239601 -1912433
3638541 -9193774
-1023682 -7738252
9102023 2675025
-5313805 -4492462
1212871 -3084933
510846 -7748708
-2866769 2713938
8515972 -1941609
2660841 -5666965
4658695 3723253
-1683321 2723428
553829 -1637321
-7821181 -2012817
4371685 -9502073
-8898153 3362362
4168588 5648436
426537 -2743260
9931765 -6855094
-8831203 -7955088
-1040021 -5382039
9385605 -5101980
7611958 9470825
-2470783 -3481164
-6631776 6127930
-148817 2706410
7946190 8026919
-3610402 684214
1187749 -1499980
-8485701 -1431583
-8069221 8075786
3724223 5132498
-7610762 6099367
1760626 6667112
8712024 -7678996
9455317 2929423
7827443 -2327997
9659180 1357274
392463 5439401
-5916317 9704749
2411159 3760687
1787606 -3548782
7135432 357350
1373722 8177204
9261974 -9160466
8915320 -4595627
-9463128 -8807247
-191527 -4844105
-8176993 5442462
279818 -8430901
-2985126 -9464969
-9276614 -264865
3608762 7358669
2798070 -9617433
-9912684 -5998775
7761912 -601895
5849323 2498476
5372178 -450482
-2273278 -4498893
-3659359 -3254100
-5333375 -3011304
-9302198 -4744038
411857 -4796503
3162312 -6977373
-5408274 -5248783
-4713752 -6557870
-4306382 -5877048
-8518379 -3990365
8908554 9302380
-6696395 -3203957
6194148 8995870
-5989302 -8934483
-6868613 2043471
60930 9382876
8645128 -6625539
-7120490 6401572
4173886 -6688246
-8968397 -6422688
-3400061 7102095
-8146688 4193915
152398 -6291983
-9652679 9655913
8181900 5846016
-2335252 -8171058
-8858663 7090454
6086324 968353
-5449778 7335485
-8104692 2613375
1996251 -9802039
-6427578 1956238
-9125838 -6842268
8985838 -3548068
-7454404 5048048
-5333504 -9982559
-3272291 -8338113
7886256 -3480192
-3824279 6880107
-4757525 8233577
2578871 6873973
3964427 2907223
6391928 3720208
-6427955 -7432896
5180479 3458502
3656463 -4532647
-60056 9693082
-7149186 7228885
6197170 814106
8378507 -8163348
4370446 1259118
2921006 -6954997
-7918837 -8901845
494614 -6676386
-8442808 -9226763
7647210 -1746559
-8839336 -3347585
2888976 1611638
-3304906 68944
6043798 6461021
4444727 -8124427
-8431345 -299739
9445498 -5615329
5198777 6935822
1288826 -1840980
9418139 -3906364
-861361 -4340728
9273779 -5144503
-1820889 1219803
1993040 -231607
538186 -263697
-1094929 -7843398
-3715408 1698850
4284146 -8205953
771420 2979686
-2628389 327944
2544557 -4783853
-399182 -8543381
8392441 1990056
2665428 7315948
-6590416 -318733
-2143108 2083567
6939064 -4935424
-1199269 -2869329
-584583 -4881824
-2629169 3310123
5466725 9953603
-5831194 -1207746
586301 -8248682
-2752644 969304
-8702751 -8642278
9090221 4618968
6075587 3841806
8348214 -1308960
-3993012 4468028
6665647 -6470005
5613562 -8067076
9513852 -5477461
-5830437 -4931021
-7296493 -9169065
4141058 3584980
-3945065 74338
8866593 -7875864
6391806 -7259907
3709398 -8030754
5843320 -6360838
8258130 5006647
-8635195 4933542
6140934 4333717
-8681903 2229372
5759367 4664274
-886450 7983745
5022636 -6110719
-1041740 -1372597
-541662 9192199
-4706469 1661767
4252458 6115749
8239885 1348467
-3395088 -4364597
-9878999 4631691
8270853 -9685690
-2162691 -1519326
-6585784 6528984
-6620947 -8281533
3947839 9555150
-3264224 -5302849
-7319104 -7776442
8629191 5849326
-5523271 7703532
6895732 -2412548
1765571 -3548580
-7432831 4705615
8570434 8534381
-5830216 3323406
-2044903 -4824653
-4510343 6807138
-4712188 8742302
-2212362 -4156681
-2438214 -1297972
-9226470 1166692
5863843 4025977
-1234113 -9974342
5874984 1061091
-8719025 -2604922
-2501118 2868066
9319486 8176707
-4601325 1780806
315187 4403007
-2273587 -6030891
-855544 -2998676
-6191538 -1802138
-3059836 -2849534
2993785 -903726
314654 -2755845
8410847 -9444429
-2902100 -6395464
-6369806 -3208958
368485 5863787
-6741135 9505178
2373244 1649460
-7657480 757748
-7461446 -5790918
8612089 -2258805
1710304 -4629907
2371417 -3661498
-2947284 3371113
-9478421 6179879
7792505 -3490767
3753388 3515364
-3412713 -9376489
-5771953 -5319413
1471629 3685187
-7934674 -9625407
2396124 4356466
-3994074 -4675809
-1401709 7285720
-8505197 -1651554
-1394007 -6346803
-976709 -9893108
8961747 -9683702
-3796237 -8605292
90940 -3985537
2523696 -3274658
2757058 -9600203
-8976691 8793436
-6525977 1860697
-4454116 7767708
8142302 -2537996
-8181530 -2388790
-4548247 538426
-2175854 -2175603
-1310805 4050045
7703242 -8164699
-8057806 7295189
127839 -3273467
-9362406 3420293
1951108 6331602
5573296 -6755114
-6355317 6991157
5784593 -1669646
-9808949 -5332008
-7564299 9258617
9236973 8253287
8380849 -9421997
-6367219 -8944556
-8603807 -6167398
398999 -6026721
-4191419 -7398260
2413281 -9381406
-2654873 -2249225
3687420 -7458880
1389074 -9500927
-6256041 -4361472
5146037 -3037630
-2190924 -2611357
-5427013 930631
-7294400 -1999873
8769766 9525040
2619395 4458925
5514369 7150615
3499570 6252176
-9774544 -573086
-5454993 -6101431
-5482837 -3965963
-3698836 6958288
2015761 -5621357
7394068 2504936
659816 -6595165
-7116442 3654380
3559375 -4194146
-747163 692634
1209114 8132362
7657403 1958437
-3582638 -21120
9645848 276798
9045327 4448084
6391350 3145418
-439661 9270783
7821172 -9063643
410998 -3406145
-6511150 6638688
-856376 -7573241
8347946 3399270
-2946350 9803440
8125646 3747856
6956843 -9386975
8745388 -2621517
1853272 -1834043
661189 -1080857
1712293 786987
-4764929 307037
5968807 757620
-7455245 4142773
-2404517 8045499
7155706 2882279
-479033 8006481
2949592 -9355444
4043826 1180943
984384 -6186110
78099 3613829
4226854 -889970
-995134 -2965058
5200899 2972242
4407737 -9141862
1645125 8378440
-8798170 -3879969
6877651 -603452
-6460678 7170637
-2267512 1938759
-5178962 1134805
-8342362 -5111806
8049102 -3141642
8039301 -2876418
-6546176 -5390719
8223110 -976315
650068 3531923
3083217 2449964
7938559 9654934
-9486928 -9199532
9178909 2346296
8466327 -5325450
4071098 -9619261
67728 -2139669
2315442 7610420
-8738423 7800217
5204763 7136480
-6005162 5435567
5075501 3253866
379499 -7965860
-6425823 8529326
-5422399 -8881039
3568925 -3259403
8911883 177171
977639 -5976164
-1113515 1941308
6615858 156548
-6946361 9869164
-9754153 686956
-9186271 3121368
-6562063 2561289
-302230 4591658
27226 8642700
-5587082 -3791040
-9240548 7619079
-1335243 -2691231
-1572270 6849982
-6409421 -4241289
5935882 4513008
8536844 5018815
-3039877 -3086479
-413578 9939681
9808846 6092333
9295641 2640061
8277781 -9945307
2615983 2625722
-2782619 -8284282
2874771 4830105
-8960935 -239041
-2619962 7287689
7112811 4314870
1164852 6044796
-8196493 -4459459
-9946451 -2728217
-7709402 7739389
7169262 1106746
1046427 -8232927
375758 -3244316
1912098 -6628375
-6573681 -328600
-7702878 189879
1905598 6042302
-6611241 -7969145
1791814 7296721
4584410 -5572176
1259046 9171853
-2266999 -5786427
-245885 -7576102
-304318 -7947140
9792249 -7675984
-4052886 -5497368
-3730294 -522137
6233548 6993542
-9634833 6645464
8833216 -1854354
8335525 6307838
-5133508 3646691
5677546 -7242525
-9945804 -1744749
-4800572 -2530639
9157566 -2845041
1368532 6458474
8882373 -3109433
-1056573 3638999
5963016 -8905593
-4402961 -8747972
-6753757 -8089870
1420024 -5616903
3544914 9479791
-9858211 -5698456
-9390618 2378130
8541173 993667
-3732506 -4524125
3731126 4218720
-8311919 -3678309
-4006998 8930554
5389029 3361999
-9747434 -122114
-6483114 -3212246
-2117839 -8287655
5480725 1996254
3906384 3479200
378650 1243320
723112 7842761
-7855695 -6076436
-1181954 -6618747
-3108728 -7246313
-9254086 -2640780
-8422060 3158767
1996810 -3006607
-4076053 5782373
-855628 7989812
-9615950 3829328
3133434 -8086710
-6374365 6417288
-1586458 -8984405
-2988852 1622712
-7133968 4836279
2679040 7389798
-8686638 -3894504
-7996898 -2660303
-7390264 131408
7490628 -1105626
-7946859 -6644349
349044 1584920
