687 -8184139 161735
752
6655514 -8232971
9822260 -6528984
8473778 6919289
-212047 2794658
-3548895 -8463984
-2683469 1249408
6743526 -478596
2221860 -2987952
-564760 -2395498
-7501100 3412352
1594836 6297203
-1804418 -9228069
-7186564 1640198
-4429975 4276692
-1391095 1861539
-3855079 -1751888
1719129 7780771
4700061 -4032819
1278191 -7290741
6761627 7004366
-1746225 245649
2283405 -5921841
1090207 7513653
7634507 -5494735
7917617 3041799
-660998 -9866593
-9094662 -7971195
-3814645 50936
-5672372 6235126
-9386982 1755381
2519845 -4547115
-6766343 -3242061
2725120 6755326
9464585 450070
9970788 6519663
9281664 6226213
2820724 -1775437
8254568 1565069
-1413314 -6089069
-530918 5889075
-1461165 9020655
3565813 1324436
-8624627 -8039475
712004 9751168
-5977099 8219353
6188591 1325022
8082961 6542747
3298073 9422248
-7611330 -6675567
9844096 2762659
-8494776 -7640542
-6899626 1642113
5723534 4325948
753231 -8645058
-239630 -5689779
-6669124 -9777687
-5936899 815557
2776082 6896689
-835790 7954826
6174180 -6511914
-2670540 3187111
-270142 2362771
-5698629 -4587579
-1263146 5544284
-9176705 9206393
-8434149 -8902697
-4744232 -7671481
6654467 -5333775
8537520 -9020698
-4710477 9924050
2662715 -9185758
-5853849 -8863248
549793 6725816
4680643 -561415
-4556976 9714003
2901115 -6628825
5733946 2772484
8184906 5147325
691609 2551669
1758062 9438112
-9464585 1514904
-3640225 3323913
506491 8307535
9286838 5530594
5454644 -8439637
4890957 -5423639
8229465 -1882641
-5156824 9037108
-1524307 -1220741
-1506738 2040171
5411346 3918717
-3308798 3910729
-941945 -6338356
6213313 7392460
6830572 2266016
6297273 -2028625
3811640 -117660
-1810125 -7342952
703995 6834483
911198 -2523287
-5430573 -3841361
4275999 -4197845
7355615 -7201108
1578151 1635527
-6324302 -4168691
2266378 2587766
-3501505 1603396
5265040 1473932
-1133608 5556550
-9661081 1478353
1966080 8213317
-1904343 6636192
1809592 8294072
-2355092 -1198116
-1205050 -7486413
-1327773 8556106
6874614 -4119271
-1320379 5464578
-2899895 4230229
2577890 2774125
7878243 -6707845
4895551 7360621
-1165447 -5623262
2449641 160591
4155296 217298
-1569385 2788560
-8058896 8637728
6931800 -957376
360860 3750696
6264284 7093060
5649167 9155810
-4963461 7452863
2917441 -4959867
1786714 -3767487
1522990 2533898
-1657595 6880957
4241578 -598767
-3705677 -6762044
-4085101 5592483
-4190219 8743964
-5951124 -9929805
1224275 4240396
5799372 -4010020
9740677 -9327573
7765488 -3839767
7832395 -1478687
-4025824 -4068993
971140 -7131065
-8382200 1407969
6458219 5274206
2155163 -4342858
-2425273 -5199376
-9445068 8913093
4505577 3869050
-4870633 -3530169
9056378 -9684642
-2927893 -821757
5168224 280653
-6530568 5387831
-8451936 -2574747
5946566 -8765080
9682279 9380460
4765747 4437094
8361415 -6830229
8443978 -1100101
4557041 -2664014
2136610 599141
-487765 -7868232
-1482830 -4792106
1677725 6534164
6849522 3646537
-7175219 -6749545
-3952540 6437981
1825813 509357
7934610 -483108
-6731835 -4109771
-4729311 -3602472
3350974 -7049556
-3879784 2552788
-8547313 -5771259
1564727 -5435806
-2320313 -1473920
657848 6217689
-8574417 -291726
-3757562 9175019
2821556 -4380340
-8613533 5608313
-5437354 -1837311
8672046 9950279
-532829 -1095189
4795041 -876992
-1963112 -4748312
-1797867 2582082
-4865129 3904214
8132955 -3161299
1402895 9103910
-2370009 -7785966
8431723 1598934
3823561 804191
-20790 2373658
509670 2582351
-9292984 5317119
5996160 -5587511
-5637232 -4730337
4174474 -2815441
6307567 -3653708
1597980 -8514133
-3415698 6860808
765022 9800113
-3361186 -5764475
-6660565 -1102022
1112012 558061
4673348 -6514222
4289970 -7939912
-3049902 -1503091
-8920740 6785532
-5380997 -23879
-3095038 -8213723
9572292 -9384836
-2200277 1267731
130375 -3736882
-2251014 6623642
3484450 -8271645
4044821 -3150360
1085165 -5750527
-4336197 3199987
-6241951 4424600
426731 -707833
-6131393 947749
9444658 -5283299
4018585 -6664942
-4172469 3040270
-2657101 8637589
9252753 2732493
6516576 -3084809
-4305338 9568828
-1291178 -3353049
-9108341 -4040000
2809640 -7806727
8959098 4936480
-9347181 -6105195
835757 7139253
-3568580 -5589132
-2125031 -8737512
8495541 -7183620
-3848562 9835979
2876250 2514127
-6331932 1978969
7227814 2735501
2167045 5437173
5006001 -3739257
2907694 7861707
6338059 -6285177
8424448 -3684295
3768537 -852301
-4441144 -100102
-2960849 4421357
1348577 6394613
173454 -4013076
-1196696 9223547
9059526 -8814653
-3784174 4954742
9450063 -5547872
7187630 -116106
-4678933 6677877
-7061380 -645325
9732734 2843420
-925404 -1637333
-2805276 6070793
7734844 -9984604
-84705 -9036738
5384619 -6706300
2204665 6954446
-7058630 -3266804
8473095 4894471
6079819 -5738974
9215768 7532622
-8015250 4811997
-5304108 8665831
-2139939 1688732
3559759 -7466689
-2106916 -6684967
-5805948 -4191155
-8120362 6967680
6983076 1388777
2352039 9614482
5424534 9414723
-1114478 -2263342
-3013794 -2370800
-7476329 -5656756
-1395729 -4540698
5508276 1119842
-4068160 -2179961
9002223 7493026
-8301889 -6855916
-4322605 9378636
5210021 5257870
-8933284 -3913169
-6945489 9404074
792851 5462706
-2406459 2553940
-5514985 5661242
5914252 -6981925
-6836373 3370537
7713782 -7099542
-9123888 8203651
-8160155 -3681947
-3345556 6384388
-3606233 -9711963
-6567879 8173019
68007 -1908122
5866100 -8374131
-2287300 -4721971
-5317897 -550832
7428227 -6716436
-1646144 -2008694
-6347452 -4978232
-9443805 2838871
-3790591 9566800
4983610 6236175
-3043822 6439543
5273948 5859723
-5239537 -1203977
-915939 4444744
2617764 1154230
1762460 -4967466
-3341597 -7314229
-9519848 -2371439
-405919 -3112544
171020 -4837745
-4330087 -2977692
-5439572 8524876
1363747 -677539
-8594387 7632976
3869151 89508
-3470949 6389224
-5234701 3341681
-7862296 -8197001
6247744 -474238
-9320007 -6261883
-1229348 -8618140
6583983 -5041195
-4896282 -2054593
4832863 7064136
-7773609 4697800
4236460 -4996117
-6471241 -9587343
-264882 1313241
-1053783 -2591141
7498367 -6342916
-9953692 5331720
-1326599 6543771
863122 7327959
-3146279 -6672543
-2934425 9627218
-8990922 -9949934
-4991128 -1647421
6297986 7593062
-2826450 112590
7326742 1130850
6134733 -8083707
-7671050 1563203
5392796 2179845
9588704 -5419579
-1762495 -5660987
2187085 -396577
-3852806 -1716187
8128124 -9139514
6704295 7010317
6637535 -5018155
7548264 -6230130
-5361199 162966
-2243972 5073488
-4813922 -9063212
2067638 -2554070
-637777 5029173
9108728 -9281277
-4585080 1691174
6271595 4501524
8840537 -4996376
-2876600 -5490900
-4690735 -6456026
-5595540 3270594
280911 5953741
-9064414 -8891245
7394978 9434799
-402235 1000202
-3926310 4550131
5486919 -129855
7316075 -6223879
8805294 -9929091
-9210367 -3321702
885824 7914022
-5068102 8720905
-6275470 9673771
6699223 6288787
9832761 -6635718
6634876 4524840
478581 6753573
378680 9432140
8866939 -6069480
4930722 -2226342
-7676210 -9018944
851201 3520765
7296886 327061
397971 -9316372
9878278 -1381468
9048906 -6296044
-7575139 764103
-7045774 -6019196
-9730409 8665743
-7969975 9653450
4178290 2618704
-627723 1181254
613394 -5343128
-1412608 9750957
-9959032 -8003315
-7022259 -6481886
-444769 4881110
-4791829 -3654706
-2971078 -3147883
5470649 -1877506
-5657198 -3092800
187655 4519555
1016711 -3232336
7949759 3141882
2795332 -6197346
6421358 9979785
-6322609 -3026378
-5853154 -4206365
8060945 4290785
-1196178 2734238
-1231295 8101913
-4500625 -5702085
-6840439 8323936
7692406 -6776102
1346393 -7295165
-387965 3163055
-9801037 5689195
4973211 2316043
-4542075 -6267974
-2465319 2922971
-4580892 769609
259583 6472391
4782379 -8387149
-1580012 4406430
9657020 2843324
-6538411 7223810
4038077 -1574275
9266014 -1039036
2184862 7197638
9902473 6958420
-7362173 -6468745
1736803 -7969140
4346903 5353142
9085169 9226366
-5334311 2321180
-6909211 9136202
5608593 -7398851
-5786000 3350373
-9726845 390972
-6765704 2633988
-7625850 9930175
-9127747 -3304115
-1826799 6412227
-3873783 -9861733
-386961 -9641936
-6110681 8545042
-9424097 2250866
-9879639 -1857526
-2631159 -2560842
2276691 9205530
858084 2034530
4635680 5367480
-8765795 -3533323
-625998 8849680
-5999979 -8492640
3953888 -4875350
-5663112 -3625829
-7213601 4826141
-2519240 2510089
2868153 -8571032
9974011 -389849
-8138983 -726175
7416299 3066266
3021776 4497730
-3780388 7301492
-8147625 -4701533
-9334052 7077696
6060726 -995593
-9629561 4416505
-1559782 7951080
-6924270 -5629540
744632 4910458
-263401 -2587382
2439060 -3952617
-2523649 -266289
9343862 -4692787
-2902610 9966714
3032980 3721231
-1781038 7030042
4331534 -3945243
-6130424 4438574
-5967377 -1299739
7704668 -5464476
1468382 -9906651
8044429 8075108
4961920 2424952
-2664590 3636511
3565482 8222904
-5729713 7072009
9322072 -3995458
1311755 -5737009
6746057 1182286
-5096483 925498
-2044460 -7704610
-1649853 -4361169
2593758 4803426
-6496312 2219723
-728400 6626381
-763918 3724708
-5683832 3256334
-4318714 -2719489
-9082978 9278089
7500993 3016696
-7394943 4482504
3003398 4287633
1066976 -8072871
-4374233 6831506
-2242996 -2186967
108423 529284
6168116 5712544
515970 974922
-6805354 -1238126
7904607 -3463990
-9739281 -5017402
755284 -2859311
4421200 -5423113
6371328 6436570
-546734 -2145426
4853431 3872322
-1840045 -5425325
9018156 -9626819
7204687 9226931
9556316 -5356077
5173207 -5038309
-9325765 -335260
-9360338 -6142325
-4864099 -6293442
-7241080 6350660
3849610 -6959492
-7302451 -6980361
-9887121 -5395106
-8958536 7118749
7489676 6484207
-7127119 -6988918
-9897891 -5140541
-4767360 1032836
-7223881 9120265
-6235812 -7562672
9915371 -7667564
-5486472 1453748
-2172225 3105959
-671131 -4846810
4020203 -4519971
-8963111 2087789
-2376219 -2130187
2474708 -6265561
3369540 -2263340
6737219 -3967476
-8440041 -6624432
-1764973 9610101
-6840711 -8337932
-9217666 -4015980
-9062300 8451761
3300549 7062874
-8967026 -9146929
-3524618 7814077
5483619 -8622898
-3142869 5804251
-2107959 -496178
7373636 -2105980
-5855189 -1967826
-1714814 -7635304
-1602780 7514352
-9110080 -4977595
7148858 -42821
-5864400 -8358700
-9858328 -9691852
8759909 -5082066
4497160 -8920628
4448795 -5423190
-7609113 -1953513
-576411 3440530
-755219 390858
9894681 -1202928
-792556 -346826
7685348 7268317
9633013 3352256
866608 -4029466
-6490708 -9453415
-6979883 -5727120
-4085820 -9341850
-9033702 -2844283
-5409997 8572204
9651576 2242559
-664279 9087163
9650002 -3383276
-9942746 -5757040
4633819 -926409
7870663 -8181613
1471562 4528500
-5686831 9594460
2946716 -8326738
-9839851 6462534
-474529 6329676
-9397444 -6330559
-5672409 2545588
9701305 9033089
7605293 7810242
-7430847 -5708692
5894824 -226778
-1093702 1904875
6147835 5544826
7134770 -1036448
-6701709 781654
7826506 -2478215
-2883755 4769853
-1040532 -7860325
1118561 -9937039
-1091011 -880383
2789058 -9355967
3189621 -488454
-8939013 7116649
-2556757 -4592721
-7785061 8666280
-9044146 12397
-8082728 8109763
-3829058 -137848
1342056 581459
-8636886 5822064
-6656151 4640348
-8073447 1705972
-3638000 -7023553
5555760 886021
-9994362 7480561
640946 -5535250
3976296 -4688952
4944050 6346920
-8245801 5037283
-3780085 -7612707
2399690 -6030862
4595254 -2824230
-445726 -3166686
7414774 3282548
-895388 -9103669
5536679 1294240
-6999788 -5035187
-2058740 -20416
-9134394 -8121436
9359126 -6502979
-9521877 3387596
1214997 -7483576
8863344 4454419
-7991946 -3840953
-1453660 3133895
-380614 -9255679
-9563557 3462383
-9704303 6730992
13540 -9282
-6596599 226823
4037415 1634504
6599317 8940080
-8563984 -446020
1432544 7056930
3070303 4817974
-9278077 -6691978
-4175553 3548426
-9480803 1936920
8095967 7204143
338039 5043603
5787924 9158659
2621042 2473777
-795231 -1259280
8731438 -4566908
-1823733 9218309
-6630835 -7865161
3591271 -7786317
1767663 9968482
-458236 5027287
-7638386 -6799793
-3491770 -7387933
6160493 -6916463
5020457 -5150971
-7946828 6679690
1723293 3116424
-5208565 2391211
-5135012 -9972430
-1231710 7412478
5361922 -3413891
-4195582 -9983920
-7849081 -6461811
-4248128 -826417
-8341582 -1741458
5802181 35887
-4247553 1200182
3812250 8163795
-8752668 -5222971
-373942 -7510905
1685138 -1215859
4416917 1679230
6586794 5924783
5952353 9208353
-862817 3968134
-9445756 7236995
7253075 -5500895
-1962706 -3641338
-1951402 1920346
-9821112 -3694481
-1142242 -7776632
3423550 5981070
4144865 4610205
9387234 9752152
-7758752 -2091450
6692691 -986708
3208875 3926386
-148831 -6374039
-7165686 -204331
-6236197 8319875
5556870 1971497
6470602 -5681953
-6806938 2809946
-5269708 7024248
5846119 -6241988
-4018620 7425533
3406603 -5296122
1830435 9404930
1673435 -9932180
-9507278 1217670
2747314 3914683
-9642579 -298234
3327727 8472541
-1731790 208590
-1471535 -1321607
-9350110 -5451634
-8617235 6601688
-8072014 -363156
9177444 -5424173
-1666161 9174630
6600163 5023564
9727442 -3168429
-3763498 -7476882
