138 6151996 409418
649
-5796603 8677605
-1050315 1212306
6250022 5193448
-3547865 -2433286
3020191 -8003481
-1071470 -1416313
-5144776 5845649
4613789 -3240135
1346427 -4453293
-435674 -2663087
-2554817 2723202
-2124256 8187747
6048371 642460
-9754913 -3382150
-7230154 7942372
6619977 654505
4383163 9489595
4683043 8086014
-4347272 -6850463
-4853944 -8864822
-7764783 1189271
-2965079 -3409062
3350804 -2909559
-4846500 -8351290
-8498025 -5302769
-63215 -2765822
-4578074 -1052842
9589618 7812529
-5569621 3986649
1929021 2351057
5521914 9716577
9206172 -1451001
9151365 -7578570
-4429033 3889216
-2459254 -5195906
5993365 717024
-175686 -7707684
-8100891 -6971714
7193348 -6824882
-9611299 -2947390
-3196860 8695323
-9841167 325487
-9345632 2225066
8728068 2264804
-5384139 7601100
7317677 657089
1722440 2654128
5075558 -959798
5445770 873806
5677900 -9353475
-6120099 -7013484
7795184 -5812383
9732256 3704216
-604314 9694294
9263256 6925604
-1862720 -215612
2626227 -3933604
807815 -1703887
-9439083 -4203053
-6601953 -464117
2709324 7693131
347259 -9284275
-7727721 -5568235
5305571 -4577183
8585694 7718049
3220917 -6500177
-9796208 -7534404
-1313836 -6467546
-6773252 9936048
-621995 8081850
-9617410 5006356
3589104 7515285
-4188602 3008817
8805765 6913271
-3550846 8888668
6581799 4720164
-2047759 1674831
6106596 -3070942
-5131773 224520
-9541079 -6071481
9944694 5970273
952221 3679839
-271355 -9851514
2600887 9638385
7720236 2955393
-9521899 -8021108
2010529 619178
-6372004 4067205
980477 338279
-773053 4950113
-7813371 -54017
-8379186 8325098
7770508 138871
-9636609 7727410
4172281 -7361265
1125361 3338665
9534856 4116975
-3218186 -7922418
-8284032 -736499
-7781106 9382701
3877945 1952556
-7428266 5213347
-719448 -4111526
6226753 8716082
-3817453 -9738971
-7276635 7970053
6295151 -1630823
8508048 -5655821
4587942 4065660
-779253 1387791
-5273544 -1239777
-7122801 -9653892
4940043 -5738688
3524813 -340987
-8441934 6656011
-1391433 -1739941
-6526594 5436011
3840837 -6303347
-7587264 -4729689
8047692 -7416058
-9446005 -1404717
6964460 -9228943
-4884763 -634501
5947511 -2011140
9376652 9703179
-1536598 7684610
547071 -5896892
-9119227 -6143047
-3967682 -4512886
-7856875 4405586
5181998 -2409616
-6973605 -6731956
-3035303 1171756
6442067 -616416
1967527 -8106215
489069 4489760
5260817 -4962126
4403373 9969881
-2041258 2892406
2595585 350884
-9448153 -2664606
-6045146 3575340
7432293 1098918
6586032 -5164373
1757566 -6535388
-6428652 1245509
-2970095 9455916
627672 -3402256
-1502320 -3489046
-1595260 -2930260
-8440500 -9534793
-4496918 1410161
1380042 -663331
-7770924 2422807
5290044 9338784
9190530 -2658987
-9083647 5841891
-3059191 -6854615
-9502636 864999
-3154037 6043193
-2711298 -5228718
-5772802 417311
-468593 -3165041
3345913 4854871
4440963 8029088
8494295 4267005
-4322834 -1483185
7853484 6513729
-1063463 -426439
-1087655 2598912
9939926 -5773419
-9931528 -9380772
-6235387 3372631
-5762370 9525633
5568826 6778329
-8450388 -6400055
4017257 5373880
-7791161 8293162
3148033 6065016
4094104 5554752
-7661890 -9894652
-1377837 -4895248
4134833 -1984724
7588837 8992000
-5892736 -6928630
9814303 9017535
9636763 -5952810
-63826 9882775
9408408 5917728
2696057 4173804
290102 -2506414
-7132534 -3237979
-4944816 -5692641
2888727 -4923695
3147410 719569
824918 -3017168
-5396064 5485520
-6499204 1963433
-6528215 8738769
4326492 3605986
2623521 -2420950
-5857408 4140795
4023571 -5223364
-9305636 4078766
-9231077 -4051669
-4041730 -4093227
-4814853 1059025
-2117264 -1174264
3902042 -7243317
3476252 -9228537
-9729353 9565804
5051324 6817522
-8702692 7390935
6129705 8552120
-5325542 -5230907
-5135505 -7027451
7113344 -185669
4590967 -8476560
5602206 -6346733
-7882049 -2198317
-3775191 -1112519
9946506 -1923779
6901957 1409956
4166639 -2170758
-8882942 -6679649
-7113845 -9840757
6976766 -8612295
8778641 7937479
-994048 790426
-1924129 -2575302
397247 -3803238
6011094 2940367
4463807 -2489409
-6319789 602061
920097 -7417635
1469847 -4201838
3874383 7144906
-1445138 -6067295
1761948 -6707308
-3386956 5237853
5397096 2879006
-3216937 -7984449
2469383 -5109786
-1803008 8078056
-4497246 3991687
-9811551 6272864
-8270417 -1583647
-1556703 6199543
9317957 -1290258
1292107 2123508
7921670 238054
-2617040 5278306
9211012 -5687595
-2394903 -1545826
6208379 -6510688
-1115330 -3265507
-8733603 -5878173
-8471606 5667733
3745790 3735780
-2272533 -274614
-4001750 1764896
2697602 -2084084
-5884540 -2272167
6437575 -8859101
3264407 -6566583
-3812177 -9753965
5524341 -6297571
-1985166 3570783
4541309 4735353
741017 -1863717
4870777 749688
4871515 9625687
5293421 -1346474
-7610694 6399909
-3874704 -8444437
-4163189 116773
549041 -5360102
-5115916 8534413
9675312 -2819147
-6869378 -8678341
4084046 -4543929
-8325148 -681555
5405580 -391612
6860093 -310314
342322 -53111
3212929 -2398889
-2773202 7729451
-3617023 -1915555
7000706 5036571
-891514 -1227717
1405408 5642354
2798605 4945298
3479711 -8045551
-864697 7682689
9004348 -4328624
-6356201 -5217723
4100723 3088395
5213135 -4681348
5008338 -493697
1969545 -5410420
2190691 -4649340
-6919889 -4817526
-4216729 1933842
9486765 -8020560
751723 -7216022
942684 -1404748
-6459450 -7842869
6627933 -6258711
-8576022 -463387
-2275659 8279588
-6938135 2944679
-3966926 1368141
6686793 -321060
1701596 3762561
8352141 -5788517
-7921504 -6328859
-1146385 -6940815
-2490621 7674959
9654400 -2846761
-7546431 -3003856
-1892252 406123
-4920393 3396253
7137543 -5835350
-3782384 4223892
2503480 1077873
-5977448 3941957
-4689902 -1918303
276990 -7428022
6334539 4513243
8724727 -8021414
-4350273 -2796967
-7221430 -9196777
8478182 -2980306
-3310715 287949
-199555 8132582
-8944942 -857146
-7460892 7908194
4589196 8651017
2874909 2193003
-6729124 -9193188
4748770 7894741
-4023562 -2706571
-7618241 2575220
-2911536 -1230220
748366 1232651
8435684 -4186809
-3383586 -1085555
-1549508 -8785746
-5981445 7610948
-1740117 5139777
-5717368 3819000
-5756454 -685059
-2034042 9338092
1531095 8832743
2155907 -9159133
1251960 4801971
4611752 -3095323
9479898 7228398
8514531 6993512
-1773837 -3431638
-5102095 -737103
8177343 9178199
2908805 -5969329
-8358381 9144187
4283964 6927360
746360 -98498
1732795 1082948
421040 -2493741
8855354 2215105
-4427676 -8047865
-729541 1011261
7915939 6824284
-3430965 6398563
-4091573 -87811
-1003097 -4916434
4346463 -3349058
-4170859 3894808
7925479 -4959842
-5815655 8737946
5665306 2083450
4501305 984662
4583962 8928019
8950630 -3765900
965558 -4994997
9473490 7805984
-1182755 6537882
3362167 -8739699
7658865 9249536
-8321923 2447554
7531120 6083644
-7265413 674980
7086140 -5606065
-565906 -1436272
9818027 -2472029
9611422 -3865209
-364195 -2000315
-3072296 4112727
2863179 -5780232
-8258877 -4121666
6200670 -6171263
2882972 -8785387
4991267 -4982084
6783804 -3754861
8692693 -4833516
-8749872 8461882
-8346786 -1259835
3134100 -6015285
-4935204 8739355
-3732674 5084546
3735690 7399175
-4601140 8395100
-4975821 -6628505
-9892385 2326565
721251 403711
4232448 -8151262
5579704 -3078078
-5543810 -2884580
-4123089 -6912677
-1746193 3756346
2218228 7085956
-4173879 -7979713
-3994997 -3612205
7643502 1476574
-3438880 -6413849
-9014674 -6089172
4822281 -9703190
6184658 8900538
-6256545 9846460
250171 -1191375
-6826284 4464707
3902981 6998972
6630744 8753420
-8159257 875523
-5368131 5024008
2109964 -7389098
-5368811 -633550
5754245 452438
-8070988 -6847456
9255047 3397747
-175073 -1509868
-8696705 2756725
1657264 7163560
7010021 4305
8812930 5400719
-7618222 9776544
-708132 -8013354
3256418 -1198889
9676634 -4077387
3462973 -2386487
224415 -5691496
-3808694 -4427063
6025375 -2628043
524501 -8054449
-2140350 7954387
8960872 -220451
-7463726 200929
-2635510 -9735833
-7215176 -3290110
4626962 6890863
-816241 -8402246
6100753 7008740
-4190148 8475628
6914593 -642829
6970685 8002838
4827694 377566
-1533145 9711452
-2916591 -8981000
5480903 -5507769
4962970 124263
2420164 -6659447
-3942165 3923842
-3295639 -2527210
4182681 3422325
-7170460 -510815
-6396708 -1190357
8334735 2013299
488927 9704045
-8422432 -5855413
-7852574 9919872
297438 8548253
776058 6975120
510473 8764294
5772877 375819
3016434 -4008624
-8151718 -6747801
7176042 -4563402
2909389 -2093883
3844794 6396755
8402293 9608422
-9065583 6674334
-8796015 -7994415
-8290370 9269152
5930092 1692913
-5870863 -6712802
4351804 593870
-9914658 -3057072
-4292778 7644214
-9463615 595815
6587192 3996451
7248650 3552820
1505770 951826
1374295 -3058956
5854152 -5584841
6539933 7735441
4409775 4256445
6262030 7474350
-740145 5613760
9823025 488012
-3708438 -4810053
5783817 6468515
-6588557 3159718
-6679716 5869159
8981327 -8364983
5631468 -6143330
-74158 -1915129
9036697 -4603530
2337515 -8568388
8363124 410992
-1853567 -1808333
4964464 4903057
2377408 5072560
-6797328 -6257154
4230858 4153615
9343562 5542050
2010565 3038772
8714843 5127379
-6487110 5422008
7057025 4551479
924501 -7505783
579088 -4795155
601315 -9149657
-7718044 -7867863
-4940519 5455182
6163201 3161432
-1935511 -4277734
-9205174 1127665
4870511 2958249
-2888136 6513851
-5427747 -8382279
-2827154 -3544574
4099157 -900830
-5478822 -4112311
-9560832 128400
-4861031 4094555
1815752 1363670
-5269635 5718058
366547 -7582933
388602 9528673
2690105 5426029
-8851705 -3448197
195821 -9245405
-3770804 4459474
-6510323 -4933668
9200406 -4142587
-5170809 -1938070
7161100 -3626748
-5222707 8928349
-8426899 4198630
-9190463 7732813
-8387165 -3287930
4946480 2625289
-2441292 -3656799
-4128126 -4686972
-9260943 7947310
7015466 1078332
-5650721 4403704
-1136822 9727639
-5206029 578475
6435888 2352855
2931137 6510729
-7116019 -8734920
2709781 92237
6807219 -2338726
-4605912 -3200766
3511304 7616756
-7241603 -2993077
-4133524 -9025863
-3712835 317106
-9219232 -5745297
5333035 9542574
-3537370 7796234
40225 9682314
-7222859 5325809
-9804984 4834197
-6138722 1729382
-4489186 3126154
5734743 -3254740
-3077114 8220595
7536181 -4941685
-7324929 -5166674
-5643398 1047485
-5462026 -4566531
-1733073 223078
4477781 -6658509
-7115935 -952305
9360282 -189184
-7990518 -653304
7188857 -599493
6751056 -5213376
6516006 7383873
-6973621 -9387665
9873947 -7973180
2763767 1277475
6335790 -3203167
1630160 299948
3863785 1527213
-522966 5986762
-3790160 8401760
-8256749 7743961
9308009 3203974
5531142 7143669
9006717 8668291
-9414850 7540625
-7672751 -1288074
-3904201 7336207
464894 1359607
-4097221 -8361469
2916006 338841
7135674 8666546
-8517154 -8231852
3295361 -8717814
7268948 5346631
-3735257 5288748
3032709 5995141
-800885 -9475653
7668016 2340718
-6474639 -5269743
-7729118 -808915
7903011 -5889488
3963071 7114483
-9009558 -6001190
8153693 -5572035
-2716842 -3106779
8076119 -6413949
-4645801 -5581168
-4298981 9558965
-2578051 1165913
-3545339 5486319
1481460 3686692
4211039 2003722
-5655559 3196927
7927185 -5604593
3586492 -9613846
7013018 2714419
-7654745 1489503
-1995334 -6507559
-9563242 -6664303
228919 -3841641
-7739237 -2280084
