816 9466663 -3363965
842
-8603008 -1951902
2813725 -1698557
-5094284 -8932475
5758574 9051397
-7851344 -8091207
8960603 1354683
1509387 8908113
-1841426 -4543074
-7186899 -902096
-7682054 319269
-7872091 -8285057
3776247 4073785
6237295 -8325235
-291087 -2290410
9692605 -8568512
-520414 6344948
-5353609 3605950
4673475 -7706689
3861061 -7931541
6493605 -7051599
-3180563 -1473931
-2565818 5454208
-9088866 8328824
-2573272 -1890892
8428378 -6275765
-4560821 -7738973
6334812 3072639
4747404 1731778
1957720 2572107
-3480052 -5543683
3317617 1650326
-4743724 5999534
809198 480360
2548819 2446103
-2089144 7186611
-4287320 -957576
-5503367 4730293
-4424531 -4336786
3772323 7924119
4164707 -4481450
-2220423 -5282947
7789692 2120238
-6147984 -5885611
-797152 -4946552
-7973883 -1673912
2492766 5722796
-5761317 5343734
-4175906 7749042
-7288503 -2435767
7267196 889265
9931690 622354
7868999 -7020124
-8840558 6944675
-2614854 -6555531
-1036981 -2551883
2165170 -8450147
3670091 6742596
3373337 -7528786
-2475338 38459
880900 5092537
-6668314 -449221
7410865 -6626334
3639061 -9913279
-9832694 5751311
-3359423 6350558
9489264 7434502
2930730 9088619
-1450354 7358264
3319085 4090172
-8461710 5934792
7484646 -7717896
1541052 -3780188
-1308973 -6328911
-3774099 7430741
2523278 6215689
8282821 7106801
-9519533 -1628684
-1541963 -1789962
-6038650 4119528
-7013561 -8858305
8576197 -6881721
-7793102 -7524297
2350319 1506927
8113452 756544
9207688 -4330596
-9532140 2168094
8387906 -791314
2879776 2008912
-560347 -2921067
5810975 9105677
-1271170 4479284
5366952 -3389852
4820186 -790703
5845178 6341342
7483037 1297888
-3067481 8831617
-8692680 6059235
-9917486 -8344231
2412313 -3826008
1843396 712318
-7119588 -5863646
3345040 2311257
6836521 -8731681
-9136396 -3775184
7846845 8792527
-4211837 -809069
-1682569 -3424325
-1698675 -8844885
7496457 -6862382
-3048142 -5853497
5494472 4979495
-6444918 3884378
5540147 -681856
5492136 6153948
-3133733 -9531187
-5394833 9851885
2163142 -253321
-6468650 7950207
6691376 -8483985
-9691458 6911307
8618590 -2945427
-3853399 -3903295
-2748179 -3063978
-7410008 -3035722
-6372867 7264630
-5239523 -458150
5942580 9121605
-1560251 -1684441
-5530492 -6000920
6984245 -6068114
-6216229 -6147873
-3884842 4105764
-5427677 -1536735
-20720 -7837139
1590520 -8736301
-9165375 -7195825
-1099120 209110
7145132 -3018774
3945504 -1330947
8450036 2251476
4309679 7572637
6694242 -6789487
1526073 252259
-3232309 7650343
4098581 -1488067
-5119588 -6248064
7857700 398704
1378321 995570
-4325217 4946376
6210075 -8642398
6678129 7265303
-2525586 -438948
6542278 8095361
-3235585 7135898
-612625 -6995866
3093123 -4785549
-9058684 -6302946
-3534335 -7696283
9954061 -5016259
-3987974 3233357
-498355 4052642
6967699 892438
4404361 9875698
4822074 -1653980
-7780026 -9920856
-139200 -6451499
3109554 8898103
6993465 -148434
-3012536 -7831816
-4827681 6274232
4005035 -1108809
-4895403 8265442
-9430840 4946351
9930093 1570263
7319972 3039573
9608567 -4057881
-649090 9337969
9213667 6576266
-5077713 -6244729
6350767 -3447907
-7383053 -2857739
8556717 -3788433
6063133 5726501
411037 5550182
-5659234 5566950
6974493 5583356
-3634849 8345801
-4191496 -7920909
-3834294 9450663
2490236 8254949
6713421 -6514322
5339999 -5384845
-8808578 -3935669
-7664046 -2929981
3622112 8630061
8288674 8686721
7414641 6239059
-5518088 -638257
7428277 -4005874
4077428 4892950
-7007342 -8230957
2631196 1051922
3131013 -642191
-8675176 8439701
-788998 9296719
5298749 -3668588
946568 -4075577
1988754 638748
7708767 -5345658
5800755 4324708
-4472218 -6152768
2602643 4089429
5967525 5458775
-8547099 7084556
1977506 3395802
5164846 5530330
-3417748 4970164
6844326 -9687606
1268447 2229617
-5957312 8169150
-5499437 -9520550
-3596127 9341437
-7503463 -2036517
2617825 908980
7750040 2721657
6568889 -1581420
5024361 5794174
1252949 -828468
8772440 991886
-5612311 2705851
-9247467 749946
8236463 2068887
-5102367 9851137
2080754 -2402859
8282643 6166081
-838117 6123442
-2018769 -7216794
746689 -1917892
8991088 477768
-6800575 5880866
-5700554 -742519
-4948345 2284666
3972551 1840160
5348398 6304605
-8473192 2744991
6011290 2252439
-5678674 -7720659
4646830 -3235895
4361246 -8264688
7901393 -3272416
5367378 2643889
-2056552 9579628
-2338264 5864961
-3657271 1206489
-2912644 -3347175
5910306 -7941493
-3140475 -6096846
-1740334 -9038039
-217082 -9167924
-3906580 -6391935
5860504 1309726
-3894581 -7895290
-8614833 2698183
4433495 -9247751
9996185 -1737235
-9093346 -5148760
-5569132 5363563
1228524 -8633546
2572944 2092604
1261781 87606
-5337535 2176652
6079806 9688439
3166753 -5961658
7386771 6855825
-9536110 -7050329
-3224250 -6519809
8101253 6324394
-977423 2881169
3633419 2002772
-9734463 5972424
-9176336 3629604
-8490480 -8827809
5054998 7770884
-136511 -4745604
-2141646 -2372058
9804594 3641622
-4153586 -4962829
-924486 -1599248
-4743423 9013167
4479190 -3537715
-7541172 8236819
4561214 -8745060
4136110 3076433
-4920795 6100143
2072568 -9714119
-3568163 -4655258
9033285 2896232
667117 -9542291
8228458 4088283
-8283775 3046958
9204932 -3913188
1123984 4037171
4954276 -4948654
-5935487 2715850
1694487 2727205
964025 8543704
2314996 -3330333
9746100 8041591
4141734 -3548894
9253339 -5174695
-7313601 -3785698
1626887 8201529
8659238 -8280316
-1675680 4810356
-2142686 6887696
5490861 -7443103
6594069 -2937754
-5370055 -3385155
1847047 -5935303
-691746 -1305542
9754514 -6458466
-7272447 2788631
830222 2069511
1036969 -7526347
9815310 7488309
6218963 -7193339
-8991810 -7498291
6737745 -2154150
-7343794 9667428
-928523 -4937935
-2381037 -6970128
-7391529 -5437662
-6306465 6729384
3310433 -2761584
-1550774 -1943066
-5885180 -7381313
-2076329 -9279907
2789604 -3157627
-683974 8753893
-1241446 6342925
9149586 -8352312
-5850603 -5022482
-4660280 -9842224
2341557 3403494
981912 -9487721
-6457849 -8586966
8491724 1117227
-2153389 8666974
8421742 -7814741
242193 3673396
-1191565 9387321
-9892586 4357013
3715738 6732106
5486000 -4586630
-8243705 -6968236
-5320548 6760906
-8261576 -9094118
-8936342 -8654799
-2734953 -2921855
-2409576 3405215
-2665399 8246959
-635814 -6351073
4832254 -4173675
-9472064 -272851
5916897 3253996
-4842331 -6713519
159846 -5274667
-8542561 -4734917
678453 -6124416
9423700 -540209
-3779302 2434749
3340631 -5896848
7964705 -2040878
-2446381 -3079359
-9674143 -4770247
5993064 5144043
1309323 -9823190
-3996864 7873603
-2399248 -3858423
1911925 9047424
-7666094 6034002
-9240665 7069595
-7665322 -4989896
-1114311 4733126
-5807082 -4470516
7964233 -1690611
-5071106 413616
889090 -6178784
741857 -7106401
-1876648 8442710
-3896895 -6415934
6277229 -5883583
-8009980 -71220
6070357 -7719635
3844141 -7892876
657478 -9501365
7568230 -1305601
3704504 1416813
-3850060 2419260
465096 5106545
5932286 -7140790
-4210822 -9054319
-5233103 -9138820
6271132 6678268
-2362670 -1974893
-5874475 -5605516
-8972747 -3743212
6185568 -9597246
5199471 5533625
157102 -5227722
7787265 -956387
7738012 3330932
7264098 5355495
-9708893 -6041132
9065413 -6585962
8789600 756204
-5781763 4997700
5858880 -5421222
-8742954 -8498513
-473406 -5353636
-8442799 -8589271
-2332483 -3831529
9087578 -7415546
634432 6369437
3658067 -3196599
5847014 3307886
9155170 1445332
9317179 -3898621
-7423401 6419268
9833306 9608287
-7119157 -8357987
-843935 1139258
5718036 -2900920
-8883081 7531297
-7822338 -508565
902164 643513
-671663 -6265137
8835669 1086033
-2544530 -9067733
-2264332 -8013547
5294339 3629890
-4924778 -6417317
-7799586 -3034138
-6614870 -5607598
6517041 -5222987
8935378 5734789
-3125953 1914236
1529668 -1908557
-4377259 -7407916
-5400129 2646588
5806453 -2199597
1535266 5502035
-3411932 -4865210
-3932943 370935
2357389 -3440110
-9810220 3802726
-98239 -9831920
-2866058 7781355
-7826243 -5381473
-8088108 -6964575
8770214 8690798
-6878614 -9152729
-8544934 -4355739
-9247303 4651054
-2702358 -2922193
-2605438 -4647432
-9145397 -6895904
-9244762 1446180
4333468 9959023
9035266 9338648
3141374 9207209
1891641 1741398
-477247 5559487
2694366 1541936
4577361 -5787138
5420012 4606258
-2030119 3347575
8991836 8541398
3192453 -575052
-980893 2260886
7613454 3006447
6110543 -1069978
-9623798 984410
-6540215 -617866
-1279218 4709670
3916879 5011403
-3247198 -8137844
-62005 -4191479
7350457 -1208093
3004770 -7367639
-245029 1927818
7791745 -9058866
9482533 7724853
9666153 -700067
-8439181 -4808662
8197785 -8798388
131634 1690626
-7324964 -3175319
6206815 507837
7733859 -3865179
-8853775 -5072403
9306105 1650739
-24388 -9584621
-792714 -8239548
-5607187 9842421
-5713409 4728408
-1814105 -3335864
-5611011 -7921664
-6105379 -2331572
-4623882 6571494
7773107 -4544559
7146067 6090255
-7085064 -2095259
928930 2337455
988628 1638103
-917948 -1337210
2829881 2134853
-4933416 -1611843
148609 5321845
5164266 -3209777
4034983 -2942226
3721911 1967209
-3438103 -7779122
-110694 627252
9715099 456518
5911959 -2218224
-6127968 7488206
7909299 -4425622
7911833 9303320
941424 -1161770
17372 -1099538
3551667 2539828
-9072014 5363605
685450 1134604
7924827 -6407053
-6832926 8366068
333277 1959810
4180689 -594663
-9967411 6895174
9868044 6586347
-5631876 9747688
-247754 5780004
3870734 -9243492
-9940172 -2338454
-983872 -5701080
-4284266 -6482396
6057433 1549852
-3086543 1783753
-7081643 -498229
-4388930 115259
-9002321 3359536
-4680653 -1221856
699833 1330956
-9257518 2016388
-8880913 -6751225
-7003537 -9389474
-1093118 8003563
8760071 -4734938
-4557040 5293969
9592889 1336252
-2629792 -3024560
8525292 7824975
-391272 5943993
-4554236 7955101
-9413288 -4956562
8402974 -6426813
-5132317 -8415609
-4568301 6238673
-1744939 5567517
8816292 8690533
9301059 -625851
-2622288 4329107
9594169 -9275706
6018263 8654136
-9612 7553481
-5471079 -1872496
-4047521 -123052
-4179058 5570565
3525666 -1922441
3120997 -6216942
-2643755 -3371270
-1786879 1523972
-2237355 2223929
-2208554 3644820
2335353 -1465941
424560 9124090
3453197 -5847235
7393411 7802272
-1027240 -4436281
-6882800 3411674
4055530 1479500
-8643551 -2353878
-6783313 2524361
-9398080 -2822609
960449 -741294
5887436 3722918
7763242 833047
-6943024 6616910
261730 8042239
-3423702 -6635226
-7511136 5113436
1782553 7000858
-2680517 5942061
-8494220 -824036
5103990 6292243
-2228256 7139333
-5214545 -840480
4200233 -871807
-1178064 -9481506
-7706448 4802153
-8958577 2298737
-6868216 8180989
-2685749 1321017
-636743 -3811240
-7930114 7575981
-4794231 -1544093
7973118 -5441250
3017164 6988322
8680638 -4707399
4101196 -2960704
-5821371 3784628
5460500 4389292
6033837 -8519564
-8001069 -339267
6979239 -5144227
7154511 6808835
-2493824 8020662
-8141968 -9713705
8991408 4820427
-5087239 1221289
2193548 3577646
652749 118530
9623205 166666
-2024381 -6330087
-6774439 8303843
-5395176 4593168
-1017540 -2595809
-8599021 -9934676
-7757590 -4983702
-127929 5916262
2725098 9221649
-241337 9542934
2345582 -9768726
5051702 1616695
5354336 1336990
-5085364 9964463
-7400655 -2452115
230903 5567385
1753650 -7777450
3042746 722875
-4683957 -2504436
-2583893 7647570
229246 4298503
9314801 -1182914
-5266651 2471656
-5790343 -8296775
3762511 -25201
206073 3968321
8101368 -3891907
-38565 7774127
7738590 3455705
3519942 -2607576
5476161 -9662064
5076838 -6249155
4473720 9746164
-2758272 -1880416
8283506 9789763
-3395381 4657835
-6525079 -1487247
-9015591 8435772
-9861003 -9275378
699421 7710419
1678740 -3582139
2525954 3421847
1195974 -219892
5752165 5003742
-7603834 -8549083
4305205 -727893
-4460695 7872327
7618491 -617957
17980 -9986975
2319141 7376571
2034406 -1698514
6814239 8923760
7359532 -1974320
-1249698 315001
-1974580 14882
-1050905 9449724
-4612077 2220512
-7999380 -8524951
-1004857 6583897
8034814 7752786
9541245 1391309
-8220011 2340019
-8277937 -4919450
7609928 1914832
-708596 1740043
2557881 -70931
-8630819 3842162
-8132158 -627879
9687122 1245065
-8740053 618145
-7415779 -9771106
2449406 209042
-5799556 -2027856
-5443959 4450026
-5280836 3195587
7103249 5107208
-2552773 6776762
-8142688 8883238
-6685578 -8314358
-4057963 9467240
-8087339 -4877822
8964341 8499919
-9611608 -6718158
4526908 -9167817
1450328 -9924486
-9695592 -1696793
1028602 -3449099
4523045 -4729834
9720192 -2254602
3457337 1595439
-3297353 6955709
3732471 560586
-8039824 -3333774
-1648131 -1893865
-2426624 7790951
-7086871 -3189742
7826529 -7997611
-4715768 -8122530
-7290346 8214921
8290435 2327492
3147051 -3323666
3227236 1111195
6381361 -5824347
-5562597 -2249719
1862072 -1382094
8089967 7894741
-1544673 1081071
7747298 -5661210
2444925 -7068144
-9277193 8615519
-4574223 2534653
4537043 -6364064
-4486593 -6747693
-8532772 2337627
-5334881 -9260587
-2584253 2274016
5901563 7812170
4504176 -9357017
-9090383 -5200723
3417183 8941579
6836320 2771689
-6147239 -5976498
-1637708 7808000
-9260144 4116411
2731930 -9192783
-4141777 3979015
7614951 674059
-3557282 -9604734
2732893 5644710
-1099525 -2090053
2700315 -85636
-9757114 6316223
-524442 -8881770
-4082493 -2736586
-3795006 385175
5673217 1851042
5874544 5557666
-4117982 2042330
-3841259 -5763164
-4955946 9138226
3117241 1407023
-7918918 -6581371
-6186105 -6751455
1409607 -1476199
-1049900 -936860
1493856 -9689917
6626306 4166767
5284997 -5746906
1516509 -3898136
-996608 -8797495
3053547 237855
8311873 7192961
-764709 -8555556
-4318720 -5806108
-6667882 -2089616
9317407 -6758314
-3339685 -1034288
2214257 3914841
4954994 -7009438
2053702 -6376136
-6066053 6421446
-6895435 6063910
-9682995 3076605
1694822 8389563
2108420 1833514
4587721 -9301786
7891175 7678319
9122763 2899594
7093486 9642818
-9930446 7320396
-9437918 -9574395
-608683 1903313
-4181846 -2777602
212960 4121926
7745790 3289501
-7772701 4783015
846925 4196090
9789047 -4668135
6237780 1163930
5513796 1483869
-5301565 -1653800
8540871 101517
-6998888 -7410390
4748780 179987
-2499617 -9905402
3036555 4818334
-3278353 -9421183
-9682433 4944224
-933850 -4943846
862007 530528
7829895 9328293
-3959265 3089306
8421171 -1323180
2357103 -4170218
7313652 -2824697
-1962145 -9612749
488769 -7987913
7118050 -3421273
-724934 -3993767
8617183 -5616818
9201517 -708199
-129382 -5829909
9114315 8439516
6012022 188186
3235066 -9303182
2541463 -3125971
2479688 1064961
2258133 8582198
6928332 -6582789
592515 7131588
