146 -743661 -8824124
562
-6505798 5529473
3444929 5770753
-856460 -9158218
1522270 1460327
-402852 -2922889
7942073 6340859
5757180 -2716842
2081561 5610748
-7691207 3723073
-2060183 1608284
4700369 -5367112
-3504538 -2665252
6412688 -3830214
5433687 -5494745
3761594 89249
8135075 -874084
-5103331 -227852
613931 -5903644
-1926965 -3443439
-3849975 -7863799
993412 7670183
7469693 6608450
2219198 -3249408
2990017 -7932394
3675891 -2955657
1677231 3446187
-9219065 -9107388
-2937601 8172693
-7322051 -290025
9799225 -7503914
1622002 -1044105
8728044 450652
4547008 -964976
-1892063 -658025
-6005472 -7379957
2806578 4257962
-6617236 4987940
4254884 276271
2343877 5601962
-7353694 9761254
3207441 8536120
9428733 -3160111
-4987417 -3495272
6214704 -3508868
-1012782 -9793116
-8320869 -1469719
8980933 3125573
4676949 -9592825
-7734498 -3955707
-1335664 -7215114
-440799 -3739970
3764322 -8529086
-5736463 2941965
-8939720 -1980793
-2219539 -876234
-2340113 6222938
-6937173 3504254
2525334 -2911380
3579752 -9408238
-9201354 -8743610
-213329 5083322
-9274753 -7522222
5401305 -8716044
-2671751 5402196
8187083 183160
6443190 -1491063
-7503797 -9737364
3204601 -7276135
-6740576 -3240260
5883507 4264881
-6995829 -6443763
7060491 -6456606
-6851634 -3933001
-3341239 -7897823
-6641432 6728118
1811440 9973760
4967890 -4338409
-3054452 -4946960
-9544764 369195
-9447645 -3209851
-2184561 1158671
1421307 -488102
2235763 311642
7071383 7142261
-6076506 5495187
9051424 -4528758
-8469012 -3072334
2994665 -1371733
730444 -5320646
-8592528 9653426
2143538 4089012
2266956 -4264736
788304 -2888572
7480624 9212504
8519005 -6240107
4918564 549331
-9938771 -3665556
6646087 8856224
5998485 -5186656
2824883 -3766178
1705064 9921979
-3150355 -5607341
3020926 3236052
7915406 2360662
-5469559 6267723
-7126913 1839230
7574494 6673979
-6214592 5140043
-3131101 -9120849
-5360956 3782384
6848067 -4612095
1722349 2073960
930184 6909297
4238993 -9115212
-2881390 -3071331
9367001 9580229
-6027112 8823674
-5423922 8732998
1093661 6993815
-4222110 -7508516
4330714 5624102
-5185567 -1349023
-6208979 -5578439
-4699288 -1400159
4898577 -6823728
-1435823 -7543892
4530068 1746645
-8827706 2802879
-3795981 -4539747
-5094726 -2072361
-2492132 3322630
-5337344 -5727725
5521626 1480757
-9009076 -761265
-5753429 -3384713
4755741 -3231186
5419791 1093638
5515199 9570174
-9313632 1727164
4903437 3332263
5788371 -1898703
9847942 5983966
-1213155 -7165209
-1704956 -8979764
-1052124 -2492783
-9170153 -4283329
-7494702 6455744
-9547147 8008855
9763942 8026924
-5357789 -8556223
-1787409 -5989486
-2379496 1914304
-5999169 6148735
-2124101 -6864297
-1015682 -5312801
2788496 5295688
-6203993 7289041
-9876168 -4847209
-3826973 2582852
-9909931 -1581123
-3348100 -2362745
6609352 3436268
-6038524 -842802
-2815877 7062205
8505983 -6274582
-2264068 -5657314
6256991 9234926
5383661 -2127212
1008491 -9742178
7461373 5775913
-6412047 2509161
-201798 -7233779
-2080988 -2616040
2483165 -77965
857264 -3391608
4245647 -4910414
8525855 7509164
-3333638 -6628649
2949909 -7512669
8729101 -3633163
709524 -6027756
-6792830 8981386
-3145826 9482867
2257041 1107184
-3116903 379018
-7111821 -281586
2484635 -7012598
371363 2686382
5124769 -9596352
-2987960 -7145472
-9539534 -4017967
6007549 3774039
-338257 8986321
3990004 -7326089
-8442899 -7388348
9100248 2719106
-5783156 2266625
-5734156 4823770
-4069046 1071018
-8549964 6522885
-3758701 -4669597
-1682194 -5661784
-459050 1242286
1645934 1205521
4060049 -5334281
647752 1174326
7464718 4520515
-3976811 -3344699
-8154436 9642813
-7745535 2529545
7765003 5919017
-1814358 3871065
-1305165 -8018153
-4430782 -5032162
-8509277 4625790
9956193 -2980746
-6126178 -9751626
1490661 -9209649
1995872 3414772
8080491 5652947
9343626 8572273
-4390859 -8755405
-9583752 6808344
6451157 -5851318
-805421 4778165
697182 1221974
7609391 -3040417
-8542218 1399177
6367015 -3695774
3446368 -2973000
-3437393 374091
622465 3402562
-3290735 436429
-6148798 4629478
282426 8705138
-206237 4448045
-1791007 -7857596
1467100 5402904
9551586 -8858407
5919758 -9565391
-5827065 -1253834
-1777899 9133293
532470 -8217674
-1913448 -7803765
-776764 9415837
-210072 -8467079
-2548165 -1697805
8738624 2928746
-2441776 4161100
-4617410 5106178
-7929424 357002
2499406 5176354
-6904390 279569
1421162 -6033494
-5598885 5163549
6426067 9857273
8990566 -1425950
356376 -5351832
-3155597 -7960612
3971577 959281
2492202 -1416009
6886186 -6238494
6690252 2460389
9137841 -1858837
-6752659 6764828
-2878169 7036784
2213138 7834269
-1886162 9621237
-6412256 -2174900
-7011351 2051353
-5575022 -9494789
-920738 9414716
6579236 5931896
487636 9435638
-7088729 5939992
-5476017 -5540787
-1779281 5403473
-9619786 3926522
-7932315 7427323
4192152 9518056
6554840 7831378
5665648 -8686017
-9064780 -8715670
-8374218 6295838
-1652809 7039316
7544528 -5385568
6545500 -4711479
-8779583 9140142
8575780 3124737
-935271 1708053
6167267 -8512948
-593123 -3894936
-9968414 6904338
4331662 -7696556
-8178500 4615623
2447002 -8959834
-7645851 892692
2177022 -9370998
6924840 5805721
-4638610 3802804
933588 7788384
-6923095 5422270
4562412 9995441
3120178 6813675
-8961920 -4345456
9657948 4701259
3322675 7205347
-3373962 -8418822
-6115378 -4129386
-9513763 3474052
4514218 -4293878
6598814 -4550409
-3921407 -615281
7706792 -8707812
-2388656 5519786
3308170 5584534
1006804 1061285
1056726 -1098573
-4284898 -4430784
-6259887 6693256
-6089133 -3246817
6474882 -6601939
-5020761 7233542
-6895844 5617272
-908676 -1136139
-2913665 6106746
4072689 6121894
8022965 6201501
10041 2667635
-1812579 5729758
-6169356 7621386
-1317329 4011943
-7086630 4837449
2923017 2255749
-1050995 -8855175
-9585640 -820518
2577544 2859872
93414 -594406
-4977133 73135
8936997 -4286077
4337021 -3369457
5268790 8539684
4741186 -1590290
3593697 3291755
-8462135 -5248773
4888965 4297470
-1690587 -4631490
2722311 6087988
-1656263 -6260864
7400313 -4354672
-2658837 7292742
152614 7814673
9736619 9918707
-8158 2762381
992656 7275838
6422734 -8554809
9984876 -4670323
-3744261 1691524
-5016721 -2757586
1993641 9849437
4146907 -3478855
-5593993 9398959
5486947 4972673
8711809 7128318
5289998 -6169315
-8876573 -1371526
-3556853 -7368839
5066220 -6207606
6554775 8696118
5971957 -4941937
9019606 -9936217
-4606540 2394691
6602567 9004482
8763248 -5834449
6531340 -8414154
-9376657 756890
155849 -6805400
8167273 -4970650
4674020 -4357204
-8010167 -604566
8023908 -35981
-4888468 -6886739
-3094345 6983407
-1804123 -9822247
-4764184 5976782
6040565 6684186
-921123 6771774
-1707391 3950377
632280 8197796
2299995 -2944143
329099 -2836379
-7125427 2923338
469041 -9515052
8644097 -8958154
-7046368 7659413
-2376568 3150282
6263543 3493892
477299 2734965
2912718 5685550
-5821316 1189528
-2126285 664886
9953012 2735601
9202330 -531056
-2333259 -1754379
5301479 -165389
-485416 9966736
-4593574 -4369422
8631879 2389157
-4052645 -1608181
-3948767 -207672
-7057390 -1099013
-7605121 -3808983
1442334 1722506
-2591944 -4611470
6578058 6871404
-2463710 -5896907
6838694 6968125
-3562930 -9994345
-1748724 -1442623
8391988 4103811
-3413101 -6447245
-816666 -9577076
2812081 1993325
2901497 -9668435
123893 8759436
-9823225 8952730
-4856253 3066503
-5210991 5088006
2992888 6586082
3457486 -5286582
-1183489 -7912702
9055424 3510129
3515784 8171557
-3271066 -4507506
2112657 4283412
7836168 7637274
576550 8699556
692881 9535854
9867419 -6611369
4664419 6110730
5063460 -8688
-6942185 -2642454
-7554448 2723560
-8174006 -9636823
-4923405 5438440
7525739 5283480
-8690039 -3590542
-5418985 -902485
4590009 -2657903
-8374490 -6173698
3979928 -3297334
-4597778 1978030
1513884 -5443521
-9538538 -1388545
-5277814 1381303
3888967 -2357766
4999780 2301998
-4974442 6946782
-173689 -38315
-4599875 -3148448
4651385 4902906
-8687636 5442216
-5460269 -1522302
-1663852 8409732
4752386 1646092
865110 -38342
4456040 -1267686
3288793 6267332
7395140 -4030076
-132421 -3733392
3908842 4633678
-3064324 -6243454
3219680 -1091378
8870307 -5522413
-6154509 -6954008
465250 6786785
-5254647 8496876
9490927 -5706033
-7296301 -8198563
3447529 -2172925
305085 -27563
8704751 -5687360
3096324 -5238875
731049 -5490103
776505 -6992184
157846 3114980
6871526 -5314653
-3889679 -390125
4087462 91206
3137198 -5019371
4283766 7932953
-1053818 -6397551
-2103584 1545471
3346908 -9046539
-1219464 -6883533
3088904 9310790
6139782 1601973
6363098 -5689993
-8663744 -8247542
7276627 9610499
2725479 2112761
-685540 -2565527
7044348 -7886643
2204563 5424782
2921763 -6351838
4097468 7858114
3976915 9721881
1267352 5560002
6513463 4389683
22502 7130613
-1042245 7810351
-587676 5627758
9937765 7613889
9366347 8291774
418625 -8725978
-4096865 6642974
6593800 5660456
7773813 -2266052
5675082 3638148
7286311 -7505272
2869194 -8886803
-9164922 1383779
-3056219 -3153891
-8764208 -5381218
4265747 -6542756
3783947 -6225354
9402404 -6776498
-9162609 -6803729
4004397 1856522
-4353104 2720091
-8120583 6939374
2599830 1550031
1800331 8473217
2111366 -7110005
-4615277 -2524587
-8895038 -602323
3297808 8253918
7616379 4456392
1591527 -9758411
6215185 1368524
5143170 -4142726
-8402871 -7484516
8228107 -2938073
8918449 4950872
-2329037 2232504
-828122 -5434655
-1368272 -449619
-1976402 4288060
7178055 -9567940
-9576175 2651316
4565345 5079130
-4150600 -8471212
5985180 -2136847
-9378906 -6534220
-2649344 -2423293
-4049666 -647369
1868115 -7506174
-444247 -2452537
-7501665 96222
4845078 -9009446
-4444101 -7314349
2236032 6533308
