385 -6976792 1730203
931
-2591453 -4961105
1322596 -1506378
-5357069 4846654
-5461115 -5028487
-2567513 7079318
-5522878 4466332
-2302967 -9964247
2896734 7670586
-3787295 6903606
-9549539 2842989
9055981 -8450567
8474589 -1388344
-4083766 -8629137
-9482792 -7786126
-4762917 -7104836
-9549589 2247411
-9258967 2645630
-9991364 1773007
6744520 7900316
-2504014 7063873
1530205 -5822992
-5787239 1973108
-356305 1743590
-1352804 -374153
4985189 5856400
-77815 -8385991
225665 4041170
5412033 -1603225
-6872999 6141899
1553415 -1554407
-9306996 -1635916
3526066 2003827
-6223166 3950389
1850705 3534702
598575 -9478645
7214715 1863043
-6163848 4645132
-3611278 3943828
-6430324 -4003801
4368951 -2447730
-833721 1071217
-4887613 6807489
7720616 9391945
-1949804 3040772
-8513635 -9152383
-788298 9603612
-5876209 4695721
-8837538 -7262232
-1211177 -2099375
-9061668 -4470481
7392562 1903750
-3451117 8153047
-5386772 -8771286
9741265 -4546043
3006228 -9300744
1770473 4110217
917706 -7827493
4080804 -600788
-7560016 -8845326
-7997709 4647353
4250965 6442701
-6345226 -6269655
8984466 8374756
8791733 -5182764
346755 -2226711
9677039 9730066
399465 -2260683
-8515616 8742274
-5803768 -2470955
-1771699 -8774351
-2147782 -281188
1891319 2515126
-8085662 1286276
2440950 8488476
3135829 -5645678
3313375 -3040406
689939 9903146
794254 6968149
-8214615 -325595
-35954 -7897661
-8167595 -5351508
2387810 -7842562
-9100288 -5251777
-5206380 -3611454
-9869453 7612296
-2668892 3021922
8053400 -2017234
9269042 9222428
227256 9967739
6838413 -5773655
1185939 5879437
5782583 151789
9636290 4392230
-5933364 9093189
-8804472 3938028
8586520 -3452966
-1295528 5544286
2808861 -6509318
-120772 -395815
-2783519 7602481
624403 9776
7992542 4547590
-3713630 -1322196
-8838105 -222064
-3479367 -970022
-5090585 8000308
-9331551 7706572
2098803 3208350
2301539 -9695260
4242768 -1318209
5228825 -3986581
-8442295 2829288
-1163677 -6066702
-3946165 4366566
-5514600 8715551
-1274673 -4213332
-9665742 -2373845
6303959 9234221
-8471490 9136980
-9316690 -17794
-2017485 -1950857
-4244284 -4407275
1317427 -8832684
-8527944 370871
9052662 6135318
-7851262 -1768824
3576817 -3202161
-6752511 6222795
-6894286 -7586860
3645043 -698676
5087993 -2408886
5217269 -7629629
4120944 -2061397
9591936 -5962419
4019787 5649454
-6301402 -9724754
-4132028 4518654
5685971 -8029334
-5142111 -298249
-4162930 -325621
421908 6426903
-6775258 -2014192
6724955 -6001275
8928217 -3527768
-1710092 9830669
-2578217 2573260
-2540017 -6622099
-6167143 5155405
9192986 -8419072
-253266 -6575207
-6299961 -4270875
-9752220 -4038316
-9551298 -7915637
1786115 -1549897
640834 -4693409
-8266506 139537
8125345 -8937258
7577819 7474589
-6053179 4850300
-2802678 -977612
-8404351 2236729
-1869017 4619105
-225490 -8428016
5669264 1963840
-2095015 -8516152
-2787026 -4584001
-6105965 -5878624
8722092 9977106
-1572791 -5657262
-7834319 -6975441
3164096 1584395
2647138 6415528
3890117 1289441
8656093 -7258691
1763698 7836938
-7409981 -4146585
2988873 3359347
4931331 721002
5201194 5279735
6763584 600596
-1467053 -6893821
-2772444 6492910
-1013632 -5056666
-713928 -4050352
-8509441 7413577
-8485676 -6031894
-9616366 4654655
8460448 4161462
-580876 4273751
2110689 7116541
5486309 -8817178
-2941479 4700708
7938063 -1524818
6271269 4506204
7623152 3139257
6245437 -4448795
-7955885 -3843901
1099434 5989345
4455345 1030483
-9039588 2901858
6869964 5945904
600559 -7525263
-847449 7253598
-5956299 -938993
8693900 1088027
2270849 6154390
-6628549 -3303439
-2311905 9329370
3835575 3825866
-3034877 -6040635
-489430 1458727
131179 5726912
1716257 -5928962
-2382127 3746965
9165175 8687954
4633858 -8905362
6085727 -1448508
8321442 7750769
9328128 -4761722
-1157342 -7634856
1035886 538381
7234942 -8886493
2959230 -3076311
-9250445 -5076962
-8601245 -3205195
769884 -2285321
5957943 909325
-2503285 3417415
9680732 -9809447
8878507 5114589
6209227 8845908
-2602600 -3971282
6295839 2294954
49584 -4281158
-9399662 -1859680
8678701 8892242
2522102 1636225
8559914 5913643
3353033 -4518668
-5207511 9309470
9540501 4751788
8177466 -1921275
-8503859 5498444
5688997 -4325819
3305122 3693225
2539133 -2916143
-4371073 -485651
4325655 2452885
688080 -8075234
65086 -5624760
5783834 1288418
-7075357 -1256213
7173783 -1694064
3787268 4000910
3310380 -6956832
7794957 8579757
-3341517 -4632767
-9134323 -1511225
4162956 -9329024
4364201 -928973
6154884 -2531921
-501220 9419687
-5611076 -8216189
6224929 -6175564
-9283972 -2406644
8881775 -3709984
-2449845 6499862
-5194201 4322770
-9159968 -5276062
-9716541 1109419
-7794471 4150412
9517645 8078416
9083543 -1135988
-7948660 2899675
-8029298 3246499
3230930 -1068107
-9132068 641938
-5057899 5246063
9070499 -4743143
2850213 -8832970
9973398 2302879
-1197259 -5751660
1087463 -2476446
-5236156 -3875108
-249336 1927495
8594260 -4952697
5642071 1956193
3336557 628257
-6472068 4725614
-9511534 5387897
-5680210 8014986
-8826724 -3764252
-8518189 7704075
-7039068 -3884623
9798760 3068662
-4628459 -1672503
-4907810 9772158
9812064 -3309365
-4668121 -1303995
-9376500 -5424091
-7860436 5082543
9555088 1734112
-7637630 297988
-4976398 2891645
-1720458 8406654
-1062007 8028420
-5735831 -4884315
-7180240 111269
-1257001 8262332
1330995 8297044
9140893 -8941889
-9169731 -781112
-1574125 6749435
-4554560 -9357666
7734595 3757755
-8643350 -3931059
7803053 9874159
172147 -9088261
3803384 2681775
1088430 -2287898
8256874 4599279
2231316 2542775
-7345956 -7478957
3299728 -2432572
8380824 -6086605
-5028494 7147075
-3634037 7521717
4271153 8318128
8960462 4791839
-8934054 2232945
8301886 -788591
-8398080 4938948
5850687 -1378708
3819419 -5709580
2002522 -7829576
-713945 7424201
-33024 -7224252
-4703208 -8482629
-915201 -4862627
-949232 1112872
-1740053 -2534377
7503692 -3461373
-5143245 -2857738
4450453 -5708803
6524143 6333569
-4455022 5516399
455348 -2657619
-1519975 -2853102
-6046330 8822387
3509163 -7700555
2239998 -1527456
1248293 -7204782
-5687411 -7793025
9860700 -938563
-9825691 -4086260
3379363 -1088532
-2033553 -1565744
-1907130 -6600592
-2309395 2823202
-843229 -7456676
8059723 6731100
-5926518 -2781899
-3118648 -8968577
2370163 2553507
-2630696 835022
9307567 -4120674
-1325455 9609303
4332630 555860
2133649 -4496514
1417227 4193330
5621150 2307958
3258566 7312942
-9287650 -6412402
6410800 -8648564
-6105240 -9080692
7650408 8083924
-4697975 4470836
-1981389 -8276110
-3206250 2183377
5534752 -9611226
8784453 4163054
-3711291 4842319
7914531 9975350
-4521164 -9378661
4814669 -7435468
4872490 6896063
4209006 -7047828
-3460230 -9352592
4515196 4921356
-1642984 5466922
3550846 8409957
-4602855 -3992575
-2268685 8852872
-6447399 3415756
-3679117 -2958583
-8795528 9087353
-3553976 7621688
7597038 -2506819
-9369127 6876907
9441439 -6924126
9971938 -2038106
914066 -3169719
-2522311 -3302704
4135004 7453836
2920759 -8007114
2919195 -7507979
-1500554 -3528395
7840829 832692
6764800 -1252887
5788531 3909783
-4486512 -6914317
3223723 -490645
-481112 1959513
-8647228 820761
3896636 149761
8111656 -9205788
-9859155 -3615074
3082222 -8457926
8995911 -9865113
4644125 9733578
-7774401 -5566978
-6579021 -2436680
8396012 725045
1988511 3778161
-2312056 5160812
762848 -2222958
7286397 3201432
7677297 -6013429
-2676315 -3194715
-528601 9030070
2340634 3736673
-9878401 -9900593
-8358519 2481479
-4867282 -4279827
-4546249 -9362608
7586766 9776843
9856515 -2320649
920748 -8992254
4785907 768879
-4070308 5425611
-6797347 -7526149
-1808365 -791108
-4288185 3005402
2327040 -4131067
-5100997 -4448148
9288525 -8201561
-8102154 -244011
4753820 9410124
7646649 -6460673
6693072 9886539
9663382 -6899599
-6703896 4279838
5287584 9519898
288777 -3266796
-7841184 -7410157
7580046 -1265179
460065 7877821
883224 -4228318
1640615 6171881
-8276267 5726616
7525055 -944030
8811959 3528611
2938735 1939253
-2005068 3565779
3452318 -6898263
-3797862 -5311996
1484195 -4367947
-4848049 -7985406
-1252202 9288131
-8122025 -2042920
6691902 -6577034
-8699212 9458021
7746055 -2848033
5840200 -5299636
-9573020 -613330
8442640 80286
-6391103 468387
-7592360 -229049
-6663269 -936016
2165721 -7081076
-9876719 -694599
4937454 884211
-4584843 1607476
-6588041 2605757
-9437162 4162956
7585922 7806286
-219340 7254740
6923059 1403062
6103426 -2473285
6913386 2763260
5359898 6530406
-3001207 -2127622
159682 1485147
3065483 -8077215
-5158290 -3987235
5318166 -4768795
-1368232 -5035009
6572467 -7228027
5377730 4046926
-9273766 2500778
307065 5940568
3195308 828508
-7768429 -9912275
-2385560 118368
5397980 8334997
4865404 7044178
7432909 -6725770
4759377 -8135803
6303335 -2407409
3605356 -9658788
8088769 -8854955
-3889964 -8560126
-5788153 -3279462
3283816 5198855
-2300367 9589578
5530146 4010050
-5161442 523050
610775 -8758193
1360175 -2929871
-4594873 741568
-9697902 9274507
5065089 2786883
-2832568 7735007
7843950 -7659182
-7317970 -6529233
-5384188 -6034342
-4594467 -9229200
-9992310 -6757800
957407 -382620
-8276690 3291506
-2698444 1173393
-8303557 7253457
8495264 -5343534
-5757052 2307219
5565139 -7628209
4162650 -351925
4951310 5867237
-3881403 -772261
-5915091 -7881258
-4410490 -6037453
-2071794 -3233061
-9945909 -7278326
-4036125 3333739
5467471 -9938219
3353287 6921282
-1905325 7190782
-3039409 3171195
7827662 -7692529
-2868958 7972207
-9656002 -7929390
-5764963 -7303819
8563418 -2977000
-1232909 1702699
3821441 -5317985
-8839085 2852000
2135291 1927303
4648978 -910879
4939212 2189383
2251164 3129205
-7433161 406683
-9886183 8120804
1291999 661515
-4514662 -2925592
-4953385 -8363987
6222975 2616380
5312561 7906965
7446317 2974364
-5322937 -3607669
-6409301 -3786592
1581760 8498505
-7057840 -5248386
3840735 -6282948
-1577213 7591138
720343 -8703701
1702982 -9326049
1311107 3287183
6465050 -5666848
-6076088 5119459
-728176 -8049612
-2916880 -8513120
1910197 -4505200
985516 -7604319
-8695636 -643485
5569923 5662580
-3322563 -5104937
-353323 9668036
-6614912 -380403
9727088 6003764
7300063 1807875
-5001822 447431
6250966 -8480602
-4147450 -1174362
-6054903 -4767632
9699108 -7707186
-6220306 3216921
1228073 -3217772
-822091 5689892
-4953593 -7786410
7876170 482274
5377337 3132682
2800718 7069959
-3310444 7540367
3544131 -1297842
3026385 -3583356
-619572 844195
2363593 540916
9366554 -4368606
-6619885 732495
3025309 -6688349
6528572 -6920777
-138548 -678644
-4988752 -2243354
-7513412 1555713
-7962013 -7425993
-1776959 -9637242
-50931 -68323
9988396 3540112
4758622 6638625
5571622 3532527
6893074 -2214992
8325924 7468402
5616148 -8226981
2505514 7692478
3520481 8996263
-7924513 8047176
-2631468 -7434595
-7161597 1936939
-6507348 -5103868
9986491 -4675009
8204101 8046992
-9504979 -9274116
4265996 -1846830
7308148 -9516583
-3467704 -8459029
-8157669 2879770
348172 -6574629
-4801610 2684607
-7106563 8480672
7476936 220257
-1732567 6413918
8979323 9552423
-5994286 5635965
3048449 4334079
9659070 -9985282
8061710 3034940
3760824 7863172
-3983658 1073083
-5927148 -9456827
4600496 -6675510
-1279388 605149
4030520 6442827
-872566 1585136
65809 1745262
-8034481 2020871
-9048859 -9940903
9611520 232952
8385269 9930464
-3219105 6133586
6148304 1433718
6985010 -3560034
6819490 -3273633
7799450 -6737813
6321712 -7164168
8676675 -8127697
2477452 922208
9881387 9913639
1498776 9024324
-6714062 -991179
3546044 4080937
4140034 -4748542
-1999238 4497185
-3055999 -3732094
-7598508 -3613968
336102 3724897
2681215 8549796
-4723837 9837465
-6900348 -499295
-5147111 5591966
7464269 1937716
5376276 -6470436
-6556796 -7541927
3998749 5257663
6782836 -2541668
4055621 7284687
-7463855 328880
7342417 -1804345
4463561 536908
-560708 -5713582
527667 -618595
-2068799 2291746
2129211 -6791118
-4774061 -4276283
-8684317 -2254785
2199283 78829
-3875255 8779952
3754377 -2424441
-7166778 -7915699
-457367 -2246874
-4962187 9616058
-7538710 6114606
-5689739 -9909689
627219 9803707
6606478 1290174
3187931 2582863
7390961 9650497
5375732 -8880867
9359202 -479827
-218260 -9398329
680500 -9325115
1971189 -8018976
-443417 -678402
1405899 8241918
-4004956 -5093842
-5477784 3464885
-420509 -6450791
-6360480 9499859
9303566 -3593895
7696279 -3216909
9365954 -1573604
-1923106 884211
-5480304 6756916
8793441 5968978
6570649 -6121102
7070135 -8908467
-6927443 9767502
-910900 -8442324
9799594 -4854507
51651 3011351
-3523764 -4205362
-8139801 -2909781
-3409922 6055728
-7538167 -4500280
2282811 8409997
-3163607 2674464
6075027 -5834882
-9077966 -2570361
-6601383 3111075
-493675 2231827
3323360 2485619
-5230527 -3423540
-9349512 6395918
-8458589 -3625075
9386276 -9549918
8761072 -5890586
1199633 -4137487
4434593 -9378728
-3879008 7789712
6199709 -587222
-7912758 920155
5085273 -6963898
-7017906 678622
-6210303 6007307
-9244514 8897063
1382682 3296023
2388835 4078847
-7008883 -1331493
5043432 3039324
-3994242 7048880
-8841706 -3053939
-4675074 -5233169
7904455 2357927
147639 2275871
-8311351 6541799
-2538046 8863700
4416155 6292243
-3029135 5063580
-6412761 7398249
6295312 760563
6572938 -5657274
8421573 -9805653
-8620794 -1038227
-7998903 -8587310
977922 6422639
5885052 -1993144
-4709961 2136216
-5505857 -8790022
3485849 5710846
-5231003 -2841865
-3978165 -2309150
-6016907 -5252697
9810883 -9562010
352591 953959
4230874 -6601877
-2259151 9164256
1874955 803812
9765585 8678774
2607816 3254161
-7806848 4283035
4806243 -6414262
5721954 594556
1804534 2612634
-1676520 2732449
2406936 7806735
8013937 -4391171
356132 945124
-6100534 -8002969
-4532658 167016
-3918509 4252058
-4067334 9698216
502028 3822340
2501114 7807621
-6421866 -7216035
7067000 7625282
-8788980 -4228713
-1117805 -5610405
7002229 -550674
4698127 -9313270
1009817 7842061
-6549110 -2894936
8050188 -976245
-6462862 3807023
6490391 -8050346
-1281936 -995520
-1297304 -7428118
-1089426 4650730
-5025297 1721076
4505041 3928040
1553322 -1447162
-3159523 -5911606
-1522011 -4719306
4730020 5722672
-1074246 -4519781
5838632 -571853
6533211 2451924
3992031 9289523
-4387102 -2900249
-950594 7529169
-3466351 -7896711
7191523 283822
-5065447 5236345
-3042579 -3897903
-9969863 -7574392
978446 3978814
8067208 -5900189
-619495 335275
8574300 9061550
7058121 -5889475
-3944976 -9983594
2468330 2896753
2186276 -7411764
-7795661 -3539639
-6010470 315526
2418815 -6229903
4053920 -6960469
792228 -7873310
-1771213 8988473
3930433 7749649
-5755184 -9224724
-5124913 -5091120
-2239493 4828376
3889926 4255592
882469 8851159
8867566 948047
-6155199 6937494
2042082 1335896
312610 -1452571
8862956 4246421
8016519 -3181508
-141976 -6201877
8441166 2070439
-6424736 -9349748
916254 -3330047
9961582 7505697
4930929 5161070
-7494202 -5163331
1608614 5207789
4058948 6395725
9860124 -7508917
1944929 2926514
6778763 6221277
-5231293 -6012989
749785 -2908627
-3573783 6148015
2462490 -8717344
-4130553 -1199407
-8032802 903656
89962 -8038937
1983112 2883452
-9439126 51544
-2595435 -3085958
4638183 5583024
1978749 9013179
4020615 -1302869
4139998 1838874
-1939849 -4034456
-7531092 918761
526486 -4654790
4009577 -4264955
-2982299 -530945
8269649 -3527932
-107924 -4596500
-2635437 -9763153
-4363349 9982038
33582 9347675
8778069 8713877
4296901 -45500
-8515969 -4067396
4629736 8792003
630877 5504646
3986543 -8713914
2204847 1207380
6552591 -1028197
4706848 5247685
-5283260 562168
7034236 4240901
2160753 5502741
5739588 9442665
9424703 2041668
-6094305 3892591
2606468 -8025362
1929138 -7316235
-8867279 9419722
8211725 3413169
-8565832 -1721191
-435105 -8641046
2566334 -2062937
6908866 4286094
-466221 -881075
2197446 -5867934
889319 -3233128
-7730387 -8251966
-8809301 -6949928
5091740 525554
-5581855 -9384597
5106393 8997435
4197552 -459034
-1039312 -2964469
2965052 5330274
6125435 9688765
-8952281 4399220
-7663717 -4309669
