312 5684985 4573836
400
9499524 69590
-9682311 6200370
-3442105 6306733
-819530 -1031585
1585431 -5123310
-6557739 -1561991
2108748 2749851
-9184495 8630843
3348178 -1664958
-6619412 -2321115
765780 -3929976
-2351116 9330862
-7346817 6627301
-5181606 4871190
556175 -2313417
272525 1908582
-1891048 -7427949
8878784 -6893434
2074982 4666847
2059889 -9424393
-986384 6176765
-8557032 5502151
4132994 3638716
-8026242 -7741527
-7546290 9997524
8583900 7870698
7201560 3219490
-7636857 -3767216
-8896026 2371096
2574031 9697889
1606471 -5823499
-3251448 -7153444
-4046877 9715424
-3101377 8143689
8719296 544457
9237574 8958513
4460664 -2267088
3887981 -9319457
5455368 -8889990
-8892466 5861739
3732438 7909079
-6355079 9691434
-4075781 -6549650
5821446 8524417
8222306 9544545
-6278953 -1604523
-6241614 -171222
-455798 469599
-1386712 -288491
2772318 6442825
-2082310 -2667416
-2418151 2009892
-4793213 4894706
6004716 -8530170
-152079 -9337844
1087587 -371398
-8163611 6096711
9547062 -2751140
-4226723 -2239392
9821505 -2115140
6280338 -6004416
3824362 -6457448
4012152 -9961276
-7733415 5884916
-5155907 5141792
4990729 5038903
9565147 2761784
-9827158 -7427422
6558760 -5228065
-4565909 -1306089
8322513 -3593319
-7496607 -961970
6286890 -9841098
-9564138 4566807
-7548333 -7939832
-3944248 -9742632
-6200080 1248357
1287081 2396466
-1718618 328424
7986569 -3929982
3625273 -4358173
8403611 2977298
-1933772 3190421
478708 1092806
9786717 -5375012
-6451979 5912799
7467181 8109230
784485 8567766
-4349075 3754071
5814239 -6263301
-6005933 -1897407
1867302 4386343
-3217191 -9689660
-6844884 5670736
-8259246 -2419457
3222371 -8858315
-3364665 5366028
-8927199 -5857666
5235140 4701563
1842903 1551509
9980660 5021857
3131088 -2092723
-3524957 7447841
1201912 6431925
-9831376 -5357679
2744914 9532504
3918847 6679044
6989384 7128568
2799304 -9298343
-9201448 2660852
3802538 4540059
-7577561 4020923
8163258 2954225
-2344211 -6504760
-2436899 -4085250
-9063392 2015044
9922321 -2456239
7507954 -3415952
-6984027 8913717
-6443962 -1290134
-1757630 5700949
2379993 -1182696
-4054128 4677570
5379227 -630623
4546582 8745177
-4198412 6177779
-7284945 -1650880
3819697 -1775973
-5764381 3394665
9309415 -8524514
3490531 1798720
1858833 -9753977
9346423 -4070796
-5157079 -633213
593005 -7637604
8063346 -9084689
-267385 1351728
-3970702 -7040309
-5154579 5678488
-3059983 3924877
102656 9392003
-9742525 2741605
3481984 -4665937
8728728 4077172
5552659 7717603
-7967325 8038144
800519 -8440458
-9994902 -3592140
5774647 146943
-4974309 -5151980
-4236669 8884004
235732 5605389
8565081 -1987701
6207139 6265030
189907 -6589498
-7197495 -6852844
-1594887 2808916
8142979 -6940020
7137152 -8112903
9604700 6871708
-2573796 -4793837
9282057 4153727
-9438413 8226723
-1626334 1803508
6651528 6336234
-2263410 3399358
-995253 4931211
5459862 7972323
4237353 -9913820
-6503318 1667001
-2669491 6943613
-247471 8815539
-8124481 5735622
7622719 -9588140
-200080 1529024
-748461 -256229
-6102502 7226124
5452848 -8950051
2853457 6975437
-4171977 6342866
-7741424 -7978663
-531100 3564614
1536937 -6220324
-6134144 7445115
-887884 8290642
-2249393 9878891
8694430 -1041022
-5305400 7503136
431349 3086302
7131678 4833672
7093795 -9768731
-26254 -3616783
9949518 3507646
483083 7942946
4285812 -4680673
-2659336 6311107
-124279 6544389
2840417 -674083
-3228968 3929010
2219652 6706273
6585164 -1600500
7358478 9970260
-10252 -2204053
-9117751 4569431
-8080545 2937449
-4314929 8013927
6913496 9013250
2520896 5658817
3601763 6863015
-7817658 5520332
1831439 -9596073
-535332 -7960641
-6118372 4223512
-1847478 -7694915
1527711 652660
9052160 2888526
-4624862 -9370773
-1574826 -1073009
-6503578 -2118761
-9181312 -692577
9837702 -4584123
6945479 -3496241
4678928 6751199
-3869434 -533624
7503060 -1719309
-1315381 -9170740
5384971 -665501
6074363 8149287
2970725 9266599
-7564389 6743237
-368237 -5501564
-4872337 4004124
-7068885 -2476746
5404493 3552838
5376613 8943889
-5640234 -1260467
-2240355 5214316
-5518133 3821597
-6712027 -7561427
-6764383 612433
1441693 -9208967
-7358116 -5563412
-7414125 9343017
8609616 1232599
-2024164 5556600
2571388 -8954772
5049352 123952
7647206 7699052
-6231758 496819
-559292 -4431949
-3176064 9144855
-3124477 -3683174
-9861577 4583581
-461493 1357390
4486175 5942749
-749866 2774124
7210712 8444221
7787238 -5591629
5640970 2312939
-9614108 -1086794
-41566 -6383193
3740759 2957280
656332 7524138
-1979043 -6095683
-8011280 -3059074
-3914218 -21983
6294843 -1187344
-6603762 -4522343
-648600 6433267
-5107632 2934745
8225221 -6162425
4798148 4142502
8550873 5435933
-9734776 -4898262
4014945 4191844
325003 -9348884
-3875251 6489731
4013870 6582114
-9513569 -702567
6238360 4551179
-5470803 -7524849
1287807 -7675858
-9681849 3340392
-7709989 -2799603
2651494 -330449
-3976521 -2817621
-8675118 876715
8829000 -9178373
-4076634 2392107
-3416049 9094225
2261693 2454663
-1055606 -574694
-3992580 8386442
-2316124 5474616
25796 -3506149
-8514646 -6077764
8762730 -2928655
-9588263 -4710486
2489911 9080881
-8733215 -7298251
-7599520 -4858594
6018121 -2709736
-9371757 -6274638
-1366178 4847122
-3542301 -3448391
1522624 -2265875
7159432 8719392
-377813 -9532981
5941635 -6833148
-7822944 7306063
3744651 8483783
-4444872 -6337590
-1048076 -4976267
6620966 8483218
3701319 3958188
9099594 7887751
-4821985 6101799
2343514 -2365933
4997541 -4193741
-5125780 -9022664
-1288539 -8544760
2690985 6396845
-619784 8387245
-8445902 -7686828
2135587 7838203
-1161661 -6268846
9909916 8396590
-6579677 -3090181
-4606963 -8621807
5336381 -9958711
7929041 1610708
-2287492 -3047673
-2897254 5623408
3946019 2572374
-3933938 -7899712
6071880 8820240
-2266563 -2706125
-4318879 -8720783
6108741 -369995
-2531792 -2764781
-6517275 -9239320
9157270 6306547
-6783633 5908993
7287186 5093945
5135235 -8874244
2736465 -4860081
2092246 -4419372
-8795964 2965325
-4462301 1711345
3811633 -2333592
-3513352 -5879887
1413988 -7600135
-6320917 -3263563
6366442 7095109
6846680 2304176
3064857 6351002
-4826098 2845757
-1245249 2222127
-2683927 -9093379
4548729 -3958063
-6301791 4967660
-9451712 -2714806
2766871 -1693193
-9981848 4268676
-8064916 820922
4941035 3829785
-1253997 -9061916
-9809127 -3644976
5966485 -5058562
7245614 -926333
-4575330 2813166
8175275 -7173177
5048951 -6885076
6537897 -3069974
-4511684 4881376
-7634612 1086626
888173 -813475
7493332 5430028
-301296 -6344956
4475967 7511485
-6142378 -5849859
7604577 -8066646
-9195270 2603625
61415 7795451
9385470 6771216
-7899266 -2692970
-7349795 7326492
-9558584 -9723991
9722388 7699156
-4903116 6979313
-9417708 -4789296
4397229 -2537728
-7107700 1470465
5125509 1890561
-8081602 -4892643
-8226150 -7882172
6567535 -4223979
895998 9378427
-309770 7372265
-3340167 -9042586
