54 -6689257 3962987
220
-5896723 -6343480
8921923 1156287
-6150618 -6433009
9485234 9859822
9177341 -9800195
-8387257 828522
-5060348 8888386
9087940 9057772
-4291995 -2766885
-5624230 -8637198
-1460477 5326619
-5291699 -5800618
-9947557 -9502506
-3750041 5841950
1669046 -9717337
-6060817 -9787054
1369233 5772323
9339314 5377459
-2246367 -2265033
-9548875 1340901
-7830577 -3069026
8335712 -7936132
3637992 9625427
9374894 7423653
1302807 9345997
-2811032 6267016
-9533602 9842330
-9660176 1897269
-9744428 3035194
3317857 9106135
9319081 1924618
-9786707 -226608
-4849149 -6795334
939634 9552608
893509 2904485
9835459 1390759
-4029021 -4420716
7721063 687524
-1888823 9608972
1471321 -387691
-4120675 1930336
1772667 8660290
-6926089 8862075
-5586379 -5371157
6251331 -6670517
-2229547 7731478
-9978777 5570412
1291431 -2016253
-2463645 -4827926
8076559 4747417
8654528 946216
-958148 428371
-8884105 7141859
-732817 -3237085
-1108424 -8256576
3673760 -9261495
1915147 4770901
-3850672 7962779
5107975 4989058
834894 -6920698
3327132 1359306
9446070 8605347
-3410906 3348355
8520430 -6746147
8001270 -3358199
104369 -886659
2058064 -827850
-3685990 9146221
8425488 -4309689
9950087 5581193
6319698 -2682936
4604317 3623848
-5897021 -1765155
5740256 -9246354
-6167052 1727306
-6913388 -3424850
-4819503 7160080
-6975212 5049035
8302888 1769592
927745 -8454782
-6825089 -1179489
7992661 -8967885
-9821664 5232976
3439639 -5693329
2404217 8603825
-4079111 3389727
9529927 -1276085
-524887 -9474793
3795205 -6367094
-2123435 -4784631
1790519 144505
9820937 -6520471
8528564 6971016
-8743040 -7154275
-5609057 -652195
684668 2184706
-4266827 -9917793
-2168465 -8806319
-4499647 -4088491
7031686 -8728826
-2822747 420922
9144837 -7047424
5994135 -3292820
-7143561 -8863698
-3648329 -7694308
2450197 733004
4212533 658542
-9854089 2271134
5116860 -4742550
-2878393 -8597129
-3896071 2024155
-5377286 7806275
8999956 1837102
264964 2454249
-3758224 7016661
-2562417 -2703350
-7234422 3419029
-9873790 9098773
-9764925 1276065
3581757 -7017351
-3767995 9103099
-238359 -3968046
819441 2960890
8218340 -92448
-6173224 -4063699
476808 7856299
5662574 -7552943
-3199488 5099523
-2446228 -2821117
6711896 -418172
6878478 -3688100
9730930 -5850520
5764605 2160409
5952826 9857140
5356141 -1483968
-2380869 -465416
-1917110 -8411854
4549036 -102875
2321029 8902331
-5161368 -4716271
-6859972 6147805
1111215 -2168207
-7068684 1318955
8497838 7911727
-2506445 -6998560
-686659 5209734
1875566 6888385
-8434854 -8439377
3934115 -9843477
-1327444 7517973
9568909 -709744
-6605246 -1191961
1221516 -2348201
-3445869 460142
-1739777 -6457454
2206703 -6090885
1740908 1400252
5235559 -6682082
3745997 -2811424
190017 -3750251
3975835 3755904
-6839358 2019710
3580333 -4148598
8524277 -5274212
4760113 -2485552
-678944 9713185
-1478775 4329022
-8019178 -4767838
-1791344 9742741
5801639 -1465047
-5039580 6468880
-9614516 -1991657
-6157387 6701329
6406257 5621043
-8129208 7588611
-6139133 9112626
1132336 5846627
4214381 -2978491
1747298 7229021
7259821 -4744989
-5031804 -3492589
3352786 9097229
-5670609 3489421
-4251485 5333608
6384913 2538048
-993072 4066506
-7925151 -8654667
563014 -8091236
7529807 8433815
-1461222 9485624
8598250 1916951
-9720070 2399645
9421155 -7753061
9475960 4494312
9749323 -6315195
192216 -747866
-1650637 -5282481
723293 -6454998
1394962 2678755
7733155 -1011840
-6945334 -2220125
-8358439 9256435
-8834801 7645868
6079683 -5279073
-5793449 1211358
-6871691 7134813
-465542 -7195198
-4948259 -6591761
418903 -1044387
2640418 7044053
-3703813 -7315422
9918450 5348987
1410341 -2838097
9840658 -6841905
2146255 5321656
5617883 90165
-653400 -2282727
7879493 -224204
4496724 511799
4239509 -3524472
