204 -8689962 -4921899
916
5321908 6503686
-1537922 -7020248
-2210742 7819202
-1591540 8551858
-1155179 -4638804
-8975609 -9651613
-2733399 -3371281
9858457 9079428
-2632928 -8639361
9433761 7151628
-2535693 -8555157
-1306490 -2502302
532141 9436659
-1615549 352451
-5821158 7886408
4390095 -4021096
-8524992 9500750
-163695 -7147827
3920383 -8219382
9658166 8244765
1109505 5281557
4426628 3198909
2278338 8376106
9736745 4285086
1436714 2161762
3606606 9170506
9184556 1417373
-6629615 4816468
7685271 -7766950
2635810 -5728812
-7233556 -8135887
3881216 -2974095
-7605570 -5758547
8538423 -6282479
4478638 -1168834
6629075 8196590
1395499 -4411857
-6035751 1055703
-4659211 6190189
-1648048 6217346
-2095796 -706145
-9288771 4474910
-708622 9605113
-8161837 6597966
-9130846 -3023351
-1159237 4473973
4016231 6151950
-9606597 5238331
8955852 -1072987
274531 8931827
-355231 -4049158
1538986 -3096394
7959310 3556620
-253190 -1980413
6753286 -6699901
-4889693 615114
-4909976 -5342510
-5737397 8337888
4935854 4381402
3874403 8617118
3091092 -1678640
-5526690 -7284834
7953497 9623675
-1449312 7383066
-1168755 -574299
5376544 8825220
-4271174 8476014
2032634 9431882
-2548531 6204488
2020940 4295796
-5089090 -5795245
-8621402 7131247
5469135 -7482714
6898688 8157553
6774672 404989
1242701 -6710556
8520962 -134236
-7994209 -1767637
-4384571 6474460
8416513 556479
-8101949 4446674
-4560960 -3690591
-4258709 -9856770
6347718 -11973
-5716177 -4290887
-7569780 -1631342
-4500095 -8288914
-5771628 -6191182
-8033628 3485392
6406733 3643413
6932857 1257396
3639512 -2350566
5881798 5453819
-5555369 5645303
-3798218 4013579
-9023394 5377497
4203258 -9383814
-9240584 -3584354
6403673 2460902
8170015 -376514
7992145 3203849
-2568713 -9399765
6925406 6008402
-7989853 -5823989
335776 1408130
-7334474 8416880
8582667 9784985
5238805 6305038
1950341 -3019183
-9005604 2199788
-9906363 668475
-6198987 -8028998
-9096999 4296896
-3242202 7076781
-3299732 -176974
5543227 7444165
560752 7208765
3217167 -7025486
9666878 -9997490
1410640 -2256334
-3839453 2654
-212360 -3407482
5413908 -5256786
-5759617 7542797
-7741063 -2635751
549077 -4765221
9722134 -7647425
-834177 -3133558
-6056776 3141487
-7035487 -1560027
-4115862 643492
-2147743 1024093
-3485041 -1038758
-1036247 3585776
-8670557 -3818163
6184492 2890745
9483264 -9993658
7265908 8488484
6031281 4897172
4777774 -8493709
9257422 806570
3159145 7843203
-5290355 1495908
-5362605 4841320
-6718707 -1347131
1812713 -9881739
1142354 -8318217
643026 9664970
-4232901 173665
6355503 2123131
-4986124 9612894
9619236 -4943653
-6455169 -5502860
1910665 6885144
907787 2092464
-7100966 -3311561
-5468358 165209
-8338882 -1425468
5932204 -8242361
-7073139 8814865
1449478 9213498
3411633 4739574
-3079103 5108184
-4718150 -5945341
6177790 2687996
2300890 -8362647
9210052 3708019
8205159 -5563522
3837974 5271235
-2636301 115824
-679385 -5254239
-2572678 -7220915
-6130031 -3631391
-1873751 -8395208
-9580342 9802174
1532024 -6430538
8309036 1869136
9493673 -5056343
-8485331 -4770067
434281 -5224477
8929228 208811
-6083170 5251523
9688001 8139280
3410515 4638342
-5245834 -3957673
788088 3290566
-1413997 -3408866
2959743 731763
2336555 -5027675
-5225501 3602344
7171806 2756213
7141702 -1177125
3766532 -2002805
-4256520 6635375
3927250 -2202447
8006365 6177762
-6054363 2856478
995758 4439547
-922111 6149991
-7807682 6922625
213191 -3651592
2939542 -4503241
6228522 1315546
6287871 -4100715
2017982 -1434923
3837643 3578722
-7598403 -810212
-296665 -6504303
2647424 -1315518
6482035 5446816
1624578 -3425326
9431152 -2995248
-8555700 5570215
-5763442 -7056738
9865887 522189
6870597 -3571123
1925636 -7404570
-3572672 -189861
-1774223 -9329490
-764413 -7284800
6293922 2760111
4466251 5589582
9085279 1211872
9896354 -5830413
9616403 -5750945
823729 -1105259
5899494 -6242667
1843900 -7228767
-4285505 7343794
-9617665 6080459
5025688 8096734
3208516 -230715
2095776 -3048676
-9861814 9635845
4867397 -9678447
-4401984 -626227
7479708 1161319
4889543 -9935732
-5766145 -918661
3330395 4785897
-6319361 6366610
-9876057 6670476
9441710 9580133
-559721 1967843
-9435346 7672557
5769292 -7661034
2108251 5590342
5058018 -8505840
-8869995 -5795972
7041933 5196204
7086330 5997402
9675074 -7360050
-7295782 4566038
-6352623 4564617
-8133133 9454425
5821035 6977772
3648249 -4452494
7643991 -1538670
2945525 -4393689
-6721132 9600622
-8060412 3510180
-8383126 1564512
-4424975 4047840
768220 6674893
1871097 -3294970
5218785 -2189847
450103 -8526221
6039817 4893859
-8025172 -4329327
-4874902 2203547
-8302329 -6158305
-8094447 3462485
4440167 -2137728
3468583 2065896
1666518 -2614307
3412225 -736196
3344668 -3877541
2686651 5029099
-5779656 8919693
8141076 -6545129
-6218624 -1392206
81573 3359861
-9229928 4231480
2418505 8637743
841290 5261252
1619300 59956
6038793 2538961
2917586 3524853
8107102 478961
381006 8902521
-1833675 -226380
-1587569 6309583
1338682 4027346
-4536609 -8900918
7070305 -1924621
6683173 -6395533
-519320 -9148318
-2400486 -3235254
-4597511 -7232896
8028357 -9981981
-7405673 -1239869
3815445 -7835991
5688862 8633121
-887918 -3266969
-4364448 -3687684
6085937 2009440
-1680977 -3681770
-9654424 7014720
630155 2174057
-9750564 8325319
-8070213 -2299540
-8931506 6932609
6213708 -6073181
-3306076 -8815640
-8797620 4132549
5409033 7238633
1918994 6313059
4946180 -775522
5957509 -2392144
3920173 6574614
-1415946 4109413
-9572357 -7477538
2053534 6903077
-922865 3289571
1614891 -7316311
-7099498 -8157077
1291885 -3938970
-12151 -6031004
-4846643 -2494407
4154494 -801875
8953110 8872089
5185148 -436473
1304357 872104
996313 -7352319
9222295 9778218
3887632 7432838
2471652 -2193650
7225779 -3168373
2637551 -5474814
-2791124 -3697086
-1854162 -5747558
-7170176 109378
-3405274 1954075
9459668 2817673
4532151 -5735565
-6863476 -3869486
-1789606 3485261
6873718 838025
3485706 9514751
1809322 -2129969
-4697131 2708001
3030703 -4303046
-4955067 7774521
4816059 256483
6559397 7682484
4451278 4541287
-5349335 7221587
-824338 7281102
-7384872 -6238256
-1973821 -8848318
9798549 7147279
-6851108 -6320944
4517081 -1991057
-9959954 -9977390
-2107359 -9480861
3227140 1849368
62674 -4288138
6002735 -3742156
-969321 -2376040
-4693556 818795
-4639918 -4409924
5328016 9757723
-444823 -7472900
-3711156 7020030
688065 2170305
-682416 -3168625
510431 486614
1011909 2466477
2489087 -4972488
-4453349 -6431693
-2065972 2898081
8609943 1290144
64340 513054
8137014 4612679
7947826 9095019
7201447 5959811
5717534 5824260
8351360 -4954185
-7934154 -4727289
-40631 7156556
-6012068 -4729737
-1726771 9276953
-5740218 4498363
2042228 9285138
5369797 -734778
-7836697 105231
-8604625 5820177
-3666768 3289598
-9581371 1459715
-6928914 6986598
2946409 8366455
4190716 -9727466
-4681651 -1336057
-3546993 -4941572
-7785015 9900547
-4829190 -1071272
-1794319 -3797083
3217632 3444039
-4754471 -5018184
4247038 7776212
-2118556 -9384673
-1048144 -1073307
-7783709 -723181
3252887 5285088
-5211961 -7365079
-8998624 6323973
-887141 7734448
8914744 -2291556
2766873 4431209
4331756 7884103
-3187169 4981858
3701127 9502567
-4537042 -2465136
2516680 9435111
7211324 708488
-6159833 -3236282
5690411 -4907232
-3114061 2792023
-9406536 423055
3057976 2655178
-1020848 -4618497
5632303 -3424296
4284149 608363
-4960428 4547047
2431150 9567374
-2934416 1887681
1390248 1760333
9295198 -9233289
2718174 -630442
-9921954 1811878
1091949 -70502
-2461382 -6081787
-773411 9298712
-278233 4424558
-2920264 -7663595
-9765740 5296095
-8128200 -1424760
9183604 5866563
-7070037 -1327699
-1760325 6739528
-1372791 -2122535
9637799 5305259
-1411678 2533809
-8096632 8932997
744875 -8693504
1235995 -8018586
8415980 4353176
3651889 1290965
-4284477 -9841079
-7504674 -6626344
8669752 -4688388
-3596796 5245938
1112501 3057904
-8269795 8103160
4842689 4042464
-8080070 -30120
7791491 -6530102
-1479940 4074081
3007078 -3620187
-9797339 423428
-5078806 6268305
621482 1438656
5245974 -6662826
6012447 6789723
-9836621 -9038503
8789461 1024125
-3729937 1349483
-5592613 7709018
5812178 7382565
-6058619 8653944
-8859824 -6828781
9157470 8377663
2451744 8931667
7827832 -2322470
8100958 7975174
-3240168 8030494
-8014498 -6977848
8875679 -102334
-3312611 7231476
709326 -2595522
8428604 -3149232
716604 -7984861
9724157 -5301333
-7918768 -2359657
-3705712 5536336
1223907 8538966
-567019 -2565536
-3633868 381377
8058907 -8115274
2376252 6710316
4740810 -1323783
-5785278 9136084
-966250 6726313
-3525859 5606753
-6988769 -1762509
5088260 7183467
9198607 -8560165
-3861497 8321216
-4038441 8922764
-3024548 -9263913
1791405 2255847
2206664 8199360
-1419263 -8775613
-6890887 8572796
5283112 9155997
-2167786 -1998283
9654154 -7459725
1782940 -5436712
-9829959 -1312096
6925396 8257081
5440549 -6818727
7137460 -5469992
5367576 -2844492
-3921728 -6724037
6528403 -8670865
-3898665 -4429923
6285789 -1680192
-455805 8307999
-602853 -5133474
6538875 -4830340
3171378 7196611
9736886 6887442
-8549270 -4658116
4029788 1519826
-7706740 4137124
-165251 -6528464
-9482104 7733809
-5110683 -3027791
-7235475 -1598176
-269040 -6516059
-945982 9292928
-2387264 -1651353
-3343354 -4660193
-7277314 -326716
4842944 -1429855
-4233244 1777913
-1334645 -9469326
-4127442 8019995
-7943827 -7367562
6769562 2418699
-1593413 -5650567
4599594 -3395689
-3907128 -8559164
-157340 9488911
5489205 -1142603
-1849675 2089972
-9561381 7059575
4915735 -1720586
7952698 9611617
-9301886 154773
-8067314 -4688006
8359021 -3535129
7001218 -6885606
8263184 6747931
-8317018 9057391
5923177 5032746
4153409 -7394078
-5953242 522771
-7471965 -9753719
-8379969 -3594230
8495743 8017240
-2406833 -229644
566122 1450714
-6421316 -7491098
-4819973 -8964828
-3652833 -5723202
-6741979 -2887286
-7256540 7222540
-3513177 -9740761
1832983 -8993356
-1444258 -9313842
-6707920 -9727488
-6688365 5225503
-2011864 9855190
-3739040 -4160330
6373262 -391833
9378524 7273055
-1276230 -6033570
8991684 -55354
979819 -5181194
-904396 -5828288
-6199222 -156662
9582230 -5130022
7645569 9060590
-9932766 -3930947
9271563 -8005096
-7732584 -1377024
-6151521 -7436357
-7581167 -4420948
1418722 1836615
3961135 -8803854
8469201 -9691663
6791119 3339659
5800657 9709323
-5471871 -1700845
-5012781 9296828
-8343482 -3859914
1010064 -1212003
-2151413 -8761252
9824154 -1344367
650538 -9567827
-8428499 9095717
4175713 2917954
1013358 7936332
-7710700 -889102
307044 4948433
5256770 6250435
-409906 -8707402
3518273 -5435759
2863396 7907103
7203932 562755
6702841 7850616
9154965 1376802
2615551 -2287095
-1115110 -2996447
9952078 -5043943
6568126 9535428
-5030265 -8476420
9459912 743839
9854738 5983093
-6552122 -8250788
7999647 -7321866
6487084 1221000
5785241 -9893907
529549 5358
-9431887 -1351362
9015606 -9750167
1626635 -212694
16563 8170571
7690476 6758538
-8285405 8901453
953234 7642555
9166135 799074
4059265 5922969
-5577586 8626047
2891612 -3569645
-891510 -9613355
1607645 -6592389
-6486295 8111926
-1882716 -2607113
-1442123 4043254
4293087 -8798251
989055 -2426517
-4255946 8436074
5194613 -8994382
2423424 -6565469
3593438 -574440
-9775366 -6623342
9299627 2759573
-6098028 4283900
-9285745 6238393
6625038 6793584
2717548 -7660903
-9548976 -9250964
-1858077 6231253
-7209141 -8915340
-7713590 6699800
6789635 -399702
-1963628 -4208183
9313788 5050041
8484572 -6769015
2656546 1737212
5113870 -5405638
7353935 -4602468
2197784 -3070151
5684594 3772260
-6917804 2912040
-2232511 2309633
3058669 5799744
2030997 -9265135
-8180474 3716944
-7066904 -2661792
6938506 6622288
4930457 9722731
4772772 -5025121
-1794136 4244245
-4018543 -4226303
368059 3378762
8776295 -8904673
-9458472 -9761653
4010607 974079
6402471 6226123
-8947892 7092803
2892548 6686313
7421178 4110777
-9655927 7439897
-5221894 1757056
-9104304 -6722831
5516252 -8283388
-3308509 5826154
-7413249 -7194624
-8904575 -2586292
-9207530 -1431791
-7820112 -6020163
-5781816 2085117
5575549 -7278583
8947540 745143
-2162054 -5505628
3697037 9999648
-3373223 3246846
686744 1118216
5391624 9487202
5280723 5464850
-302186 6287321
-5370173 796975
-3881297 6389306
6319366 -2783422
-1698861 -2785871
1193966 -371812
-8286694 481028
-4281203 -2071498
8673645 -194793
-3184069 7182689
-301311 -3488409
2274790 -9487031
-5852463 6325466
-1670980 -7038466
942736 9539161
-1657166 -6390257
4406718 -9359450
7029856 2972661
2705592 3041773
-9744098 -4134426
5493763 -8993269
1487759 -6033780
1894722 7207069
9528628 -277092
-3094403 568367
-403689 -3655441
-3142472 6604286
-4553896 -8128899
-5167365 1005065
-6939421 3775124
-98781 -1708277
-1067727 1403413
6892427 6824289
-133937 8478482
-5655944 -401981
604750 121965
4088186 9837819
-438760 4608862
6848122 8499260
-932372 -910132
-2049220 -6246280
-9641994 8663939
3051392 4808308
8329726 8320463
-5388061 400379
8692102 3906657
-4689930 4513159
1337448 -2375625
-3897143 4718849
-5683132 -8796489
-6158171 -7036734
-7198915 -2562029
4563185 446367
-1054373 2362326
3968546 1411307
-2318621 8013255
-806454 -8080674
-756013 -9444262
8876201 -7755062
2645317 -9909935
3996722 -6511860
517651 -6146229
1478147 1823144
-3458006 -8144900
5574963 97356
-4423026 -6624786
-6670463 9416792
-136841 -1621940
3256738 7892722
-8179618 1325139
-661606 -2774716
-8339037 -498239
-7426149 1048293
3293231 904950
-6488633 -8549948
7454545 8454901
4825024 7508089
-8152415 -2027804
-7656352 -3696829
-1083120 -1610421
-5718854 7918612
-148244 4493854
5388266 -2389317
8019758 2231268
-6443593 -1354996
-1613359 9840140
-8141747 -4588847
6459446 47604
3468906 -5567895
8398509 -7730970
3240283 -503375
9521066 -1630594
-1142045 -1934693
-3115169 -8631349
-7725417 1201603
-8363433 -1681937
-7188083 -3444271
-3317236 -5995324
6235944 716536
9361540 -5297478
7059014 2308703
7719856 -9735467
-7171511 8917268
5865725 -3304345
-8518963 6297395
-4205980 -3219414
5149993 4721320
5302979 -4684914
9200090 -5992052
-2274097 -7812190
505873 -8525327
-9453246 -637529
-4116501 -4165857
6550679 -2770482
1932041 4635795
-3055502 -1571429
-8790543 -8492593
2941027 7180706
6392713 -5962054
2851694 -1193248
5587339 7873750
2595070 1162066
-1006495 -6746316
-2738368 -9585598
-7397788 -1806405
-7815380 4987535
6866358 -4375562
-6025067 -7268626
-39108 -7250143
7385652 -9474388
-8529465 4409285
-1566955 6846502
-3456439 -7320008
-3282061 -8625928
180825 -7063726
-9189975 2085985
-6751949 8284516
4054552 -4078553
-3664151 2241556
-9564849 -8683816
-1179929 -8545586
-2921148 -7380229
7867497 8202782
3468991 1053785
-5904251 -9655258
-2729621 854644
-9782502 8082636
3278981 5703424
7077497 -3238941
-302666 2513272
-5400743 9774674
575542 507359
-1054842 -2152692
-9911135 -5369906
8462630 5281008
-748226 3040368
-1823508 9799053
8001835 -1153022
2417115 -3956011
8905083 1470827
4841823 6512864
-2888148 -3824537
4395239 5059321
-8179619 -9609167
2904105 1472736
-6236238 -5965933
-2942222 7503362
-4649329 4339304
1485750 6002936
-6199704 7955888
-6487392 -51620
-252566 3052070
-8100952 1689100
249442 -9734379
1736448 4316163
-6654621 -845475
-2153660 -3421729
4153945 -7026416
-6635583 -7758420
-3769332 -1509322
2524745 6268523
-3711763 -5569
6850087 9582523
-1898189 -5844740
-7888852 -1664162
800570 1902108
7470530 -4376243
-170791 3064356
3329978 1885931
8718446 -9921349
-8250471 -4933574
-5838950 4580178
7553762 -7887779
-5646199 831347
9322025 -9081821
-296946 -6899178
3095253 1846770
1429293 -1492356
2662904 -54660
797530 2047456
-6050436 -2709595
-4569486 -8401899
4662457 3936447
