68 -6559520 6374328
179
6840722 7487021
4898861 -8652977
1713726 8572403
5375612 5000371
-6104386 -9989266
6550955 7429739
8536244 -2163323
2071900 -4347676
6445770 5273857
8892449 1992170
5180694 3117820
-527915 7693139
-6589507 -9672838
2400922 -3783800
-7826967 3298672
-6697955 -1224750
122274 9013755
102510 8200906
-4282371 -8164000
4363086 -4521878
-7092139 -386757
-33728 914042
6566366 -8555894
6717963 -7961828
-3453306 -4471511
1162661 -1873236
-4180097 -8272612
4570902 -9365254
-3149054 -769603
5045421 -3028176
-1736573 -976021
-9445914 8347466
-935275 8385701
2738053 656596
-1348929 -2701294
6911950 9617492
531534 1558932
-4480610 9394574
-8567253 9614252
7659093 -7762647
-7119531 -9504207
-7776818 -1178246
-543500 -1299627
447122 6794084
6282261 -1176201
364130 8008895
-1127287 -5454312
5447741 918217
4091165 7937438
-4763855 -1814206
-2196714 -7257764
4301169 4664447
4059021 851172
-7018223 2336911
-2909383 -1991880
-1496086 -9359130
-8021023 -28914
1187811 -6756552
2553884 1435477
2775628 4151285
2160180 -1163855
3381833 -6860241
4057976 3549246
1486684 -1170426
-468279 -9334507
-6592270 -760819
6419980 -148641
3218884 225251
-7437838 -7004646
-6480174 6200661
-642117 -347221
9623866 -5459908
-2216460 1336860
-7227662 -6671971
7479315 2853777
-8310078 5547966
1204077 -360505
-6811259 -2411892
6417682 -4737947
-4072453 -2808222
-1052689 8465755
-1682885 -8148371
2076880 7883644
3395350 -8464001
253012 -2844606
-675474 6915176
-8544731 9610895
947756 -1051608
2276421 -8244839
4608938 -3763554
4300764 -7727912
-5572064 -1184787
6403321 -4495158
-6716753 -9866971
-2675193 2821003
1286759 -8272854
-6421225 -1211529
-3327885 2120226
-3827423 -1827993
-2156246 2583817
-501007 6425589
6036484 7168280
8633024 -6529386
-4774224 9500592
-4262962 909445
-4302114 2351066
-8833721 -9962197
-4457355 125822
258851 7569600
390604 -8657756
-6930609 100011
8888482 4193715
-3686059 9164518
-2663474 8076949
660766 -4997130
-8571541 5180280
-5135088 2676111
6146726 -18705
-518112 -6502064
-3076267 -8627498
3723568 5218926
5256729 2621619
-7252559 -2593800
-5024200 3315726
4657971 3006293
-6893696 -2117244
-7923529 243714
-591768 4511138
-4895561 -9093236
-4090366 -738890
6957742 5765205
-1558684 9854445
-164259 -8177346
-4679410 7104394
8476896 9317629
4536555 2244324
7382295 -5283183
2123017 -7690363
-1858285 -9870263
-4347618 -384831
7497926 5316038
-4440248 -8724962
-1697472 2090749
2997514 4967985
-5770905 3406967
-827828 1423500
1277946 -8813162
5525844 129840
-2765765 3630039
2947668 -9153565
-4392889 8227483
5460652 -2515777
-7689788 -7010594
5635495 -9899979
-284809 451928
-4232034 -8712123
5079267 9729469
1820218 -6155929
8812056 -6618205
6788762 7334084
-1242415 5557503
-739307 8477286
-1392873 2551883
-3818078 -5213462
-4367027 -1642286
9101549 1645942
1646517 1240084
-3254158 -2921446
-2821425 3956730
6925010 -7618662
6185567 -589882
-8344061 5209328
9053399 1264835
4646630 3476158
810242 7865455
-4060689 1435393
-87321 2084179
7152414 5200004
9986542 1036158
