780 -8507818 539761
830
-5877546 -8325241
9479444 3313762
-2982595 7712708
1136873 -9884948
6290865 3271657
-3852520 -8464354
-1925668 -3234009
-6580450 -7574029
4730364 4843835
-3314321 -3939828
-176183 -8485527
1489564 1793600
474749 -2868522
8141639 4924003
6416185 -7378422
6812689 -1318600
4511514 3054992
-6715948 6292134
-1076462 4045271
-2683072 -3062723
-1527076 -4785597
1980394 -4019240
-9076916 6547256
-6092556 5399944
3976468 -1830200
-315726 593123
4903075 -6199715
931763 3690190
-1385807 -4622176
-9484246 -8410246
-7212494 7546730
601722 7328443
-3863071 7299020
-6139356 -3597874
3339404 5060467
-9725129 1177572
-325315 -8187672
875936 -5228383
-9828438 -6885879
1283921 4783380
7892855 4148030
464668 -9031805
-2825263 2795930
690106 -8603569
-7013814 5788930
-4147987 -6277788
3567008 -4226308
5589065 -1029913
5372214 9703937
4764405 9449709
-6856367 -1288382
523946 -2444372
2327245 -4665330
-1551209 -8600118
-1300385 2498807
9163190 9732713
3217260 -3407530
1904753 -7855790
6056993 -9608002
-1302720 5111211
8833424 1559531
-150424 4549293
6035733 2400432
-5379279 -4561359
7404702 1407947
-9880435 9385126
-3059246 3064687
8399358 -6840137
-5440255 9268000
-5716841 9364501
1613566 3259360
2368183 5962701
8106911 7347179
255529 -5727064
1900499 -3319743
8239788 8952809
-3981545 733923
5650707 -1910636
-3955643 -7945812
-4021513 -9728571
2172907 -6550941
-969901 -3901948
-742085 1630014
-6585634 -2570543
9310310 -3665988
2109725 -9786123
6176579 923877
-1728944 -5522092
-8732804 -3200158
3480099 8526585
-4254 3167695
6417971 1719888
2325604 -1469447
584741 2068678
-5143541 8369962
4335373 6563228
5177632 -454281
-8824267 -6634528
794929 6951899
5802264 7106451
7320328 105240
3545469 -2088011
-5093751 -3986741
-4670546 4332877
2859462 -3826555
9341140 8809553
-6954207 5371560
-6097886 5759111
-9655858 -2112250
-3742288 -2996793
-6433564 7716953
-2737328 -9406915
-6041442 1260420
-9271328 -9045243
8061208 -2730161
-108569 6530936
-5557075 5381537
3911148 5953252
286129 -650826
-1961029 9240602
8050156 5661943
1033504 -2619889
5655575 3612301
-8499949 4935618
-8061175 -1483931
-3766978 -9725885
3383553 8021613
-8201614 3495695
-3033196 7342111
7128302 -7472942
9057994 -4971987
2925902 9536086
5489338 6017271
7882797 -3162950
-3922347 -4224532
3953763 -4078232
3301879 6644161
-7227186 -5012733
2439237 -8526194
-10125 -5727134
7063333 -3105585
-5083972 6222898
-7765055 446886
-9694651 9230766
-8242176 -798251
4229762 -49996
-513910 3332170
-650559 9672016
-3490933 7491780
5783600 -2767762
3154006 -4896928
-8252767 -262636
4724631 8972238
-9553956 -5479953
-8690735 9680221
-3425364 -7047728
9175170 8372599
-8664163 -5992984
-6762217 3926467
-6871784 -8358813
1591191 7511959
844130 -125669
-453653 -8922719
1085413 2709923
2458514 -1428234
3674838 -3130986
6606378 -4387480
7101110 -2061577
2458471 -6152639
-6472418 63507
3015779 -3715912
7173039 -7381430
-3374413 -5292699
8633768 8508877
-9849936 -7620278
9891681 4278336
-5847333 -5742393
7851240 -6747837
-1521561 -3784633
4787133 -1063347
5805667 -9063047
9065825 -9021676
-1083253 -5071603
-8707889 6166936
8746795 -8624782
-9824341 -5180307
9954616 -5721074
-1013773 7348698
5857575 -3419797
-8523723 -9863653
4414683 -1476009
-4702050 3884310
7136474 1083703
7299070 -6850810
-5397804 -4385087
-3448134 -5397445
-4419121 2924215
7852613 8134043
4300979 4497627
-1610803 9144724
6480769 -4435874
-156948 -1435144
8429907 -1048263
-1951708 1345631
-6001670 4287482
5327826 -475431
-6591120 929366
-7986931 3142128
6291319 3061706
8676619 1828491
6431046 3409867
-3665918 7744837
5878880 4528278
-974095 6703047
5847771 -7303788
-1739662 7415102
8496311 -5155107
3796630 619743
-8034626 6926218
-6269948 -8155077
-6114156 8480057
-590577 1574230
-5283641 -2705276
-9643570 -6061156
5767335 3524030
-3066103 1549401
-8189410 -5285267
9243011 3267979
-7512621 205823
2902035 -9214732
716723 851502
5696395 3678725
-5701532 -786966
-3860748 -7990622
6370653 8780195
7260252 -7614344
3959887 -9743503
-9932426 9186027
-6875129 1192598
-5283372 2940356
7006110 1408558
6123291 1650525
7434856 8816700
-977477 -2117345
-1332077 2438587
-6709910 4440910
-1880364 9384646
-1402320 8986485
3512215 -5065544
6231003 -2746716
-361059 -7600780
5172070 -3992393
-4806366 6115180
-2692222 -2244004
-9303648 -9165143
2243415 -5459242
-1292365 218814
-964485 -1633293
6249362 -3857509
8581079 574390
7531653 7433637
6818284 4387521
3374006 -4348711
-6897903 7932316
-4814399 9402574
4318146 1849453
7857060 -2659106
5972426 -509784
7246212 5567047
-1081744 5796556
-9662686 458917
-9322269 -8838328
-7955269 -955051
-2296208 -7770402
-4679659 810445
-1755918 8801223
3188744 -7148006
-8980365 -4937634
5511035 9079103
8481677 6638084
-1512463 3212988
3070234 -4683825
4806392 8860950
4427997 -957340
-5160784 -5431044
-2455775 -6653747
7024277 7692882
-3262169 -9261691
-7032093 9069008
-120547 4441623
3242847 -9195400
-6343406 639888
-1781394 -3568409
-4489306 -5323771
-8685686 -6270359
6942629 6508723
-8175101 -7681797
-8820847 -7470785
1571875 -852357
-3767049 -1876498
-6013892 -1072557
-3379675 3777177
4515486 -8989615
-9920606 -4125492
-9683868 -255
804346 -7524801
3115087 -3924669
2506922 4460940
1653522 3850046
7579687 533969
-2957308 -4515812
-2197609 -2961331
-432116 -8616057
531586 -8502103
-378601 3656112
5099907 6764538
-6941933 3607507
4617893 4236585
-9888907 7573553
-9910350 -2786361
-7794810 -9572775
9018908 893996
7871289 -2163370
-8313324 1525831
4576152 -7958837
-2474649 9266363
8821384 4135196
5519140 -2155906
-8141657 -1610731
-7954619 8567078
-2152032 1479743
7603602 7145288
-6101775 906035
-9004060 -5262153
1951486 -5990681
6952896 -8914409
-5504061 -3326971
4509659 5971805
-9986012 -7632772
6924743 6196335
-2020950 4590140
-1274664 6966446
-5189459 -3199565
-2293944 -5755524
5327907 9185236
664979 -7732211
1929429 5692227
-3401737 -1731418
-4477219 5827655
9836974 -9889445
3712498 -9380
6663649 6789870
2761675 8208438
3092018 -6310340
9885995 2775663
9882155 16762
-3016792 -9618603
9698184 -1392508
-4631680 -5689899
-6504662 9920592
-7811619 -9303773
6388455 -3323331
-2538397 4117811
-7538182 5503070
-1870023 2984385
-7024995 -7701208
1605014 -8157524
2567266 9638654
-6671686 6883042
-7824943 8175636
-1807602 5730661
-1371590 -7942787
664705 -2308041
-5481588 -9157053
-9236461 -1450623
-8238043 -9469898
-2793228 5468273
-413916 666764
-3830166 4668375
-9830888 2047902
-3136954 -3183837
-1341361 -6855883
5299123 984412
-2132546 3742257
1917894 1143789
9390802 42512
-5383923 2626644
-9681397 -9464435
-8621488 -2202866
6346511 7353368
7883470 4658403
126676 624820
-8708416 7606594
-5208678 2229112
6793366 9977770
-3206066 -5039566
-9379096 -6343588
-2842823 5452573
-8288817 -1563621
9580169 5024631
7583495 3629077
-3744279 1487323
2022888 -7800428
-7486942 9090677
6444045 -4082248
-9423844 1375922
-7999258 4327515
1934110 -6780816
5448297 -6707673
-6729903 -758216
4202218 2241663
-1585572 64031
8032957 -2660526
5775854 5571605
-6887412 9744140
3373217 -2127625
9359698 -9303916
5412008 2145290
1235967 -6101061
-7666957 441419
-8182659 -2319988
4523880 5425551
8644736 -6181917
-2889590 8974342
-1783874 -3390615
1367400 380508
2960891 4934696
-7725829 2298180
-9613863 993848
-6745660 8050025
-4077600 -6501274
6711162 -856091
-8710800 7798450
4213741 -5360478
5080941 -4958481
2721532 6546785
-5511312 6898282
-9283634 9761764
8736106 -6866576
-7740839 -9656872
-6760012 9468584
4403280 3626562
-4075258 6200880
9711080 6677451
-2756172 8827232
-7674042 5481773
-5374318 3166228
-6518969 1553472
6192994 8431234
-6527246 7694772
-3242091 1273936
-9311430 6194286
-1527598 1246598
-3103626 -8595064
-8251935 -2791492
-3322908 -844464
5298450 -5011947
3705285 3596724
274176 3739544
2566776 3416366
-1101861 7518004
-6799415 4892734
8962558 -3959827
-5528592 9197968
6892740 5155553
8945841 -9539486
-828848 6167002
-2586400 9634411
3555700 7643554
-5147938 -3173674
5981862 5303765
2808170 -5954494
7642230 -6203336
7536209 -3486544
2446174 -9567242
467115 102985
7512072 3860665
9900838 3667700
2865668 6474630
-5853465 6888598
7349112 -7725240
958114 -6907624
5243140 -3479736
-5836182 888066
7714393 -1201160
6618957 -8467768
8094090 -3787393
9272 -572873
-1543065 -1747327
-1314569 -2454519
164818 -9096891
-2719874 9152546
-4663402 -9806758
6667873 9697317
6585915 8202266
2993379 3330760
-1060511 -3548620
-4512004 -6048507
4839560 -5817371
2981469 -7831833
6216751 -4929695
1282912 -7883222
1543905 4310842
-7436485 3808536
-8645983 2517193
-4063346 -6234702
-7082155 -5964812
-5771570 3216781
2914098 -1745557
8973062 3412655
-3256584 -7983635
-9015903 -5517207
-9049362 -1800743
2381886 -3527906
-8843387 -1693450
3376855 7879707
9996485 7373364
1684206 -5340232
8468304 -5943258
6573935 -3235927
529372 2338674
-1109786 -7489410
-1756277 3447217
4218012 3118644
-3468700 -8842179
5690538 -4292574
190219 -4208932
3990325 6674636
5663082 1140858
9447408 8888563
-715378 6819695
4193059 2824264
384 -8202541
-4145799 8393618
-4842309 -9014960
-4159934 4944489
-28569 -1796585
4166984 4730280
-9634723 8215154
1889327 -1615003
4092423 9412929
-4796003 -9903783
6770853 6798995
-2060147 1710674
-6884411 -5049713
-8230018 -2612739
2727877 -5083437
-3285978 -1520606
-3126988 5244613
-1253994 -4915425
-9970936 -5452945
-4733177 4586072
-8167295 -7483153
-9267999 9433807
-2181196 -7802018
4127263 -4862320
-4766102 4427580
1226575 1847612
-6441714 4521103
9471391 1682780
1586393 9190227
-5893210 3757725
-7762881 6830623
2075236 -6662836
-1578261 -8373517
8689891 -9178758
-2076333 -9032844
-6515997 -6043286
-6609479 -7727276
-5529294 6732357
-8129963 -6274322
669610 8597969
445581 9620287
4141391 4412537
-3904683 -3479781
8226798 -3870866
9886859 7681710
4512333 -7666412
-4329248 4640331
-1216834 9103922
2441516 -3391157
-2424001 -2526943
-6053877 -9634817
-7362093 -6423645
2825064 9852997
6095027 9624965
739286 4695101
-3168259 -3235363
3693526 3701219
-9778562 -9026868
-2897734 9788843
-13095 964588
3298176 9505477
4145808 7015591
6119513 1485280
610476 -7071025
-7081616 -1438971
-8557435 8186475
4279182 9380860
9233857 6596824
6221790 -2895754
4315700 5328884
4609873 -3038924
3178648 -8852559
4636925 -1696601
-9391406 3400086
6881027 4255543
3761020 -6888149
-9872558 179203
4180836 -9576819
5868508 -1236693
7324337 -5208688
5494139 1303244
684104 1283254
-2119922 -226678
6877568 -82039
7763197 6618220
6095649 1193268
-5142939 -5110578
-4290827 -725703
5190735 9493986
3749529 -3682233
-570381 2071762
4767318 -9973098
-9549917 -7926587
836721 -1051846
-3744182 6318591
-2378165 -9322590
1960664 -8250043
-5960369 8305940
-9259747 2357094
-1024685 3433552
-5373180 1019803
5909225 -4929036
4345261 -7999766
-8505780 -8381601
-9547482 -464004
4124111 -2239898
-2212996 -7601511
-5528097 -1108571
355935 -1762913
7072030 5308624
-1497614 6611753
878062 7210217
-1967491 -9536950
2820144 -2565954
-9132402 -1227237
2308918 4311811
9382775 8010770
-9988996 -1781857
-7647106 -3755612
-1703263 4021577
-8218321 -7194587
-4796098 -7579152
1312277 -431317
7805770 -324195
7500781 -8331788
796317 -2605848
-5395631 -3996833
-3533783 4190731
4141129 2636879
3925994 1802714
-3885475 5008727
-4464150 -3765088
-3030593 8013653
-5741959 8063206
2084783 -677698
2127715 2554778
-2508022 3866462
-6564855 7331617
9523775 8804255
2988819 3757267
3667771 7024556
5544076 6301488
-6991428 8272141
-6574628 4526645
-3670641 7149701
-5325219 7351366
6102630 -5039763
5490242 210631
-1726163 -6927963
2394339 2264635
-5180586 -9641379
-3258565 7038406
-3113624 2311392
-6368000 -7307067
6450200 -3589849
5951059 -862829
-4561340 117972
-9093535 1495135
-3978219 -9036416
8113285 -5668163
4199555 -5132508
-7655919 -7211934
-4484951 302185
-4109426 7834323
98959 3788887
-3336140 801266
-2160328 -2565275
2262469 -4078353
-1385420 4726048
3652551 -1589179
7547993 -4935219
-2300895 -396389
-8901254 5503005
6466589 -8878078
-4546241 9636879
-5495628 4579874
-115707 2169666
4988203 9364805
7199129 5399342
-8295419 -9121223
1680043 9814440
9765517 -9115207
-3193559 2036068
-3237884 2027986
-9561192 5421021
3002154 -9585332
-7465369 503153
-3993842 3217611
4339533 6149729
5786609 -7527253
-431027 2309644
-5520690 2807333
2172138 9453266
-2631039 9467513
2862643 -8112381
-8297941 -8410106
-7525312 7059038
-904894 -8532424
-3988085 -718871
7218502 5857223
-1211757 8967075
-529772 220657
-6561732 -6160774
9988955 -2007262
-7018163 7777802
-7396202 5775564
-8900751 2550810
-5479571 -2916891
9066974 3271388
5159007 -5594258
-4004364 1929617
-1011344 -622581
-6638653 -9013324
267805 600114
8973689 -8110386
3373041 -2513692
223317 -2238068
1601158 5359621
-6647641 -3822063
-6044261 -5893534
2398382 8850548
1401359 -3440462
-3841001 3497632
-3230980 -1561860
-4639766 -4774027
-328057 4444379
6338150 -6127778
-5141101 1176951
-8222935 2215850
4105464 5126704
5129364 -9249245
-8970961 -2521494
-7161873 7869033
-5953029 -4853450
-746984 8706839
7557387 -9480938
9594952 -8348602
5149030 -8524902
-7570410 8270303
-6503723 4434402
-8604866 -2210176
1662047 -4315428
6861523 7733284
-7534514 6520946
-5835998 8638588
1905695 6570951
6565809 1809719
-7804896 2934735
8081285 1920288
627127 -3757925
9277490 9850653
-8497949 -9299133
-7824035 8872442
7142746 -832566
-6398164 7121908
-5088268 3155375
8839947 -5003030
5246607 -909869
8127429 -1782178
9372762 7712093
-3200604 4807784
9133855 1278458
6729545 5881557
-2198154 -8671041
-9912613 -2672818
-2822165 945325
1646192 9364877
753671 -8803762
363672 -3661490
-6539582 -9587231
3568144 -3518139
-6004817 -9111498
-7505014 -5075557
-4341383 1758142
-8013412 3138767
-9537097 7547732
-1173810 -1214016
-5332458 9596758
3442070 8072087
7915621 2469388
5931065 3529457
-4589314 -4906544
8806046 -2422742
-3567880 -1319291
-906521 -8313929
-1832068 -107462
-6702608 5177975
2618771 -5320533
6437610 -4207622
8931146 8277388
5825120 8424198
9726534 9394049
1507160 7167662
-2243899 -5605924
-620184 -5050770
995039 -4328278
-6718470 -4689118
-4595508 -1077923
