262 910982 7427751
969
7630399 4234570
1057126 -4665707
-4306969 -5910133
-9267761 -3189597
-9356160 2731641
9959826 -1792697
-9271545 -6839566
9233837 2618880
-7695266 2115141
-2119168 -4838024
-3523336 -9320870
-6064882 -5834516
9572295 -9680089
-3527998 -5725969
5185013 6904263
1138833 6416105
-8249601 2815412
-578369 -7804040
-8477285 -2556570
-9824928 -7329778
877526 -7833445
7843341 2651250
-4729870 -5877667
6237474 7077178
-7760846 -2425135
-1746005 6634658
-9199858 -1284181
-8447918 -5294534
-8504151 -9627563
7276701 -9459564
6956542 6680862
-7987374 -9068114
5644198 8706941
8666723 -6049391
-3379168 7166913
1849820 1358147
-5990602 14710
4137043 -7790486
9286692 -720472
-629255 374517
-2990825 -8474153
-7241982 7624741
4846559 -9674331
-9301893 -5689900
7366888 6342408
-4460378 491160
-6060602 4323430
-4453277 -2447752
1502857 9583597
-733138 -5786553
-1912054 640041
-9345249 3633035
5842549 2097344
3893225 4791794
7682663 5129241
-828560 -6736030
3405063 -5308162
7533860 -5554190
-8727738 -1748378
7110382 8231967
-8760521 8639151
2962581 -7349996
202252 -4821123
7278826 8509305
5239104 4221462
-5138497 9062041
-4788572 -6672950
5424395 -4483745
2824401 -8946023
-1300430 -8166028
-4902058 507065
-2284745 387363
4833173 1019358
9270980 -4750885
5997434 6105436
4744587 6381363
9031367 -246735
-2551505 -9776480
8732825 -8250028
-1512214 -5272679
6305714 3971929
-184668 -4134359
-6101752 -8482858
-7428881 -4760273
9590051 6722650
-2770285 -6212958
4174405 -5312007
5707351 -2538678
2710438 -8476070
7629366 -2505316
6392399 -8775776
977490 -5109695
7630178 -2059882
-7793558 8425985
5669658 -1120645
5367637 694228
6559870 1975373
3492515 -4817031
-7060952 -9541882
-302880 -1420013
-5116619 -7470901
9733444 -556813
6904510 1574138
3098068 5440796
5451832 -7868700
-6644476 -6756213
-9349556 -5639417
2300701 4333014
2758999 8280622
-2840022 4507144
7717724 -1571342
2920383 5043967
-9773064 -3206054
9768417 8929250
-9974411 -6834016
-4304917 -534463
8908725 -5091030
-1000540 -4571473
3385675 5813235
7944535 -7902471
7857668 -8646141
-4285558 -8699941
-1850574 8508112
-694913 531496
7554992 -9091575
-8146565 -1018583
-5974616 5272716
4583015 -2709830
-3780579 6768672
9934656 4351432
-6183031 8761362
6186685 8146091
6090970 -7274306
1055281 -4813855
9800026 -8007002
5863209 -1000184
-7183772 7657694
-1317841 -8422348
-5374500 965654
-5609569 503598
2001367 -7819508
-30440 8760219
-3949611 6026751
-4688225 -5447425
8904007 -5213838
-6452475 7762783
-1574774 5237329
479375 2250562
7436707 -5483804
9025546 -8465343
-6949175 -246914
-2589220 4888756
-1017240 -4132947
-650941 -1390709
1629241 3608260
5788752 3739491
-4983938 -6369392
9657359 8274664
5343592 1066451
-1631034 7485486
5248269 4247599
-7998720 -5567157
6683405 -6326505
-9293956 2480656
4015313 4120112
-6126802 9731590
-2863302 7066138
5449544 -6199669
-5074026 6119458
-272282 -5201397
1054446 6555216
-9814176 8032822
6307487 -1413140
9653312 2359536
-154978 1651079
8415030 -9461370
-5028527 7609644
-8716861 2932663
-4586681 -8345122
-1708658 -8010817
4237126 1944984
-8472526 2164541
-1518776 -8626176
7493283 6977018
4291974 3407198
-7521234 9737353
7770176 7862772
-3550367 -7335409
-2459521 -3405985
761446 8619297
9157927 -98147
-2488503 -8307172
4625491 -5870600
8300630 -1205363
-6699828 2555162
-5499854 -3408028
8756513 7537298
8911123 -3972379
5520991 9754089
-4322360 6404406
-1341889 -187035
-9807910 -1843594
-6662651 -3571713
-4461346 -3358277
7777372 877828
-9220318 -1183548
509281 6935299
3581051 -1708821
-397832 7651124
206287 1881681
8473653 2902341
439639 -2777215
3250406 -253481
-499392 -649238
8271520 -1228602
1100715 -2305400
5851007 -3070368
-4125729 1292805
450880 1704708
5098889 -6070722
2745730 -1771748
7679903 5878571
6686102 5771363
-4061160 1260954
5658987 8804623
1706964 6145127
5884264 4132641
6395512 -7853397
-5986282 -8348977
-7061227 8412472
-3892927 4801590
4247574 4039488
7848646 4474432
-3820860 -9878154
-5948876 -1700474
-955869 -8721971
-327048 -686794
-4915430 -3275966
501341 8875407
7680030 1023410
9684889 -3839672
2809321 -8096654
6566301 5569153
-263472 -8278815
-9866342 3096371
-2102038 2675301
-3285210 8757083
-4252133 -7854464
4783734 7079788
7895666 -5556641
8237741 1351210
-9335583 -3060203
-3819816 -2089307
9302452 8265339
-8194899 6681525
-7158147 -501166
1402180 -8510010
-424505 -1832473
-111288 -2031518
-8935147 9312024
-5496323 22370
-8704195 -8520833
-6375296 1218467
-9185393 -2956328
1487032 924790
-7723999 8710274
-4349929 -275227
151818 5456770
3722109 1830255
-1488220 -8029377
1469457 5527210
-466448 -6130014
2037513 -7128362
-6643528 1625399
-6546225 4442577
6981300 6937677
8416845 -2042547
1692272 8277105
7837130 4557901
-4517309 2506880
1217154 -8159486
-5918361 -9724956
5731814 -616423
3730185 4233457
-1279568 -546077
7497485 4758317
1144655 -9810110
5577880 -2968963
1172789 -6817832
141098 1450704
-1611619 4626564
-7415983 -2877602
7915855 -3194774
3879479 -3207358
9299522 5752985
7593499 1878523
2153567 -6966972
-5067043 -8324862
-1575052 -2114618
-144343 8663142
3421460 7145380
-148378 -2646857
-3099468 -5433885
-9735364 -4570498
6880206 8073321
2699886 -7077914
44484 7784940
7106518 -2199745
4592897 -2039661
6229677 985998
-7135479 -3591229
-558201 3823176
-1985333 -2465560
5419822 -3108891
-4445749 -1044033
8617699 -4724520
-4855025 1492063
-1425469 -1530678
-3584824 2045507
-7364819 -8644481
-5722395 -6704617
3596675 5335067
5651674 4322089
4798780 703193
4205543 244572
-830305 1028457
7367986 7070064
-5395495 1127847
8018956 -4617347
-3145028 2540679
332511 -6426793
-2418377 -4527329
3941993 -2006162
-9960654 6156154
7511673 2873522
-1314743 -7325473
525946 -8210722
-1372281 -7718068
2985125 8693972
-8545104 -6573501
-3028691 -2809331
6777085 624592
-8247561 -5660705
-7761700 3897942
-3561378 9771395
5860954 -906728
-2917705 -712515
7281324 -6557423
2115083 3540641
-3585837 -162978
-4972099 -373244
-6067614 5099420
7381352 5553847
-3235829 -4923543
-8980691 -7117171
73498 -1780932
8843660 -2009382
2329913 -3149416
3264878 3112451
2883846 4568213
6177837 2219852
-8492662 -8738848
-5296270 -6739868
6800773 1305014
-8857964 6818813
8961922 -6785064
830708 -3830063
4240136 5410660
-9512882 -1787940
1094890 -8995693
-776625 -8493573
-502955 3684740
3051676 -9416613
3695838 4343310
-8572125 -3683445
8536407 9096036
-9642811 7605712
3382196 2560097
-6134889 7577271
-3087564 -7300678
8430610 -4992853
-6306564 -4125642
-8714981 -738681
7473379 7933572
1454232 4288489
5794916 -8915379
4769362 -9322393
-8739005 7808313
-5332025 -2178962
-3346055 -2526815
-3430778 -3904150
6217914 7706705
266802 -3073589
7020034 -7883538
-5184216 4131914
1655413 -6067530
-7676819 -6753605
2507714 5348850
-4201226 6124552
413041 -7502555
-6417933 7253006
446966 8724309
-951026 867781
1205171 -5775687
1697498 3716949
2329151 7859117
5565822 8266720
7709483 -8936583
-6820121 8348976
2480890 4729517
8661988 -2004336
-6241589 6652656
-5482142 -9014831
7109721 -1217523
1279922 -7167016
-9914009 -9960886
8763423 -2621659
8246122 -6950691
-2726378 -2187603
4045698 -8032354
9826763 1487472
-245807 -3625151
-2561734 -2091063
-3742087 9980028
4709546 -6865503
-6353487 1255156
-2092188 -4112114
9389407 -2595076
-1296247 -5057978
-2224994 6499128
6538242 9983676
9878369 -9622651
-6573342 -2181983
-1853234 640844
2608490 -6783368
4704105 -7807536
-8916335 -5048395
2860542 6974650
6954678 -8961717
-5827220 1634807
-7110037 -5819424
68462 -9664354
-9743078 -6685873
-1743851 -542131
8473349 -1039324
-1055648 6031156
-1075143 -2472057
-2137688 -8660927
1979917 2351516
-1915500 6009078
717894 7104759
-7943636 -7211395
9763255 1801559
-4643806 4916906
-3448286 -765714
-4068786 -7954673
-7619027 -8041971
-4727843 -1483971
490250 -7362105
1598571 3528306
-7924186 -1036400
-992105 3059275
4398349 1000672
5868540 6870208
-4604362 8894618
5999378 -6046960
-3258354 6113533
-9568556 8055742
-4510999 9021253
-9228109 -4212361
-9650682 -5442933
9031448 -3296894
5219135 -7269709
-4631814 -5696395
348264 8225737
-2810663 -516890
5058737 2424078
5941102 -1286415
8100145 -542914
-9131943 1809642
-1720965 -6504217
2125668 6867435
-2560471 -2462967
-3441714 -4926535
-6622544 -4555118
-7481699 9846530
9065988 -6273226
-3542935 -8450250
8369707 -3198525
-4972788 -5658397
-3658935 -1282029
3658402 -5267098
3446487 -8600197
-6626759 -7884144
3925499 -5937016
-2441233 -5758702
3625085 4720886
-7742081 2200788
-209395 3580967
1542201 -8667443
-8820913 3168061
6894835 4060503
-1873395 2761427
9562902 5868252
2726207 -3503688
-2269364 -5409885
-676983 1583625
2983428 -8610962
-6495106 5285856
9348840 -1126979
-4369328 -53255
-5332369 9423959
-5858901 1772109
-4646924 9441902
-9225540 3931704
-2900235 -588370
5988485 4469899
9747679 6510952
-5104444 -5884910
-6872246 9310581
6417048 7621764
-8278259 858390
-5236220 8256417
3542273 4705169
6094542 -9214973
731772 -4592535
-5168575 -8274786
3497324 -2084244
9874010 -1027476
5420581 1366752
-9221618 3164822
-2365278 -7479654
1547651 -716781
3398309 -2617599
9209334 6443207
-3418677 -957584
2417158 5626383
3882800 -1696936
5524585 -302709
482318 9941426
-4651109 1619128
3344342 3730442
4162550 -7303332
1669193 9358018
724771 4036561
-2798617 9606126
-7873528 -5980495
3302725 -2647543
-2748790 -3809525
-7366317 9217386
-9223846 -3539455
4603280 -8268642
34423 3193313
-7109396 -8997568
-9056142 8075360
-7789160 -4110726
9619716 -3707250
-1010582 -1928465
-2570447 -3701381
-9664820 3174963
2781089 670676
4690182 -9947085
-2594627 -2576086
-3869259 -9490741
9726645 -2827065
-3850168 -1235576
-6987865 -9497200
-3787535 -9246888
-8244455 3046558
-6361730 -8380579
-2491305 5215755
-8491495 -4150889
3920646 9644763
-4056618 -6985724
-1294409 3866551
-5462772 -3721438
8847830 4003033
3943299 1743762
2253021 8769555
-4057510 -9925960
-8645183 1979666
-5001182 2092323
-4638213 -5633048
-70138 1211283
2830704 9633684
4849440 3568132
1933595 2855751
2500515 -1125703
1888573 -4145759
2237145 8443897
7238812 3110517
9629902 6774373
-1481865 6086642
4856197 3573201
-3836407 -9228844
-4732826 -9201313
-4592638 -2481590
1885362 265993
3993628 -6714498
-7080814 -8184776
-2100291 9340685
2196436 7768626
-3357076 9833304
8203898 -5303049
-6859151 1047849
-5841634 441043
-2784584 -9620339
6466303 -6211732
-122179 -1750097
-978941 -6161148
7153891 6041415
-6440175 4288233
7070578 5077606
8363108 5445188
-223236 1064207
404892 -8717706
9050921 7676473
26130 -7398672
9814632 -4306155
6741694 -1769972
8671071 -7044519
5851494 -9099939
7204681 8402839
-3347258 -5165851
-8810647 -2917497
5640270 -1809847
4994738 8343244
3420850 9200095
-2838365 2065317
5645876 1783958
3066253 6938400
-2868775 8567120
3684800 2117174
327371 7157355
-4612617 3499432
-1028735 -2930935
-9514522 6574806
-2506003 -5177241
-7826740 206512
-194633 4146739
-7663108 -6637387
-8294142 -4554363
-5354268 7331631
-8086700 -2356940
1943371 1807368
-8737880 7559176
6126296 -4990376
-356850 -9090303
8067053 -188904
5826881 2486873
9555938 5970788
2545595 -5201854
-7862742 2557769
5280633 -9960408
-3297316 6826870
-9810516 -4914000
531637 -8444072
1403911 4411694
4571106 -2306279
2017441 3317211
-6607261 -3485523
-5959547 3279561
4189259 2035387
4362836 3683603
-3829524 -5227336
-9256548 189717
-2495785 8242767
-6683112 -4194601
8361344 -358527
8984696 8597521
-6316479 -4935972
9136308 9174180
-3897774 -3268490
4425231 540220
6373783 -9326668
9704162 -3557327
2238586 9766523
1801910 -6255385
7428219 8944197
-6283139 -3835254
-1129185 6115047
-3125834 -5539686
-7217935 6375031
8532856 -7292594
-8695073 -8856591
8723789 7517552
-791916 7504800
-5763690 7860098
-1599682 5310310
-1500005 1177894
7620567 -5225899
7056976 -1795843
-5534876 -140847
-8680297 -1141113
-2460015 -8106657
524743 -4963436
-7986770 6410801
-4697816 -84739
2622668 -5204704
-4061295 -6164960
3868945 -3556053
-6051252 7178847
5038945 -6922971
903692 -9298590
1879304 5955615
3246068 9403687
-9875804 -500129
1875377 303045
1678284 -5410680
8999016 3195080
747996 1734621
-9338226 -7959889
-5528276 2761227
72875 -4036042
-7684649 7094392
-6461660 6011580
-4293221 6184296
9261325 -9996560
-9295150 -9254276
-782309 165017
-7914944 2584155
4600378 -7536240
2766805 4725604
1831277 8992107
2187187 6961441
-1303938 -6653355
7903108 5451536
-1787237 -642163
-2161853 -7625168
9469225 8285638
-3186430 153498
-3662206 5523917
5527357 2520350
-4217574 -4400880
-1719511 -1251441
-8667286 5000118
7463878 -7118102
7607502 -1550555
-2558448 -7252965
2224828 -8044869
-4698224 2145092
-2403372 -9079110
-7204921 -6795116
-4420283 -1674257
-3388619 633227
-9213275 7565294
-4394437 -4058697
978005 9640872
-4760008 3649272
-7602169 -723216
-5723098 -3963167
-1081269 6246898
-5303657 4257132
-479481 9042586
-9002283 2137895
-5717013 -8254653
5182589 -3700506
-7979270 1879615
2721710 7977669
-8872752 -9883201
7682093 1849443
7790747 4430325
4071197 5804008
-546720 -8714896
561888 9311189
7864375 -5632536
-9385638 -2644858
-8387726 -3216894
-4174308 7827057
-35048 -6350855
-4605508 -3176590
-4360744 -3235708
1160259 3093434
-6412545 -2340014
-2223214 -6118030
5731413 -5285297
9145028 7975231
-3704408 -3961488
-2676383 3216226
-4956233 5748872
2632688 401857
7757000 -7091858
-7792399 -4236598
-6409541 1885626
-1948876 -9450355
-2626945 -3928236
2836056 -4038032
9055402 -4471337
3188650 -6003685
-9605363 -7357143
9873912 3481788
-6026629 6126051
4680915 1535293
7267871 268963
8534188 4520884
-5077258 -7688362
7736133 1166876
-553369 5196094
9598072 2460086
3009731 3037090
9108854 -2350804
3611165 2899139
8427802 -5538738
-1542422 2666567
-2174223 -5867196
7614592 -8631433
10970 -9783959
1751334 4104316
-5626721 -5308114
9212770 -980795
-6152804 5423819
9107048 6651864
-5635690 4099681
-3440233 -1446321
-8409231 -6037617
1611579 9569498
2468637 3215976
7677238 7739096
405664 896440
-2454404 8651168
-9980264 747793
963834 -4839811
1780857 30706
-2761056 5231521
-5749274 -1329512
-5905692 -3548285
5619931 -9385726
4713955 -6798644
1755035 9984242
-6053375 -8726278
3359573 -4137844
9078132 -1925444
-4186347 8344562
-8242646 6755371
5406539 -1264331
1999814 -697049
-3020508 -2057373
7973334 -7036352
711521 8760349
-2569163 7728630
6696697 -2521400
-1907126 1525145
-2757147 2316629
2300871 -7193170
6596904 8997888
7376397 -1236152
-645244 -7527171
-9182608 6454529
3209900 5168409
-6095922 -7425254
1877697 -8867208
-924581 -1579756
1383893 1373541
133890 9565105
7293736 4611766
-7909634 81080
-8393775 3990433
8823414 183241
-4493577 -8634569
2879671 -6359363
2404485 4619679
7092509 256068
-3289402 -8240758
-555997 7909901
3000999 2436850
3569642 -4135566
4284678 7395049
-1231410 5161414
-2757129 8184923
2796690 8902481
-1016439 -5463393
1043393 -2596592
7586649 -6893862
6987921 -133193
3507445 5609424
229104 -132407
-9876339 8428282
2703876 -2678387
7747866 9350611
1787462 -7852120
-9471334 -6734783
-9339734 7873456
-4448778 4813344
-4485380 -8054791
-9152310 2794094
-152947 827662
8231070 -7652397
7970093 -9109554
-6726394 5817720
-6056504 4958015
7341960 6781051
-2274315 4172600
4010565 -18027
-667415 -9570438
5093794 -5725217
-2459999 3636399
-5973793 -1861188
5468508 -9283381
-7338172 -422570
4887876 -9016872
-5672858 6025870
889825 -5265071
-4374624 -7441787
892285 -8623729
-1149362 -8584666
8196385 4835781
-991618 -3807402
-1309077 8438422
1384336 5535299
9810083 8023508
-5823741 8994482
-2866706 9866436
3099407 -1797533
296249 5118155
6101283 -1722412
6819810 -4815875
-80946 -9571574
5502991 -2290364
-8397741 -1939218
-523884 -3604724
-8768943 452897
-838153 -9811147
1143628 -7244209
8291091 7852770
-1607369 -7472036
-8477553 617526
-6999686 -4914758
3287709 -8827907
6290248 -1383927
6893661 6100310
3800787 -5092116
7852662 -3770176
-3544188 -6280158
-5703024 3355653
9750929 -1941929
8510968 -3710555
8994650 3498338
6254130 -9810833
558289 138278
2666243 -2938427
7679099 8950920
-5963837 -3294958
-9606513 3195765
4328190 -159776
-4059465 6683736
-8408380 1221852
-31972 9741322
5977516 9444282
-4683713 6423840
-5518089 2790845
9080290 -4932784
8565554 5509231
5698398 591292
-9270429 -2663964
4397609 -3743313
7723960 -4087834
-4866440 -5406940
7788825 -8239877
-5883301 -4472953
-7789217 2117016
5855220 -7426414
4831261 6318755
-1720611 -4176752
-7752912 808777
6115974 3595676
8662892 9245351
-2729066 -2287384
8303909 -255201
7080835 -7030668
