178 -5211140 4768202
931
-4749192 3054641
7279386 9838654
7348546 2177839
-1713448 221164
3329805 -6990591
4005235 3790663
1780409 6400909
-8093635 2352488
-8713663 7809587
-3858478 7447134
9636719 -5634718
3100809 4683686
-4581700 -4405297
7336827 -5395761
-8090549 7985230
-6443777 -5378618
6976388 -2839740
9338099 3351961
-6426874 4324934
-149304 -9858996
3931667 -580717
-4179808 -6144069
-1275229 8228428
6038015 -9757091
7690043 -7472540
-3107258 -7820462
-620424 -156886
-2045831 9993551
7114142 4797876
2783106 7807349
-7571269 9023594
8700206 6339329
-308709 9405119
-3753595 554657
695661 -4219231
-2283596 6097101
2469384 7143680
5372109 -3947052
-3704143 3710508
6237968 1410124
-3893986 6502252
-3654633 5647063
-1843034 5485590
283466 4299536
2106885 -4728891
6811055 5582924
-5561394 -2948032
-3542913 -1972387
8582270 -3353751
-5056630 -4780155
-8683054 -722068
-3578388 -4823874
1229074 -3697317
-9986809 -8206279
-4279802 41283
9059887 -1232489
-5585426 -5657436
9828155 -4594746
9704791 2571541
359002 -7372027
8210898 -5671972
1379997 9686409
-2285978 5165856
-8187895 353436
5573281 -3703708
-1909424 9271827
-5552047 -593420
5709263 4512189
-1177738 5677027
8234662 -1761194
-477331 -2941188
1401377 7294549
5216156 -3546404
1541489 -6254116
-3626143 4920947
9248975 4416843
4103252 7101107
-5216685 -6854676
3498761 4333626
3146270 -3404580
-4132753 -927958
8478622 -8763153
-1734612 315200
8508579 -3295763
-2540605 -395998
6662815 -740407
9070495 6982065
5952013 -1935808
1810076 4286651
-8276050 -2506498
-8089655 700285
-9682255 3489277
6634602 -1470051
-7136425 -4898940
1696481 133363
9205405 6009845
-236956 80080
2911633 200380
6904617 8028432
-2367565 -6063436
3196158 6880365
3862430 -5704750
-5124206 -5216995
9069656 -7669205
-175703 -797778
9902507 -9206394
-3200765 -5749006
2780943 -9779748
-4678687 -6566163
3567200 5644518
-5829285 -465854
2130578 -4711042
5489338 3933760
1962192 -4957789
-8504872 -5089693
-8209328 9594627
6406229 -2792362
1990643 -1830546
500249 3798375
-6999403 1060299
-5629743 -9675454
-5424460 5419457
5639709 1169492
4603330 7356483
-4482647 3477374
5527872 -9313118
-4024160 -311931
-6378171 -2341549
-4782986 3981530
8891838 5584021
-2304999 -3287858
3919780 3198862
-8631683 6617582
415958 -4089577
-512926 1868566
-5290535 -4067093
-8647636 3857331
7543176 -8198643
1674193 6992074
-7014200 2146506
-4650260 7191546
9395967 8513673
8688476 1325581
7823463 -6982204
1118170 -6094510
-6866015 6715301
-85836 1329523
-9536543 -429883
-2003107 -6201167
-1816249 -6604233
-671325 7483967
-6142349 2893216
-2789074 681039
-9810535 -8599173
-3936315 1401471
-8890631 5691618
-3278357 1413425
5255358 -9494663
6039485 -4589881
-8168039 3078822
-7689525 9674007
-6480118 7482298
-2947584 -5259009
-1460176 -6016660
-2620893 -2434339
-4950372 6723576
-7866856 -775866
2421526 -8576369
5340810 -8139578
3261893 -4872657
-9181039 -8595505
-4665727 4371263
4876600 -2459396
2950723 3105983
-3815195 -6567563
-6893555 -2700963
-5218665 -1504719
3236272 -3373673
-6873981 1833751
1915764 4292449
-6467623 -6978521
2245613 -518255
905376 -4334479
-9957704 7183491
-7689165 -3753813
-9832966 3304189
-9808196 -6870204
-6813247 8017659
1123643 -2415244
1017194 -1346172
5952865 -175200
8320081 4123639
3266318 -9265799
-4915696 -5927294
881507 6392338
1930169 7000069
-3518186 4413884
2595757 -5824218
-8640726 -96458
-1333919 2638053
8458595 6186461
9316257 -8650532
9367127 8650399
-3764844 5019362
-6326809 -6992878
2831923 7252350
-6107659 9626056
2876609 -6331644
-2258938 -324989
-3932651 7960914
-2522665 8622569
-4447195 7997518
4689653 -3524499
6379043 8148563
786616 -1434721
-5248260 7561477
8910945 -8238437
-9588037 6584349
1603712 794424
3801547 -3352881
6415821 -2206745
-2580689 -3366530
301826 -9691838
-16827 2812273
773187 559241
-8301838 -1433125
9080745 766874
7242375 -2749032
7915883 -3713250
-2631619 -3862230
6215599 -8781149
-7019585 -5363527
-8779177 5126544
-4079031 -6607622
-7444151 -4659113
3134142 2238868
8872338 8971670
1796184 3069805
-4117922 -8309484
-5233891 4295709
5378936 -828383
2454843 -3535728
-3768408 -3023966
3262784 -7786430
-9132307 -5852525
-4633674 -9368834
-4732361 7083292
2209837 -1653259
-5744529 9004814
6862053 647158
-7113974 -3188680
8299342 -7487453
5582353 -8241636
5965232 95526
6907588 3980783
5668753 -9268658
9711966 2286524
9262558 -1876404
337167 -4056442
91033 -4958305
8189213 1204860
-1711848 5457359
6320453 -6543148
4978019 3014341
-6338501 -9424076
-2612755 1840072
-3131028 -3452475
-9177759 -4313413
-1701534 4967677
-1051540 6787474
35168 -4793946
8930 -5382787
-4742838 -252866
5690692 -8212159
-3170464 -1889319
9315541 8298077
3755436 -4981251
-9008047 -9879955
3134387 75889
651814 -1513676
2842749 6795886
5859764 555411
6241998 9711721
4679398 -801643
8502183 7056816
-7737130 6144210
3277776 -1462649
800837 -5211847
-3424006 8534938
-3354381 -3508471
-5210394 -4078118
-6543017 8477512
8597557 1061395
3653636 6965288
-4548387 -5751704
-8955817 -5694550
-2622787 8294362
522435 -579701
8618656 -6380788
3192380 -4798167
-8653957 7120840
-4341809 5455251
2759756 4623819
-4324891 6459029
5466910 1852102
7773984 2320728
798240 2772869
-6165736 -8769033
712607 -8087850
-3839554 7487900
4309703 6164220
-3025066 9720981
-858720 -8313084
7822480 7497369
-7300798 -9723711
7397129 1014861
8986464 6561598
-6298231 5571672
-5452947 -5737428
6114674 -623121
4213959 -9986036
-4696815 3888658
-2364023 -4987800
9440702 -8346199
1658053 8348584
-2970843 -4398852
-4677870 -4032244
-9828975 4004091
1501461 -3020238
-2743949 509857
4041070 -3282985
5794965 7169532
2741205 -4456114
-193542 9496735
-1126386 7288258
-181426 8437484
2326142 -6912427
-9383875 -2361889
-708088 2478471
-6656592 -9943173
8174328 -9050034
9434074 372565
-5623344 6012810
-7007428 2121451
-7368691 -1605531
-2372163 -7235024
9934508 -811269
-2751030 -6577198
-7080463 -4807935
4996676 7055428
5492913 -5690497
9913429 7331602
-5030286 -9664593
-4669769 3045906
-4380914 4261626
-2272056 -1326361
9046204 -6206586
9806224 -2837981
9283470 5939212
6850034 5315148
596476 4431131
6136215 6994223
-9582975 -6952663
-1760598 -6614815
2956965 5852915
2678770 -6763922
-9432319 -1550122
-8698362 2592199
-4361894 -4462605
2315373 -3368131
5305508 -6226456
-2433042 -9956682
9721689 -3131936
5323628 9889534
-2278966 9005159
-4047357 -5309986
-8315763 8317511
3881200 -7911142
7990395 4617615
470530 -7879398
-4643319 947360
1913591 5665652
-1742148 8440714
6494461 3215229
2363450 -3587690
-7297794 -1190166
-8630496 -9814690
-2946626 269164
-7324950 -8908807
2612705 4893354
9583369 396084
-8770053 1081700
-4313090 -8732394
5885221 5111147
-251898 -6322695
4624665 8872103
4537756 5104783
-3938151 9054608
2269837 5311960
4240622 -7443690
-6117504 -5366713
-5181403 6942828
9728344 7768353
1375898 -5611677
1798030 -7596606
-4684170 6504955
-2413345 1381399
-4834643 9062130
4173277 -4210083
-532778 3566931
-5044614 -6078621
1542514 6608240
5662848 2009494
-2678546 120715
2677025 -9550962
7598677 4078428
-6462392 -924126
-3155773 4933627
1838302 5782304
8185698 736477
-2758567 -6363668
-2465917 6017881
5080011 4828088
3134358 2699441
8782724 -8230360
8207372 -7398420
1726172 -6261890
5747605 -7733762
2386954 9905373
-9645589 5585411
-7819808 7580331
9172557 7953088
-4596933 -4282200
-8499895 -3983216
-730386 7241370
-9122298 2202155
-1779964 6511047
-6144513 -1588214
3627579 5816399
7586040 6989845
2107778 2410303
-1335235 -1690236
576002 -6166050
6255675 6928722
2514134 -7037044
3059640 6610086
-2920473 -2789322
-4555170 2232197
765334 2482594
-276036 -3055065
1663443 -9965052
6545995 -6881981
-5953843 2399831
-1783769 2917834
-92320 7673736
-7399609 8318623
-3371613 -7984542
8365760 1265156
-9289769 7204389
2683698 4621436
-6252126 -4259283
2951395 -4256662
7975535 -6656247
-1657300 8396225
7857513 -1259131
-1224183 583016
3701035 -479044
-8079213 7838164
755999 7747192
-2062720 -7346630
3488345 -9336321
5195489 537671
4319180 -9883268
-162526 -3922399
3215389 5029411
3286480 -7478828
-9219138 -520384
2823369 -3762125
-5365900 1272749
-9986381 -8833931
1749086 -7508387
-5471079 -8694212
9143953 7966473
5713666 8966061
4135783 -7583696
-6920017 -6349054
-3295030 -2375871
-9742787 791824
-614223 3540502
-8913735 94687
-4867789 5117519
-5402865 4372745
-9389380 8429425
-297825 7420504
1102926 7761072
2769038 -284206
-6462066 -7147988
-9181515 7297959
-1219628 -7318113
-4901809 -951497
-4784198 -7083844
540285 -9305474
-5997298 -5562876
7977626 797498
3408538 3388480
-1494001 1580243
-4047012 8540749
6970175 -4380514
-6960010 9079960
6841032 -3327650
-1095504 -3340732
-7972368 -7873578
1940734 2442430
-2359330 -7153882
-5589027 -9278894
-6362738 -4744787
8466092 -373225
-3419749 -3306101
7750 -7531206
-1626374 -5442123
6138120 -6583712
4473389 -604023
5015463 4607460
3687420 -6040084
-6851382 571806
7231074 -6955195
-4828773 -5430534
7011897 1775059
4621177 7111961
349420 7168919
-7575868 1548502
3691630 -3496966
3196934 -9109776
5875371 -9728119
-5170241 5721036
9137324 6765349
-3838673 3484231
-9391956 -3872935
86982 3693142
6781300 4295464
7340269 -4248048
321419 -3471273
8303786 5027849
-5343838 9849668
-465061 -4558685
6989817 5005582
-8491383 -5524577
7882000 681447
953329 -2778097
-7057061 3757371
522720 -1700560
4300023 -7919737
-9276320 -799601
5409894 4908067
-796468 -6672986
-921033 2191194
8719921 9060153
-3395646 1916738
1766406 7023707
-7534978 1260517
8782451 3817697
8293120 1971192
-7347361 -9708932
-2487029 6175120
-7551157 3605968
4421760 455910
-4947475 2971564
4688315 -1278216
-6370149 -4223794
-896780 98209
-7710596 -4650265
6926241 698539
-7384723 3525677
-6934263 6046947
9823816 -3101965
-9284268 8047111
18303 8606268
8897336 9008853
-2299675 2670943
8793263 8926660
-8101078 149169
5637085 -4268624
4453160 -3048552
-4755994 325400
2939962 599363
-1534549 -3136422
7562118 -2254282
-8728605 7908044
3954991 2693747
2108135 6853484
4900596 3778808
-5098572 2823867
-5650928 -5081101
106194 6315116
5241776 -5434250
4714919 -8584190
-2852814 7140699
6608499 352004
3193756 4116698
-5283939 -8147495
-8767565 -3866282
-3604212 -4302136
-6394092 1310905
-5995347 -9816464
7037020 77252
6372412 6112788
-8546993 1937616
-627132 -8726160
7588956 8318432
-7115818 1995414
-4072424 2830733
-7512216 7599101
-9532543 3074762
-2808540 1612635
-4018508 3661213
2311284 -5576126
-7361910 -2786073
8524833 8707072
1406960 -3756001
-1162397 5045838
1158626 -1556019
2897949 -4789985
-3516145 -4872015
-6553583 4787169
-3217416 6589163
-8063752 -3669401
6446052 2710160
8301275 -5575968
-1446981 6913509
-6908925 8009087
-7567039 4534511
-8251561 5402359
-3374217 7587404
-6168597 2789624
-2164538 8032744
8993077 -4814642
395373 1510440
6638425 1891026
-3321804 -604420
8501095 -9915157
8931794 -4022868
8687292 -9562656
7377728 5377847
2291356 6988567
-2485993 -4069252
-9534741 5382431
-6698858 -53032
-9949276 -7786302
-2480326 -7556722
-9523978 -6117873
-8416163 5355136
-3134424 9469099
-6123523 -5504438
-3592506 -6495998
6105197 554673
-951843 -5091410
-4654066 5036991
414838 -2264550
7240369 -7276338
-1345590 5222547
604978 -5245624
-2782303 -880330
-6150280 -3577527
-1134249 -2731579
-6333099 1369395
9240883 -658227
-8672776 -4749262
-7737347 -3893540
-389538 7720053
-9208921 -1329853
3578737 -4284341
3269002 -160764
7574686 8924671
4164686 -6316159
8906388 -2668592
-5397864 -7180904
-5544882 -7972282
-1549809 1819833
1604607 -9178809
-5293062 7315942
9174067 5271508
3038598 -6052179
-7429367 3017643
737697 5301251
-6028601 -5302553
-7070542 1528776
-8631988 7550136
-1008840 6198461
9882302 1459051
8790459 -6844154
8491294 1305042
3332760 -6607405
-2271219 5462765
6283956 -8217048
1615246 9333388
-2878752 3507246
7455067 789314
6323309 -9840154
-2022550 2542053
7239500 -2938994
1106134 1948849
-7984663 -9831041
6367420 -5009501
6449550 -6477151
-3321305 6249722
-9928884 -2243639
-6334692 -4830010
-9367245 3403876
-2296820 1394089
-6756171 -566937
-7059691 9318427
-7375907 365077
-6958724 2911728
-4546219 8947402
8524761 1018726
5483927 -7306718
-7137759 -369105
4621394 15616
3538466 1746013
-9487913 -6412704
1343657 -9782839
7903503 -9416797
3987079 5008966
8919407 1052610
-9514327 4206612
3525039 4679589
7561018 5942334
-1145937 -1334516
-2387114 -9397706
-5862628 -3175804
-7966170 8653999
-9198753 2137651
-7846732 7412423
-841564 5422641
1526290 -1791914
-9058401 -329477
-7229922 -7130053
395265 1361455
-7585935 6757158
963770 -8168975
6510614 5416091
1358425 7005161
-4329355 4071632
-2809721 2728840
2069389 -4200117
-5546117 -6155997
5981655 4103219
-5968005 -4744870
3194123 651275
8859361 3190431
5377307 -5279587
-9893287 2317312
-6321233 8147385
-2579105 -6981670
-5150645 -3907167
-8491076 901017
-9577470 3876321
-9535694 -4616299
8112542 8609527
-5590589 -9829063
-5985060 181931
6801502 -8620354
9151128 9996595
-6835778 -9166503
-3459719 2345251
-417983 4539935
-3142752 -8082412
2581325 -311270
2707060 -6947633
-854800 2518573
5935942 72768
-6050911 -6829524
-8929470 -1125175
-2515648 6929747
7100684 9183072
-8118645 1893763
-4210239 -8884375
3628572 8682857
9516355 -5059111
7286141 6792795
1332730 -3943364
-9509424 -3131842
-926760 706330
3758698 -4411747
623178 -8219700
-5630580 5420250
1107079 -3440879
5433946 -9165138
7764609 2177609
-6122967 -7081702
-2671586 4865294
-1502729 -4241612
6957597 3118175
8059065 -7874157
1434990 -1009696
-2436708 -2138442
-2753932 -7232279
-4009597 -1946132
-3841526 6319308
615960 9749101
-2314296 6781652
-6659227 4985381
5820243 8792783
-6513256 1291071
-3274278 -3898796
-9033502 -2636223
3122165 4054136
9688663 -8019879
-5894035 79762
1586419 264080
8125638 5540955
825028 9149711
-2796420 -4628294
-8308986 -668216
-8402763 -4121594
-7339942 2306975
9808708 -717059
-9407924 8517184
-191745 -1854697
4246507 -5921180
1442597 -949671
-6895535 -2270642
-290521 7081114
-2839123 5309481
-4426439 -3668204
4389104 1263648
413359 -6300800
-929094 7730484
-2937732 7616939
-6504655 -6721727
-1898400 -1340494
458799 8671756
7188940 -2089692
-1428037 1050876
5129696 9513547
-1436123 -7181530
547828 9088646
6169760 -5815306
9494175 2773660
9105456 5846989
-2889363 -4932263
-1233063 -3989088
-6258603 7523997
-2342712 354195
-3851180 -6679983
-5504125 -6331014
-7659258 4250420
4677080 4954675
-3994449 9529682
1559581 -6750957
8583866 3651599
2740245 -9876542
-5691847 -8351954
4421706 -8573642
7273347 -6197672
-8613583 -3956485
-5429221 -5616015
-8092018 153354
3023902 -1687824
-5851454 -7918378
-4249392 9172722
-4060505 -1355579
-6400904 -1908650
-9862616 3132927
6381971 -7879001
-1711049 1696966
1820424 -2517811
-869765 3545548
4971906 -1355071
2447258 6068294
4628161 2245254
-854409 3833675
6503382 9198940
-9972531 -6430075
-4348453 -7956364
3732710 -5823985
2820436 1402156
9493506 9672205
-4678515 -1064115
-6426764 2147243
-6155791 -8296544
-8298003 1862187
7924088 -1819015
6825915 832232
9416878 2895994
7657600 -8210475
-1860448 4045039
-4239668 -3196809
373116 7159286
1719274 -4212199
-7519832 6024664
9943172 -4548015
7640542 5300604
6752841 1953030
-5899727 -7037973
7181835 2842430
-5295383 -9539166
-1358180 8883832
-7767583 5145057
-1958948 7984087
2289964 -8350705
-1789313 8215004
-4981804 2945868
105155 3971019
9758820 -2092336
6448680 4340781
9792766 -7761012
55944 6391852
-9138765 -50339
2911688 9325138
2167568 -5038492
-4577657 -7390124
-8506292 -611463
-5466405 -3419485
7080954 6242477
7891773 -4909001
-6693997 -629082
4833138 8618812
2589831 -9159449
-1251784 7454645
1795427 2348651
-2896009 7713248
-3378547 -5895455
4054206 -323713
-998575 -2517312
-5039452 9482247
-7907877 3685345
-6926117 382891
-520242 6102183
2344661 -2392522
2698477 -3439288
