163 -916146 -5626344
740
1186893 62548
4671715 -8177230
6816584 4393989
-8288139 -8088150
4426771 -1659981
-6606391 -5927608
815387 -7657842
159590 5306753
2421689 -8025008
2113240 -1170513
9074281 -523989
-9670488 -5096745
3265675 -2405157
8494538 -582382
1017824 2898415
5477315 -7131806
7207316 -7795282
-884941 149030
-5422768 4023901
-7636080 826920
-2584335 9004003
3862513 8273881
-3903014 747404
2722396 -5977897
2851591 8518676
-9488961 -5164364
-261109 -5557776
-5446580 -9159448
-7225478 5520919
-9064314 -6952042
8432504 -3691302
-8970232 6413001
9078384 5639820
-7819927 144828
3488100 -6344384
-7340380 -5456007
5334227 3420117
-5832479 -961515
3060589 -8568787
2466241 6889917
4241905 8428532
-7129244 2977281
-3665815 6497149
-5465580 -2575824
-7011514 -891293
-2066243 -4529894
4399459 -8579010
7060811 -1036474
1624706 3477843
-350188 9240884
6301230 7629158
1049276 -5174216
3864269 -5848191
-4416978 -2266851
7139419 -3075142
7869742 8049264
-6457103 -6102324
-9605175 3256851
3197379 -122918
1502141 7445597
-7084297 6185866
7606856 9435898
-1600576 -168485
5825710 -2815981
8941256 -9975870
7653289 -4524478
301306 -2241162
1910647 -8781083
-1047934 -5834424
-6393214 10021
-9424363 -3908515
-10838 -8523471
4733380 -5881466
3995616 -7099661
-9654063 -2069241
6632977 -4502243
-5066344 5777992
8125859 -3243814
3940205 -4150568
8389915 3951570
9427092 -4602187
-4326997 6043204
-221527 -7755249
-3589673 7583650
-9889976 8730539
7338377 -7466535
-5990006 -9314339
7320548 9843891
-7255770 1259726
1706838 1316164
-669726 5606519
-6099136 -1660185
5096001 -3219718
-4853934 -7973277
-1505355 -8447441
9466724 -6464019
2095537 -2078262
-7317159 -4860272
5239730 -8125990
3120902 -906832
-5857015 5349754
-1448232 459279
303170 -9330668
1929058 -4127684
-295168 -4436248
-8829728 6152248
7008416 9035106
8331740 7587488
2130563 -5379231
8689680 -6522193
-2986212 -9374791
-1453053 8156405
-6703867 1625678
3499688 -6253860
2839308 8535863
-3598030 -3379410
7079869 -501355
167977 4953738
-9173946 9899391
-4536856 4613388
765636 -6952762
4598697 9149768
6737256 -9709596
-5088826 2930437
-1075404 -8615829
-7990620 6117206
4273611 -1545263
-9919585 -6927321
-3181181 86096
-8861688 3580103
2717046 2174479
-8326875 -2459718
5010372 -7686733
-7787341 1841102
-3545510 5836426
1400016 -9807845
9341923 -263521
26883 -4001287
8929151 -1404469
-20298 -2545591
-6428384 -9629901
-1175164 1989083
5061762 361579
-9552324 -8578397
-2481941 4396934
-3428587 -8414012
-8357378 -9764895
-7451628 -1755462
-9914359 6652994
-4994228 7277383
7469538 9056483
-8690686 6405788
-7595498 -672187
7923344 -6147450
-6176689 3850005
-3263544 -9580601
-5075166 9911279
272859 -1922355
-500752 2502948
-3100118 -6763113
7339227 7017307
-231236 3471296
4232186 8981849
-1848805 2317137
-405480 -3165821
8407015 -4326681
-7920893 9580411
-1091776 9716329
-6431121 6999961
-6633682 9347921
9767320 -2607809
-2696530 102775
696772 7208506
-7772194 92681
3329568 -9803980
-270320 -872311
5115337 -6814853
4683348 9498444
-5668067 -8136125
-1301945 -7165457
-8975786 -3557194
-3976783 -2894930
-3178601 -6896678
2619635 4931441
4279362 -7093369
-7184826 5985954
8605081 4046682
-6228460 118644
2727678 -698147
-7985775 -4000653
-2356612 8573598
-8241254 1743905
-6241298 5275077
7138952 6442094
1792990 -1909365
4533441 -4162993
-4541571 2817204
-1563122 -9443342
5488100 -5203819
-2297188 3572866
-7924828 -7716186
-1153151 517986
3152982 3196605
-7501542 2618389
1134088 -4119340
-5545741 7029035
-8710707 8777476
4052553 8729357
-2312197 -4952005
-4345018 1191506
-455135 1997145
7330702 -9811576
3261434 -2480353
2315828 -4232420
1856798 -8734114
-6450299 -9981360
-6947022 3931970
-2871425 2396550
-4985061 6205960
4602973 -7856615
9172421 6149028
-2557144 1573584
302941 2978066
8026061 -8504590
-4796732 507096
-7495758 -6318957
6385819 -2735515
4784132 9834944
8118876 -352746
-6570508 9616312
2151304 -24325
-6092355 -3020807
9375743 5204282
-6073405 -6447427
8212310 6907035
-4427585 1045920
-7380496 7384731
362797 3015271
-2972967 -4561203
5945893 -9094790
7102606 -5253347
2011139 966487
801431 3488425
5652031 9311623
8927936 -1079692
1412335 9081524
8577069 1079240
8799875 -2163668
1388905 7952813
-2623800 -7273530
-3711258 -398784
9502299 2948615
-4036114 -1091754
-3136605 -7618551
5803011 -4492728
253925 5325640
-3707872 2905617
8910395 -7734936
4093040 7093559
8530219 4562426
-3839698 -4462672
6616568 -57446
295239 -5262628
5206537 -2067205
-6824383 4200496
-6198288 -7417263
5531352 -535641
888957 5820364
718165 4011590
9518862 7752352
3077993 -3478824
1943146 -227212
-5445796 9370121
-1019968 853541
-4584033 8647244
6700924 -2489748
-30842 -5907378
-1170006 3317493
3766640 2780749
-3018754 -5963469
-3380732 6942258
-3593383 782958
9119674 4666972
-1321438 7295575
5047927 -162161
-1124632 -9286223
-6997083 -9357728
2528745 -9181486
1672055 -2442879
8720718 -8491222
-8464618 -395626
3696996 5421642
-8744513 -5979108
6801642 5043342
1596225 5022128
1964386 -6217112
-2917802 731845
-4601183 8371003
-1817070 8718225
-1443936 -3406268
-2692491 -6769142
6389482 -52216
766298 310426
383899 -1081772
427006 4954705
7075432 -895383
7042612 -5521260
-1500368 772428
8332123 8298099
-4163421 7817626
-8399486 -71652
-9339806 317317
-8795327 -8800935
9917290 8575363
-4830905 -612397
-4865187 -9010294
937491 -5007044
-2180266 -8475704
442524 4220141
-8308801 8203634
9824603 3385882
380974 8766631
-7944589 6867215
-2318333 1396958
-785415 -9612466
315883 -3965402
6351916 -6668549
7046868 -6507571
-7932208 7556589
-3055808 6964158
7953865 9753240
-5253804 2079006
-3880346 -8592292
5627849 2565931
769565 6562178
-7535588 -164600
-1397969 -6889480
9977736 -4638262
6758696 657443
1044977 -9824245
-3789647 8489633
-8178915 3877212
-114007 -7437731
-9881142 8867953
-1651536 1953786
1707026 9579403
-5825239 8818681
-9773611 -1030426
-8464495 294415
9372945 -1629410
8205991 -5178578
-2068057 4353709
9715447 -3191978
-18183 -9573969
-9398214 6474143
4963777 3543147
9936711 9328491
4407113 -698786
-9314481 -177295
4292843 -2957677
-3378274 -8449665
-9630984 8516221
-2514205 796487
3607254 -9404595
-1034004 -8462347
-3640925 2980199
-2666092 9688339
9012713 -3192630
-2766599 -2950645
6039851 -1005469
5054030 -9648461
9680031 -6480020
2821194 4990741
7329798 4087144
-8870533 -3976935
-2426599 1622641
138862 -9732454
-6419615 -2057583
-8945825 141010
1678663 7187640
-7315809 -7463477
-7775138 8037738
7361461 18100
-416193 3753927
5264810 -5405138
7462754 -4376342
-8340010 318840
7825934 -340863
6262633 -3002464
3020602 5155732
-3221626 -91548
175998 3110355
3569124 -566412
9574598 -3727264
-6539624 4623299
-323826 1253261
-8192648 -3855433
-1320981 -5582612
8171316 9168813
6280027 779179
-1080811 3436126
6271319 -3740867
5918270 579180
7576716 4097253
-747015 2180903
-7910644 -6886330
6224025 -1452289
7981300 -5218294
1054442 -7690498
-550847 72250
-8674488 -2968830
-4307910 9125328
-6457284 5649216
-2665619 4371109
7666640 -8285968
-2333489 -6385592
-126458 -3414170
7165010 -6062170
551435 8308164
489068 -2741922
371749 2320772
-9131516 -4905224
-7607166 9112126
-8578372 1366136
-8561614 3447277
2994799 870782
-3890 5280250
929466 8686889
-4425649 3538826
-2230789 780199
4394608 -6759009
-173179 5435722
1889904 6784502
-2390982 9508183
-3233738 -7558661
4762111 614438
5709214 7138011
6250137 -1853053
9513083 8102049
-5934322 188118
-8941100 3467822
-1251928 7060477
-1736281 -6428638
-373460 2193891
-7025910 3838070
-404587 7395751
-4652175 -114950
9185904 1938587
1446770 7237729
2195420 9311275
-74287 729384
-2132605 9473884
-9862817 -4365072
6253329 6633885
-3177997 2166619
-4365559 2835359
-7587812 -9602745
6484969 -3101135
1609108 675907
7030329 -3888491
6023613 -2900449
-499047 9142095
1080682 -8628562
1125520 -8796790
-9485515 5043804
-4226811 5837292
-2172472 440198
-1408522 3640584
-7209179 -2035288
2647683 -5155193
196518 -7870824
5042783 8282124
7697341 2608707
5800966 1527752
155614 -8177198
-1077647 2831296
1973391 -3820773
-9932983 939658
2142868 5570425
614229 -6291111
9546182 2657353
5613904 6387418
-7455645 9890062
-9628874 -5794618
-8433458 7851528
9980705 3018809
-6182715 -5720588
6888119 5023488
-3448759 -8485373
-6662571 2689086
8036734 6706855
5402434 -5223866
5715792 -7473523
613254 5469451
9178341 -9624987
3032366 -8772517
131254 1240875
1130937 -8837378
7884357 2675609
-6956511 1502064
7037225 9450899
-6269689 -6975806
8047683 -9145489
-7630862 3134783
8340221 7115276
-3661517 8222919
5515405 -1106693
1419784 -8259083
-273280 1231197
1606210 -7966962
5776873 -8578587
2662288 7154929
8317551 8424479
-6383560 6309578
-9672006 6201908
-1830841 -3340070
-315876 7365219
8219730 -5584177
66958 -9751841
7363435 3105220
-6155509 -1592821
-183162 6218270
475539 9359896
591094 -8763378
5786012 -9797740
-8376327 4713656
1868585 -5920763
-7496283 -3197686
5628244 -7297511
1420749 -3879843
2780087 5956238
-4162191 2106261
-961564 -7535788
5228723 6573892
-7804536 9105394
-9971075 2592159
-8673219 -3960044
-4600148 -154237
-6401263 1802321
-5479067 -1492702
5737307 1901101
5980338 -3855394
-4536728 -9877756
-7175267 1000407
7120565 -8908484
7047754 -3238165
1384448 -99348
-5118784 5401916
1975808 -9577116
2044630 -9890060
-4781549 4171272
-9788772 -5410093
-3047978 -3454768
863905 8127433
9151083 550759
4968212 5384838
4045797 4888390
5010635 948550
-8051042 9509069
-9399414 351720
7113555 1585875
4002879 7648340
-4433392 -8985645
-8562761 8884096
1510388 7542416
1713689 -4001779
588128 -754809
5790423 -5558731
-7431298 7540150
-9392739 9170681
4555519 4236138
-875472 5575473
9040376 -1398684
-1889614 -5864837
4486884 3505686
-4908439 -1289028
8875664 -5883209
-4868853 9094440
494888 -5557727
4501041 9084738
7599312 -7994724
1250467 -3785270
-6827648 -1812560
8243943 9557243
1244276 8257406
2493544 1367556
-3056970 -4200205
-3082536 -8381927
8269588 8499758
2005444 5027850
6255174 -4727176
-8094032 7097005
6191445 -2352810
-5394185 9553467
1154557 9202686
-8792038 9106857
7837939 -1246131
-542338 -5025218
7048377 3526643
1784050 -9782043
1585513 -1707347
-3391200 6793946
928371 1044895
-455347 3526264
-8929534 -802040
-3012864 -8449903
1163454 7325640
7489183 -1106896
-9037077 9871252
9073938 4611350
3718207 2117481
3387702 2798252
7773034 -5927501
7599142 -7154636
5579673 -2662237
-1853232 -8100456
8693491 9681539
726434 4755569
-1718167 -7861786
1336174 2787440
-3146111 -8131348
9194292 839663
2249119 8017344
7888596 -800173
-6188822 3212043
7845876 -521114
-7722862 45737
-3365412 -6250070
9111647 2566525
9904288 6750083
8649627 4691320
4372859 -1948943
5322978 -140530
-5485963 7615646
-7080562 6121163
7989815 5850211
9206226 -226673
-9692977 -299540
8900287 1455346
7183741 711971
-9809143 5227817
-4726445 -2454031
1295899 4984348
-2449127 -5575505
-8825422 407546
7615219 9971513
-1977430 2340558
4716380 -5495570
-7879924 5861900
1983064 9230417
-2403019 7555866
-2670806 -27121
9673339 -3196793
774905 -9847431
864541 1089979
-3682204 -9525002
-1979033 -6428250
8556098 -5892297
-8951449 1833219
4757117 8623323
8594837 -7776871
-2919961 2372336
-606881 9133759
4995660 -8203580
-8973163 1513195
-930938 9495076
-532045 -8859830
-9540270 -1085392
-8416471 -8342353
-4736022 1234635
1709634 2448070
-1463827 1581774
-1794170 2246953
6596524 9608623
8231947 -745619
-6006138 1353642
6242330 -656864
-1523105 1073902
-4613326 -4364551
-335003 5988907
5483983 -3586489
-9929966 8734059
-9834981 7468291
9125938 -9470236
1764399 -8251452
-3287029 -5610084
-1511958 5990385
-9246309 -2234504
9890471 -789776
980957 7350215
-1296143 638770
9981906 -2508828
8565074 7462540
-6902011 -1541198
6964061 -6048252
-7118389 2762986
-5986603 2448045
-83664 -7048355
5997761 6694768
8443317 -8441374
8464894 -2237839
6268898 7672640
-4561864 -3047064
-1320487 7022589
-3110843 -4671393
5967378 9660470
-2848358 -1890634
-4428094 -1534364
-559210 8233068
4701168 -8813752
3949234 -3595148
1369249 7582780
3050777 478984
-2826248 -8714415
5360563 -951461
-672948 -4382931
5806061 3825457
3294745 8112302
5134892 3760549
1605509 -8025742
4151081 4540401
-7350233 -9910761
-1445125 3819075
2052144 -9261974
-8075726 7995666
6916870 -3246688
6852444 -1610140
8868844 -1713881
-7911944 -7580426
-6015535 -3957403
-5823982 7448619
-6209572 3311517
1423819 9982080
-3741019 7085173
9059432 9075063
3615464 7864490
7953729 -4273135
9545940 -1218416
-7964038 -3491395
7020623 -5885564
