53 -8684978 1716276
206
-5277873 5207623
2088913 5704346
-9770770 -6744213
-4102507 -5669213
-233013 5749802
6072984 -9005795
-6337705 5387715
270008 443653
-2985638 -2472936
-4137209 -7512998
3561794 -1899996
-570836 5859053
8877280 -8587696
-992787 -342304
972718 -1675515
-6467892 -9276510
-1055812 -1788802
-6016663 -1862627
2468161 -826582
7439572 -119169
875036 4751500
-7344433 -3971092
-1011087 -2946317
-2902900 2925575
-2071071 6003275
6619632 2959891
-8664704 -8509277
5419379 -3951204
5706492 -9787424
-1462938 -5573407
7666435 9195563
-2593239 2069170
2722896 -3389377
-1699607 1390098
3787281 -4808943
2458909 8256317
-5714775 7178669
-5767647 5114476
-9443597 3274138
-8206235 1329453
6805696 -1514668
-23945 8413397
6978546 8140992
869921 7911787
-7661620 2685038
1880601 9406983
-6007495 -9995185
9131790 1803714
5710165 6715401
4422810 9948535
8204852 -502554
-3323884 -3118281
4512547 5006429
-1719433 -6575179
-2729374 5068950
-6445718 74332
-8995918 -5923678
4733666 -3953310
-6041523 7982628
-6815982 8119939
7526922 8813209
1334376 5064620
9384686 -8480572
751181 466166
-7068947 5094851
7108650 -4826008
-5427937 3652257
-1341314 6301118
9725939 9084611
4153561 -544395
2046289 -3003435
-6410761 224196
6270886 3050371
-6450649 839257
-1040803 2745715
1558924 -3266630
4314342 9002471
3038251 -7106700
-4124182 3699028
-8689768 -6210567
-1036575 -1193129
4975480 8418882
-2763648 -3948160
-4863549 6150518
-4393877 -3037709
-3524792 1806365
4546913 7652412
-6780864 -7419201
-4063592 -6665849
6079866 -3231513
-3981791 4895605
3898077 -2361210
-6951558 -9667449
-3452068 -3063672
-6757887 -1075740
247483 -9625484
8793398 -5278110
773731 -4777037
-8626519 -3970250
-4491607 5910182
-9767101 9495956
-335280 -5500047
-2919248 4779812
8113963 -4599792
-5314952 3017160
-9570882 -3289819
-3134677 703257
-6447839 -3156453
3779875 -86235
8838025 -7383555
-7009039 -461659
4260231 -8398140
9341175 4300711
2846813 -4966038
3460497 -9285344
2726964 8355206
-7144841 -3790252
-9010439 -7608315
-9691755 -7547737
5469423 1619876
846410 -5006707
5696551 5898541
-7257912 7711733
-2374501 1765064
4381509 -961684
8576657 8979876
-9418263 7372470
1673181 -4646760
387203 2439264
3153921 -5480006
5391552 6364052
-7426200 8397237
3305274 763063
3215326 6079713
-2300410 3613520
8606813 -8798899
-384005 1062352
-1225915 -3180284
8584780 2358083
3912751 -1084064
-2104187 -4517359
-7144889 -4994240
359001 -9006098
3433166 -2955356
-5919010 3262556
-373392 9103439
17029 1988894
-7248043 2200408
-9203526 -6677697
-547825 -1516365
-315263 -8987584
2074768 -1941011
-2604943 9300732
-5824833 -9151147
-235210 -4020162
-6021169 604271
-1873617 176955
-6312791 -3166057
-3605061 1001736
-5735708 -363273
-8743481 -7007718
4981176 -3592748
1124013 -6210100
-2887797 249486
1249473 1920487
2932903 6564379
7139720 -9065790
2751294 -4992329
8372876 -5465223
-6969033 -557186
-9952915 -9345982
-6652675 -2990201
-3639906 -9310180
1691557 9550886
-812386 -4728615
-1736333 5955849
4879454 -7039515
-3249615 5761196
-3989318 -3996533
440306 -3621060
5459671 -223493
-6772930 -6626791
-9102768 2599391
-349479 5978364
7937530 9270108
2440479 -4802160
-5276009 500967
1190788 5787804
5338691 1084085
-1128177 -7117655
1354546 7042657
-9996858 7135490
2896686 8750352
-5246181 9269879
-4351181 1423720
3716580 -2289523
-6399962 3624843
-3775766 6943650
2922014 -5502730
6283731 -1608893
-3894700 -6624103
3876864 -1275790
-5487986 829291
4429729 -4932348
-9533651 2367057
-590286 -6698448
