32 -8070792 -6912400
43
3715439 -4149919
-209847 -9642228
-1931751 1880611
-4494546 -6493267
-9549617 1668288
-1318090 -5753960
2637148 -4111250
-735353 -5034359
-3793797 8742448
-428261 5657863
3241868 -6765430
5601627 -5998532
9819372 3708217
561817 7527694
1973254 2772767
8622848 3649418
4007190 -4311306
7569305 -9070647
6952439 4591791
-3739921 -6925241
-2679201 -80826
-1675724 -2541658
2423983 2474299
-6266901 7588923
-4236861 1146539
4381109 3304839
-177341 9005007
-4770424 -17264
-9973218 -7841616
4931151 5791394
-8042836 2000037
7688731 -3929649
-3000296 5964354
-6927503 -2225612
849147 6468495
-3612330 -8151071
-692729 686298
-6839402 4711946
-5182778 4247606
-4605855 -3106303
2714888 -6903287
-7898280 9775254
-7725657 5053900
