587 7692115 5146314
666
-9905775 -2882356
-8847538 -5090427
1520609 7805394
-5912361 -1911858
2422172 9191492
8448848 2717521
-5665725 -6909014
-749713 -4315797
-3965877 7818592
2241072 -5774431
-7965208 461855
-4595672 5547320
9859083 4113173
-4968392 -1285946
8922522 -4457900
-4823904 -9822078
-4912504 9016747
-661506 -3671442
-3066948 -875543
-9167699 3426133
-3856346 9355224
4962562 9281149
7481705 477930
-9187126 -5787151
-9045229 -6484172
-3505965 3053946
-8882382 -7010437
7102736 -5585285
-4354878 -9023298
-3481198 4650696
-2655029 -5432356
6100743 1694899
539809 2432467
4073276 7955589
-6101926 7472862
-655562 4905577
-3296922 41729
3036011 -5692999
-8963798 -5815217
-9783036 3848885
-3097169 4507325
13240 9227351
6158419 -9463198
-8486496 -2884024
4283025 -8196459
8887537 -9451342
-5240091 -8372004
-3423185 -2495368
7976574 -2183929
-4711067 -9349909
5555668 -8125352
1916377 -2850277
-6026924 4775098
1476234 7468740
1317625 7525631
2032956 1693198
-6563099 736809
1273611 -7953803
-8321475 9595320
-8601139 -4696533
8368477 5961550
105898 2802750
2823735 -6871613
944458 6682713
7332804 800309
2674957 -1250257
-1584182 -4595176
2696275 7107687
4576427 -5094753
-7569122 -5827491
5865707 8410405
-8336434 4463834
-973617 9302608
1414281 -4546471
-6726652 704909
9182811 -4670506
8132245 4158177
7286564 -711290
8487775 -6527668
4272641 -9252626
-7986531 -1663068
3741756 9463950
6571637 -7054360
-2149113 -3561969
610540 -6335583
4591174 -7201883
7261951 8992599
811560 -1228908
-3259027 8804687
-7974052 -7774159
-9928313 -7469327
6688850 -8791241
-6986179 720284
4192616 -3508233
9755493 -8498403
-161471 -1534743
-9554440 -8231037
7230955 6096637
5051021 -466451
3197966 -4918158
-2120041 8177913
7170513 -9694508
-8407064 7658262
-1020699 -9501575
5240618 -1666091
-6619066 1005249
-5269639 5312305
-3967410 -9930215
-3438448 -2255818
-8237869 2741558
3723168 -3682955
-9397640 -5882988
2730002 4168728
-6297723 7833315
5431509 -2218977
-4041064 -583404
-277912 5827820
-3997565 5645801
-1339422 -6168623
-5318362 4981736
8503338 6417548
1729854 -1937427
-1867642 -6766301
-6505767 278796
5536706 -2789738
-3956341 -4743635
-8110271 -740126
-6571398 -3353980
6995687 4619731
-7599246 -2869120
6547476 -5056451
3287721 -9123957
6521844 8785916
5133645 9290156
-3211755 7698775
4116323 9815284
-2122143 -4708417
-8958366 8362529
-8842323 -1473433
-1746819 -5464133
-7691416 6694384
-4045742 4296840
-9057140 -5801686
1334397 -617139
6513741 454900
5398449 -3748496
-2872453 -4422431
6879837 -8797478
-9507321 6165743
3864518 2013483
1828767 9797276
7605211 -2019158
8859723 2222976
3265895 1163197
5699064 -9982599
6711785 -8480924
5815916 524001
4722315 -7333957
2048904 -724871
2246381 8573064
-5175432 -8921003
9172918 -2355170
-1152648 1952115
-9365789 6052756
-1933761 -8143617
4170011 4498729
4995923 2411358
7150686 -5708426
5454771 3855647
3873048 416581
-5547991 1153836
-8322163 584833
-4232772 2784277
4575758 -1083496
-2510432 7816133
1411482 -3177861
-3016679 -5169511
-701044 584401
-3362843 -1652974
203409 -66833
-5568103 4703396
9631106 6889773
-8818653 1944172
8316171 6781792
-2801627 6636119
-9693693 2189219
5290404 -5833266
6951011 4500496
-6583000 -8942367
1390118 1526770
8348909 -6577080
-9230239 -7198400
3386001 -4667769
3679257 68718
-9998115 2539510
-2757094 6399018
-4194857 6950134
-1105693 9390364
6172156 -3013509
6138962 9726830
1916050 5886881
-9946385 6445269
945765 9722806
3296791 -479021
-8952251 -3120883
-7181611 -5313091
-9995138 1913010
-238407 -6411849
3656869 3390863
-4069626 5957202
-5127427 3658754
-6874759 -4310368
-4920003 677716
180559 2019548
1746378 3768505
-7828261 -3680479
-7235210 6178780
-1582061 -7774646
1746333 -3773093
3106024 -8285270
8917992 -4689566
-260203 5924414
2028917 8922854
-5169931 9501390
-2025055 -4314214
1860892 760443
-1033572 2847518
-6474766 4986133
9522033 -3437223
2847634 3705794
2541667 -6215236
2479896 5019373
7244728 5306458
4049717 -9102165
-7387434 -8492587
9334200 -2844258
5596508 4046910
2969764 -926003
-8908261 -9858223
-4172437 7799833
-8923371 -933316
-8085798 204807
7707293 43057
-877814 7955789
-5822065 7229326
-8985910 -8030180
6989194 6719602
-5457588 3493987
-3091826 -3249726
-1742313 8592130
8264224 -7962908
6084002 -9891761
-8301412 -3622916
-3481139 -946234
-3146400 -7209672
1857012 -5137224
-2416065 -2069771
489638 -3712433
6759708 -4708772
-7479445 9611824
-8418356 -9062357
7657245 6050997
-7938664 1087190
7837464 4716010
-4175508 -1030489
1006603 8611504
8719743 -5911284
-7017848 -2909394
-1339276 -9581668
5725012 -7982635
-3119859 5514324
5960905 -9901624
8902295 4464076
2271657 8966895
1095071 5662003
6599646 4792212
-6640439 2676716
6280258 -3226756
-8510746 -4579102
-3093239 4117723
2729227 -2686254
-6081186 7913364
7520322 -6034678
6900006 -3099034
-1081669 -3818953
4211723 2625018
-4760253 -1685176
5295252 172629
-8344124 -5857958
9804046 -2433091
-7640879 2750948
7944016 -1079956
5693288 8235035
-6344067 4224274
-1658003 -301106
7012640 562694
-9007590 3587576
69251 -9068546
-9651228 8512733
-5306220 -3030743
2110628 -8216545
98279 8905503
-8405516 7350375
4008769 -4606468
2960441 5766713
-1482339 3812815
5249212 -2164085
-3929050 -3538323
-9314049 942500
-9358605 -7756765
-4677719 -8455699
-2351771 170387
-6381806 -3685309
7343776 7717480
7203090 -6033034
-4249578 -7962444
3459412 -686282
9180445 -1634947
3758585 -2429752
-6663039 3189214
9518382 9235379
9587646 -5629026
832651 4767594
8226446 8174948
-9581817 -5965045
-4420744 8867841
-961771 8256816
-5428493 -4256163
-6538682 2656423
-860259 4431636
6469192 -9335592
-7505522 -2593485
5771569 -7555044
-7468443 -8325077
-2619511 -7953494
-8718115 8384870
-7244155 -3101129
4182817 3385883
1560831 -3895152
139803 2409264
-6206543 -5504634
-7247818 -1764589
3979249 -4651962
520813 9840042
4271678 -43081
-6862321 9660555
-2932930 -6742778
8218531 -4367843
9823432 -7161361
7401498 3266440
1651310 -2796079
-3380855 8683383
2069267 -3076493
3028356 3318314
8243930 6146450
-9358183 5684511
6436275 -7962612
-2614574 5910351
-1733255 -7068124
2888795 422592
83147 5054775
8311998 -1457174
-3308665 -333431
-4978439 -953119
-7686679 -3485233
-3764960 -7576941
3622794 -3519017
3404491 2854185
-3827500 8208413
4354864 8949199
-2849938 -5583570
8970170 -2486967
5939736 -6413663
-3481787 8871949
-705459 -5793518
9261257 1923360
-9533814 1894040
-8439391 89607
9136488 -2842479
-3811360 -3417830
-8478419 3966161
-9552855 2423681
-4722134 5144376
3352789 -3632012
7833539 -6033282
-9100499 -9775995
-2262962 -5016399
-8913709 2386023
-6225676 -6323225
-9600391 -2395496
2044217 3068865
-5037095 9660866
-249526 2510403
2184277 9039867
8138389 -8596686
5369476 889269
-6687050 9659971
4804347 5816621
4700961 -8892831
7590239 -9326512
-9102506 2534500
7518101 1006092
-6607884 -8849116
-5172341 1120744
8725249 -2833560
2751658 -4772732
7404487 769466
5796221 7714563
-729218 -2845039
-8925373 -9503150
1386120 -2590828
-2930857 6444103
2260724 -2784578
-1677409 4389842
5063330 9478037
2012537 -4087169
6918923 -1522824
-371939 -7953009
3167735 2827391
2510184 4455720
2199341 -5590664
-2304846 -4738158
5492757 -396172
-724859 6007728
6504578 -5236460
2172712 349768
9310224 -9592950
-2377527 1758207
-3851951 1570948
-6434662 5945064
4374247 3727731
-7795092 5577875
7624866 -6190477
6636914 1832969
8805041 -6691046
-2281710 -852902
4408940 -6479266
3124562 5413445
1421173 -7581950
-2818410 4916055
7782176 -9557897
-9150846 1870654
-6371139 7092400
-8820300 -9012021
6933043 -7706738
-1462655 -5254962
-9677086 -6176357
-2366834 742253
5091574 464132
-3710562 -5729920
-4066469 -3587032
-66298 -3475919
4453878 2858823
5276873 5574617
490672 8391403
8833506 -7541537
-3154531 -9210800
7881600 2199012
-4296657 -7009318
7800296 9061301
6322691 -7363613
8976382 -3662358
-403753 -838043
2142442 -3390452
-6604020 7204174
-6382858 8431880
-5044039 -670489
-7811665 3550844
-874539 9409839
317594 7465208
2440024 2132486
2921686 -848899
3866465 9285493
4792528 -6680361
-7619060 9569809
4722548 2592824
8930466 1219983
-9618059 3698930
2824830 -1473286
-4269112 2524383
-6527385 6220810
-4449678 -8135618
5415226 -9055071
2871120 -9744991
236569 7057040
-8294122 -6811285
-5143832 -7323407
4478439 4627564
7947203 8722633
808794 -729033
-8136209 2844495
6580831 8047694
1746624 3310610
-8162676 6962772
-7996493 -5428546
3308617 -9915436
4465298 -4523878
-3578949 1375291
1630300 -119476
9453916 9292172
-7519113 -8133131
7059815 -8840206
-1696289 -2662945
8576040 1538254
-9190779 8767266
-5871886 -615165
-2567471 5189364
-1500026 -9291055
188069 1695506
-1216688 -7146350
5454566 2191576
184050 4608281
-4016428 -80136
2316741 6605102
-1586374 7613872
1997094 1770657
-4553196 894513
747920 -943091
-9404837 -3733133
-4965867 -8159688
-6258501 3920736
-8373548 -8321401
-7612456 -6309619
5385887 126427
2980077 -4908035
7283541 6685551
1293833 -9049004
870860 -2532408
6589046 7277405
-2592370 -6812399
-2525389 -4997328
-1586463 9404724
-1538367 -4562233
1704634 9161457
3518121 -8426852
5493884 -744881
933719 7259621
-9049998 7120336
9763115 -4162385
929581 -1147759
-4462208 -4740455
-3789459 -9270526
-1802934 -652023
9141735 7081401
2785355 7302464
-7694864 -3450635
-4045911 2776318
8214085 -6764975
4912834 -3067926
-1494778 -81281
9173838 -1569044
-4309423 -6000894
3635794 -7376091
-1538475 -3359421
5492820 -4084738
1174807 9391106
-9879420 3546964
-7105058 -98300
9499453 -9166001
8136463 -7963323
-8897606 2284808
-4938874 2957952
6192977 -2943517
3988557 5791563
-4289718 1105812
9536768 -7506221
9009237 7400473
-9975618 -4772655
-5615724 -4838617
1076645 -1514093
-9606635 2393448
-4059588 4767804
-5330496 -9486054
3864297 -8648294
5904735 -5831042
-1029882 2000760
7475064 7007129
-5936388 -3452403
-7660840 3668042
7290206 568521
-4421348 -9434205
482620 6826974
4570671 7104241
-7734375 507002
1509262 1471299
-6135253 -4141378
3142779 -5581021
-5067075 -194841
-6326782 328635
4497593 8797222
-6685665 9577953
6585083 5984064
-7468339 -9210601
4457441 3165047
-6266431 7387173
7952968 1747647
-8909027 -8171427
8932815 -1564412
1458943 -1822004
9649295 -8801560
9573414 5484557
9903536 -6485958
-4164446 -4767455
5561181 7352814
-1333612 -7974876
-8396923 -7424874
8559190 1980723
2770123 704512
-6130440 3607203
994377 9743916
-5992084 -9880519
-8051946 -8536303
-7584362 7615241
-4206762 -9119131
4595661 -3609067
-8124510 7958885
3989280 -3314572
1917973 4295378
1648192 9824834
-8150042 -2520846
54281 -9685419
2295304 5969387
-3326100 -8870177
-2746621 7581779
-157952 -6940188
-6820707 8247756
2227805 -3633684
-6018443 -4872653
8524569 4643443
-8965624 -7708853
2766385 3120230
9805658 -7090134
-278403 -3244335
9096851 1723632
1719138 -8630211
4200722 -9053191
-567452 4289771
5419595 -3503973
6594158 -1377200
1682612 -7327026
3437082 8952558
-4681126 4861905
2505605 -4335113
2824683 -8183216
6624283 1030174
-5849596 3859059
-714722 -609332
6146333 6472415
-9287601 9006875
2893016 5243184
-1293655 2431537
9237661 -2906261
-3893882 655246
9278046 -2826392
-7637066 -7299724
4169187 960659
8338916 5800016
3981255 2004413
-3662451 844521
-8125305 -3194062
-9335002 -7038167
-5131147 8541452
5013867 -7533372
3989855 3531539
-8708925 -1757382
-9325845 -3117129
