207 5276686 -3730470
331
-3565300 -2970158
5062013 8570793
9771046 7097034
1869608 8155471
-6584862 6440279
9660498 -9317601
8191508 342578
-5882578 7047247
6599290 6634864
-1427910 -8666636
-6307749 7626675
5298187 -1279971
-5623754 1674309
-1456847 3601737
-8605224 -2215424
-2669230 -2670964
-4100171 -2170524
7442862 4909136
3064607 8187227
4627506 -687530
-7488779 -1003903
9338675 -3195643
6367956 3219081
-7629702 5972449
7305814 -4516402
-6889727 942388
9662417 -9001935
-4811273 8408460
-5473450 -5961337
-5660408 3731880
-8939084 -4078674
3750802 1670362
9095850 9477098
180677 1193664
3022487 2160457
-8843445 7324536
6645245 -1949940
3785494 3011582
-8499616 3013201
8496799 6155792
-2901820 8806198
2320615 4123425
-4951763 9276949
-6684388 25694
6273927 -425213
-1987535 -9828444
-5641729 -148805
-671707 4279619
7989636 -6545879
-1869069 2025323
-8133789 1012123
1578535 -712514
4815420 8511456
-5958991 7880381
4036173 6315804
-2361646 -7462192
-822415 3650705
2927654 2475322
-7498984 -3257825
-1166686 -1240381
-8552473 8774943
-1373861 6845780
1125399 -4194202
-740080 470784
5012459 -884965
2643510 7390851
9194689 6878670
5390126 6738398
4618779 -3473539
5358618 9431135
4485296 -8828695
-2661638 -7003028
-2011354 6179233
-7078592 2782369
4058340 -6993985
-8219042 -5728925
3633207 5505867
-8688334 -7076551
-4089414 -5241394
-3610006 -6912062
-9521211 -9076955
318068 1549856
-9195394 2189830
8716291 -4291806
7655682 -2060262
-8372605 4074909
-411766 -5342670
-9163437 -1034243
-8251874 7576880
-9417105 6274324
3061751 -1677182
-6171314 4880206
320007 -3305042
-6030084 -4859648
-1771710 -1253055
-7813657 -7123738
4426119 -8776569
3413261 2504411
728957 -2252923
5686815 -5354096
8720814 -1615361
-4441679 7314210
8796320 -1690952
8402280 8911237
-2298087 -9455554
-1132735 1501528
8898086 -9236336
-2541378 -4787697
-7130993 -781907
481391 1428538
4304801 -6386351
-5162920 2667734
-4827855 -8752728
-1005651 766693
5412597 5901102
6802094 7197517
-2971921 -3350237
-2524837 4876767
3788004 -4175601
8885198 -4122556
-104676 -8510083
4769933 -9731185
-4518882 -1206590
527855 4744907
8689798 -1649875
1963774 -8990754
3676980 -4489049
-3241777 -682794
2600251 1365477
9782932 -1731076
7982793 -1987152
-2821036 -898622
-6021855 -4989127
835272 4654127
3047923 282502
-5711229 -279530
-10715 -7056753
1736657 9058705
-3680036 5470403
6336880 -7735487
5790111 -4990238
520713 -9182994
134212 -8016556
3348921 7278936
8064213 -7265537
-6736336 -4351795
4749583 6047006
-8942121 442628
7613107 1244081
-8473417 -5590496
4129974 661031
3604278 8331706
-93237 6635612
-5377633 7857288
2638153 6226728
-8763510 -9040752
-8223746 -1571736
411708 1757204
-8447508 -5573181
9677634 6276982
-8074813 2133057
-1819936 5457650
8416630 -808877
-9564796 -8245705
-3836201 6029738
9207121 4478139
-4673803 2810126
-554262 2811399
-6814961 5232961
-6023959 -3415543
-2456295 5823192
6767809 -4787469
-513913 -8163688
8779483 9695869
5972851 -6445068
5687989 973469
-3568880 414391
9605514 -6131947
8138701 -5152250
3393840 2557070
9551561 6818852
-7854670 2600961
7928713 -5122242
-9889281 1591068
8175526 -8886248
-546703 -5913240
-8184356 8235583
2588247 -3778894
8433327 -6181917
-2626985 1367730
-7658800 -3077469
7336922 -6938995
9445410 -8711328
-3863578 -541212
4532210 7584111
-3080684 2046615
-5352424 4083771
8961529 -935354
3172067 5092641
-1277254 1588601
-1808287 -6136055
-7900472 8176043
6913501 7357
-3658207 -2795872
8571858 -2136820
4785711 3714808
6775813 3429410
4718082 -5361015
4097773 6221224
-3678313 3370857
-4582528 -1370017
5230106 3241003
-7694350 -7418600
7674042 4191636
8296589 5477717
9341662 -3603212
7089183 -3511698
-987988 3957542
-8838330 -3480964
4382216 5353805
-931387 2249881
-4320709 -832072
3806913 8360779
4582003 2913726
-3715417 -9578961
-8432626 3420042
-3338954 -5781593
-3200193 6797481
-6494531 -8516952
-522883 6990201
5903341 -8197942
-1709640 -8664869
-2190975 2992524
2027912 -181276
-4827471 -1029304
3736929 -3589871
5578057 -3242505
-4881726 1932572
7362650 -8098678
-7677639 2216629
-4363329 -6352767
-9618008 -6110264
3203569 -5185931
-3702883 9698152
6688353 6709038
8511096 -1709414
-374283 2591695
8100571 9317808
-863467 7434743
8921791 128484
-945035 4309062
-8933443 -4824928
7107644 7149374
9050696 -3815169
917812 4470295
633880 3889410
7779146 6554484
-8631447 1015873
714025 982715
-2308247 -9817977
-1527391 9918730
-4973223 8719201
8037009 8098327
-1950578 5643701
-4227815 -2826458
-8517395 -3028787
-5337363 -2656498
-5507124 5065514
3766698 -8229719
-1243072 -6456428
7432982 -5315490
3755346 9390809
-7076966 -2271520
1227547 5123900
5305923 -3846589
8588493 1435652
-7328795 -6221468
4393211 -6384729
9258972 -9291785
-2118243 4958985
4446550 7547509
-5108989 -8119286
-537419 9109187
-9120531 -616113
-4556189 -6770721
-9569859 -7847251
-8456442 5393146
-6878374 4185488
-8174260 6982944
-6863645 -3134474
817530 7131663
3426547 4241201
7856472 3488736
4196951 -9663889
5295096 7115444
-2820695 4595060
-1007873 -258353
-1149166 2070316
-8545797 8454708
4200339 -7753345
-5600595 9414366
4807512 -2853168
-8667680 8459315
5442260 445491
7311017 5674412
2806075 1094967
7852520 -9355101
4133635 8748975
1601438 5708992
-4659212 -9153062
5441999 -3103466
-845467 2520093
-5409591 6950478
5405186 521720
2768375 8560964
7975331 -7878123
-8214939 -315868
-9340200 2782843
5744686 -6882618
1308146 -1381588
9713379 -4427945
-3783045 -5885778
5379549 7565900
-4208756 2866942
3713881 -3019013
-3606127 1132033
6168478 -8327768
8622710 5548407
8586479 -9241112
1836204 -3455752
-1333875 1354854
