34 2850206 5757020
136
8323692 7510178
3231587 1664246
926143 3708471
5876636 -280416
-8437988 -3206641
-1550422 -8417215
14511 -4688308
673560 9457844
-8598329 64742
6444629 4175786
-179877 -8927242
3060792 6160942
-6558431 -2737627
9955108 -2890446
2476112 7946056
-2027414 -1771520
9892726 -6683843
-459020 -8795826
923758 -6664779
-7355068 -4582384
9516754 2485770
7797462 1094510
-6931294 -7952383
2112359 -9012626
5163160 -5529623
8059488 -8926660
7234282 7499635
7278360 1120280
746186 3192203
1138260 7233468
-4538052 5738651
9054808 1627198
-4652276 7871026
3722599 -1404212
-3470243 6271482
-8726396 6367531
9978393 -3953489
-1905872 1587419
-4908855 5563451
2550181 2722839
3796179 -9745694
270293 609669
4246301 -6453187
6739017 -2451346
-5217878 -5007513
3247490 -9606371
-5462821 -7239577
3147801 2302298
3414439 -115096
-3843614 -3129599
5754284 9944196
-4009293 9946343
-5949886 5732678
1296129 -3398813
9324026 -858741
-8088083 -6153690
-3027669 -4363443
-816630 2182211
9730865 -8781368
8727472 8438739
8832368 7029339
2306114 1974962
6793613 -6630452
3254452 -4546084
2324317 -7275596
-7331400 1927190
-5610115 -1921399
6327631 -8824341
-2223154 -1560001
97611 -9859887
6502775 -2899128
2737429 -5474120
6708091 -6524893
-5306261 -8079201
2875891 -1044692
8501000 5937563
-2087474 1708259
-2405841 807114
6261030 7222491
9946895 3364963
7808506 -8898301
-819699 -7384505
6307506 -7801609
-6845257 8024284
8164397 -5915648
1185224 -4231294
294586 4667173
658632 6439005
876156 9519030
-1525662 5352371
-6193713 -6247953
-2023341 9491690
298805 1718813
-8542344 5570818
-8547866 9076187
-9822113 3920903
-947250 9260640
3975383 -8125460
9898824 -4639744
-555392 -353522
-2068464 579574
7763099 3146184
-414811 8226123
7745153 -1578269
6290454 2977697
6729745 8735843
8227534 -9903259
-5668094 -5293596
2793574 -8957309
-9881122 -4210438
9710465 -3237940
8539052 -9703235
-7828695 -8720433
-3360177 -4969212
4677266 -7929870
-4833944 6084431
-769385 -7391197
3351278 -7070845
1350886 1332156
-5690146 -6387217
-7651374 -2358660
-2261918 3555951
778707 3092512
4135203 2069988
375903 6088633
-7149306 4254082
4550847 -7397280
-6117712 -8610254
-3579466 6722153
1308635 522111
9122895 3614153
-1260692 -1008957
1920198 -9130138
2202019 4606938
8219721 5787436
-6571224 -971775
