161 1439380 5934981
478
-7974463 5230943
-2954368 -8602926
-9074935 -4433886
-3854556 1280291
2977014 6735765
608143 6517627
7251178 5834928
5873394 7753648
-24997 161005
9845222 -7494372
9502620 62230
-2435241 8970146
328605 -3920810
-1904616 -8045525
3393855 913082
8660377 -5969635
7943792 5419392
3501859 -4293991
6986300 8868857
5604622 2163655
-8802366 -7520334
830947 -3787235
-6033586 8448813
-8873830 -3295659
-8273679 -3542231
6519999 3487744
2457891 -8771059
9824484 6601110
8555586 -7213504
-3784070 -9563780
6982937 1949441
9885186 -5123692
582317 4926729
3795586 -4096603
583404 -9915030
5080988 -8083439
-9354322 1781038
-7253797 -4088065
-4867371 7128444
-6413786 -6127627
-123530 -3141050
-9395756 2622565
-776324 -7665639
7637209 2945080
-4102348 -2220738
2245055 -6146861
-8754201 -7119411
323671 2130241
8033638 1828117
-5570561 6635609
8552170 -1382958
2914433 9510427
-4577637 1714201
-1157355 5660636
2049362 -6928656
-7553354 -5054789
7567777 4442184
-707103 -6949110
-1487678 9307805
9603419 -3069894
-6700403 4409974
-193084 1848474
6495068 -5454603
-1110134 -9869413
6766196 4528706
5662101 3319305
2829732 -2165281
9548920 -8907114
-730126 768447
-3643857 -9092083
-4146871 -8680764
-1722228 -1197210
-5629968 5937258
-2238585 7570669
7017127 2882355
9808681 -2635166
1729660 -9683275
7378474 -384403
-7737464 -1775272
5269787 -3731660
2103997 1545085
1896156 -6551760
-5458874 7450081
-1781471 -6038572
-5130655 3811000
-2353411 -2908976
5893814 -6761174
9176084 5924361
3495031 2780199
-4337446 9453851
9335037 512158
-6654765 7987587
-9880463 -6418950
1805778 3240061
9508401 -7617927
-3556490 9591917
-6959843 -5871250
-8421168 8339666
-7698906 -9902365
3908636 -7686287
-595263 -2829560
409266 4071577
-4062 7814904
595103 -7898297
4071906 6007321
9035832 -1225991
-3238404 3406944
6987994 4897419
-1862519 -3118867
-8220441 -8689876
-9097958 -2354118
-5709015 -1776931
-3437264 6458551
6556187 -4130183
-9300118 -8619818
-1449378 -7018825
7052752 104619
-9564125 1476241
-3905704 9565042
-1911284 1030978
9804987 -9833798
-3910502 -2875452
-7978033 9082936
8480421 5593844
6903969 159448
321683 -9740020
-9000598 322363
9297266 4612668
2998837 -9921510
-8541328 -1630195
1350980 3698719
6319690 -7474353
-3481760 -9079916
-9514873 6755566
-9697104 2612536
-4704910 -1426157
-1785257 -9892116
9190820 -6099059
9494785 -7246938
2912511 187593
-7036074 -1084894
1753821 5750546
-7120434 -6036672
6558170 -6432560
1937245 -1605245
4609826 533194
3058841 5804578
-758986 929516
-9798566 2093433
-5294031 -273859
816336 -9495669
3128567 -7482588
8934705 1547431
4300494 -5164261
5023332 945842
9860949 9729357
5479903 7987258
4466938 -5868878
-9785086 875821
9270576 1025108
4074655 2152160
-9526910 3880402
7326270 -2866504
9226930 -285896
1956598 7527705
548388 6449251
1483015 5289286
-3163282 6193307
-8970954 417720
-8636437 -8862788
3382921 6052378
-3444011 3740864
388338 -8620824
2254997 -8977073
-5435612 603253
5271765 1525573
7922327 8639043
8288891 5744855
7975311 5248597
-4707346 32173
8997777 -68091
-4778804 -1642606
-5449299 480792
3414865 2057914
-4288522 -4420253
4148478 -2705220
3551996 1610751
2989927 -9295533
4243746 6456686
-2940061 -4755076
-713151 8808134
-36471 4848056
-6890737 9725528
-2509523 -1747579
800946 -8915425
1016484 2783132
3656878 -201277
2795868 -1245968
3328298 723932
-1179969 -3789267
-3978135 9039776
650527 -7031491
6189328 9573861
6030547 6156806
-8598270 -7050573
4273913 5606839
-7028753 -6795069
-7069541 -5762557
-4993784 -3919489
-2834914 420937
5720421 5807162
8122238 697922
9451955 -8106349
2617583 918106
-354809 2780253
-5663618 -8562385
-5593876 5667056
5240917 -2496739
-6339932 3111805
6061232 -6212184
1911007 7578150
3299434 -7148503
-2911060 4882255
3479118 -1253755
9167182 -5388492
2935023 -9355796
-6141522 -2596045
-702393 1057261
-8024633 -6689567
-1392961 -8084810
5869157 -5863090
9803966 2943421
-9553318 -9724718
-4096561 -2438765
-6134597 6623102
-3282395 4481023
7332520 5776411
-6824982 -9982961
-1236716 6937813
-8450679 6654136
-185308 -9553181
-2149226 4484344
8057957 3673170
-500044 -335267
-5903724 2549676
6686586 8106995
-6433232 9965433
2757067 6490552
6568139 6529802
-4330743 1176858
-4342119 -9566457
-1273694 2386862
2403901 5506754
2444567 1901324
-8928188 3683537
4130356 3993888
-9005415 886504
7076026 4497483
6678568 1568894
-5881429 9092334
7199329 -9225156
3256630 -9194843
-187938 3282449
-187748 -3986303
7190556 -3619799
9330096 5481509
-9615277 5364789
871543 -1943598
2474078 2788624
8988513 -6683890
-173649 3545890
6948746 -4364778
2649057 -6662712
4906182 4024773
3117107 -672375
-7381178 1541105
-5137385 -7167211
-1368410 5875452
4405501 4674677
3571230 8443842
-3558297 1596057
9477199 -4582321
3474081 -3173574
2131402 348742
-3818795 -4051840
2010402 -6363732
-728510 6007556
9344844 -1040851
5500274 -8079453
1248172 -3232622
8308484 -8866267
-6033478 -3616654
-7741202 -6828901
362128 2598113
-6441693 -819348
3293061 6449710
-8132611 -7483637
-8140859 2770260
-6880997 -2142177
-3677665 3990544
7626812 -699792
7824116 8332737
-2708114 -3101698
-8664799 -314688
6452690 5308512
6442246 -4900275
1483072 -2722474
-7035023 2925120
8039585 -3741778
5438874 -4156543
-7706832 -8402107
6630608 -1268064
-8497804 6676909
-5465268 8489749
2480293 7137551
8954111 857067
-810195 -7376543
-7961889 -705421
8979891 -1001957
-5693444 -6626688
-9010610 -2051066
-2257188 -9251198
3673922 2472462
8730684 707790
6551247 1713508
-4172247 -3314089
5417847 1360767
-1962323 -7541639
-9051890 -563605
9090299 2572409
5945829 -4055244
-8915435 8044410
9855342 -4864366
-3349971 -6877323
9012341 8835233
-3215833 956585
-5778261 -9998269
-5009455 -2956668
7751122 412014
-7874478 -6278770
-7076507 -3181279
8179489 -9530373
5444340 8341340
-9705913 8733518
-6177721 6392450
4853558 9384386
-54851 9768108
7420094 -1545524
-5906495 -199509
-8847924 -5929876
-2456939 -6894154
5623930 -9547404
-2504072 1764801
4693167 3130827
-631591 7763402
-5417877 -664959
-195332 2291902
633242 5277964
-3472166 -4750992
4157810 -6556318
5344420 350114
-7365426 -8472279
-17803 -4710431
-2393588 -9945331
6641145 4075702
-302100 -1241511
-788915 6700558
-1534641 7838182
969010 -776635
-3013233 5674878
-4990081 -9662581
2629322 1568890
9363207 4814587
2579947 5778916
9222598 -4108959
-1242493 9254110
-9218169 4567019
2372940 1392082
-6036897 764028
7356082 2495705
-8745806 -9395752
7304806 -2946018
-5107835 -7018369
2204996 8286518
3961396 -1622473
-1285054 9191763
-6722995 8971316
-3697745 -8655732
-360463 5156564
3563958 8882203
652665 -8621513
-1538142 -7678535
3713547 1434496
4714876 -9165201
3330504 7676650
797250 2070958
1641292 -2898950
-7400967 -9381591
8904927 -950191
7427336 4804029
-3487856 -4617325
6870343 -3857717
-9997097 -7694499
-21582 -6827401
4571154 -357560
-6462720 -6457624
-4136159 -4776181
-825333 1999138
-4649711 2093741
-7713257 -6110457
-1523147 1197145
8298195 3083994
3702403 -9881855
-832045 -9102772
-1782391 -4876318
506357 -3404709
-4746074 -2753895
-7932041 -2623299
-6934348 -4743170
-2584378 2046377
5588753 7636806
5376977 952902
5468393 -8547406
-3937313 -5448356
-9042461 -9181318
2015828 -1650569
3949777 -565608
-447463 -7169625
6243956 -9831468
-4707786 1236844
348488 -5538435
-5775977 -1685077
5691624 5602414
-9140756 -3708018
8338359 1273628
-1089566 -9208781
1744121 3927112
-2103942 6803763
3871759 9728866
-9452451 3958746
-7691823 4829298
-5736310 2563377
5393752 -1225694
-1057162 -3667420
7569424 1637708
-1384374 -3248596
5066327 -2082088
-6479673 2839649
9131631 -6725696
4547932 6895923
7687142 -13658
-6086546 5974719
-4705166 -8052384
-8323518 1809512
-4231742 9166594
3995892 4740383
9820112 -9407213
-8116555 775935
7108515 -2269783
9367925 826283
94039 -2805709
-2371444 -9500097
-4144096 -4839633
-9048977 -6334765
3077510 7503887
-2509771 5498955
-6009974 -6718995
-4771379 1403683
5729548 -715139
-1548545 9421455
-3321809 4014158
-2876702 4963699
-4260366 -3501697
4228520 -993257
2349379 -7151851
-7441207 -3887202
9129053 -7556582
-2396215 187349
