462 8263935 -7875016
702
-3958187 4555391
-9049648 615241
1470403 -6841803
-1251766 -2263724
-8172935 4724072
3141223 -982934
-9639368 -866559
4519106 -3513733
-9523464 5096299
3525162 -597365
5714030 4115508
-1921646 2411711
3610685 -5019482
-4644491 9023298
-196415 -113614
6958129 -2519506
8095735 -1638250
1519947 7908482
-4355242 -7917509
6806563 2784534
-8198400 9988176
-8362031 -52214
-1049595 4678584
-225117 6157076
8076063 -573059
6058801 5816398
-1771891 -3693554
1286964 -5862845
5676805 -8161206
-5758467 6642474
6639320 -4519610
3842140 -8800338
9108144 4735055
-666102 7878440
662974 7269255
7257431 -3859539
-1395400 2464574
-2856842 1411752
-2431172 7555005
9498299 -565606
-4749208 8161244
-5532310 5557100
2210608 -4004747
-9649600 5754654
-5086520 -9596235
-4115844 -5408067
-4208405 4069152
-8679440 2242648
121088 7416092
4685347 654458
6794920 3300414
-4235012 -5540870
5870882 7915872
5470877 -4575501
-2624755 5956063
4117307 4969176
-6957371 -4857611
1137642 8584997
-3143997 -2230411
-1826646 1488042
-1403673 -5714164
8354988 -3426138
8816511 4387923
-5679633 9675548
330007 -8546049
4754366 1522066
5981196 9641279
73503 3035706
976557 -5631570
2840845 -4455620
3029909 8351802
6010543 -3041848
8059501 -1411110
-1125169 9664538
1152580 7431857
4234045 -435463
6138400 2265260
9169535 2589033
-5219066 -2528737
-1074786 -6510098
5011968 -2372707
9784924 6195932
-768361 -6490484
-9605702 -141573
-2080841 2724548
-6407297 3235144
2709648 3465420
4570662 9603246
9267784 -6714498
3233711 -6554507
-4473617 -7063283
5201977 -2532244
2573141 -8335217
-8347602 4371512
377766 7354075
7497720 -6906036
9289897 7906086
-8584398 7282644
9657423 -8962112
3762436 4326252
-2438604 -2423417
-8957997 7355139
-525262 2787397
6072899 -1870982
1574511 -1257478
-5804409 -693390
-709282 7100894
1282029 1913920
-3714568 -8136141
1734287 -4549221
-1455256 -820450
-2914364 -767993
-3485348 -9649007
3905233 -8982410
5343843 -3827925
-3734990 -2332331
7539161 5421591
-1791012 -2692986
5436032 9530251
-9210875 6798239
8621201 9526895
-855858 -5015283
6898637 -2088081
-224221 2942523
8393303 5700422
7396324 -8489934
742073 -3061953
9805392 -5518039
-4500449 -226923
5945153 3710625
3894646 3359746
-1218662 4726515
4549881 -6049841
-6519590 6990326
-3695082 -7497735
-7970839 -5730464
-8229395 -5073881
2838039 -6310345
6632178 1185594
-3113984 5130170
-843412 5025481
4479880 6798693
-8719346 2415013
-7811909 4285272
-9487751 9296557
2656304 649596
-4623889 4406896
8357055 -8562358
944320 9925993
-7571742 4353818
1139706 7249238
4691710 6973771
-9336574 -4573337
6612257 -9953899
5176271 7295605
2321086 6014626
2813319 6849211
-735776 9317319
3602591 4093973
-4093118 1452315
4618263 4114841
-8961911 8563186
2517180 9994375
2436720 1911496
-3734686 5977853
-4256557 -2618670
-5644898 -78628
5348035 -9564847
-9518746 -4981472
4830485 1960293
-2025081 -1826123
-4976912 9667924
8985243 -9211762
-2601437 4287313
8255980 2587834
9219027 3305445
-5615016 2874244
-4615029 -9742884
-5315035 -581484
-4603631 338043
7719373 950279
-9128348 1139813
-5908682 4590827
9609356 6219687
-9303668 7088925
7779154 -3043807
-3375883 -1328749
-8024159 5318595
-7877740 -4390640
713547 -8109244
-2287446 -9621760
-4231164 -7551074
-7293957 -5386110
4032406 -6329841
-3475446 -2608992
857639 1945128
5601293 -5756072
8834755 -5754357
2981683 9692611
-702112 960463
7916657 3678015
4865619 -2922957
-7604362 7057126
-7333513 -642188
-6235079 -5482102
7412490 -4103614
-1654688 1477475
-1392283 5697679
1884190 1051355
958715 -7359877
4585251 8408745
5169025 4332707
8578350 186544
-7604492 4003780
7480596 -5923615
7754401 1693396
1286791 -2086395
-5029269 -4863628
4494184 -3801219
-6766969 -2362782
3533604 775457
4769284 3161874
-1140447 -8121083
-4553376 -6622999
-3982875 3260095
1668840 -1078308
5770751 3118728
5821625 9354217
3357998 4349101
8425487 733485
4943233 -6645054
1268551 -1303760
-3651036 -3769975
-5054842 6239282
6392853 -9156852
-5865042 -1821810
-8659936 -7557191
6838078 8904242
-7718756 -7284031
-1507584 4801055
6239099 -9185279
-3550199 -9838743
9515474 2009850
-3641049 4787778
-4478737 -4610176
-8738878 7300790
8513382 -9535503
9210874 2529673
-8714692 -5137654
8221847 6672384
-5149426 194513
2637322 -7643195
-8738953 8706990
3939311 -8008247
6792808 6058643
6873364 -7568272
5109337 3031907
-4958243 -6676834
8110944 -2858837
2530988 -6082940
3734203 6148560
-870591 -3691538
8838136 2247585
7109932 -9143365
7529019 2639796
-7165691 5331779
204936 4895946
3602936 5471631
-20264 -6017665
-9959021 -2457752
-7509672 -3227456
2320803 6914343
2753861 7599665
-5259172 7362560
3795973 -6618842
9529718 -211832
6096631 -2469824
9777761 -8824521
-7967886 -2548881
-9909085 -595955
7252176 9561133
4457079 -7074776
913207 -2542888
1439448 -9423632
-9365032 -9107056
-9818160 1480427
-9088878 -6874704
-9275039 2502644
-7618444 3664984
7046142 7982141
-2229690 6177529
-6292295 -907788
267691 -6133059
1318060 6001819
-4594136 2299805
-5622710 -6074673
-3149449 5174393
-7368495 1350722
1927090 280110
1173054 -3412695
584084 -4921590
-9279942 -6128753
6373891 1495207
7676543 -8554981
1943512 8755447
-2550671 4722685
-6185103 9713822
6097115 1157034
9675205 4082588
8898745 9931527
-6143146 -4918930
2771815 -6723965
4626757 -6776243
3503868 5403320
4506978 9070199
-5851391 7193274
-8935479 -4908938
-897379 -5131333
8830038 -45236
-8773436 -3220836
4018201 773551
-6996275 -1324107
9832927 349450
-5567962 9100841
1548720 2024485
7105555 -6669217
9123171 5405575
8629332 -7606278
7797042 3749928
-4663520 2133200
-8157173 -5179628
-7572213 -7998559
-3129891 -7092652
-4621535 1530408
825925 8216499
-8493598 -3394971
5280922 -5155874
5193577 7026480
-1356327 -2369799
9654686 2141967
-2010897 -9807607
5597968 -723407
1670315 -2887726
3378554 4227301
8876853 -8016290
-3195918 8715034
-9283524 3236032
-1340267 -768131
3278630 -9897063
835788 4038198
-9356773 -5895445
-8534967 -5141457
-8114977 -1559499
6070702 -825038
-8683070 528696
721089 -1758259
34686 -8177615
-1065341 -3680942
3062711 -8294998
6205064 4829565
3544600 -5544084
7691949 -6990854
-5242632 -3222572
9396717 -3648318
2906232 552350
-2826743 232505
-2392600 3549459
4506312 -8845358
329605 -507577
-9978881 -6906634
1335107 -5837113
-4014728 742209
-422381 -8630206
5591148 4919931
-250504 5156682
9612598 1796212
-2678290 5810448
5104228 -179101
-1311067 2079078
5147780 -2982703
7249803 -8404835
-2339024 4837389
5992032 7373555
-3134021 -7832712
-4739345 -3678363
484524 -3112902
145659 6595762
481908 6469796
-6093921 2239630
-2603688 -3926944
7869268 -3828073
4498728 9525263
-653838 -4809021
-213591 -397044
6620254 8035096
9630261 7450542
2287931 -3613591
-6240036 -2708762
-8025122 -1720037
-2882048 625943
29394 -2764467
6347648 7602476
-3411376 2691405
-5068964 9345908
-4581035 494703
-817017 -5156300
-5631037 5804585
3511916 -6318289
3284667 3715126
1750222 -6701674
3265220 -7578727
-8675966 -6103165
-6295575 -4446849
3833115 -4916001
-1773706 -4320696
-4568811 3467419
1069896 772040
5979798 4295189
3641098 174872
3185928 -9089166
8270886 1576415
-2619000 -7631089
-3949378 -7360150
6354976 -9107083
6707595 1851641
-3210733 -9378450
7034737 -27185
5525966 -1886699
-4286348 3255515
8934819 -8124567
5342853 -3543701
7228339 6882360
1177550 8929101
-8379675 3208137
-3364677 7335000
-1088585 4806253
-308484 -5093790
-9937588 6292415
-298316 -1741510
-9889868 -1066260
-7928358 -3590721
-1101554 9415751
-2470948 9106379
2361894 6940765
8816198 -4240943
2215356 -6186935
3211778 -3324597
8120856 -8039953
-2315463 -5610672
-8275672 9741182
-2936213 4319860
1742422 -6847905
1960862 6755304
-4986206 -5678814
3254926 -8337453
-9411822 7640278
7056029 5326568
-3050700 -513375
-3572610 7101434
-7139509 1827546
-1843036 7759940
6951696 -2407801
-447754 -8631258
8274422 5072552
-2669914 7236783
-5927004 2515102
5667197 -3089774
-6334470 -1668230
2652957 -2371941
-709394 -8804324
1352307 -4092117
3750804 -7604863
1881762 -9075312
8026122 3216456
-4955998 825504
-1414556 3402965
-9004836 3200966
-2913940 -4462860
3126045 547411
-2215806 -4639518
7875584 2972483
9882709 -5626458
2705313 3542781
-8829159 6064591
7260268 -4641730
1266153 -7022201
7889288 -8871073
-7946385 7533309
749765 -228950
3112906 -9920262
-4000945 -1689880
-8488914 -8301649
9751843 -3005780
57983 -8886501
-3526019 2877888
-4149628 358529
4732072 -5650434
408699 8249433
4314025 -2562615
2795655 -5904108
9590044 -5909355
-4780428 6578160
-3372178 7479332
9766735 -2726813
-2647075 7377587
-4312293 2879641
4577992 3351981
2862553 9715146
-9171355 -3153812
9724076 -7079464
3279065 -2697374
-5831456 8090800
-1143414 -1988863
-2035126 4577244
8673136 -6829389
-2738744 -9239471
-144958 8263180
-1741135 2480828
9754015 6482864
-3623197 -1974400
-9094759 9623293
2975274 2064511
-5703991 -2000414
4845774 8354179
-8725285 -4875346
-5056368 -2913798
7693355 -2929868
-2402378 -8371471
-1277875 -3450059
-279448 5562496
-1160622 -2604739
8174794 6981808
-8021012 8694420
-2306364 -3566341
-3024389 -8266997
-8643704 4070439
-3865050 -2119148
-1603210 -3152078
-4797899 430959
-1928035 -6757436
-7154881 8993168
8579653 -4468050
9676831 -9461526
-2911585 -3822725
-8260229 -1601044
-1689431 -674681
8823479 -6904499
-8210079 9001715
7951726 -9197533
5051822 -516443
-6446003 -5072663
-4675458 6408119
5772393 -7794701
-4847389 3721332
6963897 3490847
-4999633 -4259072
-6210770 9809016
2863842 -6419980
-242705 -6533939
1865017 2468609
-8206072 -5986581
-2891080 -9824413
9177302 3133759
-3547422 -8584806
-6584897 7129029
4572718 -8495600
428871 9485452
-8309248 9897260
3618593 -3798735
9692112 9359715
-4899357 -6901158
5424210 -5307521
-9211148 -1110126
-5127713 -1711948
-9243339 546147
-2924082 6737305
-570756 5066941
-9282948 -3298809
-1883615 -8877102
768279 -2830370
-1325970 -5952160
-6466707 -4659002
-4761742 9102902
7820519 7740397
-383536 1373203
4472045 28983
-2762186 4717107
6123333 -103745
700659 -1973334
1089166 3511973
249278 -6026328
9040613 8165084
7382627 2194874
3317772 2274017
9443647 8015364
-7936795 -5913948
-8056598 -9365970
2253284 -4403502
5853247 9698012
1071216 73803
2619138 -4530289
2703170 8059613
-9527779 9856952
-2116381 -8657144
4854829 1172880
5146553 1489137
-345779 7620459
-184667 -3296482
8977536 -2963151
-4947787 -6866895
9735509 937535
1571565 9631770
7744620 -8321089
-8623076 6341201
-3584996 3597867
1583930 2448140
-6975895 1550494
1407447 -5712899
8146309 -6503674
4669207 1807418
-6703445 3001138
621597 -7667888
-8448018 -4532872
-4979671 -9563070
6086387 3045870
-6016594 72543
-7779335 5821897
7500808 -1928677
-5587475 9965286
-3920495 1394084
-6157776 -6656119
4894376 7663436
4466889 9382682
-7120992 -3698177
625593 2613198
-4385664 64567
-5086969 3922148
9389276 -1247715
-8294433 -3534986
9510884 6925958
-3001499 7791954
-3869797 6010642
-5918034 -8264482
-8299196 6147364
-2458552 -8989157
-5645276 -2219690
7960098 -6099975
-6717293 1765452
583627 2426987
7556537 -3838285
-1257365 -8790780
-2352280 5687225
-5560490 3655666
-9879320 9553349
6479307 8661429
6453383 2147917
-1841441 5994160
7729678 5099939
1247303 -5243123
-4232280 9430483
9727145 8788751
-7311224 -7361203
4404249 7687243
-7369418 -4028517
-5350449 -5012123
8713449 -9812881
5874344 3392186
-2952148 -3638830
-4085481 -9686146
8975283 -2831467
1832802 -7606174
8387986 -2054982
-6955043 9991361
7264591 -1365984
-1935501 4292260
3081012 5548663
703812 -9692004
7995239 5769788
4257624 -4891938
-7387709 -9374179
-9187060 8907175
2299361 -8674260
-2313090 -796364
-482510 9347213
9032098 -3882219
-1488393 -8990875
-8529504 864900
-6627386 9415945
-9433686 -5484547
1324066 3153557
-8781428 -1369187
-1061190 6921430
2691218 1922385
7030447 9450401
2592575 9465194
8372369 2159090
3484830 -4078133
5125504 -6811918
5051648 3688093
9805874 7159346
8168472 4083746
7464999 -9166166
