35 -3546159 5578718
127
3934741 5638040
8680094 6658196
2382930 -5053251
6761921 6071229
7067773 8454673
540955 830577
-5270241 -1315740
-7461801 1638307
6446725 8864451
-4544464 7747690
1540347 -4928716
5532822 -2367032
3806778 -9840335
-9581224 5533720
4503913 6131905
-5713703 -1486154
-4827957 -1561346
3385404 5482743
1553972 71325
-8957650 147325
3494254 -8861903
-177642 1583305
5737964 8224014
7088465 2360557
-7375401 2184689
-227674 -7455999
-7306678 -3318702
-3159037 7821500
3355220 -983548
7664709 9776091
-9193710 -9624515
-1185861 4467358
-49899 -4021667
-1433990 -7800457
-5136780 4020426
-2325125 -391640
3708017 8357475
6581489 13585
4890494 -554018
-8369329 -3813694
-8753341 7515093
6712743 -6080651
-8259151 6456333
7989138 -6446294
5846150 5096069
-2012094 5653847
121206 6652440
5147125 6802046
1517941 2587659
-3391915 -6286865
-4162153 -1102486
-2745011 -3200687
6812898 9545864
-1008154 6352830
5055488 1703393
-8265162 -6861130
-2941781 6302147
-4725167 8447582
4517640 -1200931
6411490 -6736029
1434170 -7119858
9532582 -5600603
3717795 -8444624
-3340612 -2803941
909194 -4764264
4133250 -4216175
2583138 6747041
-1190742 3904591
-7226227 -8087611
3615782 7801104
3456326 7829261
-3352239 -2133028
8830906 -9485454
-8170033 -5561054
-2297083 -4135101
-1254959 757809
5157206 9137087
3208816 -9206024
-2009965 -8608647
-3372910 2384556
8168381 8899230
-1837377 3276692
9697636 751520
-4819739 6971881
-2710662 -7528591
2817023 1312395
9179367 -9254336
3776562 1981136
-1063566 526626
6391525 -1877119
8880691 -844297
-9190858 -4863434
-4069458 -3445751
-2054397 4017958
8918866 -3563070
7852512 -2910955
2882089 7087248
-9644880 -3984865
5503369 2579725
-2432513 -4464619
6847776 -7207293
6054723 2900862
-5118002 -1456505
9070121 -7652362
470519 -3665216
5490487 5461646
3114565 -8132438
-1578188 6299629
-7166060 1561459
7998389 -1116233
5972812 -8247194
1356406 5850901
4382389 -8628747
3950979 1711526
-236741 -7597890
-4805183 -8481534
4419328 -3388965
-2329117 3765892
-1370118 1817678
668814 -3258996
4719003 9100402
3484316 -3840699
-7541070 -9650080
-5572269 4422480
-6693753 7809222
9562029 4942473
793374 1795411
