88 -1055382 9958907
206
4174956 8009364
331913 3000892
-2501599 -6705097
7928603 3506966
-9259412 7082418
-3206988 1930422
-1675289 9789384
3263950 6156136
3292022 7157047
6848731 510240
-8304459 4425542
-9402582 -6328727
7261131 1972666
2061696 -3620208
5324410 5357688
3367052 2020603
7537848 -7984282
7826973 6215318
-7761364 -4963751
4635019 5755576
-9797650 5495577
-2198687 3944383
100519 -1472939
8200460 -8934737
-5908145 5908894
334436 -2434457
1236816 -4212603
276415 931854
-172002 -8985700
6371988 -7661889
-3124934 -4847592
-2831874 -7744607
987063 -5587086
-8034485 -5004901
3267027 -4257949
3753980 6600534
544917 3469377
4512790 -8444707
-7379443 3161789
-929317 2713251
2795146 9228764
7532513 9405119
-7146675 -5968037
7562615 -2191072
147039 2681324
350084 3934603
-1293652 7022106
-8564980 34563
-2453986 2209763
7951815 -6599464
-9998930 -9186958
-3201229 1705795
3261089 -6937660
6224129 -8688438
-3458835 -1602002
-2373238 7811164
-267365 9336311
5884626 -4840724
-4515444 -4897688
7783636 3447241
9898197 5631596
2653702 -9349927
684636 -1395455
3330661 4088722
5610 747002
1560044 1282476
5504623 -7476967
-4414627 875168
2186730 -8717936
-7803586 4325854
-5346630 8727895
580558 -7660471
-9984843 4386005
9488317 -3534815
9912426 -4500287
-8868691 -211694
438379 2326975
3447873 3785011
-9609914 3639367
-5613631 -3221466
8061010 -7087952
-4564919 -1537234
9337934 -3918015
-2635950 -6463194
7862660 -5958984
5285263 -439536
-5583655 -7483970
-581613 -4134179
2331006 -5568498
-68784 -1093295
1211363 -5240215
7086760 1062525
7363889 -8350258
-2194539 534633
-170481 7753975
-9333977 -5291818
-4312700 -9593119
-3511133 8617457
-7845737 -4974766
-933750 -3630731
-1553915 2533276
-2434342 -5648487
-7266313 2862431
7293933 6984046
8407103 5064693
2340830 -2774851
8287675 -381534
-6215440 -8056057
-5005072 5651564
-4078109 1590021
-1185445 4824448
5231329 9104266
7721723 4501856
2043442 -8279804
-9394183 9875987
-5074385 3626045
493910 -948097
-8085666 2491273
-524681 3227597
-9191357 1724619
8949769 -2117578
7500888 3149473
-2390232 -246204
7921712 -8714552
-4608179 2604697
-2570855 -6156397
5464221 4206377
-8775415 5176826
6897023 -4297703
8094636 3268027
-3105928 7502840
9071095 -6979749
5511524 7387983
-6868068 3501781
-4773599 -5013156
2869266 -6059425
-393599 -5823830
-3553682 -7113493
6688307 7216169
-7662782 -5631970
-9272015 -7919871
-1197142 -233637
-5056810 6192206
-8105497 27443
5811822 4356565
-5624243 9989139
-6990610 5222247
-4873418 5963205
-535014 8520915
6024111 -1741486
-5284558 4691387
1383909 -8590271
-5703764 4321843
-5945636 7830227
-7801743 -9015456
5581025 -3608417
-1325702 -7073758
1634801 6900235
9444030 3617488
-9509595 -3954344
-3965204 5255852
-7005549 7382515
3345720 -8439462
2597805 -1878967
6379548 -7189294
18446 -1378084
31646 3611342
-2066815 -8597645
1748935 -3155766
-9654870 1987549
895484 -3536456
-8093861 -1557493
-4657258 9569783
-4296377 3540940
9586596 -5213228
2558977 -3805971
6092896 8137744
2214635 5553428
-6325538 -561384
-5234326 -5187560
3434357 2570362
-3818296 4784120
-1297172 5982355
-7173411 -3368759
1135142 -9548237
9431659 5688072
-5869421 -7969373
-8399590 -8662202
-2604910 -526678
-3223554 9820385
-3985586 9498039
152135 9335423
4888852 -7892690
-5937722 -7633230
-2820789 8563314
-6349972 -1172047
-6387927 3129920
-887725 -7651916
-1020675 -5168747
7799368 -5544784
2659640 -9885533
4661446 7231028
1085178 6790220
8779894 -1221792
-1401406 996621
-6988988 -4443660
