224 -5884189 4324557
226
5753943 6726539
6070355 -3701165
814473 4832514
1898248 -6818560
-821173 -5315048
7911877 2781230
5450395 -42972
7333074 -8413492
9395445 -5783085
-6191168 4704107
-8177069 -7289481
-8446142 -6334153
9660826 -181338
5421397 4909462
9025273 -9032949
7693591 -254046
6044790 -2704432
-7871918 -3719702
-538262 9375615
6576919 4026330
-3192440 1156918
-8886054 4488797
-1408343 4774308
1507575 963373
-4332520 -2012898
-6786026 5316407
1498606 -9993237
-7658223 7284184
2193646 1159432
-5357164 7763174
-2490871 -6264729
1030839 -7663573
-1383275 6070271
5445886 3158922
-2814748 594816
-8248266 2022805
9027954 -3490835
-8716527 -7134320
3829053 -2380388
-1876934 -4692600
-9376193 9496533
2019649 1337040
-8862424 -5361235
5798197 4361426
2124601 -4152426
-417155 -9558967
5293812 2150082
-1779647 -9386315
3772607 6426890
-2978294 6182591
-9278252 3474211
9983376 -8710208
-5844528 9749703
-2630685 3783201
9090601 500878
-7486237 -1991267
1862126 2230760
-614123 4533412
-8588809 2999702
8847277 -4815925
8141460 3535792
8202226 -9053526
-8439841 -4048375
4894867 -3577421
-7394830 5332766
-1193022 4432925
5722717 5843270
5592973 -8693294
-2393740 9878189
379067 5478640
-6512626 -3303139
1443974 2892831
9942595 5349500
-9134446 -9170149
8530278 -8646214
-2594070 2229183
3175658 -811909
-2343932 -4391844
2030735 4735817
-7415064 -7449065
6983860 -2847743
-7004472 -6091734
7731324 2706577
-4898882 1104853
9099846 -4662416
2034446 -2003462
-9110631 -7412780
453072 5994772
-659025 3348316
4702103 -6165022
6064162 -2128746
-424303 -7891967
-2283810 -760180
6491989 7231765
9782700 2263277
9415535 1593277
-1982105 6766560
-8010511 4927415
8548620 -4250780
1086804 -2909393
-2396503 7648466
2752038 5637602
1632374 -1507134
4357535 -6794890
-2959911 -9026650
-8639044 -940362
-6315977 5620603
-5139577 936653
-1831582 1400213
6179843 3868764
7978394 -9532530
-249618 -1888270
-6960855 -4003711
1745509 1739871
1346830 -8412235
1752584 -7167686
8469916 8950328
9959546 -5495378
-2290267 -7381357
6108345 4317081
5893071 -2733826
-7113223 -14347
-9077694 9577095
-6506340 -9736448
-3351332 -8392924
-7925454 9673503
-2214767 -5372938
-6860296 1824928
-6435201 824378
-5071504 4885213
233879 -2572019
-3621691 -802568
3702054 -8779852
6355143 8854208
-4312359 3928139
-8805687 2463488
-7550859 -8419287
-8842192 6597442
6860994 5887799
7494875 -5348532
-5675028 6026015
-9346923 9569421
1394349 2110205
5450936 -6207219
1194347 -2524500
4903481 2895784
-7906784 -8571774
5164726 3798143
-4831297 5795270
-7760238 1519869
6499709 856344
2437057 5950427
2547870 8948850
4836649 3594865
762686 -8074784
7951231 -5152124
-5582703 -2395990
9714215 1120661
-2570206 -1672002
5803498 -2318497
-9422713 1140493
-4914928 -6776668
-462173 5186855
-6501522 -9750202
1769668 4706530
-4437126 -4261760
-8311333 -1730623
9734580 516284
6627501 -3247111
-8805542 -2912419
1935458 -2609813
4994197 1662041
5299054 -1130893
7197106 -2775235
-2577380 -7271151
-3614306 -4483044
-1259712 -9483740
5703115 1470766
1720565 794467
-4499003 9201593
7456185 6006585
6792314 -6419776
-3387140 1661205
930446 -956754
6130828 -6759639
-6853099 2124904
6303298 -9417362
-8031903 657450
398567 1602352
-3152447 9165203
7198512 7821188
8337448 3233248
-5295986 8455152
-750380 4040563
-4241491 -1059069
-5052484 -2733031
-6636455 5731046
-2607749 4256183
-6700571 -23595
3216767 8322698
-7036046 1946609
-4954401 -1119980
9537470 9267252
869605 -2986303
8695252 -63962
-2242774 7717158
-6533242 -1589884
-3134731 8611026
2651589 -1829227
7111704 -1368759
5898210 926450
-3342503 4575573
-1168244 1778108
-8245487 4049748
-5111202 -5352463
-889501 -2512368
6367652 -9630895
9636357 -3327550
-3797501 5905123
8357513 -6977686
3255825 -5102248
-4175780 8631091
7242117 6722583
-5106644 2689489
3837082 -106294
3336509 4521413
