57 -8514977 7720679
968
4594540 1518011
-6143186 -1004750
-3009461 7390660
7069985 -5611167
-1093681 -2906124
6460546 4673590
3878207 7769156
-3562169 -4853393
-2511809 5664135
-1716355 1094612
2430188 5669395
-3109964 -4144283
4563971 8181626
5689493 2576067
-3422558 -3712710
7805301 -4073476
4921775 -8828018
1078995 -8337885
8567300 4428666
-8477458 -1851020
5338923 -2526381
7759128 499441
5646048 -782870
7397618 -5803041
-2192077 5650591
-6163661 -4318737
1536980 2754463
936089 726375
5818794 8617303
-5095407 -3374418
-4931542 -7603764
6084570 5226247
-595286 2506585
-3064748 -2836435
5312546 -2027985
-2038014 -9025854
-6010061 -6832179
-5098697 -4278886
-7565575 2152339
-2197069 -7701079
-2019816 242348
-7003189 -5844378
4881997 2033516
-6832829 -3550748
-4408814 700791
3097027 -1928235
5814364 659645
-6833770 -818403
-1138485 -4780922
3191093 -7382166
6108333 6690413
9858234 3669432
9390546 -9901728
2250612 -5240463
-2941541 -8175028
-5416328 2569895
6725517 -2445005
2104864 -9903164
-3453912 1607514
4824657 5272035
5860152 2137275
-7203080 -2078316
-380367 1674516
-590053 8479502
3613689 997500
-2312087 5117392
-1213176 -277978
-179706 -9937501
-5177963 -9306277
5035047 -7929094
4640801 -5603152
-5531805 9618719
2231907 1366318
5490184 6573059
-5638553 8777996
-6568377 314841
752877 -9778401
-5587532 8744895
7224397 2888863
-6113637 3822415
-1060193 -6645562
3076460 -5909371
-5846872 242984
936707 -7103245
7484013 -8508483
8404717 -4028246
8106825 -5358833
-1476163 -7127087
1962324 338733
-883271 -5985978
-3154785 6323771
6545371 -4935296
-6190401 7598093
-6996692 3474191
-2703394 3550348
6904787 -3110329
-6503348 -1247235
8995749 -18753
-4605646 -9833867
-8342350 -7551192
-1579438 -7121632
-2480465 -9937632
5451633 -3472612
6866121 6043372
2573746 -2586043
6254081 8499202
-6436094 9418962
-466593 -4684196
8789995 -2626495
-9076147 2536715
1942738 -3913399
-2644282 344992
-9673760 5439391
5605524 8867820
-8683372 8236946
-8884686 -220474
-158106 -262809
-1219069 -8848799
7194574 7809879
-4776163 8163404
6662606 -7715328
-8296366 -8522082
9310074 2742864
2632721 1237041
-6226244 8100069
6703022 -3927074
6417919 5716495
-6327762 -5941260
5442912 -739489
-2502543 1794114
-8426360 6759541
9013084 -8870876
-7719675 -6068113
-8258234 -2205985
8473771 1991251
4275924 9481955
3476225 -2347271
-9604407 5979558
9732952 2786299
886368 -4455334
1617592 6023060
-5744093 -2410610
-5835517 -9448137
-187626 -2071855
9722259 9607395
-1116712 -173816
955308 3812252
7744139 -2103628
-1793261 3235633
-4773115 2002257
1484213 -3319490
4333239 2019161
-9484929 7476790
263090 4728832
2789850 -9751977
6271084 3665810
3771553 -5592557
7475658 -9473009
-9028511 452388
59783 -2711967
7114217 3210100
-2977648 1459424
9355796 -9414123
3821510 7282843
-714899 -2437464
4243046 1564747
6100260 3285666
762456 -8907362
-1662178 6615332
-620293 3541898
-2792291 -8872327
-4464884 -4349209
8694135 3495614
-6051998 -6989226
-7184841 2181976
-4607924 -3475863
7983561 2445728
3031605 -5069219
-7786376 7339358
7418246 9369468
-6549433 -5984923
-182905 -5822356
-4729718 9550828
6166160 3095904
-3362198 3608105
4735778 -4454133
-6286989 -3638137
2373829 2787246
-1685628 4923498
9621826 6321831
-7154031 -6354116
6091612 -4986098
-7538965 3345882
685240 -8360430
3525390 7191012
-8793911 -9380162
-5202517 6975957
-956863 -6460463
6635441 67765
6192222 -4790703
-6728483 5789595
-7848541 -6555648
6231598 9500880
4424378 -2958360
-6636528 7062323
-9291793 4046204
1576458 8725793
2071675 -683829
-6527907 -3446154
-6255142 5273268
-1590542 6997483
-3510207 -5049053
-1509516 3206941
5791059 5532930
3258580 7642277
3431873 1983281
-2056014 -953551
-1452671 -1900316
5141324 -5824416
3754259 5488059
-7949385 8504796
-253059 4462466
6294990 -3856575
2697271 4334969
-391763 9767083
-719081 6442129
3909429 534047
-6259011 5770712
-6180006 4916265
2558543 2048400
6548033 -405074
8641375 -4009584
4090100 -5507981
-8816044 9705056
5193115 -768576
-9747427 4938215
-599318 -239918
5903508 -7484134
6850835 8212024
7979107 -8882869
7559261 8975424
-490528 -2739974
5547090 -6014958
8901307 -4233187
7815213 9367085
-1037989 1459850
-33382 4363246
1371618 -9880261
9824795 -5943282
-4195505 2555574
-2506211 -2465737
7294345 8573420
-8910714 -589177
-2377153 -4285795
-3168663 456474
-568102 8118307
7894685 6906950
-9108008 1457722
7224535 3441776
-4674787 9793299
-6230498 -2443900
4435699 -3196424
-3076685 3736120
309191 -4192683
879243 -3251889
4282374 6113686
-2796542 8373032
-9699792 -5906929
-192723 -9190904
1265570 -9560593
8557714 6638614
3545564 3213821
7187895 -1031248
-7589472 -3046092
-3252793 4412431
4484883 -9747907
-2944331 516709
6769182 -1079418
-2755749 3978985
3243448 -2921627
5708411 8123494
-987121 -9957826
-5864755 -7088131
-6279035 -8170561
4785198 -3541126
-6902512 -2497112
3233061 3342913
4828017 -840596
-1370336 420956
7349739 7238545
7490638 5376872
8409933 1834623
3271557 7062659
-6442004 -2304533
4773840 3032161
1155655 6801444
-640030 482251
-4089528 2684886
-2969323 -3988432
2470442 -7852210
-7832970 -8184124
-2324859 -1915717
7243687 5400091
-4178953 -7496842
2258055 -4126648
3766576 5687139
-2478238 -7734955
9327704 -5307139
2388329 3309671
-3658168 -7114299
2203497 9678521
-7322875 13840
5215078 -8436532
-2424964 -1412403
-6748261 -7754244
-5938368 2561830
-9353887 -4581231
-9181140 -5746875
-3243717 406153
-1204143 9156260
4843399 9014338
-8720617 5078785
9771646 4881513
-1808816 3123439
6009140 -5323673
-5645151 -2950631
7063209 -9271010
4808810 -2968026
5619571 -5205361
-2959605 4900198
-2537972 8871311
6806432 -6381621
-2128496 -1891858
8514295 7625293
-702095 -2855861
8674829 9826504
4905289 6657656
1539169 9954212
3077652 4676935
9353263 2246705
1812426 -8396856
-7667866 6224464
-6743562 -1124365
3670275 7140944
2041142 1392361
-7219976 3227022
-638246 2019523
-9872335 9586457
-271898 7233258
6893750 1158312
984816 1542359
-1799985 5568579
-1960856 8406457
3083392 2255536
7018593 -8883204
5236292 -5046993
3693823 -1168980
223007 7568427
-2774277 -533387
-9141025 6409634
-363343 1783218
-6197259 6155351
-1741840 8998411
-1251979 6446758
-9878578 502614
-7955027 8158123
3726703 -6377410
-7970953 -7238660
-2466772 -8234153
5398995 -2371209
-4901849 -5448178
-4100806 635287
-9279934 8791974
-1741412 6122201
2531836 -9537858
-5238288 -8366085
7789266 4684845
3683256 -8919195
7527563 8563779
-933607 4947629
-4377895 165337
3787927 -6372281
8905411 9348808
3631007 -1666674
5962117 -3561360
990462 -969998
2181641 3576620
2368595 6889656
-4471791 -4581940
-4119798 3143535
4777450 8060045
2744890 -6841734
-5760929 -4916932
-6353153 8944498
-3591520 4282986
-5551677 -4770407
-1142688 2030585
-6104255 752602
9085928 -2237277
4201363 7526752
9073106 -2435603
3657370 7708177
-2885815 1254747
-810841 -3974035
1685852 2642395
-6781208 5069361
743979 -3536698
1546370 -1519965
9940885 4983050
-733964 -2290430
2939163 -3650635
896302 -3769289
6983313 4312827
-7924450 4792047
2318799 -1414407
-1333657 -1206734
-3498557 1391905
5163005 -7676287
-9133970 -3868019
1290728 -5647836
1937878 2551882
1531536 4509520
5505907 -7318143
181260 5594258
-6696172 5446793
-8203842 1963648
8194360 -1240657
-6927830 -4791187
-9999140 -2305975
-1204029 -4852279
-3542661 -5163988
-1255731 7462314
2302379 2958782
1607115 -6092726
-9224209 3168409
8236643 -7102157
-76284 2713669
-2088122 -231821
-4637563 7945975
3392768 8093138
56787 -8817382
-58039 -2294721
2914092 -1748853
-1538476 3014132
678205 2914952
7750964 7257495
-2763839 7135544
-7389322 -3504766
-7081140 9538540
-4776699 -3265854
-7851659 -6305349
6408320 -6540056
-4255525 2072057
-7465615 6836551
4929689 -6376735
-5194117 5927153
-6367568 7502828
-4246025 -2735804
2794680 6546524
-8022171 -3268148
-6010653 -6527115
3124781 2245145
1256731 -6258139
-6719599 -1748188
4985958 4175592
386595 -8979945
6996351 7134299
-8277291 9311268
6147819 5257179
8880444 -5742906
-9815753 1077508
-1419663 6202679
-6533125 6333032
-4604092 -3149336
-3901132 6261556
2250793 -2626263
2135235 88216
-3653571 7891927
-3856261 -6608034
83910 -7856818
-6836763 3646049
780348 -9529494
9781774 2675941
-2066880 -4980591
-723497 5929593
9523453 -3186436
5532595 -8022897
826487 -1896210
-2529193 8999470
-2222622 6222395
-6403867 3569675
6174243 -9971828
436451 5731368
1639686 -7479328
7180207 6580190
226239 -8276403
-7805897 -9656556
-4464263 3522939
8542349 -8024123
421822 3468857
2798773 -9664796
-7687693 -54725
565418 -1668632
9847191 3138794
-8122458 8036225
-5877748 -2375431
-9830907 7990027
-3762253 2812848
-2150128 605544
-2814266 7877433
9601030 -4969921
7889876 -71675
-6548735 4311485
6287362 -6574387
-589177 -8006386
4845170 -3290816
-829188 4725948
5573669 7157478
-7187376 9736230
288807 5420860
-6954571 7206518
5196545 4411059
9740259 -6785477
-3663581 -8565708
9311726 -2409868
-4863437 3522154
5966831 1429108
-4259406 -6973561
8968405 9418096
3928062 4544308
3769845 -1620772
-6894824 -1226767
8447063 -7059343
-7323113 1195197
-3383943 3776039
982558 -4517954
9893105 -7822161
7908714 -3820897
-9870252 2149717
9739849 -5754867
7767287 9441474
-6613066 -5123588
-9580796 3734119
-4331433 -872472
-6328163 9387609
-9716811 2112982
-9113785 -41966
2898691 -6611635
-2900085 1849630
8142021 -1908070
3573976 3715972
5893811 -875421
-2179965 -4016567
8133150 3802525
8047659 -2050217
9907609 389351
5265764 -1668702
4581769 -6705457
-5061576 -1798680
-2411071 2766689
-5120329 -1389739
1084647 -2127882
-6223165 8282238
131868 -6016662
2075268 876750
7109075 -1726111
-85179 8165596
-5850971 3002886
9321764 251208
8200991 -7717820
-4812117 7369423
8217073 624952
3919495 2969999
-8828681 2798843
8081884 8857919
9984532 -1239752
-851282 -7038445
-8756207 1069179
-2431131 -4558094
6318656 -6107987
-5317746 2160489
326085 -4055917
8946970 4597075
7364635 -3008533
-8210001 785086
-1845491 5565626
8706930 -3022118
9947882 8887934
-5796871 -4857222
-5999303 -8880799
-7604198 -7714987
-4753432 6501582
-9912887 1544520
-497222 9006713
5415078 -2344017
2332824 8337787
-5718130 -9902667
-2789240 5175262
-7833271 5745192
-3469722 -5424604
2657374 -6043272
934610 -2798861
-3910926 1364305
6507083 -6601156
-5481954 292203
-4906431 3024132
-7957934 -3086152
974720 -7143511
-8136797 -7870820
-7698485 2993851
1331638 7278281
-108034 4634339
-7674047 5613508
1358701 7102727
-8321877 -5507318
-9034238 7888979
-4909881 -3148151
8216154 1900373
5299217 -6304455
-3495900 -2760411
-9736278 2333615
1763815 1597669
4454159 4822140
6951320 5254888
-1751261 -1166286
-3888005 1769187
8919879 2096729
-2289763 -1479686
-4376959 -8754168
-4261485 1585290
-8009378 9817516
-3330635 -3295723
1121002 9597093
-6707362 7401872
7157813 8936572
1270187 -203262
-8605592 -62113
-5239972 5550355
805243 -1635081
7198633 -8288652
3480536 1570334
-6332937 5826980
-5652706 -5083233
-3837401 1377300
5478943 -7513313
-7695797 1901114
1121744 7469565
-416990 -8510079
1408145 -7757254
3695670 2875648
5188738 -1434042
8503846 7482210
3032565 -900502
7464417 -6736126
7491574 -6162192
-2075506 -2820598
-6993617 -6511538
-1594771 1591557
5485209 9870029
-7643283 4567829
8985295 964152
-9049931 7177272
1183545 107039
-5133862 533079
5925079 -7408310
1157649 8561808
6044018 1113818
2729668 -7822153
-4558279 -8407065
7947095 194086
-110160 5449647
1454462 -4128411
7463146 2896223
-4717395 9859691
-3056128 -4535292
-1054788 -9844326
7332946 -4070832
-1447441 -7588366
-4538935 -1483508
1108182 -4064951
-5503142 -8613855
-4983685 4782183
6960030 3057228
-2833484 7745983
-9543579 4918103
367751 -4886389
985201 346262
5758837 -8177787
4198256 -9035301
8945759 -8958558
-8802884 -8857871
9587649 -2109028
302606 1046415
2079259 -1859792
-3408390 5763671
-333832 -6812559
485977 -6395180
6662048 -2801165
-5055181 -2553993
-7635889 6344916
-8541472 7917592
-9219794 -4751786
9586779 -5039919
8441132 6539044
96838 -3698613
-2556484 7386892
7794216 -6189693
-2626926 9547517
-9795922 -9386826
-1106803 9452333
-7360226 -3204312
400508 1075718
8274553 -4357897
3088111 9578908
5923825 -6780628
3653317 -2031426
-4266860 -101295
-2624862 4433523
972567 7836271
-5862342 -4183730
5719514 3585758
-87583 -5902473
-6354956 -3969918
9159608 7285491
6737824 6365474
-6838838 -1947194
1644876 1893950
7536054 -3921978
-4343069 -80571
-4344846 624165
1109091 4097108
-6004187 9308471
3741994 -641417
-2805146 1370951
-296427 7230914
-6666976 1332512
-2053609 7939440
-6030478 3245441
530932 1591436
-9526738 -6870869
-6301711 9785108
1679058 -6365575
-287553 5343165
7778946 -784888
2355629 -2114270
-8017162 -6565900
-7257429 5981072
-4660345 8495003
-7617694 -999082
8748184 2534509
6383374 2085880
25320 -7918792
-2156999 -5670235
-1562447 -3488806
-359675 890285
675393 -1089184
-4938407 -4145034
-8801869 -7645549
-5914084 -2709608
5176123 8977078
4927530 -1042103
-5061030 7158961
-1829683 186454
9187372 278625
5329487 552623
5154855 451908
-4950532 -5770787
-8924670 -4819825
-5792278 2892469
6299106 -487116
940052 3848047
2219366 -3025501
-8154698 6001645
-6707963 -4066151
-5089073 -4068782
4889116 984512
-9340174 2354810
-7458736 9828086
-7376937 -1169857
1899118 4244988
-5303104 468902
4698115 -2946026
-5249499 -7737284
-2328463 -1710202
319034 -1041777
-7193729 -6029357
945142 -8740914
-222917 -2458011
3475838 2790444
1238015 -4414528
6569985 903118
-6742072 -3872869
8471569 7229811
8576306 -4200808
2560532 3610984
-5920113 475424
7529398 -226220
2036496 1294354
9584152 -7720100
1238123 9708033
6195028 -96814
-6321376 -3439254
4102735 -2859830
2446966 3455707
1557532 -2421426
8481692 -6315019
-187888 -1872483
-4642672 4255972
-9944836 -9199967
4411018 6449986
-3074590 -4867952
4905828 1007257
-7698389 -5545191
-3265291 9458676
1683061 4402116
6821654 7972832
7049931 -2121911
5018259 -9499721
-3527662 1152666
1247592 9981577
-6333441 8029870
8673739 -270716
-6014744 -4004977
-3204943 6547419
2997405 6556772
-8311180 3722427
-5270316 9922816
-5622375 -889000
-1430324 9547647
-3533885 -6371314
4117870 -9747263
-1869174 -6712230
6304401 1167801
4836820 5665437
5647015 5293091
-4160686 -3915588
5813697 1829926
7824949 -5486947
-8939527 2315305
-8611570 7136358
858785 4057878
-3502954 5593602
-5295397 -1895179
-2347531 874671
-2980291 -4209369
8559721 4118584
-77294 -8862420
2305381 -3309453
4872337 -3772893
-8479801 -2857799
3226614 -6964296
4865630 9875865
-5611082 -8443337
-3611680 -4793069
-7656710 -4550609
2023622 -2223250
-6629647 -4281573
-3660399 8520668
-8088308 -9408692
-3618061 3992070
-9372994 -1068599
-7414667 -5058340
-5851440 -6933935
-706828 -2592933
4549268 1537249
4572953 -6670277
-6794412 -9707766
4365249 -8045065
-2838134 -9889141
8076602 3269922
-8953328 -7978492
-9743712 -7383424
3653597 6933377
7524685 -3404111
3104311 5565289
7013042 6422977
3880989 -3752331
-686266 9598376
9521795 8029549
-7916850 1123259
-3030666 4071063
-3120350 6656103
1127390 -7308725
-7197866 3761251
-2968827 805609
-4656531 3395088
6011665 -9405802
7527575 -4400243
-5288002 -334738
7746903 -2431387
-6008410 332661
6580331 4759945
-3125327 7872579
-1581519 -4105935
-466324 -3603532
2983884 501631
9674087 6503011
1710638 2379886
-3858863 -6682171
4123438 -2970876
-9575788 -4311337
-3717139 9466908
7583017 6435877
-3898861 -6189564
1379049 -7704984
2627677 -6151958
1124340 -2113009
8275923 -8275640
-9865222 515365
-571814 9210756
-287613 -331546
8687817 -7587930
-2691692 -8097174
-4779344 -7085193
-56069 3449445
9138108 1860446
1327354 368144
-3195979 7937321
-8252242 -8573276
6238092 -4578487
-730445 -4356841
-3953497 -8617879
-6893518 2910247
-6574387 -5677574
-6466818 -6758740
-4573934 2853799
-2217779 -4238079
-9818900 6630236
9545043 5090529
-8943674 -4598244
7262202 -511025
9857119 2710787
648108 -8894091
-7467367 9177492
-5400995 -5087782
555378 8770725
-9847154 -3615087
9295160 -881767
3440659 5775680
1533292 5237125
-1909076 -509807
-2231534 6959359
3589595 5873145
-6519974 -2050434
3351322 -4349010
5139965 -5463647
7247140 -6870123
-5764214 -2486564
9207281 -2104752
2807467 9284771
571848 -6193714
-7292449 5879197
-5002570 -6758954
9016727 4519064
-243811 954441
-9555366 550019
-9974270 363466
8752963 -9270548
-1320981 3615325
1782668 -7767010
-3230657 4546693
7676570 -3077367
-3047578 -5983517
-5571917 4428708
-3770169 -3840297
-7517659 7235550
3114747 6801679
-9957274 -4810107
