64 -5691119 -349224
118
971303 -7095208
7374829 7249270
-2996769 -427149
6303047 3885565
5510738 7327986
-6714699 -2873914
-3254533 -4849260
-1213266 -8603123
-3401973 5868832
-2021662 7111090
-194508 -5833415
4161418 -1011005
-2690131 -8851238
-8202715 4146923
972156 2112339
5017131 -6035587
-8786317 -8056541
-5967338 2391960
-3722475 -9266734
8061252 2852062
9978148 4304615
1971708 -8653446
5259783 -3276385
5108799 -9241558
7869533 4374162
1057100 5603489
7108836 -9808623
-8659861 -4781482
1881793 6935057
-952604 5653776
9618190 5370301
-169888 -5935472
-1027160 3348225
4081492 3862775
-3285163 -2233282
-7928667 2142744
-3994350 9209337
8449304 4043041
-2682164 3781786
-9327700 -3925545
4194296 -4812631
-4621254 1729400
-535730 1303132
-9245459 -3281114
4889014 -8653937
6716364 -7681710
8899170 4507204
-2144570 -3453523
2925604 -2127990
5638728 4453274
9112370 2156793
1366130 226414
6785807 -4881979
1416159 -7668214
-1593759 -5896357
-708988 2088459
6334212 -7399463
-3579979 -2813889
-3578651 -4201518
9660898 9690914
-7990796 -8689637
-1666080 6377262
5440091 -9091626
-8703263 -1294298
-6841024 -9117953
3038840 6935465
-2838121 -7728654
9905719 6921322
9253108 6464039
-9432318 -6161770
-1556958 -9824299
-7223762 -7624953
-438842 -5222746
-6907912 -8287389
-8596474 5982507
-190778 -7247014
1646601 5929082
6837457 8143142
9365196 9603044
-9514908 8134194
-2413989 -7475828
7311871 3523932
-7038393 -2735757
-6271718 7217590
-8944179 -7785285
-7609583 6812316
9187363 -501137
-3207531 7683007
1911971 -8735127
7247380 -7599091
-4846104 3315497
-8239069 9572955
232449 -683151
-1080107 8598388
-751066 -402354
2121818 -595015
5445270 -648702
6615541 -566311
9167632 8406877
3137944 2860175
-327509 2739805
4755020 -1955287
-4272279 -8623793
-7358920 -8452511
6464750 7639692
-6528459 2404813
1977768 -8381354
-6548153 -4767528
6347213 -7789783
1807863 2371741
4293078 8112499
9980149 6446034
8396075 -261652
-9338423 6595690
-8027783 7563707
303512 -3684126
4360587 -5838939
-4462732 7574884
