221 3617999 2730833
352
-9146332 -7313207
-4652421 2230931
-7527840 8080212
-2105899 6636149
-6798384 -9919538
6717725 -889004
2134437 2591706
1413764 4338113
-8608669 -2045295
-8929557 9923143
1241454 -7877104
-5783304 372095
5868832 330693
-8815771 9457501
-4408148 7770536
2973681 -3568586
8662345 -3554479
-5474267 837612
-2526239 3650857
-3752329 2419835
4047183 -6808270
5783436 5481748
-180139 -3818380
-3347323 9713552
2153047 -6272456
-4149559 -9760528
611567 5910854
-3758453 67137
-7959010 8996752
6767288 9942129
-3626457 -2367157
4078364 -7742679
3094933 7552241
1203098 1120449
-6459716 -9431305
6276777 -32878
-4551130 103819
-1198209 -5423435
-5709882 5268732
8996276 -2029180
-1789708 -1040483
-5129629 7363069
-2569794 1338212
334964 -6371729
-6429600 -528803
-379608 9618604
-8124075 -7539705
-9987464 -6301244
4819205 -2512790
-9427743 -6268013
3699109 875842
3496013 6849034
-8574400 1664331
9449415 -7702195
-7215023 8232070
9707939 962044
-1674887 -6488378
4849834 7094663
-9277066 -1728328
259221 7701150
-163894 6809686
1786333 9879613
6094721 -5771617
1715593 -5684778
-1952791 -6569722
-3177528 2287851
-8346763 4262670
8443353 -9681514
5132643 -6921163
3827259 7892769
-1145187 7917620
-8570758 3535199
629862 7179926
-4548402 -1204572
-3503422 -6130852
-9321166 5710819
-1893216 -1150964
3077419 -5018481
-703259 -5798495
-2368216 -5206987
-402784 -139698
6639324 4454256
-2710906 1250453
4329291 5082678
2975447 4938089
2855710 -9327098
4208101 -8169740
1526538 -3198696
-1886915 7354315
-8776537 -505511
7721660 4609663
-6541300 4418649
9400169 -4171555
29950 -947529
3845484 -1303090
1073565 178086
7148695 5959052
-2790494 -2287111
-7204433 6954141
1892231 4055149
4728051 5771014
117626 7264293
-5934403 -8547495
8806820 -8355835
1138654 -5304966
9304698 -9969716
-3034715 -1139686
-2794889 5279750
-5667779 -3634546
-2421283 -248586
2445852 694058
-3346890 1168634
8881523 -405453
9065041 -3621032
-9565883 -8322909
-35543 957272
-1778435 5162169
-868974 2598436
4242601 -5196486
-7985099 -2062154
-9515518 7897607
9274273 -8680401
-884299 9966120
8847926 8995737
-1252849 -4035726
-825316 -3573357
7595277 -8806997
-6696097 5827795
4723115 -1006847
-6813404 4885296
-4157432 5157233
-7164246 3151053
-4250511 -3419515
-6099649 1966780
2420978 2508442
-7077599 -4084748
9751203 -4578187
-4612067 4713027
3708764 -8616744
-2652469 -5764141
-6821145 4972267
6165270 6522215
-5133638 3290484
-7716363 1985525
-3129179 9589478
-2736937 -4529767
1137639 -4770259
-5673422 98817
4581949 6887128
-8088077 -1773070
-3341466 -2997073
2424740 -5165676
2063703 8926090
-9690654 7812673
-7951467 -4227533
3261086 -9826771
-788203 7743740
1034224 -573643
3928234 -3405489
8700341 3317862
1304447 3315408
8545149 -4036596
-1421427 -7557914
9329215 -7128272
-6384990 -6839478
163450 3757490
1108166 -7210104
-8284014 5104542
2917216 -6828130
-8539311 4541685
4714914 -2517899
-4774159 4721776
6664485 -6073289
521223 -1223583
-7905721 592719
6424479 -8262084
-2298679 3398727
-1642835 4969629
357709 6279894
1956769 -9797268
3960222 -3510929
-721033 -7879781
-258887 -4931611
-9243389 994954
-4463361 -7341671
-7343218 -7782700
-544572 2767905
6694617 -9601025
-824607 -3880087
-771015 9732192
-8529892 -6213976
7184751 -4346536
3139445 -8312219
484028 8058269
8261001 -6502846
-13775 -7559203
-5438984 2221224
-194035 1781545
-7223501 -3181519
-523189 562576
2779876 -9170510
-3886253 -5350055
-4951079 -7764695
-9128430 -7191636
5056908 -3259334
526690 100555
-1729628 -956631
731150 -9772206
8286063 -8590183
7423324 3731530
6172327 6547064
-8715360 -2590451
9191094 3249695
-9931823 1090605
-8346819 4483945
-2170213 -7938660
-3288715 -3050590
-8298933 3943535
-731749 -5723442
1017224 -7427363
-4810455 6841512
-4115119 4060267
4288061 3459917
4869734 -867617
-7136086 -4909524
-8362460 2293058
2218960 1552593
-5197711 -7077819
-3470862 -6073594
926704 -5129534
-3068194 -1817680
-2351918 1272843
7732730 -3840557
436002 -650851
-5561862 -2999018
6358846 3969578
-1970155 -372317
5603952 4760079
6408814 4834258
9924734 473687
5283097 1789080
-6658326 4078627
-482840 -9981591
-6055184 -1856037
-4469219 6046298
6744970 -2612128
8660715 2462587
1138382 -5606948
3742201 6393446
5910780 -8425616
-1939685 8180340
-9675625 2269626
9546057 -1393488
-6559229 5928328
8918367 5954871
-2256048 5881857
-39516 -3282184
-3263774 1085626
1745941 1993996
-1959705 -6802606
585266 7276722
-7744339 -5214735
-821682 -8237667
8155779 3394043
-2515220 5436871
-3866437 -3417089
8852537 -1938553
6667959 -3542061
4902619 914946
-3130182 2625082
-1493060 3820986
-9461198 -2869878
732100 983776
-7022227 9791380
-7011226 -7521959
2271115 1018068
-1680315 -3909608
-2147274 -2956872
2953523 7498003
-4548773 -3991495
-4892231 2954655
-8983898 1584790
559081 6476658
-2608395 200414
-7174504 -4538300
9282686 4261423
3907897 -6151212
4832565 2337841
2129221 -5360003
9634390 326690
3861110 5117996
-8791612 -5578143
1464985 -7819205
2195151 -938886
-2414028 6934860
-110484 7646378
-8252480 -4789907
-8313249 -6578030
3622384 2306602
7768302 -921644
5856131 6447881
-9703331 -432659
-8094818 -235972
4404025 -2354414
7972276 4034403
-8331249 -3445233
976624 1833386
-3469466 5393492
6970958 4957961
1892822 8725685
-1111585 7073282
-7716625 -8217662
-4795692 635935
-7057463 -6029873
3048483 1343045
-2209074 3227192
-7205467 -8579033
1184995 -9396053
-1750466 7216067
-6233178 8105373
-5339860 -3778190
571549 -4564426
3345418 5636765
594726 7102083
5827768 316376
-2610341 5003900
-697410 -5283817
-2131530 -7810614
-3840487 4506899
-4150056 811008
6554552 1724349
3145316 -3842778
-3238831 9349085
6565152 -5669689
4952036 5010703
3748866 2848326
8283900 2128529
-2234706 -5679585
-8577502 -5854330
4462047 876372
8396625 -233382
4482801 4368058
6557444 -2300785
4722466 -7648729
-4321369 5233310
-3042341 3088762
9245984 -7766817
4098620 -9897025
6949638 8523506
3534209 -6819876
6028451 -5581973
6546556 9799427
