23 646526 -9262738
75
6314325 -6335882
-974529 4222882
211351 4974109
-4488652 -6189438
3591974 -3841327
-4755420 -4456896
7361352 5424270
6733640 1395644
-8156162 990549
3154108 -1160043
-5385997 -24406
-5615123 3639170
5201187 5663209
-9112525 -6117613
-2954734 835613
4499731 4141089
-9119676 -6640409
850052 6041554
9852116 1091675
-233300 -1122248
4420857 -4039558
-8615288 -2472367
8923277 -5701439
5289111 634705
1991014 -9232885
-6740939 -9040429
4598742 6605017
2268226 -2356062
-5957322 -7683719
-4331754 -4327946
2329495 1087944
-3036113 -9832023
-1274117 3209819
6817846 7813940
-3308308 -1422000
-2945206 -3415453
4112180 3628901
7927463 -1560493
1590564 -4448191
-3681076 -4267074
-3307503 -6418422
2702948 -422015
-261725 3807591
-1359776 -5028826
-6840420 3780953
-5131103 4308470
-3007201 5489076
-8784753 1832785
-7836923 5718683
6813035 8033094
-5382359 -1145231
5000023 -6132171
-5176312 1246173
6797982 2927486
8660412 -1069396
2512183 5633258
7727595 7869261
1676853 7731483
5219009 -2534130
-8753176 2833429
-2858100 8378590
-3615982 8632073
464858 -3348949
4886086 -2400735
-4367641 -4855713
3999057 1699121
-1916697 -7233648
-3471123 -8484568
4442918 -4576657
4353948 5843211
1476469 -4380318
6005295 9382483
7113966 -795936
6669935 -2317852
3031930 2332975
