139 -3466620 -2027705
400
-5472801 2205252
-3540347 2853487
697499 6517322
-547817 1732279
-7001457 -8690740
4131301 -8633992
1404363 3297988
-990233 6868067
-7570300 -6054586
3517989 1852315
5031212 -9772891
6432346 -5438522
-3820688 7872578
3588817 -288579
6244801 -3149289
1572315 4077464
-3069049 3288352
-7677974 548321
4796952 7628451
1454063 -5709438
-4343430 7795496
1093484 -4414636
-7546569 7060933
3522699 2619603
-5528082 -5116869
7626592 -2959312
1602166 2019483
-7591587 4058938
6286712 297831
-335106 5997230
-7408954 -4952135
8336218 -8762790
-5698117 -478003
9666800 3174596
7465158 9098835
-589317 1120864
-777420 5638080
2699014 -9495833
3123770 -5807636
-8408153 -3778287
-4221246 112041
4647876 9218440
-4206270 -102728
-9804897 7056289
-4430129 -7919558
-2871692 -7623650
6129912 -1839083
199266 7980878
-6328174 -9568205
2046982 -133933
3503283 -8863015
-708583 -8542334
4478185 -7274137
-3081773 -8009569
-9271503 -9881692
230349 -8973573
-9755133 9023603
-1079125 7394577
4450866 -3961403
-9364608 -8367669
6525033 2537089
-9301994 -9719948
8260930 2654945
-4396908 -6586376
3279691 4449108
-1897555 7650074
1624092 -3217026
-7974810 7393863
1900646 -3897722
8736938 -8540231
-7513804 -4854505
-5830902 -8516361
8878216 -7268937
-8713987 -4393674
9755009 3329082
8382523 -8078595
-7798543 6280042
-1065013 1596881
5010505 2978739
-2572153 -2945569
-5295495 -1709803
-2410477 -1953355
-4559492 -1155050
4947228 -385287
1074483 7341154
5003002 -3799482
-2315843 -3922969
-1191905 9172100
7294778 -3437627
2407807 94108
-5468135 7049787
-4153819 790330
-7612789 9249674
2228413 -2702480
4351951 7397716
8204265 2172612
-9780743 1572809
-9582241 8310141
-9558794 8176117
-1966376 -2118661
4081857 1515689
109073 -6963374
-7791274 -8233986
-1671613 8917168
-8472372 2019857
-8414004 -9263806
-5957124 8575845
7825519 -2567822
-2753950 -3569913
6344155 -7429716
4742896 -8401998
3170811 -2935227
-4625086 -2521494
-4345377 -3895078
3986261 8332472
-7635486 3688247
6724873 -9415530
4866836 2473587
1390755 1449952
5986161 -6804777
6447769 -4565265
-5989420 7572157
-4995665 -9509355
9437084 -8163901
-5593617 2250386
-3635260 -1702409
-2121284 1665631
1660489 2051903
8156825 -4230018
-5897545 -168535
6036064 -5340562
7760260 -3533031
8940556 2760938
6727242 2627096
-1661329 -7152337
-1717602 2713403
285560 -5213560
7793437 2292978
-3354571 -2193752
2572986 -253127
8044464 -6431836
-2249853 8937726
-6494019 8439533
-5790485 9410637
-8241546 4179158
1354948 -1688030
4778939 7794518
-6928192 -884792
4258656 -3764153
-916490 9799050
-4971195 -7402673
9900119 7365908
-7824762 -2169282
-1846682 7693556
9956781 -8662981
7421535 -9273696
2180382 517597
-1042870 -4828317
7098672 -1797285
-7618127 3166646
3994968 8857126
-832004 3736821
5368381 -1226092
-2473893 2239805
-5444793 -372963
-5259284 6609618
-3508122 -415987
-68917 -5359165
4850743 -1332883
-7479512 8084401
8810705 4807524
-4674879 9942024
-4886293 -6492561
1710154 4282252
9965250 4728731
-3897791 -3391621
-9654800 3960218
5250478 5270205
-2489990 -1770067
373322 -7223414
9386204 2065218
4165583 5114038
9754873 -4121918
-2938449 -5903334
-7818933 -2878032
-8070508 -417960
-475936 3508124
7015563 9770965
4053217 -2845877
4399206 -8757931
-2149552 -3465181
-9504962 -9498585
5771620 -9288000
-8541715 5745516
1038454 5797983
-2136799 1831607
9461997 424658
-1180907 -7971216
-3874550 1733222
8855190 5880644
7979036 -9177131
4330993 -9215318
-9444353 -9980548
9689927 -6137092
7621329 -2874783
-3823612 4089133
4590548 7988129
1216481 -3328574
4933295 -7121479
8676504 2674766
7022725 -4028251
-1087240 9056057
3601193 6484722
-1782056 248205
-3871151 2242995
3065864 9589486
-9625832 6624238
6643690 9913209
6292469 3446167
3087736 6333618
-7060897 3913798
-5581721 9264125
8451903 7529652
2924525 5634760
-1690474 -4098450
-5610348 1601029
-6826562 7848603
4333325 -4181236
6066969 6774631
-982374 5067621
4657107 4712170
1336408 4599842
4513051 -2452373
3510146 -9503549
-653579 -6678128
-247978 -3402117
8378360 2285524
-184824 4170301
-7678587 -653385
-2235482 5256053
9373434 630939
-1520458 2154170
7972934 -7453128
9321503 5329219
396840 4039903
-1247927 -9144519
-2028325 7570299
-4882074 2604834
3101285 -7515274
8322950 8628072
7742307 -7552294
4733230 -1925028
4761625 -1362981
7983635 7064759
2320812 7083038
-9769671 -4251847
418675 1694247
4241119 -8773777
6555442 -1608391
4947864 -3921025
9450808 9468634
7038933 -6300063
-1178877 -2577516
-7576438 -7843141
3301284 -8077592
6886466 -9253487
-8662163 -6440057
2196963 1619697
-8799192 -1384185
-4301147 -7303050
-9038545 3521620
7732219 -4070817
-2844594 1380130
2288091 -5510309
-6914982 6227201
5695835 -2764045
-6547756 -7464174
-7525338 2734769
-2592020 2273368
-3287872 -5101775
8161090 3225616
6785560 -6401405
-2265356 9498927
-1885258 -1017477
1679473 -1064548
4973424 -3670052
-5224517 -4842720
6537410 -4778004
-288313 1930889
-1841910 -8658147
-8905840 2796705
-2151117 6370278
-8378601 -5453596
-663876 323546
-2261877 -970621
-7745004 6048253
2163200 -4100787
7914492 1556908
-9460569 9897844
-8650352 8545587
-5124465 -5264744
-107464 6323072
-8454932 -348982
4098259 8946298
2804503 -6226893
-913836 4772702
1142980 3898663
8445067 6935048
-2741406 2764379
4310110 -9702456
6345797 -2486931
3412282 -918542
-9361634 -1491003
-9076807 1326774
-7611287 -8822203
8429405 -7727159
1112265 -2735752
-568382 -9161707
2300943 2657334
-1053207 -6470122
818932 -4894554
9004109 8032958
4968006 -8038088
-2757357 -34471
-7220575 4742952
-7743979 -8447247
634212 9125222
-9849429 -1815345
2027781 1272578
-5033272 3590116
5862957 4416495
4197095 5912485
6750779 -3024778
2148908 -6371286
9674944 -948278
-3326479 -8904298
1645012 493876
-5027860 -4322370
-1840489 9129370
-3611326 -5268865
8800240 938936
-7419490 -8838953
-654298 -565548
3223383 5247433
-1162451 -8626517
-1693670 706463
-3381052 7216858
-5807919 -7496574
-3867860 5886079
-5062198 -1142659
-7530605 8323436
-8666336 1611323
-194695 4114407
-4239871 8822156
-6446709 481169
-8579895 2148803
3309850 -7646469
-5695664 6516968
-5719247 5171904
-938260 44071
3266886 -4365345
-7148487 7368070
9871496 2402186
-1711734 9559946
-1582712 8519988
-640224 -4257580
7353743 -6596965
33795 693440
-7968052 9675400
156569 5793924
-9540920 -4414761
-9544877 -5906973
3126347 3768930
-8542813 7275811
9836234 7407100
-6958245 518927
-2113003 -4380528
8021658 -4106731
7969567 -2241506
-3721518 8826276
-5431304 -3613145
-7693757 -1845389
8848051 4438791
4114192 2340038
-1866038 -9120000
8981591 6787113
3396492 -8890606
4878325 1953066
-8254771 -3477161
6446292 6335512
-3145561 4097815
9717287 9488047
7897668 4741436
5016282 255298
-918426 5867236
4770443 3811117
-8034272 3650271
-1910938 7076686
-8066924 3330131
-3273517 4719606
