10 7117845 -7768482
129
-7156413 7739794
-6736776 -2580787
-5014211 -3784028
7388759 9251439
-9016050 -2639188
-7958066 2562804
6314743 -2201285
7487413 7651694
7501481 -6428839
-6413917 -8417685
-1302609 -4378230
-3862898 2978672
5026030 -4804537
9235128 -3232380
-6114535 -7713490
-9973696 3982998
-8597789 9245404
7977729 5805881
5057320 8904352
-3734835 5366488
-2070708 -1442378
-1127311 -9176549
8475145 6760387
2847901 -3639898
-2057583 -1507022
4114748 -1049664
-8070992 -843839
4351624 2768203
9535823 6955038
1757901 -3896896
-9913898 5937640
5183045 -5699443
-9893562 4004666
2909018 -4322874
-8956386 -2319890
6237733 9174183
9997635 -8510741
765998 -4889578
-6013123 989132
9482111 -6386101
2564235 1929294
-8914545 -3886789
8881414 -2990405
6480986 -2046569
-3427113 933589
9387582 -1761113
2539444 -3341010
3180008 -2913021
2764105 2645883
2842345 -3910974
7779562 3807719
-2186670 -8403570
-3293147 293549
-8717319 8579329
4709580 693730
5139376 3281144
9394356 9790168
-3200237 -1258816
-789033 792122
4242064 5797101
-5964012 5783855
-7557155 3629646
-9283375 -908215
4254020 5622853
4228231 3480730
9804801 -2903635
-1307204 2007793
-7698658 -2381868
8713813 -2083999
1126083 6100376
-8102128 3423393
-4270087 -3734541
-2477005 -8707772
-5399297 -4953971
-9156870 6733963
2517818 1359119
-5011235 -5120881
3970904 -2522985
-6900132 8221742
-5781176 -9258724
-2162359 -155549
4368597 -5976375
-5841891 -953211
6962790 6669939
-4713333 5388274
-1188332 -1911127
-3129315 -2815460
-9006880 -2942067
2103962 4393680
1127643 -4406177
6952942 2947093
7826212 6161813
-6361172 4458059
-4803847 -5686532
-4945256 9255048
-900500 -585023
-4045045 -4591263
4455527 -6531903
2654388 -7370584
8017691 1418317
2023543 7941056
7641948 9345711
-3596356 8894228
3287908 8635068
6745244 8507607
1454700 6931904
3093717 -3785462
3188950 -8202736
8627084 6732546
5987594 8385103
-9683567 6198180
-8393083 7603446
-8928457 8787740
-8582844 6062444
9997114 3725932
-5816660 1951199
1296910 2020657
-6568763 4341640
2976708 216907
-1275486 -764503
-3832599 -7761696
-1547157 2695566
-2990818 1777471
-8973631 4158145
2543248 8152618
4350798 -469685
-2866238 -4623967
-5836227 5957715
-5463488 -1794695
