156 5382666 -1722781
670
809354 -8191641
-7276441 -1846963
9848198 -6028823
1618958 -4069956
3076969 9390539
-3058088 3658611
-3198297 100523
-1996507 7944134
-2815200 -3802891
-8210253 -4042837
-6557942 -5715815
1688610 -3737134
7110066 -6282830
-8409754 9614138
-2486844 937736
-4737553 -132535
536855 8322510
4810039 -9497642
-3567598 -7098595
4808297 -3571003
2603961 2025723
-7873754 -8249791
9694343 9405664
-4397227 129739
6086902 9395495
-6320320 9908872
8688090 2045313
-1721165 -2115358
-9984868 5798157
9252245 -130919
2252899 -2471712
8367150 7031044
7533402 -7210246
8207511 3177190
2122539 6482156
-1492121 3015808
-2717631 -5273500
-5867836 634125
3280217 9493064
8888560 -7748711
-7839838 -8116529
-3554864 5084592
-7030765 -9151748
-837239 4723971
7109405 5500719
-6970992 -1584994
-4553950 -637696
-5331590 3912510
-2910300 5495804
1977960 5392273
-9075566 9212240
-6061260 3002191
6152669 -1793197
-2300132 -9412743
-7161454 -8050762
-6167291 -3411572
4189372 7515060
879665 -7205802
34521 7158607
-4824321 -9957574
-1542567 -2856074
-977418 -9278961
4633549 3903483
-8084360 -3792656
-8400382 4239602
3451842 3893600
9412144 -7475948
-6752793 -93066
-6989457 5564813
7514051 947075
51855 -4150910
5880502 3863112
6657310 -5758772
3916187 -3239833
-3197406 -3308168
-3647890 9091866
9812905 -2223621
-8320138 5374693
-8417963 4446455
-8797591 6111854
5455 -6818345
8222059 -2829397
7077537 -582401
7498764 -8530733
-5067306 -9911919
8453523 5012815
-1124073 4984550
1742130 4334025
3610545 8049590
-5258578 -4341683
7266536 -9586861
-1810482 1093532
8984577 -404207
6558600 -7614268
8497587 3082967
-1219026 7761009
-5068388 -8980606
-7046655 -2996966
-1527699 -7990850
4613583 -9547891
-2018724 3404995
-9094103 -4416542
2433835 6857203
4906793 2648027
822697 -3955620
8973871 2164567
5774452 -9394415
201378 -2836611
-7934526 -2724619
-9641652 -3240021
-5479012 3079413
4098807 -860677
6142357 -547399
-6021897 -431496
20613 7131010
-6947643 1108038
6691496 518241
-2624556 6474607
-8361014 -8358317
-2313936 4798590
9479509 2461683
-4416380 9176287
8856029 5253961
-7470657 5784999
-7455022 -9078497
-3482732 -7112309
-5456634 -2934034
-965081 -9383925
-7299069 3202075
-7150563 3013022
-5878940 -4762104
5756137 -4098205
4892754 3328908
4970592 5647933
-7037125 6531740
-8490224 5173008
4349295 -7557615
7696346 -2906604
-7121605 3205324
-3356821 2742041
-1853915 7939725
-4994308 3160447
-3707126 -4794197
8407879 -3443037
9569986 -1006195
-3251947 -8742684
9675463 6207398
-463693 -7495810
8152124 4568217
-6383690 7023251
2196259 -8885001
6073736 -4873914
-5264166 9061906
2267231 -3713565
9028476 -9869418
8070307 1426762
7103562 9690913
-5103283 5592351
-7850685 -6603564
-5093406 -6695404
7078264 -8280699
443051 1654647
-3324810 6753728
-6161703 9979358
7002609 -5172686
8458665 -2545393
-4902955 -8284780
-9222873 -2951246
3335189 -167120
-36538 -4439290
6987472 -5119983
-5429069 -9449879
6142473 4091034
3823 -8016000
7804948 808140
-4956207 4910417
9081416 4883212
-5846708 5486844
-2017445 -4243394
-6899728 -2008410
-2037451 -5014836
-3299615 4075290
-8875956 3059595
5408827 9993864
-4445426 4459233
1855602 7888641
8438762 -7457954
-850567 -1057115
926885 -2902413
422079 9153256
-3419975 -8751815
-1352250 5465872
-6530931 -4338559
1418048 -4682606
-4174664 1451624
6436788 4518320
-1406390 3787886
9363833 5653525
-1836259 -7765994
-790409 4772660
-4822347 3718315
-1223286 -8934806
8079 6132767
5746707 7926147
-404245 3451317
4699502 -3831214
4151011 6175780
-8162779 5863604
-8819001 7620080
-928296 3255269
-9710058 -2993665
-9205779 8024844
-3805278 -8600096
-6366089 2674406
-2552934 4358463
-9406869 -4640146
-3574952 2624719
-8726161 -630155
-2704008 -1050520
-7599203 7020546
-6810668 6891747
-4416121 -383349
-4519744 7340343
-2523225 -2578900
3192722 9177607
-3816058 6548479
-2910324 3482664
-2601080 9494516
2168922 -4199250
-9840787 -6450817
-1090962 2132341
7273412 -9247656
-7361459 -2149562
6799918 8547251
5567797 -65467
9342632 9200715
-8666281 1273482
-8869823 -5073489
-5136036 -3186025
8507934 -1393047
7671784 8056686
-5944298 7208228
6702744 -5238540
-6921438 -6029026
-2479842 -8611981
-3963288 -6762224
6506472 -1054452
6795986 5826476
4373728 9145014
-8404101 3595905
-4687028 -7542123
-3752289 3454884
897747 -3353309
-4022982 -2622111
-1498806 5761711
-3665251 -5515048
-8306819 -3827022
-6549209 390451
4361426 912277
-5183352 -3470647
-7716519 4397936
-6656516 853360
-3320163 8789954
451320 2655822
8768079 3569917
-1455854 2047219
8018455 -5918948
-6755905 4791858
4686099 -1083797
-5322086 -8262534
8738770 -6812707
-639729 1012664
3919467 -9568049
-6139419 2811062
1856768 -9202755
5195181 -1322771
2046942 4140249
2930203 1055017
6227192 1243131
7329400 5897875
-2054905 4995271
1592675 -4126454
3181756 8479902
-2603895 -2646877
-909411 -2132145
1055148 -5409628
-1880612 -2170641
-9222337 2931772
8259186 -7961145
5352453 -5361756
-4168175 115954
-5743796 -6936014
-3364644 395119
-8361750 -297241
-4399365 -7137452
374171 8967650
7357549 -3937918
-5458016 -8033153
-8163678 539305
923513 -5545558
-955186 926911
8756270 -8021339
-2573215 7164202
1719409 2050285
6688529 -4314028
5801926 -2928138
135849 5036707
7948178 2574482
-7722758 6771205
2150105 2102781
-6413217 -2122123
3939959 -7475724
7007475 -9055668
-6000010 998295
5452737 8843797
-7712940 4923503
-581484 -5502449
4178105 -8956669
3093616 6845302
5047626 -4102485
-4514271 -7701502
-148443 -6634096
5940387 -1862070
7425487 -2200265
2418868 8217629
8611858 -424408
-5383779 6005652
6949984 -4931831
6066464 4140048
-4499802 -9050026
5873477 -5964446
-1466895 -2212742
-8653059 7808346
4653648 5227563
3641430 -3043090
-8228240 -298726
3067178 1643511
9781442 1623317
1939404 -8476083
2257898 -276719
9298874 -5641727
2880277 869756
-1545723 6431447
-6912153 -7653387
-6703412 7037094
-8927352 -1411955
-1108344 1686417
-505237 -7877895
7349668 238597
7195507 6664763
-3633963 -6492550
5150962 8967267
-6893064 1949568
3473485 4932404
-5344315 -2437307
-5562682 -4268616
-882508 6470911
-4581290 7317595
9664208 7571770
4608864 -1493442
-389045 5477148
9679918 5681512
319969 8502611
-1258791 -8308967
8355797 -2330362
1177088 8453068
-63312 7238186
-812246 -3671950
3776806 3043624
3122669 5177592
-9091024 8432492
-2580245 7559987
-2606066 26468
-9885410 2838466
3861376 -2941857
5051643 4723454
-7078682 -6527669
4491295 4731561
6422595 3241288
3427278 5748856
4201924 4778392
2016578 7120718
-6551231 6654964
-301411 3720685
-1101723 -258073
-9309229 5337610
2897598 -7676395
2350073 -1889473
3465345 2807884
2382379 -5018984
2220822 9843073
5831756 -2565977
-7834416 5142141
-9100219 323051
-3928093 1104531
8399275 4327059
1447777 2790184
-554852 -7067794
6652891 -2587102
-328822 1660089
-3002300 8067520
-9608875 361949
988828 2411650
-4780466 -4742450
238566 -5545827
-5702754 7601914
7552289 -7540611
117882 2645355
-7031594 2234225
-6661243 1017663
7861074 -8443334
4346850 -8261968
7186590 -691149
-761898 6308350
-2031560 3839481
1907001 8909280
-728771 -2517508
9894142 -5185522
72029 -9739942
7230583 7630028
-2251706 -9689405
5286336 4044182
-3310463 -4699417
7534809 -4595782
6421881 -7825705
-6269039 3389918
-2355698 4282955
6108159 594163
-3097486 -5169107
1186726 7862613
6771893 -2612694
4869798 5610080
-9575442 8559474
1335884 -2719708
7426672 496587
-6676465 -1433532
5127002 -4825033
-7008098 1126223
6530442 4332891
6507186 3043063
8949333 -4531325
2267983 2754500
-6651337 -3406364
-6059119 -9107506
8755107 251177
7638483 5127607
-6745961 -1956648
-3397174 -4975367
2304925 -6321402
-3308463 7938711
9021531 -268402
-2577083 -7468576
3657648 -3335115
-9002224 -7068829
5974235 188090
-1826883 21314
-7224186 4923568
4033556 -9558900
3849946 -3875522
-1107993 490789
-4381603 2605053
-9351595 -3469509
-5928524 -8611212
-4932614 9767584
222647 6376402
8624352 -5724724
-3193300 -8239470
-1574585 -3952731
-1021560 2980700
5685142 -8060457
1960857 7469027
-5091052 -6141740
6815712 4736672
-9138850 1458856
-8050354 665659
5787064 -246843
-1200000 -9915605
-8526817 6435470
-1280594 -4612171
-8235769 -3459430
-6667802 8942053
-9297417 -9611417
8952204 -7344750
5635951 -8355650
-6416107 -9553004
432376 1321093
5179353 5544750
281422 5341324
9316532 -5488582
-2306571 -6341076
-4071566 -8733822
-8649427 -6519507
2432315 -2755214
2632615 -7176243
-8119321 -8848279
2610126 -3086802
9818133 -4787123
-2131873 -4170939
-2526589 8770337
1733686 -6495922
-2658476 1057304
9118407 -7833938
23738 -7479123
9548647 -8083819
8091458 -659730
606449 -2757924
-6761078 -5980108
-6218970 -5526626
-2702869 5671237
-660689 6413646
-6673156 -822190
-3092961 4465789
-9705149 -6855022
4431667 4775167
795597 -2231738
1341919 8681705
-9152233 8137121
3174351 -7023322
-5107141 -6612143
2728128 2722998
2481427 -7015683
9520561 5850929
-9675697 5720349
-6092062 -6698408
9715238 -2378565
-684403 -4236399
-9770609 5558434
1219764 6222637
-6485844 -9475758
-9191144 8167784
6849489 4309753
2446875 -5332873
-2356195 213609
3601466 -4378774
860576 2536665
-1962666 8845946
4696875 5858355
-5904944 -2442104
859488 -2462469
5158966 -9480653
-3717052 -6908922
1165864 6990915
3213552 9028691
2069285 -7614371
-9446587 6727708
-6446186 2878142
7545269 -80746
-9867137 6000689
4138267 7705427
242092 3734330
2580276 7515195
3373551 8279426
-4162678 9793504
-2668965 7468607
7987954 -786838
2304240 5006353
1997268 6787255
5815946 -6529895
8372086 7727173
-3028767 -2114768
3279726 1441851
-8638895 525047
9042088 -6658653
-8953226 -8506031
-2255349 3180355
-6788097 -6194782
4600997 -9675073
2634783 6585454
4054061 2954671
-7832166 9965818
-2511477 -5441632
-8654377 -3011574
458531 9485792
-270683 -322079
7563153 -8653031
2788820 6700550
9741950 -6640769
9216931 4149926
5643895 8784038
-5519254 -9736295
6585276 5904898
6229825 -2307351
-5721897 1186273
-5859056 -8619039
-8653221 848516
-2076764 -3691222
3297205 -1164697
-9162553 -731141
8946781 6272088
135410 566764
9783666 -973714
-5098130 -7075770
7074156 9525616
8309655 -5881199
-5617494 -4765597
-8860699 -7209599
-7000598 -9032218
-5329593 -114521
1266440 -2722495
642373 -1188648
-2363518 -4870429
-3518774 8565610
-9649179 3450039
-277872 -2681327
401789 1813954
3356593 9857538
5298120 185456
-288928 8258463
-7622736 -5111371
123032 -1979273
-6672520 9276122
-9756095 -6221314
-3819483 -3673118
-3879261 7430664
-3757984 -36691
5092880 -720535
-9638573 3878499
-2671462 4090459
3925484 3228600
-4957445 -432982
-8059092 -5672726
-2970918 8399148
-826037 7239029
-7872342 6740154
7277234 1551227
827349 -5232958
-8937920 3121066
9447949 -6412394
-8981729 -2757403
-277742 8085040
-2635495 -2739713
3655138 -5184861
1421950 -9757716
3470885 -9016323
-6932953 -4652566
-7808940 1029792
-8054708 -4992044
4763337 -779858
-4039703 1119255
-7329518 -592653
-3309259 5753883
-1125051 3497831
-398210 -9730826
-9971877 -9160750
8924291 620061
396700 -249618
-2918127 8805148
1563785 -5948161
7551868 8503823
-6148743 -4965330
6064462 -9381085
8143223 -3957682
-2221188 8009754
-8354639 2906560
4830259 -3744539
-7990656 -5684157
330026 -8478999
-8209825 884294
-5760104 9931816
551877 -8181702
1568680 5680539
4485688 -9051422
7516769 1166905
-329272 -3950527
-6399505 5068637
5687552 -3961662
-5402992 2181309
-7292585 3830776
9253688 2375820
8631282 -5647224
