162 2385257 -2906204
181
4631232 -4450359
-5086956 -2828177
-643222 -5277552
-8835850 -2700495
-825906 -7280038
-2749611 -9226773
-5382950 1342022
-5909847 -5319617
-8482434 1569591
7053507 -7835221
7606320 8147946
5070873 3918738
-255711 -673964
5226523 3059142
-4555601 6163469
-8286889 -7679680
-7991505 2591983
-169217 9142507
-3557988 1365274
-3398412 994933
-5715487 -1867542
9474481 3851978
1048713 -8582085
-4496142 -6435366
8245766 2566279
-6769423 -7442635
6476104 5852086
-4821878 817802
-6123056 -3779607
4900215 2920998
5241318 -8162304
-3053969 6613326
5755833 7249813
-8868561 6776815
-2228252 4714197
-7153345 -2266972
-8414994 -5427387
-4009472 4837488
918475 2633719
7716350 1494387
4051752 -8319407
49031 -9053073
1764729 -6955792
-8219046 5227153
-9335497 5641673
-4279 6681169
3294495 5905821
-4328013 6941753
3718568 -8433320
-1202771 -3196574
4536454 4006668
1095634 -5839764
8997725 -1362188
-8728469 7086162
-8903099 -7567448
-5886855 8987881
9934808 -2334994
709214 4162176
-8094319 1699537
9857563 -4993480
-8312311 -7429815
992358 -7630364
1827741 -2501464
-934784 6664345
-6532228 -4453691
2069330 378797
4539034 520578
9158391 5681316
2767478 3536759
-1514337 2946274
-5549492 -3619268
-3437910 2598808
9277336 6901668
-1398794 7271304
4794177 -8816983
6269554 -9024879
5861109 6481866
-6019597 -2738087
6442610 -2311149
-4248488 -4438029
5940769 2426734
-7052687 7820842
-3981490 479803
6532914 4622056
-2431670 8785989
7683073 -4981423
133737 2018838
-1079493 -5754837
4032819 -588927
-6889558 38065
-6470462 -1173004
-4691137 1896349
9158262 9390647
-2920502 -8194382
-2632411 -1882776
-9456041 -4652637
-6831795 5824710
-3695487 6007624
629680 -813284
-9510943 5353779
2888708 8198010
-7266799 688482
4933645 -6977555
-5050130 -5829940
-3275523 -8517184
309813 -1939687
9956662 -7229633
4677366 -1864972
-7543002 1631276
9748500 -8243135
9620580 -175413
8165650 2808811
-1183565 -7211215
-5508147 -5529837
2340295 9446115
160478 7497262
-9297904 -4770997
-1748551 -4589969
-7903557 -1847907
-365090 3201319
3777984 -1179080
1591287 2461075
-9403897 3734646
7882274 8785005
3058222 -6946899
-4605960 147127
-7044062 2678802
-2016060 -6440310
-9453794 1772374
-6265159 -5007855
-7510592 -4597147
631856 3895319
1821702 5707856
-6140050 1399657
7117329 3918145
-7260935 3494860
-4044065 895313
7146312 -3153296
-4368290 9068390
4637843 -2455062
7692065 8689932
1368735 2548235
-1375722 -9351996
2420378 9352675
-5655180 -8313164
-2910311 6155219
-7433109 9350580
5058437 7721545
-8362445 4388593
-1693261 1434739
-5070401 8754884
-7833451 -6437844
-7074787 -6598114
-7529724 9312861
-3142200 -1443077
9763207 -375529
-7827294 -5450135
-4802131 -6351706
5517321 -6686664
-4999828 134599
8806171 9862142
1729074 2089861
-7672241 3889414
-1721993 9303863
738602 -6034686
-7279802 -898902
2663255 -1815447
1586439 -5113253
6715961 5588468
6661743 -3426933
6197538 -6426239
-9360022 6424950
2589597 886597
4199933 8354200
-8994849 -1893082
-9514588 9200106
1289967 9811322
3700736 2214487
-5965298 3617726
99392 4495096
-6403806 4773305
