255 -9210656 -4588195
287
6371022 2854655
-5113801 -699123
6802095 -2626224
-3438995 3527241
400091 -1336242
5166924 -7314678
-6339643 1660346
-3414694 4610017
-6963386 -3972681
9867175 -6063357
3821500 8034009
8923046 -9677534
9876938 -5833074
4148102 8568944
1874641 -151424
-7296769 9559907
-1139216 -1754337
5619440 -9894217
-3850624 8179231
-3157010 4696797
-101529 6549467
-1790187 -7990086
-863717 3558828
2102499 -2688529
1248115 2172898
206907 1969674
-5191508 7585967
-8247107 -8353695
-9784750 -5314570
4534006 5900995
-2022745 -5393757
2851906 -246410
-7624275 6838039
5017271 -9012302
-1799153 -1474899
7590921 -8139739
6386527 8099319
-5825501 8317086
-4371442 -4477190
212060 -1206649
3279377 6876673
4462640 2935320
4581625 8087870
5289652 -1268115
7149232 -2686773
1919470 -7659989
2093601 -4873513
4480879 7287729
791779 -3014322
-1972869 -7985498
6391115 8992627
-391702 -4381948
-6064861 -4706006
816804 -3700851
5092500 -7919951
1473074 3545217
-3519463 -1628122
-3540252 -4064286
-2816049 -8937838
-1624610 4265752
6605763 6849535
4492375 2811212
98941 -8784284
-1798606 -1026746
987756 -9109279
2399700 6228526
4362930 9895223
-4810783 -7992002
-9176501 814421
2894470 -1477627
-7932410 5916000
-5712122 -5632456
-7180390 -1451873
-7873358 -6736022
46082 -7480087
9369449 -6981616
5829596 -3348154
-9616086 3861824
5351430 -4071462
9335611 -1414691
7330187 8855538
8750761 1735311
-3740339 -5790531
5023891 -6060022
2462351 -2916840
-7000840 -2081639
-5197742 -2953706
-1889227 9803390
5583720 -2378132
-7341866 237415
-4227849 -4370197
-5201999 -7972417
-1594241 -8398252
-9953362 -4818085
-3716424 -6242811
-7387273 9382249
1117560 6130115
-9660415 -8636512
7819818 -106427
6976733 5363476
5798189 -7201479
-155185 2492246
-5188012 -9399553
-9261332 7955589
-9290644 2912061
8541864 -6603198
7940737 -3518492
-1916744 5856217
-8961868 -3653504
103685 -9353754
-9971505 9838061
5968176 2716412
-3403748 -6337593
3555980 -1175887
-5812411 -5583930
-2785409 -6950935
-1942337 2502131
3102578 7059407
-2468652 2869652
-4218287 -3642402
-245600 -9242944
-2761436 6839929
2696146 -2304863
-3442015 -2161828
-1515582 -3749370
-3911309 6661670
-8105566 -8970735
-5308328 4573220
5913685 -8992962
-4576892 764004
3813070 2617627
-4880242 -4845948
4729811 -8129267
-2743263 738688
7096287 -7738841
5534567 3038450
-7605269 9367039
9578529 5289484
5644008 5090877
3857860 -3863486
5314537 6644779
7674044 2462903
9552475 -274677
732362 -7634283
-4353927 5466161
-1916212 6155470
3825874 9459143
3846229 -4280102
6458586 -1444315
-6666804 -8897034
-3342231 -3928775
-4561735 8867764
4157248 -8431148
6659730 7533146
6186012 -198744
-3553965 -6966058
5496845 1500549
-8774127 6636432
1518501 5049321
-6968166 -5525413
3146409 7164574
-859930 1115622
6835520 -3027716
5527969 -7013701
6605617 -4189542
1881684 8861166
245282 5779738
7348591 -163699
-2630553 -5597470
-3279862 -3475327
-441385 6071811
-2427639 -4317474
-7681042 -4944540
2621133 -8685414
8305525 3837459
1002033 5652967
9284941 1451934
8424218 2658455
5644754 6120461
4447272 -3531460
7846058 -5233276
-9453538 -3671044
6165257 -1908660
-4989778 7895053
6936078 6051056
2122867 -5753288
-70762 -3505307
-5933494 2211580
-3957482 -5235452
8602007 6687639
2340607 -5651957
5799978 -7879607
4778848 1625548
-9737638 -3259452
3209088 -7060045
-2293321 4709634
3554942 1055146
1662838 -9230507
1180899 -7763449
803959 6673060
-9080227 -1883023
4611671 -7073174
-2345241 -6634637
-1870088 8678177
5365816 -3786371
561673 9248271
-8631336 -9777225
-5635324 8878003
-4381449 -1336135
-5879828 7143390
-5630624 1343992
4915490 1826851
2596344 7924318
-9839131 -3421671
5767741 -6222757
1894221 -6518820
-3591994 -796134
2569230 9022244
7700421 -3420883
2792747 3215494
2463765 -4417411
8321717 5870772
4748775 -3651218
5012647 -7313607
2346135 2883678
6744022 9132819
-6523978 6715511
4639829 1659513
754194 -1411282
-5117686 -2682950
798230 -3478065
-1757846 -707113
-1684869 -277412
-1181942 -9188616
4026878 8531904
-5885507 -8389195
7481577 9006995
-4644223 4952562
7638955 -5253296
146734 2884776
-5466053 -14910
9216953 -3109243
1066622 -1990031
-884960 3856782
3690184 -8179184
-9140897 3997354
5806593 7004766
9243707 -898743
-7571007 -5878276
5169980 -1938235
-7811078 -1027777
-2020781 1800825
-3246612 2186851
6933555 -4148652
8736125 -5607657
-3106214 9596641
-3512602 -6729928
-6203606 -3889261
2483874 70372
1891188 2911434
9425140 8690410
5695177 -4733356
-3115747 5231733
1869809 4938884
5517001 -8170401
801822 -2960211
8840614 7705923
-107226 1297393
7148742 -4405998
-7497302 9342681
8939322 5884867
1671291 -8087164
-9460073 7943073
-1986555 -2015963
3411823 3023801
-5769436 2420986
7687630 2836963
-9414952 9925741
-2619023 7088235
8917834 2454857
2010998 -7102022
3120253 -7763991
-3950246 851613
-1038033 -6986973
4872060 -6801504
1599715 -6018983
-4106147 3811382
