362 3912401 5917288
670
-3289107 4888732
-3752648 7245548
9867008 9023353
3560894 9805043
-2070292 7600822
-8146706 -7127543
2877811 4660851
1963851 4774314
-9538799 -5398135
3728147 -5791061
9599378 -6858482
3843538 -192295
-5966176 9546068
1189968 6368156
280557 -6814506
8074226 9623608
-614492 -492198
-8952492 6837930
-840675 -747483
9369691 4608402
-2789 7089034
-5733763 -8777015
5997300 5391374
2509591 6230088
-9560973 6458501
2116371 -3762261
6045444 2554758
-5382822 -4040091
-7671935 2595621
5781115 -1676502
-2052893 -4875025
-2850871 -3628307
5725975 7332615
-3414868 -1803363
5321391 -5114699
4490687 -4045177
9694161 7834954
-4257319 8756924
-2496636 5691461
-5333686 8252272
-5509989 -9541257
3013501 -700962
5258947 3051808
-4352571 147031
8470530 103365
-2255308 -8571456
-9683411 -3582363
-6249748 4893821
5606811 6042564
3444217 -7148263
-1193440 -6555446
-8720491 -2065096
-3308172 -8982927
-775114 -2977810
-4725538 -3288456
-2829712 -3592447
5706591 -7719174
5332634 -9816211
330821 965538
3585255 3496415
-2558689 -1198649
-2264660 -8670053
-1259879 -2242100
6316816 1485592
4337329 -5653068
-2208514 -238966
7695938 5660242
6677315 -8412653
-8874111 6904119
-6384337 8418554
-5173893 8916704
3713882 785951
-6513907 -9467302
-5985412 -8437132
5059283 -3666734
-2349031 7599844
1446143 -7499406
-7225154 5386309
9388253 -9813736
7049548 9091662
-1147304 3725583
-8097823 7357387
1461086 9064987
-1514542 1095844
-485602 2586976
1503680 2101121
5403425 4340505
-2610445 7733914
9296782 1405870
255488 1404144
-8479660 4356065
6856659 7906457
-4190882 -4517165
-4330900 9631505
1239519 -4802629
1439306 5235000
-4891261 2608568
1673555 3341483
-5562672 6569826
-8326846 -9840987
-5223514 -3531922
-9191416 3176834
-6572900 2696263
6618485 -1801861
2118635 -7276118
7079947 -3126027
7296782 3638975
9121811 -3547042
8600815 5622252
-9180376 7307263
-4941385 -159666
-7551098 -5224718
633118 167355
-3262819 -3361191
9314174 -2413202
4054876 -1589665
4103521 6607013
-8180372 4863460
5577952 7530621
-9745497 8438114
7828439 -2303413
-8664437 -149198
6303760 5125222
747474 2973726
-7202659 4904575
7261261 -5916550
-8624915 -2144044
8023311 2226516
8865325 2008203
9595001 7276844
8203531 8179500
-2697135 3649877
-8970310 2307052
-7645975 -877507
-2439393 6607642
-5695771 5124880
-5024318 -4610953
3030621 8156144
-6353778 -8720558
-1299631 6294447
2894250 -3556437
-3184128 8477983
704499 4269335
-3722462 -5160817
4632380 -430176
-9734324 8388891
2038768 2835911
7659316 -2431459
6691035 3068458
-323900 -9986659
5138222 6767994
4673393 -3503318
7169178 2630256
-3573949 -2295986
6514814 -9184599
9775316 5126420
3604403 -590936
6194751 -3408812
1430372 6825254
-3604921 -7527711
-9138820 8579104
1415015 9177107
9262001 -4583700
8484759 -925669
-912327 5953036
-4762618 -9322789
9690245 6742247
-627497 9910776
-9868858 6859424
191177 -1685094
-6558673 6645956
-3944980 -33507
6557682 -437918
-3612663 -7750229
7238412 -9495594
9083510 -4701232
-5524125 615944
6032245 498525
9572857 -6262124
2207264 -2966644
-9773081 -8823118
435481 7444647
-128225 9917165
-707059 2324336
-9360757 2917
-3351126 9484118
-549389 6596922
-3840996 -4779754
9986370 -3991707
-3487301 -4937307
-7122187 -258866
-9642921 8112561
-1388913 -2646311
-6392083 -1094324
-1544616 -9299704
4393530 -1668466
8292533 -1317697
-1400532 -5170989
7153347 -1835692
683577 7892409
7376527 308942
-3094136 7332451
5069050 9343491
-4648216 3064869
643914 -2428228
7312906 -5619164
5009749 3521728
3391769 186337
9092013 -6379164
6837484 -483962
7847572 -9936251
-1253947 1231014
-1423623 -1343543
-662883 -138127
-9729365 8246077
-1444981 -9979305
-130502 163514
-492995 5460884
-8957895 -5061452
2510320 -2624858
-5727670 1686019
7724099 -7660421
2525916 9282079
5419268 1115868
-9368093 -5865718
-5801969 -5226896
6004119 995831
9652289 -4539564
5322310 7096848
5342925 -1010594
-8473547 5592945
8272811 -6102055
1875181 1395952
-1149148 -2220183
-2328689 2917286
7119657 -8638827
6217104 1943641
-6257928 4843757
-4040375 -8740628
-4606346 9161340
-6065555 9107884
103716 -7891962
-2431526 2454916
-448236 -7727643
-6221885 5407136
-6483567 7411042
-8691013 -4695431
6700521 -8210755
-7914586 3184168
8617806 8067725
1945250 -243275
4216718 5737463
581220 -1837646
-578273 7958790
-363517 -942802
-1834918 -2668267
-560229 -3912720
8542196 8268798
-9458845 -475402
7448086 -9389688
8021354 -5680729
-7859808 3480872
-2213531 1846693
7547213 1357065
-575210 -128117
2144960 6165019
-5581165 -8629959
-467605 8878030
-646828 5000055
-5942747 1470474
8802208 8989655
-4923065 -5261312
-6992514 -9241669
-7200719 6135483
-737852 6064994
2900617 2763720
-3755408 -2716498
9130196 5040809
-3602126 4031061
6419296 -806239
-4641219 -1660984
-290943 -8919392
2474990 -222384
7294023 1757805
-6771721 -8171838
3334170 3867629
8606317 4546839
-2178477 927457
-2937059 4130155
195149 620804
5900876 6325089
6124943 -6904234
652927 -7854532
-1307119 -2228509
6965253 -432847
7906170 7628529
1225489 4840386
7134354 -9868421
1889384 -6299521
8044994 4428377
-9187642 -2365984
4697207 1379164
-7693379 9418675
-3934817 -7481270
-4344113 -8114086
727355 6260332
1872451 -8443237
6218584 -3147701
-2859858 -7474622
-5391116 7427817
-2427301 -5894605
1462133 -7484946
5162985 8798188
5015020 -1403513
5541217 9568722
9719090 3060014
-5560822 6353575
-1711397 4416297
-548620 9262151
-8851934 4353786
-6869530 -2376381
-819618 1875421
1244072 -2480727
44652 7915318
-2140512 8384215
5005962 -2830112
-315058 5432187
4230375 -3531904
-2419065 -5152073
6933001 -8238253
4821761 -6877848
1992080 6652091
1068389 1777291
1039443 2797035
9667173 3036121
-9340260 -5296139
-904366 -7202357
316917 -7643526
-9728207 2856059
1240274 2877921
-9952191 -9352367
6079820 8762588
7747036 -7750897
9613382 -7173453
-5411705 7844324
-9033524 6546384
3198475 1926408
-6296300 -4525092
8271943 6783216
-180663 -2740505
-5520292 455468
-4230536 479077
2835552 3575342
-3568599 6086381
-8519346 -4376303
-3728670 188027
-8533032 4044815
-1189730 4867502
7694049 9214004
-425320 -1576348
7486388 4798696
-3274895 541157
-1467583 -6798784
2500784 -7054843
-7278996 9320713
-223819 -7679878
-4684449 -2799288
-9223946 5545645
-5851622 667455
-1192496 9723808
-7571813 8145384
2190199 -2404814
-7537312 -6104845
5625512 -8999531
-8059526 2673090
9988138 -4799808
-1742299 1943214
5144430 9229595
-7825248 -693529
-1372816 -9838433
-7518311 -5104244
-5387180 919717
-3534637 -9686408
981048 7905227
145387 -6869907
-8724522 2304904
9900091 2573574
-1014918 -4017971
9498851 4879131
-9931427 7126946
4843490 3955677
-4101109 -9943288
9286307 5617544
-5075985 3559674
-3762407 3977412
1389520 -3932449
6987268 -1280718
-8450774 6002341
3907568 5968983
9099077 -4953374
7351531 6569307
-857119 2890907
1389288 -232026
-5352895 8127963
-2228739 888139
7360168 7232031
7288743 -7385248
8232296 5775412
-8148562 -908598
-6931186 5672663
-8259786 -1910969
-675335 -3025313
5493380 8727482
-2787182 873891
5920518 -8082700
8486607 8828247
1719154 -4211599
5556375 -2370512
8273804 5624794
9029286 2719832
-48137 -3954935
-8823831 6389454
-5318782 9756958
-1151639 9408465
5081128 -3467344
4621687 -5566473
1408214 -662306
-1934823 6462704
-2663404 9417946
-8664754 -2205653
-3377406 5773466
-8438133 9821853
-2548658 858100
-3517106 -365406
-7645574 8241498
6802915 -4487820
4417987 -5177358
-5420400 7979085
-96098 9099205
8148214 3427961
377841 7501383
-3160923 -4713747
-8251042 4302407
3720354 -2579394
5214953 -914446
7375372 5055600
4877454 -8162453
2695647 8937239
-1428167 4845148
-4397002 1694894
-276574 -6557389
-1734747 -7594087
-9615002 6657765
-1726677 2844854
8789167 288901
-9693364 -3578463
-5775858 -8316640
5985768 -2854287
4566320 -4026900
-2424994 -7777526
-205574 -7702375
-5864827 -5049622
6403969 -5328120
2033380 -652828
-8957934 7492154
-9065234 7636378
-9957708 -6718155
9939610 -8283629
-2922423 2943642
5748895 -1787067
-2849178 -4133255
-9933543 6055531
-6798755 1374965
7348065 -1431423
791051 283917
2581542 -5076928
-7610198 -9414522
7773710 -766933
8580240 8793772
6285926 -192909
9959821 2138658
5420503 -262956
1453416 2518465
-4537892 -2123534
6089399 8530993
6914090 -8788997
-217113 -6759778
4615187 6980548
-4450875 -4499516
5784401 -5520396
-8080972 -1143471
-8041641 -9117705
-7368285 -5691169
-6897397 9732069
-7944488 -8788045
-4133035 1904881
-8358074 -7984666
-2949849 3803821
-8319713 3095342
-5857313 2512259
-3760385 286038
-3957388 -8943222
553678 6022502
-8477014 3174151
7653756 -1380845
-7964 -176261
-6777614 9572784
6397967 1950395
1682465 -4145899
9582408 2016922
-6078196 -3745671
-9213985 -4550626
1769547 8080082
-6308224 -2163833
2864778 3449834
-6264128 -2165537
-8592407 9104393
-2356753 -221515
-7047364 1961271
3096779 -833767
1506324 3122744
-4788119 -6911185
5039211 4728711
-9417188 -8390152
-3856877 9238028
-4507643 -9834779
8130947 -7418721
-9338639 8794725
-3369108 -99506
-6649672 6869489
-5296048 9495670
1116416 9602552
-8102611 8627898
-6894479 8759663
-9557751 7366378
-6994526 6202300
1807468 1948573
-3322716 -1782645
-7656444 9363031
8601059 -2739903
9941670 -1513321
1067958 6609768
-2079155 8072617
-2026889 -5754329
-8884840 4551737
-3436240 -6160209
5958695 8335464
6963362 196528
-1043809 7856085
-2261185 2585236
-1212464 -601560
3863366 744289
8961645 3111356
2474387 -9459350
-9682901 3821553
-7691768 -6408202
-9798433 2775121
847738 -4107458
-7345435 -9361236
5190502 1337201
-2306656 6286077
4621541 4270614
-5532858 -6347960
4024477 -5898744
-797156 -4060315
-2145522 -8236708
-4976067 506732
-6381911 -8282156
-7741506 -6014422
323483 6092476
9684275 5091946
-2132933 2631715
1040609 2402194
3040958 1231158
5084711 3695174
-18749 -9252188
-2465222 -7221944
-3569904 7119145
3736753 -5481728
457958 -9545427
4734217 -7060403
3446329 8312436
-9969720 9758150
6260081 7064418
-4326753 4805126
-7586576 -3416436
1731632 7873874
-7207580 -7203156
4028002 -7227759
-1016232 -1650270
-902457 -8370935
-5592879 1481371
-8883132 -851327
3666946 837217
-6191858 4853621
309570 -5875096
4953692 8542359
816862 6272252
-4146978 -2499676
4821802 -2923057
3660507 1526269
-8083505 7235227
2548423 7908491
-9319267 -5291085
3058646 9092777
-9278158 -7819147
3662224 4672541
-6178786 -4871036
5966181 4779093
-7850934 7488160
-8386936 2290676
-6650613 2458637
-1269111 -916892
6583432 4166249
-8756808 4583911
8626533 1405235
-8843186 -2579948
-4671457 -9456972
7768296 3705237
2798014 8525628
-9293519 826942
-4500517 3519856
8648820 -3114942
-8335849 -8162951
9325210 -2868646
9422030 -6186783
-1211794 3454626
-7462265 -7228583
6937667 7519095
-5380641 1637519
-6957246 697211
633615 5762244
6305272 -5800432
7904805 -1521489
-2995861 4073568
7416862 -6780829
6739028 -9773027
-2887969 5432697
7269747 -2095800
5035554 -8707466
-4894249 -888691
-7434065 -3026064
-7738294 -3589690
6445757 7620022
-742458 1715725
-7587064 -8934884
6827360 -5183352
-983783 -4437096
4041415 -4351015
2238905 9437374
-7343454 3561906
3788879 -344232
-4911535 1911926
9816126 3417262
4709796 4874564
-6014127 -2631967
-3141679 2331900
8742210 9068161
6688183 -879973
-9164248 5187967
-1230564 8462077
-6721274 5765041
3844297 -4403204
-6237867 -5188705
6765021 -2114288
3963970 6001039
-4343193 1937919
6366197 -2247150
-8829888 -6738376
8136189 6182324
