148 -642784 9602859
214
-8565703 -6071199
9109252 6456094
-1690488 8291423
-3103707 -2411472
-2346511 -205516
6558910 -4582798
-6772376 -1265659
5378101 -8949027
-724381 -8570683
1629724 -3839322
-1051964 6743634
4540145 2454012
6685131 -1441136
-7802072 -2467348
6889869 1385344
5314145 -8199213
773233 840518
-8351707 -3060251
-2955370 9082746
-8606418 -1455414
-3521860 4698119
5948813 7952492
1519817 -294236
1135081 1326914
3944 3311788
55423 5281157
-2264831 1468332
-9972803 7111920
7160924 -5579700
-1678003 4741477
6542264 -3432855
7407663 6152494
-6907756 -2684502
8914596 9055956
-9883106 -7346774
7351345 -9691822
777022 9111387
-1182849 -4183490
-340224 -7703160
-1875020 2468585
-2250258 9663720
1132053 696755
-2191325 -1998736
2421564 -6324398
8417079 7485952
-5946903 3259913
-587592 -2524305
4791193 -8539239
3033069 -4978996
-2325770 -3777859
-3469681 -4333684
-5222297 7541927
5874790 -176306
-5363114 -3888794
8579791 -4465434
-4801713 2761866
-6541378 8845886
-3152850 -1153308
2522294 -6216351
-8730399 1785066
-4955020 -6544275
931420 7839051
9299812 -3026260
-5488904 8238966
-5538893 -5150767
515549 -5298322
4759957 991427
3331473 5293252
3920811 634747
6169314 7968359
730225 2500602
-6137160 3883953
-7269355 -3294801
488849 709990
5011409 5252939
1225016 -5725198
-7886147 2572741
2062833 -7843564
-9604598 3930017
8779251 6573929
3791959 -5143490
-1635711 -8188848
-379243 -1448084
9186664 4212114
2180473 -6458432
-1441478 -2127670
-8243717 5427050
-7867750 2421363
5647705 -5513072
2256219 -4862549
-587747 659114
-6768145 -6518765
8154023 -5957541
7972476 5294688
1868617 1065778
-1561360 -731921
1079232 8176928
-3271155 -680719
-6468605 3216341
-725739 8431861
-3695809 5711868
-6344730 7832783
254146 -9423174
7580106 8303872
-6558677 -4098148
6560966 -163675
-4166088 -4630071
-587612 2309174
-2396138 6504287
-2429935 9901216
-830704 1988832
165760 6008705
-4672014 2764880
8497573 6894605
-2157182 -1140619
7087601 -2228166
-4395383 4147009
-2759813 -9257128
1563096 -1624884
-3206680 -5179707
4656618 5004420
2890701 5870638
-1820188 3006882
-488830 4819441
-2762991 5783675
-2227493 -402413
-4393707 6406305
-8312463 7938267
-2650775 934279
2310013 -9814890
-9526704 5192043
-8144595 -602386
-7343162 -3922086
-3030618 -904408
3915886 4219935
-8259293 3762702
-366660 -8911144
-3387909 -2852240
-8032799 7813153
-3886820 -1360387
8237200 -795790
8126868 3885687
-5659694 -6156507
-2705875 2330757
-4967780 1689531
9397927 2120490
4034456 -4494484
-5900218 -8746668
-7134724 -792353
5943934 1069164
-5168134 -702486
386371 7684641
7348753 -3018441
7311064 -485186
8154427 1832306
3552868 -6575756
-173717 6391627
2751473 -5803912
6526846 -3317059
8372473 2561950
-5317560 4075418
9580934 286752
-5943564 1233248
-9559105 6197069
-2733767 -3078288
-1264421 6384829
-3414178 -5385548
-5887637 1638302
-8846884 -6065425
5766881 -8576573
7364023 9307543
-1784478 -680250
3515838 9706658
-3610401 -9033005
3528945 -7440964
6634454 7278424
-2434824 727737
-8039014 -1268259
-5071190 -5862036
1059677 -7598119
1303063 -5288605
-674153 2311608
-6050090 7888885
4339813 -4045438
9894341 -4896974
-5589431 106694
1942796 7258364
-518626 2626091
-3890561 7974987
3050375 5870974
-4334250 2154736
-7117526 -315170
932923 3230927
-114757 7359812
2278045 5861733
3089480 -9055080
-4227120 -6418892
3986346 4931680
-9113758 -277210
4825816 -1673841
949205 -9219416
555300 1752737
-5621171 5408354
-4100307 -9963325
-1575999 -6995380
5159356 8950068
-8848750 4089751
9837030 8041830
5401642 2084173
-9537742 -277726
-6816454 -9803960
-6222852 3551739
-1516581 -1043573
8679217 279846
