152 -4486896 3452893
818
5778198 1118723
3818874 -1436773
-9673660 -7419384
-5213769 2005226
4015221 5482782
-8438391 -4934283
-321582 5234628
7561559 -8423621
-7055502 907252
-2982757 3731080
6136711 9506827
-6848934 -8139885
-5043587 646202
-2276742 9534731
7564187 779582
-8101695 3692503
-7744270 -4141263
-1560647 5717179
-9761242 5098422
581205 -4258063
-6675994 4253979
-7995041 -5340834
8751897 3002425
6426029 9566519
3297599 4212747
3719574 -6556728
7819740 -8049338
2596865 6870640
-1078276 -7223847
3555735 2836475
9045331 -3514089
2344649 -2029608
6203923 -8698939
-1084164 3300354
1558643 6442681
-6786987 2013393
6672559 4882650
-2114925 -4782028
-5215509 -2059192
-7846445 -5688896
-9729272 598442
2549105 5873129
2743769 606820
-4100675 7662322
498797 -8334507
-9332243 1971412
2458156 -455872
-6638458 -4471242
1345464 -1337920
7621113 2277378
6807123 -7095892
7786758 -9165874
8568451 -4003966
3936842 -4328167
-7500711 -6647058
3951385 6090397
-5520122 5286369
8409542 -3499510
-5837188 7223647
1405493 6825219
-1203368 -2822039
-761558 -5410398
118360 3771140
-7566780 2599984
7393714 -8536176
-5632068 -9945666
3404812 -3282811
2713223 4671042
2859227 1973263
5326206 -3349935
5256814 -2125132
-6838762 -8206057
-9189215 9736692
-523309 4087132
912351 7489949
-5332090 3398536
7988138 2225335
-4003524 -3577296
9022688 -1893502
-7913325 -9053952
-8999618 -1067246
5649943 8970959
3642002 4405195
-3621542 -9120482
-2470417 -3498771
4376098 4221016
6014959 5302749
5039441 53688
6657172 -657904
-3167955 7032485
431021 -9914125
2311211 -5983692
439012 -1580840
6525658 824039
1770087 -8021947
-6572841 1128685
99645 -4713178
9692017 9077103
9956621 6257999
-7240772 8586827
2807844 -9997443
5305306 -348322
2221718 -8660845
681252 -7138900
9893585 -8604758
-8518882 29649
4045957 -7159042
1260118 3792329
7132720 -5515030
-3536977 -9697871
1430814 -8580841
-3294019 -109818
-8516363 4046811
304810 8914350
7501178 3956611
-3524480 -4419609
-2251579 -7174626
6680881 4297178
-325370 2486492
3881734 9878485
-91865 -7915433
-5074474 5362852
-844819 -6045908
-1560938 6185644
6487773 8804253
-9776587 -2581563
-175028 -9565060
4481751 -3070606
8360097 -6175039
297924 7302914
-7116695 -1622373
1203001 6773444
1070623 631726
-6881782 -9599766
-9721280 3261605
5346173 -483695
-5120843 186855
4140947 -9728301
6457343 -3449309
-4645056 5096362
5031151 -4538531
-4103591 8094709
-4975896 -5143877
-8802563 2894512
197426 5900553
-5721820 1495361
-1731194 -4402917
-1254838 -2002467
-1602233 1855781
-4882614 -5620268
3896037 -1323513
8863342 -9536441
-9264742 8775195
-4674114 -4479358
-9382996 -291046
5170423 -6802818
-8708108 5648155
3020631 3583184
8994048 8832348
4732901 4218068
-4286571 -8292173
9821262 9011081
9524966 -3501413
870720 -1433576
-4537491 -2077267
-884427 -1495541
-1031982 9358546
650093 -2021085
3499557 -7780371
-5555065 -1507669
1689514 -3367087
4797421 2131710
8231246 -4502242
-5669894 -2181948
-7963880 -258354
1449473 1579359
-6893208 -9734099
9280841 1270736
2353512 -7368242
554491 -7332087
1172372 332373
-7792728 9670064
-9834668 2656743
-2607276 2857365
3866049 -3818759
-4669493 1837659
-6030631 8071915
-6430327 -9872072
-2054020 4716967
-5541387 -9583869
1995490 -7501548
5280705 5908087
9695175 5102282
250392 -2922102
-254188 -5434961
4897413 3321235
-4492348 -9081816
3574927 7104685
-7521598 -4327016
-5629423 -9032349
2805310 6344451
4416366 -298916
-170988 -708969
-5992002 502391
918522 291344
-4693852 -1533388
6891051 -7085988
532646 -9413146
-2335248 -897422
-3816031 -9216962
4104274 7410564
845101 -8918618
702419 9611926
7801262 -5579972
7904032 3180822
-7958375 4688191
-5610724 709342
2516726 -1025656
9476735 -3265360
-457663 -958924
24040 395258
3309270 4848485
5435339 9431443
-1465979 -6158083
7141307 5616444
-4456640 4717991
-1684275 1245581
-6626141 6388461
-9191510 1534497
7231671 -8824879
5863313 8712522
-8061784 9273296
-1752360 2768941
9503581 -3028706
6012371 -9759272
635986 -8437730
6410756 8552763
7984207 6461608
2819877 -5637553
9978891 9034580
-3731077 -38815
-8793234 8038604
4427065 4584649
-3880854 -5419374
8272099 -2248093
8980781 -6649183
5140465 -3348236
9420705 3435350
-9593356 5904458
6145186 1440639
3002909 -1064633
-2511869 9297524
5759132 -586335
-3707535 -4527662
-5493082 -1420990
8540195 -3728644
6826312 775842
7876843 2263313
-639709 1253378
1521637 6512341
2379510 -9851257
-3199493 502419
-6062231 -9963673
5940785 8737565
178204 6860765
8312485 -5397677
-6100153 5697465
7627483 -4199384
-6210694 2175332
-9245658 -6080052
-7292344 -9187424
-5895230 1810889
6590554 9533969
-6696301 4497965
1010306 8467198
8615941 4825336
7844107 5906168
5942496 7932800
6670365 4298228
1158994 1883281
-998043 9364921
5062387 -528521
-2211553 2901804
-4922864 2689870
6609818 1577753
-5093319 8347830
-7324929 9317474
1367795 -988548
-6490583 9265626
249176 4671494
-503169 -2963924
-7057756 -1134883
9314269 9857290
4155519 1401092
5800726 5984635
5349556 -4685487
-2697656 -5197317
220839 411943
5618165 5090791
9184896 5297976
-3837842 2227983
-5938190 6607929
-4380619 -1162770
-9380792 -2054043
-7382548 -8354849
-8802421 868384
9733501 -5369365
-5512075 6656175
-1942732 1564122
-2451243 8643444
6474309 -6142006
-1339323 5414666
8342961 6293005
1383796 8881516
-3304156 3961127
8705462 -6914956
9692974 2858003
4211585 5283624
-6770418 7828707
1990210 4830793
-4300823 -4152966
-7005979 3187789
-156035 7949030
-486848 -2518054
8641743 417585
4275579 -421738
-5007072 5116052
1409058 5452608
-3149524 5852241
-186632 5309206
910603 -3937327
8920676 -8964817
6318807 603577
-9051364 -4351387
-9520594 9548389
7911775 2938847
8642988 8694935
-839683 -9094204
-9095905 -8996695
1420890 1189821
-9231917 9545838
-2821758 -4303531
3665429 8277363
4129605 8587300
-3587141 -9484094
-3421421 6459325
7494508 7323462
-9556609 8015607
-6335780 -3670332
-4121943 3908379
9363578 6659978
-2128735 6306185
-271667 8006567
9009872 7031582
-1778597 632428
178266 430763
-1356416 -1010513
9783202 -127139
-9023487 -7690986
5341272 3912807
372133 -2610628
7229186 -8080149
2451810 -9617007
-3287339 188929
-5902691 6116030
-4707640 -4892929
-8586744 -6539113
3983806 3163625
-7288441 1141589
4290370 2993679
5940794 932962
2438801 6984988
-3142151 7100730
1926096 2222004
8651163 -2165637
-2259913 -2732632
-8296429 -8460352
-8077358 -5030726
5158203 4155381
-7212237 -1364697
3742374 9255512
5232752 -9403525
3760100 -2328018
8813572 -783442
4726589 -1011989
9920974 -4379706
-7394718 667383
-9715534 -5123873
-385517 -536868
-186153 2210562
1994283 -1734353
-7678353 7553934
-7476792 -3785794
-9630412 -5755711
2879593 7681412
-546724 5673703
6270179 9138319
-3189698 -5313972
-3581061 -7453369
1534643 8140226
-6239480 -8854472
-5670736 -6028031
-8635552 8882154
-1654714 -5386270
-659356 978932
1760931 8159133
5713068 3851279
-9934514 4082578
843220 752628
-9049608 2951426
-1374871 6239165
5377484 403669
-2393951 7411660
9958292 4704138
-4639284 -3458660
-2313131 -5990713
-9502392 -8362412
-9480257 2016133
-853785 4378408
7873692 -8618619
2056867 1003211
-5145509 -365377
6233554 -2230065
1038915 7436329
387755 -2923226
5832291 1989308
4909329 1529236
-1059103 1209775
8430266 5031730
-8426929 -8584459
7941180 -6209018
-4571429 -8223708
3792425 955140
-4666452 8464666
9846047 5454992
-3541797 -6792759
-4641784 1902914
2189201 -6170954
3781727 4108122
3701248 -6771883
-2266223 -5830518
5698719 -466461
-9256685 5159458
191188 7155968
1087861 1689933
5480915 -5719389
-3943097 -970959
9984181 3425838
1890504 9849328
-2179328 -4682271
-8958678 -5747096
6155818 -3204772
-6859374 -3600461
-9492339 -9138628
6605841 6922354
-8908164 4208910
-6257551 -5660382
9499076 -693093
8979227 7002116
-1307951 -7793384
-3512772 67088
9096129 6689317
-7368493 2544131
-5090188 1596662
6914392 -2961636
1291268 2730484
2042064 7955714
6871605 9963438
-9175190 5182691
2105045 -104381
-5895471 7430651
4286621 -4286767
-2463507 -9636670
-118201 -3697951
-1491334 -3484280
6582809 1090200
-2220483 4995894
-2459975 -1804710
9791953 -7072623
-34259 2449837
7696674 -777303
9694763 -8742991
-8779553 -261262
7437781 6566369
-3538012 4561610
-5491387 -7940822
-2227588 -6917131
5962551 8795235
-4902716 -2174743
4340977 -4155650
-549097 3605950
-8881804 -6559862
1635429 -253228
2674149 -1341778
3624411 -6056266
3166431 -7360110
-6103101 -6162563
-3907472 2861194
-572437 7633699
2195309 -6469691
-4410512 -1594097
-5994876 -779726
-1984491 -4121748
-3780139 9967676
8328378 -4370854
9235096 -9439162
6517329 -2220719
7526054 2869645
-8472133 -9330890
-5387156 200203
-4643554 -2331370
-5977580 7779275
640469 -746655
9403396 114948
3645257 2584385
-9009712 -5884943
3335332 1751097
145701 -5004587
-5036911 3867193
9496339 6365562
-557247 5807819
6103453 1247788
-5882567 8476434
9145544 3629507
6346062 8161652
-4169718 -6241612
4054015 -8297492
-6527794 -147298
2484002 -5305516
7278869 -7124398
9507012 8645612
396709 8269158
5780923 2842344
-3290463 3058763
-575675 3260364
-931817 -3794123
7453665 1383430
-140136 -4828364
1317495 4087450
2249102 -994592
-4719852 -9820090
4398770 595736
2964791 9334163
-5971352 7870976
3262931 -4551207
-5905595 3823869
-5390621 2769943
8128639 4491115
-9933770 -9609698
3650666 7354528
-6439595 -509445
-9126014 5235202
-9593162 3530422
-2382128 -6749798
2255611 -5759314
-5579404 9866974
-7020937 52111
-613725 1335718
-793305 5943854
-8607353 -4068725
9755144 4985978
-9727727 -4512947
2494520 -5635476
7271178 917264
-1728208 2560750
4567657 921845
-3842953 1832198
7878972 5441643
1208198 9080237
-6679077 8013197
396523 -6536191
3515920 -9742129
1593590 3375586
-680560 5418547
-8650178 3316637
-9181033 712088
-1284507 -8895033
7985843 3607592
-5475144 3726365
-3712885 5257021
8695218 2796648
7145198 -9145228
-1187232 7368617
6448855 -2459477
-4446280 -9979034
6001127 2286130
-4939646 5950243
-8157818 -7966601
7451947 6653944
-7513067 1161622
4390062 8801769
2423088 -6694100
-570156 5621907
-651728 -7074717
698657 3954700
-3248652 5635387
-993488 -8089773
9278845 6412899
-6046578 335632
-7127050 -1755948
3046534 -492858
7973737 1390429
3423828 8106888
-2722816 9815919
-6506106 875775
-7806103 -235883
-4413631 7883956
3505864 -2866663
58621 -2467435
-8512735 -7145864
1005876 3273630
5183857 -9245034
7167865 2528740
5380724 4462702
5223106 3637639
5661133 770026
-7839545 -1730359
-3623471 3634870
-4032858 5584283
8976411 -3829934
-1549465 -538964
-2655008 -8829692
-9180003 -3446743
4085822 3367208
-1262303 -6605030
6668600 5573088
-1155594 2259925
7305017 1852458
8831512 8528623
2166262 2685741
-6544233 4054619
4840612 -2172605
3978617 8132574
3716857 3733493
9903559 9945759
-8076853 -4790380
8896280 -1645905
-2576296 -731860
5151700 9716278
-6888752 -8490474
-401034 6405749
-1334326 9779849
-5851341 8443372
-511653 8487043
-6310864 -7019829
-448858 -8345391
-8001644 9661255
7793829 -5608246
8125248 5976974
-1560915 -5972961
-763341 545159
1415606 362233
2146725 -1867060
-9634430 8839310
-9651163 9814777
6220527 -6523182
5773019 -7535845
-9092472 7402553
-1594051 9921678
5418202 -7087773
-5433163 2095085
1756341 7485696
-8122549 9081545
-2425129 -7933478
-3906439 2519051
5580562 6013957
8892542 5330221
5979513 -3003831
-4164521 -6444381
-6629604 6345083
2338253 8700668
-8835176 2107275
-490171 -1888727
-9450697 4588704
7500931 7915778
-7472785 -1516143
-4030446 -7932232
-8850686 4283556
6350079 -9636643
-4601240 -1275815
7254494 -7556360
290213 -9020678
-2024509 -1336612
2219007 8786078
5131161 -3672677
-4972009 5589404
-2303321 9985767
-9386608 -3807185
-9218481 -277140
-9845010 3679047
-7837095 8282451
2866571 -7317794
6965762 -9351189
-8987832 -3467763
-2227225 -4167807
-9207814 8927280
9906602 -4972731
3690658 -6401249
-7615170 -9601554
-3274231 -4090335
4015421 32343
18110 1753760
462928 -8287899
-6048687 -6852146
6826902 1244447
-7956750 -5893696
-3211490 1506159
2154970 4909822
-8557941 6270624
-7897182 -4316510
-5389230 -785166
-3241544 5411356
9010107 7033724
-51478 2965466
1391483 3911289
-6056367 6674291
-9055596 7923257
2151710 -3521905
-7857698 1407332
5168131 6103023
-9790673 8969204
475363 7211382
2121204 -3002163
-6731538 -7369667
-9169825 -3920385
-2189198 7887632
3298988 -4559055
4991021 -2914390
2567428 -5174553
8736737 -5060456
4130187 -6041089
4398520 5196722
4191169 -2409057
8998275 -3449770
-7346746 6333471
-2180973 -3317241
-6105859 -7137419
-7623229 8294390
3441075 -1468303
4611312 8161585
6049217 4271250
2228547 4938466
-7975924 -8135443
9206356 -2780431
2159113 4591504
1066768 459445
8172519 8805652
-3603404 -4534712
2015519 2363689
-8786488 7911223
-5406018 -2814875
47706 -967460
9843282 -8995525
-463828 -5059171
-6897586 3284358
-2444392 6663837
1602303 1667983
-3951108 9784156
9520077 -3857268
3250588 -4744751
-1768954 -5804458
-6998806 6833708
-7701003 -3596434
1283607 -602210
9825366 -3169132
4015993 2497119
4046011 -5580652
-4576176 6580051
-8479119 3889294
-2826348 -2523652
-5859815 7139647
-1192369 -2754388
9546120 -1741159
-3082075 -2627125
2628124 9066197
-6738261 -9831487
-481426 3375523
9779089 -3737066
-1822924 1817571
1164791 1062696
6076167 -1997558
-5061857 7697136
-3206461 122179
-5988527 -7121681
354667 -9169228
7970420 -6298523
947089 -2988795
5270046 9294403
-3332722 493210
-440593 4704323
4872836 1811755
-4812722 -4662501
1600433 -5608590
-1274667 -5033633
-1454585 2293861
2812656 2406476
-7380036 7137934
-2739887 7750799
-9370882 -586496
-7239372 -6212062
-2510585 983785
511342 -9268952
2541803 952857
-8553933 -4218612
-9514289 1725434
-6462811 -6478174
-1140675 -2125100
-5217338 -8759181
8723538 2976110
-4730028 -3975652
947176 -2731047
-5593113 598980
-1650221 3567141
5496997 -5816647
-2028709 -8504751
-5004614 8257625
1505026 -2022941
8929916 5506729
