798 -6825690 -4587074
867
1689468 -6358707
7117861 -9967207
3611123 -6958079
9027616 2655790
-2996034 -3396215
8888912 23188
427057 -8401295
3912955 3675267
-9588140 -9860843
3482232 -5469876
9772209 -2721391
4270256 2607705
3806967 2635216
-3459167 -9676098
6014564 6354833
2512478 1953759
-5497096 -2295968
745954 -7853308
4802482 8114028
7234165 -7710078
2313111 -8193552
-6594847 6123077
-201656 5256520
5395677 -165539
4364585 -7273443
5166 -1122091
4001966 -3346854
9288363 6791774
7115677 -9674715
-803529 8345548
-7184340 -4353407
3350626 -8291051
-6144359 -2681436
-4567408 6612932
1419206 1174475
2980923 -7333243
1306187 -6267683
1505189 -1097571
8736890 3620883
-1136208 -3099134
-1704873 -4382173
-5212675 8868959
-1822915 4813445
5138731 6592040
4937589 7809114
-6544292 6851554
8560503 7753249
-4928187 -677314
-4064382 4932497
8623324 -6979242
8203867 7354824
3603494 -5879400
-4460619 -7973594
-1836358 -4891317
-5474098 6792623
-7589550 7027434
-1587255 2821029
-2365525 -2802225
-6210184 6589831
4398945 5289558
2141112 8727405
-1002994 371005
9693691 -6782033
666816 -3414829
-394071 8145661
-1983162 -709859
-4072907 -9673851
4868907 4136684
1761719 1466474
-1740903 -6967451
-9940016 6287621
-8374997 -6814101
383674 -1527271
7578912 -740522
7065388 -3310158
7933599 -5505790
4865215 -793500
-5059181 -3069395
3515777 -2924741
-4779080 -1876012
7414129 5638058
-1519441 -4245890
9890794 5857574
-2675952 -6650533
-3617984 -5831134
-9543513 5583145
8769044 -3558000
-2568918 4597842
-6142680 -8330930
-9124735 -4990006
-495796 3439060
5161912 8808864
-4260530 6885772
-6038969 -9897268
-1773280 1771599
9926009 -8301697
-2547586 8157201
4014775 -1593431
1756036 9859560
-5971574 3855175
-8045328 8138052
7096405 7001266
1599108 3240068
4909138 7043839
4570185 -2027219
-8588159 5784403
-2890380 6590742
3476514 -909894
-807162 2849090
7137041 7437545
9135848 -64090
-1906889 7063050
7985971 9104614
8964175 4624238
-1520587 -257993
-9603588 5508953
2510219 434085
-6325847 9169
-2946992 6625680
7114813 1099643
9400399 4139545
730287 1043006
-9866888 -3489981
1875461 -5793199
-8355654 -8157698
1778212 -987498
8591904 3296547
-5082487 2387675
9528265 6577876
8836235 -6118312
1906994 -1992322
958115 9232647
-8241832 6933565
-3924403 -2851380
764616 -1188824
5467074 -6809590
4233417 165015
6675034 -3802639
404163 -3117119
-1274816 -8933153
79349 -5435139
377760 -9496604
-4592576 -8812395
7765481 5295274
1693314 -5064311
-4540280 -881931
-1649284 -6399692
3050226 -1065813
6082808 108885
1436413 9125823
-7683766 9363776
-471209 -3096513
-4382799 -933997
5948884 8720177
9787024 6021364
3102577 7190420
210169 -7617275
-6429670 -6519662
1291964 5617593
-9446718 3852164
-7029767 -7014722
9101939 8529354
-2536458 -6162699
-3537462 2152165
1277988 6062702
5426478 415304
-164857 -3889426
5176577 -5044731
6191798 5452344
-6009940 -6358186
3348586 5978822
8361547 7092638
-9427024 -6441245
9176348 4448229
-9183255 1864940
-2633430 2245983
775337 -6213022
-9859368 -3531491
1137026 8238879
4301581 9119522
-465174 4931367
-8958059 -7755589
-2800320 9369970
-2661334 -1265129
-5106963 -6608522
1886652 1328727
-1578635 8241623
-8199621 -7235449
7212781 -8489307
3375633 3493079
-4260938 8029526
4332857 3258555
9727065 -969248
9785983 -3010159
-3890637 -6619557
8311810 -3396083
-1151672 5644190
-2469488 9353752
-9395025 6048009
1955839 4869178
8714257 -4501988
6255987 -6157508
9123395 -2864378
-1353685 8056366
1549446 6336176
-3117945 4538300
-2203144 -195140
8835612 -8785088
-9278895 -9959727
-6579284 8621596
-4774487 -3169532
4991010 4248879
-3881017 4073841
-7361798 5037874
-7576595 -3276042
-5261678 -2889606
-6530762 -8862338
-1726715 -9005691
9050676 -7407367
8928810 -564048
-6025747 -6883526
2921334 -4189135
9542129 1771109
-5672266 1756947
-7105105 2779586
9610054 -2251550
4513681 -1879592
-7805751 -2882583
-7844709 -9367336
-2643378 7348804
-5540802 -5421304
8232711 2094944
-4394394 -2071564
521069 -3494004
-1541700 -5343718
-9710892 -550121
-2222904 2432553
6720014 3210442
7483741 9835577
2615163 -8952252
-8687449 -9621364
-8984604 -5258430
1858987 5826232
6458897 -6790354
3074802 -3469370
-6374321 6331871
-9056832 7534000
-4537564 -8141610
-9119262 -3451226
-6278592 -1500143
466089 -660962
4287944 -5989484
-262690 8243185
595115 1007958
-5427941 -2778948
-9883960 -6789722
-9531800 8400962
4227194 -8868563
6857435 2327187
1374170 -6797557
2050667 -67763
9982589 4999849
6858239 2993835
9542609 7961377
-3538766 255329
2110719 -6735983
9790885 6927323
-2313139 -3601337
-77026 -471805
-734401 798328
-3475042 4495033
2895995 -618360
513077 -3006841
9320346 9639541
5358337 9886864
-7664547 694516
8210717 -2590996
-9597161 -7681958
-9720581 -2414692
7840637 2461800
-1757831 9257005
-1299319 -48643
-1133628 -1966946
7561249 6387542
-2814130 8789346
3284379 -3173151
6208489 3710828
3220339 8696726
8336268 9237918
1641134 2540686
5751554 -3789043
3619961 3976587
6294629 -3521376
4063932 -3460848
1517304 -909600
-1652595 -5579078
-3111369 9759473
-2207473 7048086
-4048020 5755003
-2939298 -4646224
-5303023 -4345798
1881383 -9654919
1558160 -9094534
2659736 -4898278
158760 -7589220
-1378263 -5699130
8277457 8426667
-5094709 4758050
3813554 -2911562
6178838 8969223
5906497 -4669142
7606683 7042596
-3392966 -7204872
1066484 -4600790
-6730662 2559015
8213217 8127186
988619 -2033684
-8611866 94600
-2287325 -7453221
7473911 -3435777
865093 7871435
6298102 8612000
3370050 -8341097
-8736307 -8796607
2688969 9699956
-4969186 7442532
-2998520 -1404534
-6093053 -7362503
-9446941 3608514
-3832471 -2510217
-4383031 -6177602
-5694934 6897099
9508051 -878060
-5814928 -4306800
2257423 -2779274
-4907838 -8341017
-9729016 5638869
-185876 3906616
5110010 -3842614
-4142657 1077817
-8963299 -9684669
-1089203 -6595491
8558359 -1961819
4163048 -4665904
2823879 9111418
5450168 2846929
-255972 957200
-9920859 9755234
-4551565 -8231568
-8494490 6780565
8439548 222210
8377431 9114024
3020641 1226884
7384271 -1808445
9269373 -1869349
-1554018 5757966
9162475 2822426
-9139392 -126869
-2276420 7720834
-651395 -2459992
-9613063 -9452541
-5978988 -5201227
-5445992 -7352682
-5584250 6616505
3397070 -7481205
-4742643 -4078740
-4964715 1836618
5579855 -6365211
-5657304 572278
8702929 2964126
-8761556 6128421
-1049152 9665263
-7945254 -9599081
638106 -7672192
-132184 -221674
-7157862 9986711
7301836 254753
2902071 -3136850
-6520345 -8144156
6890991 -165827
-1728214 6876725
-8770305 4664701
8299490 -4176577
6395701 6809550
-7709972 5158538
1286960 -2385018
-2719755 -6471528
6445744 -9762192
-7434384 -8148657
1629670 -2916150
9586913 2433432
5204537 4471808
3851310 6888749
1260946 -9377039
457134 -152683
9240394 -1848063
5332990 1245272
7068695 -9529911
-204008 -3851168
-8692629 -4019252
3595730 -5397628
-1869155 2594331
2832139 3392327
5243671 7092941
-5823209 -2085893
2863891 -3126659
3861501 -6236296
3168805 -1931572
-8792259 -9770837
76480 -5570249
-4901959 -5818772
5426500 -8166774
-7696685 -9568969
-3420136 -4988452
992296 -5384341
-781968 -2112765
-9518434 -5411973
7980354 -134771
-3041830 -4169943
3744164 -4259623
-4869930 -6348687
9931369 9124407
-2807165 8991571
1737086 3100174
46278 -9083071
-4901843 4329918
6163144 5144319
-1908298 3041009
8052557 982812
5598471 -2812082
5075153 -955146
-3850767 7332855
9714436 -1926929
-3580520 6645939
-7613683 9188958
5356623 2679996
1804403 -9967261
1540663 5287992
-9095481 1513591
2430520 -6722251
7607668 -6532851
8611468 45029
-6913962 -3712836
7269976 9219522
-3592559 -8861404
-7300198 -4615200
-7282345 3998946
4588370 -8634613
8011326 4948444
4137402 -8992150
3687847 2913995
-4536913 -505974
7298370 8008602
-477807 7003750
-9718501 719241
4186390 4469065
-5485906 405519
6692684 -4685790
-5466267 -2399867
-8744919 3962660
9347460 941174
7456472 -6045117
-4679730 4581468
-7953736 2044842
3052693 5847948
-8721704 -1299982
710396 9256892
7265494 -3258617
-6254867 -1991233
8728008 9304040
3773105 6542984
-3051496 -4569249
744961 803552
8403685 -6358812
120200 5278694
8736220 9658766
6130001 -8015987
-918167 6192693
-1762465 -8549729
-185429 1128097
9828115 3806580
-4420176 -6390781
350602 538512
1063631 5361671
4665711 -3387913
-6844928 -7692009
-2261258 -9044832
1758720 -7380072
8777468 1000056
-3721250 162405
-7662477 -1102332
-6601967 7531323
-3759632 8467524
2434147 2479866
6124315 -3005745
3317188 -7751281
8374290 5952431
9007295 8897012
4258683 -8758755
-2146668 -7412722
-5104731 -8559254
-7604085 -6475244
8661036 -4849636
6150420 4154635
6833393 7438504
8852525 4945522
-5006803 1687268
154793 -7749442
-2753223 1233565
744173 5105292
-129637 -6628908
1839875 -5938639
-7041627 -1755346
-514101 -6636478
-4049200 -266591
1174155 -144417
-4103308 -6637578
-8970862 3570070
-9758942 -5442272
-8003767 -304090
7157784 -409197
3794423 3365110
5615668 -7849018
-4099101 -6050784
1570861 5378797
8749890 6645072
3222785 -8558776
-314122 -6893883
-3530360 6181159
8430920 1688129
-8456287 2420440
-1700786 -394925
5691498 9956757
-5485515 -671648
1540614 -1551092
556063 9027070
2392180 -1301601
849381 -5649514
-9183945 -9475799
5902998 -733368
-4088295 2386916
3828140 -2830760
275358 9134490
-2167999 6030371
-9765148 6744998
-8318210 -3737079
-1615651 4294917
4251674 -18995
1825709 -5924153
2524755 8766160
7793230 -6633676
-5418925 -6919182
9947656 -7298237
-6774036 5430456
7213440 -9236289
3150627 1645314
8814555 -6874855
4775988 9495120
-1958157 -910087
8351263 5124341
3903615 -1723305
5087965 -9966947
-7469590 -7712036
-3636189 -660361
-9377849 4356120
238796 1404918
-2997912 8415382
3633497 4819871
-7233321 -3050256
-9770192 6859461
-8978873 9980119
5621617 -4103213
-4608093 9835682
-8558053 -7086043
554650 -4049898
-3256850 9793210
2342616 -5541735
-3253771 -8168885
1170754 4873026
-8254502 -4373608
-452338 1792906
-7275360 -5499354
9320517 -933898
6015847 6358137
-4266050 4603548
-2899980 -1237993
4658794 9271429
9107112 5237989
8151946 2567054
1033508 3065411
-4625026 -1293404
-4318786 7776658
9607773 7717590
2590616 -5056205
570188 -6705120
-2395862 4336115
1353113 2634202
-8299695 -7154870
9203267 673631
7793531 232504
8994511 7453569
6724998 -5106449
-9868460 -3830343
8736711 -1651538
3930226 799838
2022787 -229780
-2453122 9305200
7022790 7704001
-7352204 9671004
5482236 -7870242
-1017775 -4265664
8368539 -6913626
-4068496 -9664661
1008970 -9931156
-7182300 7651123
-2378956 -8681147
-3787595 -8187789
-2018132 6862394
7727209 8860297
-339864 9234932
-8478496 1657435
962635 -8317077
9386924 -8415266
-8744262 -9498223
-7368465 4551072
-9714591 -745674
2340700 1613761
1949100 8653948
1239144 788556
-9043969 5474422
6793275 4056844
-1614593 -1422925
-4560530 5522032
4382330 -1116373
-9365089 5683031
-2659534 6558818
758093 -7843585
-6258850 819453
1321230 -7338631
7212441 7513240
-3232433 3952765
-4433474 14202
-1331850 1624619
-7586824 7515626
2990048 2423646
8996842 -6630793
-5537365 -7700324
7821708 9898601
-8701419 -7581543
8101488 -5279610
3795560 -8066508
-5910092 -4558046
6261407 -5446347
-2784978 -2168942
-4655702 -2417363
4051754 6943816
-3041982 -5371783
6252837 9618281
-349741 -1857479
-9433833 1182365
4551572 -7359692
7456336 2079362
-5505685 1530559
3949016 5278044
2514787 -4207104
-2273611 2050504
8810 -3689653
864001 1816297
2163707 8786569
8885558 595375
-2460809 24357
4652575 2937313
-4928054 4497210
-7360269 -6578236
4604129 4722205
-121135 5722250
-9682036 -8327947
3202613 -2664799
5129598 -5187720
605176 -2848371
1718486 -2355615
-3528916 8331565
-7335786 4243648
-4453430 -148563
-9553187 -2655727
-115017 -5567872
-114207 -9497644
4999566 -5462442
-2040678 4957739
-320055 155649
8394252 -7436549
-5764496 9558810
9410364 8712216
6040848 -45531
-377549 4539962
4700699 -3353975
7493942 3857289
-1899063 -8828217
-6460427 2674509
-9981218 -3836141
-6887660 -6013614
7005094 -96235
-3042325 2998133
-2044127 2004661
4676662 -2566651
-7486848 152170
-7772668 3070914
-5700517 9265009
-780522 -8362304
6177658 -9659669
9502708 1358281
-4784430 -6605291
7082845 6996651
-7812488 -4167140
1996719 -9377582
7125156 4722646
7142764 5109059
-9376455 4130250
8651263 -5899561
-5949859 -1420582
1247940 -4155722
1431544 -3436707
-4171698 3475272
5112969 5731027
-1412289 -2435867
8922414 -6193021
-2798311 -1909581
7603422 6654337
-7512803 6800886
7423304 9790934
4513581 -2999732
4625680 -2935188
3711414 1656345
-1726864 5249225
6344995 2362678
723308 -5160371
1402923 -2407065
-8931793 -7845148
402232 -252423
-171938 -1302472
2504508 8989943
9596714 -8733171
7921166 2222549
-976565 7200137
-492577 2924715
9924983 8963091
8544255 6537356
-9289947 4550663
-200112 2255669
-5381653 -8500458
-3660829 -3855117
-3745830 5341655
12860 7742094
-9993976 -2677622
-1463742 -9584908
1921387 -7649562
-6382733 -8959234
-4220333 1518101
-8765410 -8461567
4463148 -2680546
8798897 742014
9795722 -3095516
3971499 7343152
-401178 -9494224
-7994682 6287740
4948975 -3266479
-7924823 -1655511
8602936 -8796854
-8958124 -5395611
-4980519 1125312
3475750 -421866
-6864747 6940868
-1541031 7093018
1147803 -1085080
-1249273 -7790088
-4531722 8127304
7548140 -2450376
-5107223 -4736000
-4230224 1519639
-2192621 4491599
-8774880 -9708554
-1364064 5272707
6475853 5816649
-9578962 9755224
-6603112 34081
2128567 7956871
4897739 6872638
-3517992 5263820
6695093 5873061
8082973 7629812
-1726532 -4554180
-4488204 6067603
-8668397 -4178392
7341247 404573
7412524 -2898620
9909178 7664979
2937686 1153997
9486998 -8938534
-9183310 -8070109
-5519676 2424389
381260 6729930
3602569 6608891
1872712 7795352
-3815235 2600929
-7252907 -8915843
9046329 6784090
2851693 1020561
6842169 -5441875
-2520949 4183296
3801028 -3300231
6881100 -5108425
-1438076 3710207
4771673 -7664862
6781381 -1951077
2989664 -1895284
-5165354 -8738295
7870596 -6629076
3682628 8437215
1038145 -7740340
-6656183 9867393
6651483 3785238
7322152 -7609854
-3051728 -496824
-6313527 -3319327
3380442 -3056325
1835250 7487501
-6285940 261542
-4886968 2913527
3478802 8485734
-3409550 -8105587
-6843882 -3531534
-7644258 1425096
-7621336 -8973285
5802727 6038371
5905764 -4066839
2234751 9146545
-8463309 2557248
4576776 -443097
6237577 -8998685
-2055010 8263249
-1732897 -7865629
-5087734 2296593
7726472 1981163
466897 25298
1919712 1205274
190092 -426301
-9001204 5075830
-1381103 2545834
-1415795 5893812
-8173027 -5578375
-6431830 7006322
-7920078 4061724
6134980 7621213
1138881 6656698
-2563700 2372557
4506928 1600223
-6103184 5703403
-9799082 9419194
-555507 -8376712
-4655086 -6815832
2757867 -8635795
-1043613 5535006
-9402807 -3726985
-7833173 7575285
-8003090 -818602
8704072 -6006200
571877 8081432
