105 -1375179 -1514078
119
-4097662 8084770
-3219597 -7766434
-3758628 -1623342
160278 -2747143
8430700 8241978
8541475 -979176
-3006354 2797939
7685017 6940428
-1771334 -25765
-5154666 -9790935
4709818 -7603844
-3340491 6018163
-2882215 2270787
8118995 -9582692
-957870 2513904
598674 9121270
-8645164 -2539180
-1646170 -104570
-335361 -2403792
8354538 8514108
-2465068 -9388309
3409630 6896013
-3647207 -2955070
-464483 1094648
-6179935 -2902188
-506032 4380851
-7084634 8529883
-6682977 6153477
-912862 33152
-7452944 -8563982
-9442712 645620
8106440 -4337918
-1926136 4428476
-7975316 -3539730
7490730 254855
866546 -9620778
-208412 7542014
7103296 -5723823
-2112823 6144381
-6757807 9155165
3536017 -5776406
-7246523 2736161
-8594009 -1032265
9000887 -3929500
-9977129 493129
-8861251 4064295
2242730 3096511
-2475012 1761541
8221811 2832946
-6912198 -7933976
-7554753 -1771107
-4229093 3954348
746877 -5246813
-9102432 -7125797
-7970632 1150406
5374000 6656114
-8091373 -1918263
-434175 643830
6714330 -6685382
-3675901 -1433288
5147360 -746447
4866417 -2537152
9224389 9906442
2739388 -7608595
-5542571 -37448
8191445 -1656458
4814243 9419028
-5827785 6478704
1869259 -4438880
-772121 7586136
4242250 -3585020
4496717 -5398121
-2237939 -1332771
1981848 6578894
-4854393 6992744
-3753703 8305947
8285148 2809319
2715761 -8887286
6020471 25889
9988442 7971501
-3684956 2994253
-5070367 696239
-2825056 -8870713
9206759 -8381799
1720689 9044203
7975535 -9049010
8069222 8479291
-2853480 -5011395
-8432501 -4168717
-7175973 9128368
-49332 -3286894
2038777 -8413323
5215743 -9247832
778057 -5245462
5242392 -6247433
6746820 -6717149
3979091 -8442564
5203075 4192805
-1672642 3670387
-4769058 -3073814
-2122823 -9951953
8527338 -6793522
-1804917 -4053601
-5705966 -4326141
7318579 -237418
-1007959 -2881938
-8778909 9785599
-9462233 3547170
818061 6436834
-9810599 -6167823
-2884972 -3939547
-9865759 -547427
6161731 3610471
9797210 5337316
-7736498 -5510911
-5462863 -4971847
-9249017 -7342969
-1396570 5580827
3771038 -8537582
