124 9312041 -263471
976
-2210067 -3863377
1661611 -3145567
-547301 -1008814
323629 -4202282
-9905646 3120033
-8858519 3629682
-7058585 619057
-4119008 -3020966
-5131777 -5204165
-2904095 -983821
8404622 -4374693
2651754 4836831
8946807 -8555256
8920217 -9276842
-9964801 653782
-693243 -8826901
-1972468 -9658516
-8150978 3484720
9282438 -3417
-6883384 2172652
8318686 1893144
5028553 -5741902
-6246516 -8739899
-3944064 3425898
-7557923 -8861940
9279719 -4331806
3021377 3363051
4807796 -5552175
-4829017 1968184
5138318 -3755635
-2582536 -4793817
8064019 -5554925
7929796 -2038652
474283 9913042
-5397954 -271414
4138083 -3892748
-7118298 -7079268
6697186 -833364
-7407466 -3364814
-9710402 -7246878
-9062332 7550964
914015 9569317
6533494 -3524603
8443581 -4278189
-5517471 -8295522
9427013 -3901749
-6940321 1899993
2377694 7491032
-79574 -9010525
-6765587 -7148023
-1040771 -2961176
-40443 7372496
9055485 -5642717
992470 -3343257
-8073783 -8351981
9198983 -6201580
5884090 5380238
-8144365 -7370649
-1648838 2417584
4122062 2815569
1430172 -4649957
-233611 -3934573
6072812 4489851
-2004322 -7855917
7512412 -4006762
3032063 -6253556
-8881060 8987994
-6654723 5507972
4681067 2690777
-3144851 -3145901
652520 6607284
-5496126 8570484
-8800165 9052962
1470546 8875862
1691431 -7932650
-2582607 8108961
-5825612 5637955
127807 7183782
1844217 2763552
8756791 8123485
-8130071 -643370
-9139024 -5694794
2329530 5505222
-1804001 6722605
-6423295 -2989403
6134233 -2432500
-3862015 -3254423
-4201461 -9361892
2030322 -2662180
-594830 7269085
-2105602 6238105
1876060 6822564
-3477302 -5414861
7348691 -7996133
2643705 8366916
-9760102 -1378166
2927040 4513634
-7464792 3617226
339831 -4743430
-5216481 -6752440
815060 3916536
3178465 -9082247
4072213 6953045
6807218 8977004
-1237558 -3897465
-7659360 -3787612
5551304 6656840
3758331 4216700
-1263080 4590355
-4526377 1107023
9728857 -8619375
-1589389 -4286479
1847099 -4827750
-7054828 945820
-3290268 -7813070
-1380181 -2271308
-8837203 7524792
-3005810 -8201716
-9224711 -2248638
-3629751 -6198592
13796 -7945917
1227275 -1289111
5443941 8081453
2671808 -5014393
-1391018 6697213
8077838 8145431
6375304 -1662161
-3973559 9004802
-7533026 -1777597
-7074315 -1028386
-783342 -823294
-3298502 1545504
3343789 -7104193
-6836479 -3787960
13448 -3364570
-1310487 -466230
761011 2543597
-6858598 2433140
7418747 8721304
5418518 5813210
-3525007 -3972271
-3118079 -3987292
-4982490 5366649
-6410948 -4575286
-3087320 -2515516
6661190 -3485263
576594 -1354310
1541497 5879041
-7908919 6436735
-6927835 -2778630
6755140 -5379118
-319169 -5721970
6711170 -2483849
-3762544 2822233
-8848205 -3353730
-4809649 -8344026
-2331318 -9856860
5509789 -5411376
13339 -4797455
2687029 9098841
8129930 6926019
-4428290 -651780
7743613 -8777124
7659611 -370441
6850930 2351046
6971928 -9268224
7526158 -3877578
3638574 9169111
1991344 -3246319
-4083697 2392382
-3435292 -4340509
-4197369 1106654
-1788369 4233390
1952287 -8687580
2927613 8224970
-2332659 -5360683
-3496111 -6426104
-5203228 -4244597
-2098685 -5752498
-885100 -7543616
5704512 -5247755
874667 -3913171
7772292 3230671
9984352 7029593
-578025 -7720011
-2060520 -4099345
-476339 5986683
-7263574 3742112
-2429116 7735292
-1523386 4688713
1844382 -9501502
6588746 6143956
-8100641 8348271
-7404227 -8614482
-6158098 -7682974
-2930729 1710674
313855 9546415
-4706562 460291
-9993764 -9397501
-7117512 7794142
-6305203 -571788
7931247 821969
7080433 -4265190
5986455 3184025
-2127261 7167669
182519 -5536931
-9392975 9717121
581745 -3228735
-1843216 5022737
7339763 -4306130
-79104 -5484962
6577805 6925387
9902030 2751103
3353603 -8128757
9665385 9908266
-8147170 6236091
9574412 5876534
4127697 9784078
-4515545 -828803
-3661133 114152
4577221 3357194
-4409332 -962262
5809004 -2299401
5239688 6172413
4382635 6482140
3513530 -4904197
4537542 -5696468
7054635 -7392312
-5521069 4439572
-3135809 408238
-3355670 6660669
-4946445 -1282979
-8982549 8735094
-2093708 1697604
-8188244 -3498093
2375453 -3238489
5799249 -1094670
6605929 482473
9171238 -5875395
3123097 -5638031
-8025876 3553874
7857406 9152980
-8239332 6511667
-6532409 4912041
7836632 -3760401
5416620 331782
1565156 6997314
5732408 2986528
-5315868 2582607
1600866 6155052
5432915 9012241
-2082429 -6023680
-3024855 -6251483
-2126878 7039852
-8598179 -3853616
2216610 3512572
2665552 -6624055
2403964 74016
7502409 4426220
3182171 5871556
8719690 5339041
-5147293 -8884856
4101672 284846
-7132546 -9414884
-743480 1302156
314397 4468320
960992 -5310564
-1562047 8231968
5271820 7936138
6598874 -1172573
-7660001 -810007
-4917709 -1184516
1405852 -2478097
-8051877 7486255
-4125837 -8575387
-719993 -2353353
-1238209 -5406146
4878700 4132714
-2765818 -7136537
-3318029 262506
7247179 6490703
3696491 6996369
5228337 -9275477
1177013 -7865556
961871 -6983490
2206503 -2224113
-892277 -4181777
3340126 7288794
-2708598 3029927
4454541 -2195398
5451249 -4318083
275771 -6265452
383614 6729392
2109207 7670824
-9550318 7617797
-3375148 8791178
5787547 7696861
8421385 -9678657
-7544213 1015885
4032395 -401602
-109362 -4065990
-5731415 -3761102
6044045 8998361
2028289 7608712
7929666 5851799
4050068 -3517170
-7266270 3380915
110307 -5674160
4513016 3117344
-6748507 -7780486
-8989308 4962698
2659560 -123655
197688 6798240
-9669523 -6402703
3195695 -4830173
1103838 4362872
3118122 -6913667
4601047 5372423
-4502513 -8321481
46670 -3370664
-4371482 -6572847
-675580 -5903261
-9061069 -9121400
3995944 9434727
4170593 5451947
-7069003 7247438
-2876217 -2302362
7012230 -1893091
1704206 -162176
5007651 7342707
-5778069 7416254
3018939 8627841
4000265 7340053
1534925 -2380014
-3234326 2014104
5441258 4097947
8194686 -5089456
-4210856 -5234322
6716758 9133617
-2898084 2301441
-451121 -6596297
1101341 -7450734
656175 -810986
1543190 -1886429
-4543722 4876734
-5190660 -3449158
-4821317 -7805439
2050967 7828279
7964618 1695300
6225757 -6414108
7683839 7246644
-7842811 -5816633
-8534603 -1605122
-9955153 -2053667
-9752226 8182155
4102211 -2853236
-7787618 -7686995
-5981628 -4796448
-4166524 2868557
-9738357 -1922086
4628756 -6193894
-3999332 -4929017
5415615 2323792
6535444 8051635
4153879 3380233
626877 -4722447
-539080 1837718
2748948 2784066
3246752 926318
-8375175 2793796
9940560 -3989122
-9159764 5727036
3446941 4669294
-2462149 -5141392
2936522 9280417
-6913477 -9684153
-4613170 -9918369
-5078225 -912809
9655178 -9197555
-3300970 3973571
9251125 3809057
8163128 7325908
-7373674 -1287955
2154715 912076
-6294128 5873078
-8116043 3779541
-7977071 6162784
832078 -7275807
-9900847 5469870
-2733361 886282
1202129 -4447973
8150010 -7130485
-5526942 -894689
-92243 -6928215
-438291 -5871763
7937294 6606787
-3550953 -1187166
41231 -1383226
9528851 -924626
7464804 4712299
-8991808 -6765277
1913860 9348761
4589306 -6968879
1017344 -7254062
-3851428 -2795189
2756839 8283983
3669850 7350701
8972365 -6576799
-3505013 8142909
-7728854 -1119878
8003261 -1426952
-97766 2724792
-8658433 -5547691
-3955965 2459817
-2827884 -9129582
6621493 -6491161
5373953 -1819692
-6272218 -8948295
-6202356 -7520389
-315577 -2738522
8061813 -7537432
2329622 4957614
8380815 1731664
-125427 1301987
2698461 7392154
-4034798 2145719
7386863 701722
-2329617 -1616212
-9156394 8728430
2115200 -3769230
-260390 -9467926
-1287617 -8746954
-7695249 7629915
-9890474 -5043483
2217995 8618747
-8918684 -7689699
7267915 279808
-7988528 3410938
7229277 -1834917
8073589 1886045
6548116 -72262
3145812 6555144
-5061068 -3548668
-4820238 -9183804
9563318 -4217462
-3685387 -188685
1064361 -8180720
9449195 -2456652
2499865 -4114536
-5495788 2075074
4385375 7234212
-2485980 -4414472
1512818 -5830357
2334726 -7958155
3927890 -1257905
8669833 -7075333
9479811 -7007641
-556309 1815645
-4851807 -5581256
-7282366 -2860195
-532528 -5288488
9047144 -8451401
-908053 3048185
8933650 8496340
571414 4108164
-6141272 -6562138
-8460258 7473141
4159136 1372749
-4069054 -4431088
4311007 9010214
-8065118 9858836
5367547 -4502808
-170811 -8585307
-4166563 7327590
6983748 -2506265
-5278401 -1448928
-7383977 -3548780
2015758 -6231257
4781435 1707971
8332487 949408
-3096378 -4647151
5342343 4707568
-3919683 -9040284
-3471372 -498521
-1488306 2011263
-5613549 3355987
1369531 446576
1861269 2270351
-7885707 -8801280
-8791193 211059
1278483 9098041
8065614 -4069594
-7784498 3894506
8118829 -7402276
3547132 6996937
4866139 -1032331
-6324763 2967106
3926822 208482
9709961 -7728094
-3200479 2971802
-3672211 -9261993
1184583 1185972
5972675 7697320
1412392 5562205
8289616 8086969
-298638 2621200
1067958 -431901
-6537395 -9716672
-7118948 3283460
280398 4097787
-6934544 -1055464
-8088358 -4853463
5355019 -3259307
-987401 -1645184
-8673382 -2418668
-9164308 5812120
9514444 -2345593
7868079 -5463373
-9901168 -1996528
8606793 -719528
4418024 8388448
-9527101 -1691845
-8892164 -4514018
8769443 6451857
549644 -6011112
2933425 -8433807
-3287270 3615100
2872145 -2638581
5716236 4584101
4681785 4401096
-7270432 -440794
-270034 5517477
-9945895 4760364
-7236164 -2401955
-605131 2669289
-6425910 3886981
-7804863 -6187107
-8184772 6563341
3015198 -6697027
9808213 3101023
4667216 -6435158
-303706 2741638
2619410 3896298
-1519601 5084791
-514113 -1664354
411204 5678536
1196014 -5268193
9492172 -9858830
-9744432 -6233529
-1047888 4772360
-1340658 -349563
-4020317 -4957446
-8394104 -6629169
9190156 -9688737
3412286 4621094
702289 8998369
-5743640 -1920498
-8024200 -9601417
5483375 -607878
7727768 -7027449
8651087 7485614
-7782578 -9344676
-9203505 -7636547
-3870076 4225946
-8485342 -8947937
-6781148 -2401611
2640943 -7309648
-3938817 -801465
-490202 4246839
-8615714 7767691
-717587 5438436
6034290 2086575
-4998490 3538773
-7069105 526442
3498993 3001237
486852 3175015
-3653309 -5333567
-2970114 -4779374
1962924 -2856814
-1804751 -4323837
3274552 3477582
6167935 1414102
3128989 8431847
-4804961 4745470
2513162 5155140
593576 9095677
1182252 4311927
-9632948 -3372133
7154309 -1299886
-8298648 -6702053
-1010686 -6830345
-2163912 -5295444
-74818 5336005
4995544 4865974
3058489 4404458
-9601608 5707145
9637599 8849393
7281241 6566327
-6171850 2766589
-2078271 4992632
4088309 -1142336
-6830409 1031657
7659524 -4729439
3970675 -6463357
9350942 -2669814
499841 -1811621
2892935 -9143392
-1291035 8335929
-4281745 5334469
-261073 -6295491
1928007 8776745
7626138 137320
9219999 1565606
-5667805 4907379
-7583637 -6951851
-5577835 -5229724
5801934 6504672
4291585 -2408244
-6355249 -4022190
3307996 -9221387
-1033008 -7004307
6368653 6324189
4660118 -8140072
7194397 -4922381
-8701520 -9621626
1671471 9449677
-413003 3226487
7308446 -702391
6721341 -8676652
-5628502 -8359359
8927270 9137704
5642377 -8689985
-8581876 -2754444
-4260282 -7549686
-6771073 -4937125
-9425079 1564067
-2111744 2195920
-3427800 6943574
4537545 -7451625
5443101 -6233403
5732626 -1647622
4095217 -2885428
-1071467 -4680377
-3357028 1403663
-4439343 -4350126
-5212421 -6469178
-5159163 -5512073
-5750165 2946308
5396622 8775313
-6161811 -10447
-8446380 8625550
-6662178 6929462
3873036 -558123
-5493396 -89978
-3807029 -9073066
-720688 2466057
2096981 -8074402
9761573 5890881
-2705455 -8974486
-3324611 -3595455
-7548281 2855202
-140519 -6020680
-558020 9808909
8584222 4109316
-5901131 -5161398
5980504 4938763
1868225 8168842
-9872929 9318326
-8255300 8257614
9184548 -5366325
-383916 -2062328
-7620378 -9019788
6871093 -8286935
5254931 -7858805
-8937907 -5834362
-462808 4446672
8425992 -6486188
5839073 9396673
3505989 -9615676
-4777073 4423296
-8121589 121211
-1709947 3719783
-4445538 3746637
2004251 -1582876
-4432849 -2700838
-2246814 -6294849
7201715 -2300413
-587348 132808
2274004 4072808
754799 7183935
1630608 3336097
-633739 -9708009
2205017 -7427048
-7042723 7721687
-5338665 -4288994
-1651431 -1819796
4416339 -3460254
-9713617 -845026
7572098 9970801
-2730036 -5193014
-1487863 5655601
-6644812 5023150
-4844041 -4286148
2303013 -4715808
-7531872 -53685
5798764 5574164
-1617493 4098736
6671688 7681377
5403064 -9412476
8814883 9628965
-9674479 -9935601
-3395854 -2836548
6318427 4741861
-2770986 9406881
-5786132 -3593123
4578831 4498978
-7961519 -4757643
956210 7934019
5734564 -2805560
-342893 5775575
1349739 8202692
-5182220 -4544129
5653600 9732246
-9680229 -8510532
3634786 1056665
1121064 1651006
8814458 -3523341
3734872 241562
-351556 -2350763
-3427533 -9036113
-2020783 -3621336
1621021 -8848702
1601669 17698
-271510 5093583
869158 9852585
8055277 9385597
7357820 -7781103
4467496 5389409
-604770 3011421
-5931914 -2696381
8954625 -6969984
-7976973 -2294498
463417 285435
451025 5757900
-761861 2628213
9006877 7023492
691142 7217356
-2764945 627898
-4278518 4809163
4661749 -520103
-1134505 -893008
1325890 -4766622
-9377212 -3776685
9234736 8309738
-4386643 18018
-4435614 5819174
6041029 -5432018
4853417 -9896235
-1621983 -3495554
9132659 7820794
4844286 7616156
-2650135 655888
3800138 8051780
2860944 -2898728
6581169 9521620
-8855035 -9960955
-4727577 -4553336
-5813668 -5012793
-6703055 8411563
-1570419 5937420
-5727053 -1089698
-4005364 -3489681
-3385915 -9686024
9334774 3364405
1185200 4992102
-4875389 983785
4156025 -3970514
6597619 2474476
9575748 -2043837
-2522216 -8025085
-7986040 -1326731
-3363714 -1377251
3609956 9802735
8214299 822618
9276390 -576747
8333555 9160232
-4329448 -6450663
6379665 6844543
208948 -5199011
9793091 -1769209
9214576 -8605852
9939987 -5082298
-91470 3370601
3843117 6537606
1028873 -515722
8157548 -8679099
-7539998 3042833
2845568 -5206166
-1867196 -1413690
525915 -6423781
-7263548 -2590806
-6525116 -1140530
8220365 -9076644
-4275655 2370901
-9398307 -1570687
-176538 -4482564
-7048509 2332621
8219575 -7720199
1333759 2860021
4860652 2062692
-4100055 -7637368
5405465 -4465448
-7155262 -9123701
-537391 -9232615
-5656395 977542
903088 2504876
3880698 -2919943
-1996587 -3105676
9265226 2101063
-9469624 -3755890
-5722102 9866919
2199540 -7129810
-4850009 -2770611
2605763 419115
-7518193 -999898
1362734 -2533585
-4482681 -1618248
-741949 9284551
2568289 -1637943
1855951 1237012
-6258112 6911894
6508303 -7240961
-7830284 138938
-7759999 7028068
-6727822 -8565058
3818213 -7229622
-4359432 -2449924
-2704182 -3982247
-1046779 -6693088
2307014 9901581
9884348 -6048620
-5150515 6186101
-2012996 -4598333
3763724 -3376112
377253 -9444707
-16461 -4380325
-9104934 -3364507
6774432 -3508158
6036262 5581134
7016076 9014433
4301163 9308440
9374869 834289
-631605 9941732
5764996 -3329313
9088620 837968
-2694300 -9411638
-709185 8972968
-5625365 2155185
1295426 7277820
349465 654711
-1209262 4189031
-9175476 -9666995
9341199 -7797844
7783291 115308
-870258 5377462
-2797746 4799367
8150009 -6569095
5888989 -3422877
-4235838 -9965244
872724 -5829663
-5241300 7369134
-1141546 694776
-7150038 -3434133
-6156313 -4250559
6404152 -3338260
-9149229 4193153
-2957490 -4805110
-2602953 -8324705
1790604 -3616291
-8238829 -4819662
2496057 3436698
-616045 -1036574
-1943099 -6837582
-6802826 -4727055
-8040366 -3662584
6222902 -3413750
7281027 9234686
-4199446 -4918643
830798 2647341
9309081 -355759
6353746 -2765049
-5053807 2676204
4351499 5912608
-7703682 -5140408
-7443718 8658455
-5388495 -5942511
-4462733 -2431308
731110 3995461
1784758 -3889479
-5035711 -3555363
3030887 -3739256
-4504569 -8812809
8784900 -7171734
5475607 1295985
3456578 -384301
-632998 -2698960
9977244 -189675
8239285 -3170453
-5794508 -3154904
-4496449 -9464397
7109445 -3238226
-3153182 -7368591
-856778 5163064
3789937 7577929
-5977434 3444332
9705076 8754226
2457770 -430195
2398072 -4799493
6496492 -6240978
-4108927 -2126321
5174720 -46929
2279748 5258075
4603975 5151964
-8002940 519033
-6429011 8809467
8087593 -9983036
5164725 -9319566
5843498 -5065588
5028693 -5692053
268631 -7850212
-9095986 9051259
-1378936 -26293
-2309433 -4121864
-362841 -8980864
-8590832 6703411
-3343518 5528232
-6697340 6583888
-5747796 1452582
4487968 422987
-8251194 8765617
1298933 575309
1255743 2352751
7287163 -3536342
-6712043 9615593
4281733 -5167792
6399819 3556588
-6469705 5185748
3580236 -4979116
8556372 1220862
-2075726 5733747
1261980 2481892
-8417868 -2902892
1066043 -2919008
20331 -4165663
7116306 8070363
-8837976 1769137
-5878112 -1584761
-2604751 -5065881
-5450288 3925404
8757612 683206
-5760206 1347798
-3466454 5157432
2694668 -9713559
-5976344 2630134
-1636118 -6232608
6249285 -5535718
1561390 2142214
9223206 347769
-1301542 5143785
-4269500 -756463
3529026 -4185236
-3253645 -3107476
1826643 7650914
-5907330 4141604
-5175190 -1107292
-9759494 5366635
