47 9719666 -3795220
93
-9741284 2896441
-2201087 -556065
5982273 -5115467
-114659 2137661
-8603161 -3939937
-2523735 -292689
4431312 -6413539
-3584617 800890
-3099634 -5729419
9080152 -5429328
-5430327 -9354565
1969167 -647859
-2298916 -9251111
1749644 4112481
3832147 2969176
8381969 470776
9914711 -3392785
1491749 8697235
834896 -1586664
4473400 -8622910
-6399246 -5251913
-1665451 -8050335
-4733092 8032066
4818999 4749932
1836956 2167274
-4670938 3899152
5767645 -1077018
-328129 -185419
-6072938 5985082
-8529390 -8578485
1892291 275562
6882777 9852580
8549815 -5676645
2736691 -1625474
-7732031 -8098937
-3350850 -2789909
-8323891 8385075
-1066507 4983699
-7750017 -3056983
1626643 -6247507
167997 4086940
-6990078 -527943
9286638 8451994
4437076 2681793
-3380340 5730053
-3994385 5907687
-1723381 1028303
5351658 5404744
6295623 9342786
-8756151 -9395298
-9668855 1079944
-534981 -2107001
5393051 -7992746
-1049729 8398512
4667357 7643034
-5753674 3093267
-7434676 7351706
-1679947 -2743752
2454393 -8148037
7582016 5273481
-6302480 1590405
-7381291 6103983
1508727 1974139
1316925 486719
1091421 -9679298
1400646 2560774
2970126 1422567
-4053827 3382017
1780530 -9120471
8522563 -2587203
-9493936 8964239
-1167702 -7231110
-7458510 -6928612
7439703 7152351
2425832 -2487764
9102641 -2461929
6158406 -1360295
-9386156 4237702
-5275578 -9816514
-9495812 -5552878
-475752 -1667805
2271114 -5578813
7803204 5010726
5890255 733640
8146437 -416266
-8935674 4412819
-301939 8652501
4240241 -103376
-2951025 -5244097
2268139 -5803703
-5749280 1991159
-9369136 -6112867
8124835 -9590873
