3 615708 8170758
675
-8584009 -3988932
9908543 -4079298
-483588 -4283067
3916258 2520410
1986860 2038423
-8254868 -5086564
-3313632 8739118
9269607 -5657116
-6502259 -5522996
7271627 219072
-593473 -9155428
-9268703 5217177
6593306 4097658
7074428 8481098
-8386842 4477332
3004752 -2238462
3682241 5545502
-8737565 2913295
7950057 -6801347
-2246572 5178694
2608482 -63082
-1323964 -7985088
-3642204 9294850
-6228146 -9538005
-6802580 -144463
-6783539 3559834
-1222989 2603947
9217957 -6052242
4945209 7886669
2364001 6292385
6570276 -925281
-5379779 7885106
-6685247 252517
-4032478 8399009
-3905945 -8735189
1201729 3720950
-1747786 8702537
7997387 2394117
2856112 4610010
-5534453 4285594
-2154572 6053532
-8826169 -9801640
-5853881 6622439
4509109 -9608212
-799474 1607680
-9317601 9389462
-209080 8287154
-1460329 -4697379
6217982 3105674
4370485 -2976455
3260847 -7687963
-8985426 -4427786
7966331 -8486939
-1360577 1528313
-4186093 -6661205
1908680 -4378678
-4180318 3659335
-7201873 -4401137
8507004 -7517847
4089833 7307236
-786950 -2292470
-4005316 4772233
2591206 9003971
2109645 -2949293
-3409396 -1190812
-6362423 -3519870
-5431304 9851451
3880864 -5347849
6180464 5051379
906526 -7479713
-9342039 -8005628
-1829941 5331558
-9069578 -3522357
-1040203 968186
-9208226 9437426
9661308 5565982
338215 4825
-8474852 8172344
-4776949 5445773
6771313 -3848855
2631275 -5669993
6697810 -9591110
-4938959 -283677
-5232298 578674
-4384687 3757858
-1731418 5674228
1005787 -3726726
-4732731 6438641
-2593172 -5547439
-6110013 4227066
-206951 -9285046
-6763869 -6448705
4239991 2647616
-9390258 -5238721
912424 9463042
6309401 7381055
7789946 6060051
8292726 3007211
6102237 5367339
-8358451 -6939572
1251009 -8282450
-9492824 -89869
8865125 4773148
9225709 -4225555
2517864 8788305
9503259 5632048
9183343 -7689087
-2525119 -7260609
-2499330 -4060314
-4597272 -1915377
-4534321 929447
9505850 4228481
-2764308 5771977
-6344332 7798577
-9140995 5854281
7571831 -4702782
-2276299 -5373634
9399514 595359
-1113844 9105178
7893483 8625223
4257271 -8595980
6231285 7396743
2652486 -4043034
1896652 -6293833
-5692858 -9846844
-6401045 -184268
6560565 -7710827
577502 -6895194
3419735 6312609
2166890 4233171
2046741 -3204908
1421459 -7744927
2850432 2286794
1391973 -6662675
-8037451 -8263411
5656961 -714544
9198551 -1263828
-2790509 1888247
-1889234 1851037
-5479454 1622495
3954580 -5065740
-2776566 -1880499
-6259341 515145
-3172245 7800936
-5449541 -323254
6471839 8994645
3766071 6597200
-8599653 -2106702
1230623 -3383497
-9130556 2792320
4594128 -4290476
-3037951 6526406
-9068995 3792680
-4356283 -3312108
826739 -958229
3976031 -7319385
800117 -5218681
-2187183 -8800535
1516754 -2942872
6733875 -2843076
8667921 6067213
-4819234 3205714
3615364 2433992
1566848 -3418887
1889785 7362339
5588216 2436292
-1037302 -3516087
2792945 5066617
-8245491 -7589945
1451826 953015
3633630 -4902400
-121080 7944210
1660027 6950099
6523580 208089
-118635 -6823219
1760347 3257455
8979521 -1450714
3499631 -542535
6038578 -4888763
4989928 -4933521
19123 -9555285
9444980 578144
8161113 1498174
3908229 2237926
5707293 9915622
-4986777 -4639944
5820618 -659077
8807375 -2591505
132936 -2519355
-6826221 5330955
-1411590 -9985699
-8920061 4934126
-5608409 -9915717
7711872 -2904078
2162401 2946521
3391236 2701800
5796297 4697877
-3803949 -4647432
106846 3957410
-3610615 -9895720
7980688 -4185861
5155063 -6081040
-6156193 3801306
3798304 3962438
-8190255 3976743
-3492604 6972083
1906209 -7085493
-7001210 -9896313
-2800390 -1185848
-8239327 -9289338
-4071186 1878363
-3423760 -2331739
-4462819 -8274889
-1801126 2772291
-4607076 5644028
-8541833 4588259
1023571 -6626388
-308729 -870418
-6907980 4867378
-8639527 -6510425
2978010 7418117
-9667376 -2132131
-2028444 -5115781
-3785277 -6668586
6558428 -2312482
9565882 -9508252
-1839991 5003595
6728706 -3857878
1430766 3697190
-8142430 -5072420
2032191 6823690
2713654 -6684262
2445320 -6944238
7923140 4921277
927204 -1946307
-4528190 9283613
9667834 -6094786
-8694215 -4195565
-8347799 -9844257
-2156739 -2479492
-1987744 726982
-4269423 9925495
8583970 -1311383
4902160 -7540717
9903216 14736
9354778 6759730
-9924532 1935407
-2492478 -5415216
2022414 -4962859
3090834 7947014
-253020 5465970
1887537 1078996
6883431 -585186
-7913091 3193322
3230183 1051985
-8221033 -7553477
-7627982 3758791
4963761 -2490456
-7514821 3472340
6003428 -7617727
9142003 -7611605
-3159845 -2125442
2459343 1733824
-712683 4347677
-5188957 6998109
2464079 4894503
-4026501 4558023
-6027162 6867968
61291 5373283
-3574732 8576099
-8977378 5807826
-7917031 -1795765
5713779 5910993
-616667 7046730
1945355 8198958
3103706 -4613238
3261320 -6396289
5337535 9943861
-3192110 8237015
-2248524 7141204
2035707 1618933
8693309 2731908
-400124 8009206
3382489 -7333853
3758598 2177519
-9498303 2324109
-9471656 4781221
-6791434 -7415333
2147749 -1241525
9473786 -4891749
-6988635 -5906895
-2303184 2577492
-4962295 -1210962
9542405 5550703
2691907 -5638053
-1502768 -2706118
2542142 7243966
5253172 -2809459
-7626960 -7857982
-3164110 -8847986
-4007525 6131639
-6570788 -2662413
-77746 -3479180
-2204353 9154130
-5737619 4586356
1195813 -2730567
2363277 -2726253
6062785 8892629
-3040316 -82666
-3204367 5605190
5415424 2167943
-588091 -2190782
4999759 -2042434
99585 7181433
849799 -110848
8537143 6935475
6789414 6842275
5879447 -8033645
-8879515 9228021
3814377 -6324906
-6539120 7899218
-4827035 -4989810
6419171 -1659491
8257844 3752102
-8126355 5895207
-9420498 7569829
-4620953 7289069
-4753364 -8589
9689196 -9621193
-7215689 -2137427
7314400 538996
-2618729 -8678546
-6712191 4103814
3331835 5777070
9452164 6924646
-2659784 9662564
7189106 5429396
-6230094 -4970466
8781636 -3875371
4536188 4544102
2113931 -9344719
460703 5115690
7623453 9331
-7095510 5707339
6086264 7312650
-2148354 -4311199
-2989745 3400664
-9979170 -2250731
6042691 -7185584
2255414 -4130982
8047934 5494855
-6559396 9595630
-5374836 -2246607
3878022 -2789490
4270964 5923153
-905214 -1585789
6046253 -3615105
-1089422 9555489
-2220820 3669707
982357 1815068
7503869 6381796
-7701188 1350355
1615976 -5485876
9844892 4835995
-9294987 -2341333
5669874 2100306
-5787711 1269299
9022692 9110478
8837340 -8646195
7276958 -4582933
-3652370 3108304
2009552 8888097
959938 -7606117
6063590 -9079870
2735199 1255471
-2362733 9562299
912654 239068
-2730455 -63920
7288427 5044982
-7296351 9630789
1731096 7993440
-8220909 889876
354 -1540263
-186458 -9198216
-3781149 -1162305
4462351 9606853
1011302 2566481
-2523284 -3528097
9908386 -8028760
3226711 -6459693
-6897394 -4840063
-2084643 3380331
5832763 -3468387
4092947 5184902
4815692 3121190
-6369018 6796597
-9797175 9063140
-2477123 -4589927
-3788143 203179
1557226 -147229
-8024024 -5052940
29893 8535930
7524185 2987278
4958519 7506610
-8953083 7432571
-7407492 -9298418
-3401735 6665875
5713840 507866
8209120 -7568972
-1931430 -193212
9119737 -4458836
7120656 1699552
7109626 9322562
-7957907 7159885
-2987343 5837835
3301248 3599320
-5348398 -1011367
4492264 -6668859
-9162249 -7824213
2124711 -549217
-7331283 4401020
-6416752 4717219
7741437 -733017
-5785637 9297088
-8379772 -1533090
4008074 2282934
6498838 -9260035
2578879 1128731
-1711384 -3875184
4479004 4620973
-9263355 -2182375
-677389 -2219748
1111393 -4611753
-9919614 -6185125
-4217990 1949145
-3649835 2205097
9438669 -9032921
-7249586 -7550235
-8253146 7180106
-4352984 -3035222
1764064 5883434
-860248 2171443
5816526 -1737098
-3095929 -8281369
-1144044 6621494
-5560880 -8616925
-836673 -7891047
-9986448 -3721917
92958 -9725280
-5259783 -9906061
2299036 -1608680
-641601 -6393265
-3943500 1737705
-8565836 2108814
1589944 -9680294
6203141 9597532
1768975 -6645992
-5866738 7859245
9577876 -9898147
6723348 1037333
2420408 -9049815
-6940862 3678820
9956903 -8416265
4374808 5589043
5682982 -7433787
957533 9115025
-7278240 -9501630
-5247572 2832284
-5058902 -1221739
-8385681 -3813408
8300476 6531042
2401402 7817460
5676705 69452
171305 6534665
-9911650 -2229066
-8762529 9411005
3089825 2508759
4092494 6812961
2402004 3046728
5612941 -9016346
-9901320 -9398662
-8900291 9086826
1919111 -7179560
-5884947 8368489
7071433 -623439
8423956 -4270627
6063185 5371909
7957713 825358
9876375 1739891
2027177 -9354629
-9943624 9964726
-5010163 3264648
77609 3146202
8709282 1598683
2582338 -7520386
-6919048 -3161424
-4074598 2681018
-1982190 6697013
5065502 360865
9737427 2132864
378589 2136935
-9974803 677735
4019445 -3558226
698017 7982910
8628281 -3587827
-3623101 5241546
-1493806 8684658
-5652788 -6116912
5481771 1100156
-3903878 -6943506
-104930 -1935891
3261479 -8306574
8390440 5820473
8697690 -8720710
-4071494 -4027706
625582 8435117
-8370796 6307095
5265221 650779
-1366311 5648650
-7939177 8479591
3721137 -2738029
8462981 -9045926
-5162838 -7772668
-4156160 -7189807
-4133313 2835285
-9100605 1939962
3633388 -1721890
6614935 -3322774
-9527132 -5459820
512475 5312625
-3735905 -3598626
5224821 -8861943
1788836 -2106701
-6458051 -6993605
-8514014 2938877
-9799152 8119124
9073198 5207123
-49193 1180181
3990374 6426712
-738002 5794647
-9749039 2373414
-9348476 -7322255
-645029 3884350
8424530 -217189
-4904564 -172160
-1254434 -8546643
5107766 1359531
9252831 -6029612
-3023217 9412954
2351832 5311132
-4053391 -9020879
6186244 -4930968
6249214 7536159
3962872 8653404
4448051 -7244060
-2354294 5741222
8418967 4699013
-8900285 -9186418
596393 -9709710
-7365518 2040597
3493955 5691830
-2948639 -6103599
-9616859 -1398279
-1985324 8820544
-3351971 9876276
-9144603 2882860
7951892 2594638
-7352851 -442007
-1788603 -3282542
-8010249 6610021
-5132405 5175801
-125186 -364543
449040 5802914
-1390443 -6509119
5531478 3561785
-746385 1244039
-2343208 -974567
143507 -1178671
-9841775 -1960067
-2083791 674535
6073747 9322606
-5566404 -1228394
8329600 4025639
3259450 -2919254
6207119 9057349
4233150 5249201
-5115342 -8925285
6877629 6624316
-9884803 -2149950
-8588164 -4512814
-752422 5646676
7188461 -6818197
-5480516 6904370
-5055696 9848320
-6960793 -5322290
-5999684 2860513
4148472 9112954
3138594 -9049735
-1968989 -5005576
-5948227 8914396
4163597 -5761870
-4687155 8284924
4909240 1564607
1931010 -7809525
-9805987 5024438
-6812534 -4140802
-958999 -558409
8862314 -9624073
2740600 3560486
754548 -6193382
-816517 5779807
4892762 -2728784
-1778519 -6668045
-1673621 -9452292
9462104 6252492
3006975 -5105495
-6820571 -3857947
223012 8319820
3026647 8088669
-4370541 -7845978
-1986780 -4262987
5178604 -1183075
-8290795 -429426
5647412 -3442730
363888 4449805
-7254036 -3598040
-3810472 2063724
-2087969 7638726
702786 -3072638
5696206 -1245237
3649268 -7318758
-1176705 -1296819
-2976998 6828697
-2566282 9046308
-8799670 2566001
8303014 -4420470
4396455 -8270097
1300477 -4002029
2555241 -1377988
-6928183 -3052111
-4133799 5435482
-2500794 -4182218
5972860 2055729
1499443 -2072411
6682352 -3324353
-643111 -2804350
5898831 331620
9676669 696537
-7740803 5438185
-1995813 9626740
-4793730 5975879
7705782 -3692799
-5178476 9602725
-1775262 -8477389
-1529500 7376766
-4671400 -6187093
-7852959 -3146947
1425135 -4655842
3271747 636254
-171747 -7075422
120228 -45900
2802072 9185142
-7601969 8535412
3973597 -5004906
-5378166 -5342772
3149460 -8022216
-9198662 -171896
-8052819 855242
2377854 -4377138
5515980 -7311729
-3498821 3364706
2734112 3360932
8705090 -8835428
1800826 -5840753
-2916175 -5506810
