284 -9478452 8815968
548
-3318324 -2210331
2043580 -6067775
664767 5682534
-7896044 205658
-8368495 7984491
-4695593 -9991544
5962335 -4644784
4395519 -5013046
2523387 2593611
-5364271 -7865667
-5949126 3660350
7401573 577595
3658789 -7081415
-6042465 6599720
7121268 -5226663
-4920642 -7226497
-3294272 -6197055
2001831 -360709
2361301 -113152
-2128661 -3377861
-3369405 -3490842
1864375 3175746
679053 -7407069
-2297106 -3740106
-9089421 5718792
-620858 2338623
-7083781 -5038546
-9603609 9297067
5896788 6575008
3864697 -5646074
-2872571 3018056
-662647 1460408
3616051 -3650490
6236358 3855536
-9522324 -4022648
-4997137 6624049
-7683852 -2891729
-7782446 6867238
-6872868 2995201
-8769655 -79551
-7740928 6554064
-8484482 609488
-7577093 7691643
-3216996 -8088091
8782187 8319695
-6145896 3164053
-5375539 8425968
-5224522 3191457
-2953006 756864
-749431 3528188
-7331410 -2475330
-2850707 4253432
1120670 -5015262
496291 -633152
9287297 -3235846
-6681782 1726636
4852476 4062721
1754365 -5166264
9261997 7275384
-1888569 1053721
-5782226 560536
-1013495 1965535
-4843007 -8641412
2115452 -3721665
2322876 -5279661
-5238639 3882373
-1864195 4991466
2492556 1910654
3793854 9256475
-3979370 5505199
9748187 3081151
-2856127 -8144800
9205289 4600664
-5607600 1414590
-7531689 8467286
-8455825 2503831
-5530633 9202437
-9438975 -6952968
-8158281 -7857288
9379403 -4807170
9075203 4164595
-8327587 -5859236
-1432230 -2788991
8983836 -3318679
-7813480 -7638375
-2040872 7520818
9376019 -8065292
-948276 -2380647
9033943 8581308
-435054 -4039524
8464307 4018606
3221044 1109121
-3327495 5450026
7592738 -3701579
1491251 -1485775
-7321180 -511507
-3854391 -6917193
293816 6867586
-6451093 4713380
-408643 -8205996
1831175 -4264572
-9813512 7550485
-4830161 1207194
-7695146 -8245436
-2284960 6720134
738741 -5613848
5495274 8695699
4145726 -6040215
258206 -7832221
-6801644 1738464
3743310 4265810
7348617 -4122823
-7255237 9888919
4602299 -9841215
4469141 -3706330
-5454550 6710008
4260494 -3699684
7507510 7248290
9002854 1946685
-1333181 2328716
6714869 9234246
7929946 1921912
-1601951 -5273505
9410626 2075672
6330488 1172608
-4561582 -7391017
-1513840 73798
-7520930 5303387
5462172 -6252725
-7442703 7081369
-3692270 -7552335
-1252018 9619100
6867390 -9431776
-4968739 8771844
1100561 -1613403
-9862805 -3785568
8136345 -9668218
-4941723 583493
-7340835 -3465606
7707002 -5531097
-2922114 1506006
4096156 -6854580
965159 -1919602
-5655975 6575226
-3827052 8943683
-8608651 9417675
9036775 2480678
-4434746 139331
-1088825 -1579483
-676534 596515
6810947 2528088
2859870 -8022986
2560507 4947292
3998039 7918147
4903403 -2263975
9242031 1705041
-2633186 4497641
-7421960 3338187
-7570234 8331973
7275657 9438417
8856092 -1397286
3599744 8667006
-8677311 409219
1346089 9164998
-238487 233864
5278305 3185907
5162921 9088812
4036105 -1861825
-3943677 -2276571
5459454 -1965856
2255537 3476078
-2026281 -2782163
3072376 9622351
470677 -6931889
-7493471 5502142
6621208 -2253666
8929692 3878973
6804545 220952
-8097698 2768733
5518949 -1849366
3852893 1663815
752628 797254
8935430 -984185
-744404 7305085
7855581 7508105
984183 7231402
6965591 111118
-266530 8957902
-7973986 37967
8056462 -9795853
-9533167 7048895
-6555780 -2805978
7414975 1912877
-5318390 -9751235
-9084249 9317277
-6502555 -9799441
997814 -2715003
6300812 -3233575
-5928490 -7550404
9957701 8072760
5304162 -8072909
2038209 -6541764
4932490 -5213895
4824072 4288031
-2991470 -525144
-3476249 2880534
2590909 9991715
1904592 -7515676
-7266911 -7477764
4355865 -897446
-8180534 6165193
-6549810 7853310
7136087 -4666368
-2216772 2267354
340114 -8792403
5651040 -9742719
-6284483 8160628
-7053267 -9794398
4493633 8648007
-1877136 287157
5684044 4018516
4010231 -2837033
-352709 -1725047
797189 8431176
-2466270 -5103267
3578278 -4846946
5522717 -8130452
-2796820 7028468
-8187826 2658804
-3617246 -2497240
-2239959 -5331360
-7170732 -7966206
-7760604 -6008090
5156270 8292353
-8904138 -750618
5784250 5795486
-7041547 6779906
7571211 -205519
-1774343 -4877903
18830 -1631600
-3962193 -1724260
-7338360 -6402892
3141928 -8439476
-3264320 -7618827
-116067 4954102
9622742 3118434
-2331419 160327
-3331411 4968362
-4222933 -7575671
-5809937 -8175141
7620345 -3127071
-6347164 9974313
-231205 3095151
8217248 -8775953
-7891200 510804
1302896 -1763922
-5650462 -1853393
-7776517 3964537
6345710 7491466
2445568 -1040837
4593950 8745995
-1093678 -5415338
9553024 -7737469
7203212 -1908736
-83877 -4669909
2203020 -8606724
-8632411 -9947179
3147972 -1627792
-7887392 -6347264
4163541 -6118428
-5365998 -5778592
-5115633 -4533563
1947326 -1016460
8991358 -2892150
-1416635 -1706964
-2960968 -6046722
-1462060 5693667
472550 -1538294
6552970 -1909036
-4062593 -2324237
-930961 8985446
1554619 8140427
9028988 436628
4089365 7218943
-8899485 -8858404
-4636996 -9230742
8752047 -4265483
-2765591 -7236277
-7612075 699374
8992410 -3774233
179045 971290
9181310 8547794
9525853 8716985
9324301 -346140
7329623 -1404825
-9903027 -4738292
5918487 8915014
-8132005 1651592
-1129465 4947475
-1394577 -1526288
-757030 -7512598
-1778081 -3515221
-751498 -2004983
8694391 5456328
4198447 1636427
5124070 203154
-8732700 -5622508
5610829 4305380
6475592 3309505
-8095319 4935130
2713190 -3678432
-4763418 -7998346
-3830401 -8851970
-1388143 -2895423
5578289 5040134
43889 7217281
-6297940 7337611
-4667371 8265808
-3761511 -4533085
7103342 6543372
-3253474 -9563064
7330781 -5256236
1565496 -9469821
3839684 2941610
-9606907 -1958911
4362657 5744365
262372 -4377365
-3229335 9599239
9220169 6431971
-6011543 -2101125
-4883844 4798458
2136070 4032346
-5185493 -8665432
-3198517 -14949
-3471577 -6430652
6522636 6421178
-8835058 -4208698
8837833 3853417
9311380 -4753209
3287880 2677517
-9061765 2220825
359812 -2349463
9766128 -6283041
2665282 -353170
7545705 8986297
-3698892 -829909
5718790 -7338139
6512781 953530
-9061419 -9466703
6618997 5830617
2251795 9983356
8291010 3141633
9511403 -4066911
-6303768 7128843
-7677287 1339135
-6440040 6984112
7151001 5777300
9494259 -3563876
6082954 6917130
-1580221 2159541
3845984 3628659
-1193128 4720887
8190769 -435226
98071 -4680346
3666623 1645702
-5854589 9233420
2375054 8434770
6884211 -7563579
2081617 1886457
-6774408 -9419556
7564556 -3079318
-7302018 9301904
-4261972 4715558
-5850960 -7807759
-3131866 -8179017
-2034006 -4914829
9806059 -9285882
278893 6772867
4608873 513180
-7841117 2893316
2126737 -1724504
-3289734 -3695706
-8742933 7018143
-1095400 -6405523
-5825079 -4144964
2775718 -5353456
6464800 4255830
-8512260 5473700
182293 -7797172
6540163 -4363220
721951 7050427
280898 -5493842
3795377 -6955638
-3926105 3076143
8485811 -1595750
-803902 -1767222
-2946576 612548
-2369309 5906364
2017193 -9173157
-3318120 -948357
-3785461 -1291533
-7035703 9457598
-2552349 -7320661
7398520 6968389
-7394831 7629944
-2803276 3938683
961193 -4156528
-8595813 7477622
-6929883 7272922
8193524 -2521918
-1772788 -8444072
-5315171 -2610378
5812338 5280636
-1376169 -5168128
3883516 -9654116
-945649 5305711
-2720338 2614407
5293747 -5465000
-8496611 4727313
2357257 2692267
9147302 6624910
-7531618 2070333
-452045 -7375152
9897770 6388921
-6132997 -4865576
-3309647 8091295
-4519083 2094215
9891203 1375182
6207054 3809608
4155492 -1484965
6337098 -7393078
5221330 5726195
-9738805 -6383240
8344073 515077
5723696 -8235416
905846 -6782317
5288016 4870998
7495846 3374228
-7720498 7352324
-7513252 -90031
-1998736 -3853495
757073 -822899
3068635 -4001467
9808141 -6835372
-5803985 -8207958
-5601036 -3520015
-7793820 -9466886
-5850126 2136646
5168075 -7532625
6748311 5010300
8227983 891771
8279122 -2345843
3544738 -3967649
-6615325 -1708680
8201289 5824240
4487097 8387776
-2435123 8718905
-5282561 7760522
-9074849 3149865
4941907 7041932
-6478082 -4878834
-4345720 9340871
-6006130 8244450
3228178 -7679493
7330807 9161945
53717 -23511
146999 -1924858
4107493 -9150809
-859489 6208089
2032329 8521
-1603703 -2658199
-3939294 9035778
6796301 -1522474
-8372609 -6705503
-9663570 7721452
5358970 -914350
-9057126 6374700
-2864498 -8986749
5850110 -5063256
-5901311 -9636320
-7143478 -4302731
-3711237 4152406
5001597 3003521
-788390 2912608
-7078871 6658461
-5999738 3760291
2796069 -6166222
2311305 -7422680
8388170 -7891278
9830174 -3544952
5540699 1240952
-9867996 5189145
-1281252 6483573
-8579683 -2732494
-2368813 7085210
-7217521 8035358
-5295883 487709
6007582 -8412406
4500202 2222066
-1119473 7735544
1495835 7421332
-8744890 -4602859
-9509186 6808256
8916979 -3917233
2537816 8878984
119936 1263505
-3547350 -9405133
-405208 251940
7519446 -2312250
-5227040 -6468539
-8433181 7666985
-9328954 -9928209
-8340615 -3729064
8493003 6678628
4414172 6159588
-3902728 9889882
-4712976 8426359
-2249032 9868734
8467854 8294190
7173174 9184299
447804 1005670
-5883111 9809462
61402 -583193
-379091 3711681
7243142 -9902800
7764186 4393870
-3017987 8809961
7597250 8435232
-2369787 -8842249
-166309 -1393395
-1503513 4560737
-4496551 5930963
-1683951 -3700137
7110405 3254417
-5044932 -3216097
305925 4283579
4093041 5402872
-5180321 4422814
-1865505 6670795
-715652 -3043059
-8649189 7893989
6703951 -2951466
8000118 -9150824
-7993073 -3182447
5424158 8146683
2707421 1840618
-9712067 6436997
5253213 727222
