945 -6538959 -9091020
947
-670408 6998748
1553185 -900159
-8361417 -6675268
8155798 8788910
-8316825 -842296
4653513 1471788
8532477 -8626991
-2328033 -8097871
-8842033 -6403344
-9657537 8935997
-6123601 9177903
-9876876 -6562958
829749 6377518
4520588 -897402
-4920009 2243695
-757557 5429569
-5470590 4409583
250668 -9204372
9584538 8684345
-2157951 -1593534
2394606 3784065
5157075 5011915
-569604 927084
-2959908 5345394
-3202257 -6895284
-7717381 -2617445
-6664050 674142
9568012 -7594256
-5975306 4165699
8925746 4088601
-481830 -895315
-6485732 -9315459
3996522 -3436068
-4751723 -3718712
4687754 3581060
9881478 -4393322
-9381407 9598713
525797 -2445095
-7099701 48990
-4329942 82241
-18852 -7785606
2888536 -2047323
358421 3317098
9999149 -5027099
9061502 -3100533
6004152 1441247
2125789 -1420328
-2340044 2034773
8316061 -3877689
2219723 -4575415
1031263 -4479832
7635233 -5382447
2172458 1649857
4215199 -1838970
759623 -2410891
-196497 9885257
-2162066 -9259229
-3425778 5208392
-9818707 712708
128527 -3426629
8014619 1759147
2855171 -3867320
683805 -7343240
-1220929 -9484873
-4060288 -8483782
9552738 3515146
8132700 6970975
-8862816 7187971
7865353 305158
410620 -2131265
-2246008 -1375024
-8117900 2730475
-2061133 -1891721
1337339 -1543678
-2453955 -9363488
2395659 -8534134
-9885102 -4439336
-9266224 -4749170
8282309 -6684945
7347626 -487153
-6972006 -5777979
3709349 6900364
-3395312 3677046
6498556 -2637115
5231621 6986393
-4388630 -3090824
9639652 -7014387
-6389756 -9990178
-1533856 -9905129
3247736 4947583
6413450 6012189
4089206 -4356605
-6589422 -955300
2359756 4822982
6852182 -8307113
8431261 -292618
9124098 2396528
-3926426 -5343038
2019847 -4271214
5231532 -7427870
-8002341 -2748532
-7246566 3359254
3369076 -8362689
4248534 -3636322
-8688738 -8164780
363761 -2503730
-4343982 241064
1802116 -5547033
9275950 -933404
-6724165 -5838128
-3614394 6128132
-1475340 -8292904
8880410 -4490295
-6245157 -2885414
-313284 900258
668078 8986375
2345629 1684375
-4161962 3421512
2301543 -4285295
-9933723 -9913427
-9900805 -3870843
6370221 430039
4883006 -4244787
-2661839 -9311311
-5149438 -3324692
5319792 613997
-5162555 -6247480
-737775 -6155548
959038 -6282144
-2865534 -4466579
-5480204 3162107
-5153518 7802544
-6259591 -618222
-2387165 -6799127
5803798 6041952
-7828891 -9804535
625504 5902993
4174559 1057682
-5737277 8024862
7216523 -8487280
2126717 -886715
2865806 2536315
6380768 6964163
3198371 4644383
-9822196 9856158
-4465383 2849189
651733 7213953
9112083 -7102548
-3901675 -3091506
5466798 -3275082
9436735 -8097877
321468 154259
3728293 62239
-9396546 -5503973
-3991252 7991017
-2895698 7819977
356292 651817
-9867668 2486460
9647196 9253412
1625923 3330703
-3820108 2341352
-7928343 7160540
-9942008 -652022
-1227176 -8816260
-9574989 -3843683
-9425208 -5760377
4393882 9861746
-7559662 896261
-2091360 -1877824
-3886807 -6956208
3380121 3917388
7085558 -4266153
736660 -6263587
5506178 7217890
548594 383856
-7274792 -2867899
6808993 -755162
1109168 -5203134
8496958 6866986
5539655 9881993
-5878384 8921969
1300068 6114448
9527061 1031850
1670378 3740406
-699450 -2564299
3869442 7783571
6033771 -7319329
8933436 955000
-1827110 -3229569
-329361 4439614
4088067 1237836
2999027 -5087801
-7774583 897061
-9719601 -5891805
-6009812 -9277624
2160697 5820054
-5549146 -9371844
-5823641 -6539235
-282477 6494267
-6070031 5846737
3630309 9018073
4215096 315763
3787115 -7819568
-8532785 3148533
-9895501 4476357
-4285806 1137854
-1433595 4192567
7605980 1229573
5337768 791823
-5969449 7886379
3706433 1844309
2472465 -1292400
-5315282 673640
-2832093 -834824
-4988086 4402241
-4063333 -6385772
3929991 1158575
3339007 2668115
-4183352 -2282894
4709816 4806222
8460428 8437500
-4853581 2940362
-5830065 -2973167
7818656 -7247601
3155130 9507703
-6131636 4365559
-6926840 -3138437
7535203 -1142818
8022358 -2242122
-7839881 7219463
-9166309 -6965728
4192847 -9386862
3281254 4763683
4997141 -2468146
4854428 1614254
51754 -293043
-7352681 3314856
-9658310 -2285475
466924 -3182746
8841310 676698
-4957742 -6377946
-7000030 -7290326
1566856 -1884582
-1610352 3051525
270988 -410785
-4860161 -6933881
-6320742 1104680
8384715 9332687
9380893 6960512
-8908882 -4101792
5605166 4235322
-2449822 1142873
1373750 768837
102444 -9591780
1084919 -8159325
7979081 -8539894
-5830220 -1356471
-724701 3495403
-3453071 -1747011
358556 7664947
-9268934 -665731
2955301 5498395
-2652566 6926676
3887188 1340016
7238225 -3271672
-9036350 -2505341
1153884 -4640257
-1355068 -8969820
3954753 -7472366
-5631691 8747376
-9792518 7556024
-3800447 4863743
-1640854 6893615
-4853396 5474852
-4343849 -2577573
-726951 -1978488
-6480093 -3612783
-6686106 -7771650
-3915281 867342
112022 -282566
7212093 5839296
3715391 -6407976
7138556 -9117671
-6590036 -7639677
-8892300 1093309
-1350667 -9705375
5158368 3831534
725149 -2634762
5356442 6033867
5972646 -1611895
6409617 -8987407
9916163 -4754305
9990398 2445877
5829571 5746409
7980195 -3924883
4430765 8457945
-7950031 -2291359
-1409030 -1853844
506479 9188525
281835 2000934
2295560 -5869469
7962066 1447520
8812759 9970280
6004147 -8796433
-408327 -3314447
-2301853 -5506854
-261159 8517642
963519 -9869338
5877071 -7754409
-1679292 9309442
7767387 -3626382
4082259 5267825
-6586019 9817356
1522234 -7326770
-2809484 3920461
567344 -8195931
-4232059 9486076
1972709 -1470590
-267022 7097052
-6217394 -2023144
2470002 9324651
358645 1480753
-5872233 4725196
6970787 3838517
3147959 -9995162
8894808 7807848
3075673 -6568301
5765407 2977068
-1833350 -993993
5442820 -2712359
-8391938 5357166
-2640405 -3989836
4539575 -2623996
6989408 9332304
9825512 6788905
-1370092 -9227986
-5230881 -5188133
9537063 8988553
2827070 -1103114
-8581924 -975798
-3167950 8491382
-8076919 -9687115
-4193695 2424076
3946435 204840
7492482 3972955
-8153527 -610745
5399419 9100544
8992900 -8277580
3571076 -7544654
9244251 5982309
-729325 -4087059
724808 -9609489
9379065 4039795
5453033 -7221777
-5681223 -5277513
-6786131 6871110
-299653 1150828
6091256 7653302
-2141857 5506652
-8004041 37691
1943298 -4649375
6967521 6358784
597557 -2657283
-7685584 -1523226
6975435 -5831367
-7402074 4075019
4465531 -3753890
2802257 3322734
-1382691 3844596
8567083 -1744709
7642753 2936087
6603267 4297305
1950607 -2656900
5366104 -4789125
-2235082 9808750
7675727 7362063
3720847 9708216
-2949067 -2840399
5636375 -5681596
-8996610 -8118299
5956721 -4871838
-6109376 -6398684
-559597 422252
6783200 6692882
7464525 8057712
-6489849 -2133365
-7836060 5107278
4966730 2629770
7840645 -3369100
8956002 332834
-2305103 -4394437
-4686221 6631730
6307683 3932096
766853 -5118935
-3237234 1944058
-411428 -5713405
-2112089 -7280513
-4341909 3479196
172078 -155334
-9581269 -7558709
307927 -2363397
5260233 -6071118
6558653 2471867
1619119 226963
-9440203 -3084350
2521214 575122
-2793148 -9228954
-2780505 351345
5232410 6030887
-9508703 7986348
-7727057 -8004823
7231016 79869
-6440935 -7322794
2521873 -7110892
-4669601 -3752504
-3599549 -4543044
-8097810 -1845322
3142898 -8339315
-5596000 8460843
7892846 -5237983
5337139 -5036202
8251196 414060
-9234595 5060343
1091230 -4529309
5973391 -1485832
509345 1582527
4178748 762686
3439893 -9743287
5662173 7737814
6501662 8478118
6451426 3508925
-8336397 5418465
-404498 8353616
-669188 4806501
9568519 3999503
1479653 -2776342
7637718 -2577990
-7517646 -269151
-2282107 919475
9433643 -3910064
188816 -6308716
4453971 -7540660
5232406 -5632436
4621730 -9589784
1404686 894579
-5596496 1123392
-3458142 -2143888
8726080 8583460
3389961 6137360
-7346785 -1943108
5280550 -4525168
2896843 4132868
6380070 -4565380
-1129552 -2104451
-3498163 6614315
2821951 -9179557
5796136 6690653
-8941782 9792274
-9797510 1028542
4439473 5679948
9319693 -5876472
-5504008 8842978
-57210 8377903
-2968385 -6777927
-6204683 -6667249
-8676064 -7798817
-1149597 9075868
7026840 -3262869
-2850968 -4769527
4361140 -4102712
9234084 3650869
341523 -2816908
-3024634 5030220
-3941238 -6083907
2112393 9694209
-6182263 3014587
1857565 -6051562
4842693 -9169918
6568507 4316707
7649459 -8125691
-5924508 -9636176
1956044 1489747
8226878 2925895
672721 -1017115
-2603475 -4624090
1543131 -4966139
2216953 -3369391
-8339171 4401006
833451 9192320
1402881 -9764057
3250531 -7054155
9410635 5220618
-1432948 7624448
1941156 4253329
-1356010 -4864441
-4500616 -7893033
3596714 2719482
8161729 -28220
8954665 -5660056
-284146 -8649198
8901016 8867543
-4501848 3775337
-1823656 -6365679
5342993 9675334
9911277 9009795
4471992 -3254126
-8033507 3161808
-6697391 3882628
-1864043 -6950103
-1814543 5243765
-132916 6779947
-7984219 -3798807
6172973 -6536202
-2196258 2693862
-3438983 -2356009
-3488466 35948
-6188715 -4537967
-903646 -5473962
-5798628 1987629
-6486223 -5560652
1185222 -5887350
-209190 7985769
1868397 -4331933
-1282035 -4390229
3369888 2520706
-8182995 -580226
5620967 -6763028
9217122 6349138
-956999 -5689708
1954283 -2979136
-426836 -1879630
3582403 982169
5508208 3384450
7888431 5195109
9634457 9709580
6338582 3918560
1904330 -6663968
-8479549 8645745
-5744484 6289079
-1190214 -7245232
2174542 7625405
3378729 -6856857
9492282 -9688139
-5377846 2595852
9616716 -8948365
-827995 -907211
-9925041 -8293767
5090683 -7245592
465869 -1900481
-9674549 -4504534
9414027 100327
-4047289 6664034
-2173869 -6165291
-9876212 9989514
-7255717 2081647
-7776596 -8550074
-5406930 4918825
-2252961 5602134
-1802014 -5914648
-4863013 2369193
-8538018 -9668946
-7962713 -3174656
-420248 4053293
-7847188 -355678
-2343859 2561973
5178652 4994616
1658650 -2929832
-6578771 -8868637
-8879122 2001133
-5917220 -6454983
7511296 6381513
-6183310 8822537
-3058977 -7895634
8706070 1563729
-6067078 -2344639
-2013585 6359409
-6815247 7911257
-5519098 -7459945
2184377 -4719143
7842830 -3366285
-8371669 9840518
9427038 3021483
-3330802 -4196667
7804466 5364619
1425989 -2209924
6687941 4403598
-4257513 -1062715
1041651 -9495368
2068361 2683510
-9661129 -7735927
8623482 -1482364
-3571107 -9158361
-6618306 -8191765
-2910908 909795
59862 -1917577
-9560706 -5068078
7953405 -5795455
-7475770 2382684
-2252696 -5377396
-5070968 -9671304
-2751353 9173293
-1889422 4133326
4637958 -4492514
8190997 1668581
3932654 -3293681
5223955 1046220
-5595789 2556136
-3119277 4169200
-4921004 -2214095
-1615319 3969815
1418089 -2344790
1859756 -1176025
3723011 -8112153
9026803 4383986
-2770965 -8529685
3159960 6472187
605513 -3005966
2501520 3786890
-4544529 -4756529
-5533857 -6791131
4255090 1904477
6976965 9690098
-3624349 8659301
8961559 -6142312
7827503 -6029001
1626209 -2653760
-1313433 -8238055
-6350208 6002317
386304 -7590422
-6120106 -7323405
9148782 131691
7125725 -443794
-6656903 -245704
4997767 -372755
2836115 -1201432
3219398 1980262
-5813287 9607557
8266858 196363
-3429596 562364
4533363 -255231
7091009 -5602093
8676204 8675924
4678242 8293928
-9296493 -7674004
-4997409 -4935454
-2287411 7099753
-3344041 6667726
-3577978 -5161686
4465559 -944
1313977 3936141
-4083596 9818026
9425583 -5466625
-2753910 103117
3181833 208794
9953563 3816494
730754 -2284804
-3608880 -439075
-2145147 -593042
1732955 -8930638
8650260 -1441640
-4341887 -748102
-4080376 -3637151
-6282485 -5169575
4829481 -5142002
8794140 8183075
517453 8659810
5709537 7226896
-2669987 -7540611
2668183 5471980
-711526 -9488154
-9256606 2621746
4699023 2535580
4458891 9650866
-9279771 -7446123
-6371411 8708198
-2039904 1886841
766043 -8196945
-3366520 -3603927
1254071 4483558
-4817015 3979313
-4844524 -7435437
9791459 5700439
8159828 -9134987
6336993 9637824
2666022 -6655637
-1517539 8141820
-6806248 3409416
3060283 -6818515
8251714 7652643
6360841 -3703136
700057 -8119697
-6316642 6837290
-6766637 -8533900
-1533989 -7166810
6812504 4487434
7051998 3648996
-8134213 -8032020
5349345 -640191
-1002366 2541967
5886330 -5797309
4860863 -8336344
-2410575 6885144
2582981 8054615
5707259 3166060
1979276 834695
-4768650 -5415548
-8578258 -7320667
6661786 -1085291
-5735749 -5344895
1658892 -4872203
1293145 3593107
-1922561 -8772758
587051 -4324715
8217252 -6573215
-9854172 2101037
-3718954 -3380065
-6494921 5006691
3061306 -3613177
9552883 -1395588
9439107 -8715083
-4130630 1532159
-3272156 -5329543
-3898482 9807464
-5537430 5905982
-8966221 365770
-6041123 -1362186
-134944 -5156723
518562 2036317
-2020546 2968459
-4930503 -1264186
-2127899 -1874718
-6868027 -6133105
253718 -6106468
2497944 -1290369
-5451 -193399
3855112 -5546597
-876139 -1619729
-1812265 3099308
-994709 -2258269
8107501 -4833343
3804471 -7444578
-2601301 4582731
-3380952 6185879
-845661 433613
1685780 -2885146
5240136 -3259812
607083 9557881
5967766 8372109
9598092 -9139199
-6816246 -1534290
2919114 -407359
489264 -444782
-7345474 4559327
-7698942 1193352
-1123639 -5823831
-3268408 2924912
-2492357 -7319167
1383064 -3353357
7080257 -3356957
-3725751 -9462597
9793943 -8717611
-9159730 -8485615
2402846 401026
-6221821 6808036
7790099 2000938
4109932 -3038067
-966497 -6774435
7784892 7115548
-1691100 1688030
-1619449 2602302
8043566 7185262
2382447 -2371505
4275139 8067561
-5289396 6281863
6819267 -6128252
-4845863 -6498795
-4984410 6613210
9530589 8510759
5318796 -65212
4452079 -6691232
-7212946 -4374753
-1149188 -1437989
8193911 1820557
6024939 9152056
-5729290 -3497188
6204426 -5594509
2033986 -7685723
-9618162 -8896775
7385088 8825477
-7302775 7608795
-8890000 -3279293
5850270 -9632286
8878474 8641943
-1423269 5380859
1205979 -3286378
2338869 -6971190
-5892827 3993033
8329943 3706033
2858089 -7698915
-1196103 4354882
8760373 -354849
1959428 7524675
8627900 -6689288
-7863811 2341267
-7533586 -1470660
5250048 7349767
7717481 -6423586
-7781643 1100318
8997529 6595955
5825929 -6688559
-3659749 203508
6712894 -9318850
4387183 -7036223
-4735138 5042837
-602281 9761624
-593224 -3414889
-5890214 -9325555
-6014843 -8633796
-3776177 5254038
-6216622 -3878654
5987465 -8793411
-5216996 1549778
-7349904 3704947
-7182746 9517713
5345506 -8352375
-5632514 8643184
9324334 -8314242
-5350465 -8919620
6123217 -3772130
-4010506 -7569251
-984140 8037288
8711733 5396270
-721173 -4358002
-9103964 5213242
3850941 -1980998
-774408 7195766
-1254455 -161594
-6456647 -3475052
-3957339 -6088007
-4440381 8876960
7520144 3904520
5590278 -7556543
-6476163 -639170
5588700 2756165
-2296734 2163406
-7282954 -8421805
-509183 6719126
-7638876 -8571220
-841626 1285996
9304999 5773512
-4514370 -6990685
-4635926 -1469409
-2428109 4231175
659521 -8576221
-9699261 -3869096
-9964576 -1264508
1178949 7820883
-2818286 -1857946
3414571 -2780862
9382544 -7229586
6864961 -8882163
7836963 -7900410
6044722 -3644221
7641775 2714439
-8995697 -4796903
-9271236 -536874
510069 -3510066
3237461 -3907162
-9967030 8081960
-5787135 -6103018
2632474 -9666291
8154593 -5751711
-5093304 6327775
-6453087 7852659
3139425 8321267
9439105 5445809
61752 4387
6360166 7276068
-7493140 -3893526
-6174077 -3481707
5981420 -6488837
-7482551 7071040
5680230 -3508511
7089802 -1728737
2168245 5713200
6046910 -8697333
8067308 7317072
-3838801 4201503
-5429486 -7025996
-8704728 -291887
-4846078 7709939
-2285674 -9265623
526797 5215674
3838501 6590844
5625490 -4449991
-8422475 180776
-2748184 1606910
614751 -5905026
2366237 -7067953
1161599 -2295447
-8476428 7050835
-3115741 -2791491
3926364 2107233
5081237 3045458
5269923 8496878
-1276830 -1107139
-7856410 2940198
-9327776 6437496
-4455307 -4813260
736749 4510725
-5308498 -8829817
-4706555 2314274
-1074399 -5540330
9908069 -1575452
-1354546 -8708162
859025 1069669
8278178 169026
4792611 7743284
-6694905 -5279105
5734125 -126151
1283062 8575018
1515216 -5542705
-9105208 -4056995
1129745 2187441
-3301834 8955837
-9873980 4382846
-3302879 -6093980
-9117957 -4580535
-3639635 -1860926
-8052736 -9209888
1859781 5005819
-4825154 2806290
-6934074 -7345688
9891559 2483809
-7642342 -3628979
-5053960 5625684
-9917020 -3842927
2100078 6461256
-8834951 3494124
2449961 5746175
129021 -9620432
-5714412 2575981
511798 -657506
7481568 -4832369
8474096 -611485
-5605665 9428833
-5248525 333877
