88 -9835215 3724868
225
4869425 7679718
1176879 -6170146
7150406 8517868
4021529 -8501382
-9697847 -324757
-9912384 5926716
-8290032 5776858
6386806 4186395
5495341 -8285980
866201 4874339
-2673335 7622985
5106104 9966578
-2259799 -8868350
-6079369 6503401
-815462 3351425
-6452504 161851
3991705 6570315
5088183 -2759273
-1260655 1142111
-9182646 -890288
7552780 -8442150
-148940 3421322
-2392283 9262748
-9023231 8754219
3628558 5619411
3242396 -5640678
-5674100 -9044777
-7913126 -9135148
-115395 -5417546
450231 8523857
-1314292 9069143
5639459 3997727
-8761546 5193765
-3664124 -6756006
-5129941 -7505848
6568354 9669582
-4392743 -7577161
-8314412 -3580585
-4826366 3214974
-8649263 5178709
9538031 1318544
2273767 4593134
-2025662 6380283
-9037263 -3123007
7917202 7858944
-555561 1412969
7927048 9119262
4313027 -4916102
-9155755 9165503
4176007 3165255
2834838 -4285696
-1862857 744361
7163776 8442095
-5826579 -7660917
34144 4853762
-3827694 8040511
-4850003 -7911473
8468811 962426
7839419 3124335
-6500369 9431548
844517 5756622
-2607764 2944071
8027969 -1228434
-9546579 -8294736
4870519 1388566
7102870 4629428
7890141 -9778291
1180156 -4759986
-9904551 -2429730
-7575968 -2130070
-4089559 129594
2218121 -1403661
9558765 1060438
6701125 686932
-7365167 -85464
8187510 -9799243
3144828 -4004298
4767268 -4420253
-2714989 -6310851
5077716 -2262959
4882821 4671882
-2590056 2180586
-63048 2772963
-9656767 8590100
-3539970 32402
2678348 5283617
-6120044 -5113177
-1536387 -5103531
-1900246 5955073
-4130390 -4835261
-4634504 -6749061
-753359 6573472
-7846781 8510324
-7800527 6530262
-5732697 -8045418
6626465 7277189
-8025872 9150125
-5560560 -5963591
5142861 1911080
4459834 -5217327
2582642 4119244
9006067 -2861818
-5448996 6462599
-5065976 -2530319
-4849228 -4832890
-1581951 -6680014
9893459 516268
-973408 7664690
4194952 -7953322
-5998739 -6257583
3535959 978608
-7354915 3144078
7180487 5510087
-2578833 -2915475
-5616450 -5160300
8958944 4397354
-8464464 6966192
3428791 481364
467397 8602892
-6229998 879168
4199154 5618169
-3865563 2188051
-7630906 4092613
6139292 -2322619
1419798 -919602
2575358 2656905
-4199017 -5044243
2982196 5220443
-7695032 5497822
-9662478 2919716
-2682930 -3311482
-6345289 1812819
4810535 -8631042
9971851 -400146
-9520978 -4722068
3412453 -6258147
-1553743 -2805471
3803494 2063242
9740623 -6668297
-5071547 -7540862
5116043 -6323227
-8851117 7503812
2724255 -9082974
-1068800 4131079
-2949205 -2454424
4234094 -731277
3597894 -3115783
-1746824 405157
2521364 -1591571
3686361 -1774973
-5516768 3000386
2711267 9615166
1678408 -4554159
-1222456 -3485238
-1026100 -6064617
-9871492 3705998
-6273838 -5910056
7523322 -8722609
-2075177 -1033231
6512345 -3545477
-1760402 -2508030
4376188 746440
3667949 -8162508
245921 5145716
-6629257 -3810687
1706052 6448634
6063800 -9629673
-4183831 -5582681
932081 -9741440
6710295 -2889935
3332415 2422334
-971370 6838803
8116195 7058577
-3974653 -3448048
-4477173 -3958982
3532988 -7462308
-4199516 3762425
-1883731 -9574472
5571244 9468434
-4342253 8362190
-2672824 1458339
1828667 7363799
4297471 -6609024
6165888 161188
-212395 7745904
168238 2876183
-285013 -6879979
-9821402 9196868
8265173 -9652466
-3611448 8720297
3774342 -6212000
66778 2437892
2863421 9574826
1559612 8183047
-938410 -9048983
2409357 7217360
-2902489 6388766
2296095 6754376
9431916 -8605018
9140887 -1538017
-8661833 -780479
2339542 -690875
-8977654 -6430494
-6082960 -4965507
-6245210 9287519
5591871 -7178056
5259836 7529132
-379689 -4341351
6358049 -9360391
-8409373 -8820077
913635 -4580361
-8191595 -3483664
-6729288 8011147
9406129 4104500
5082836 -7297372
-5561499 1063368
-9627506 -1062645
2506861 6778044
4328889 3911192
3198711 6423901
9245845 600031
-9354484 -8693066
-3034416 -2977967
-2338357 265827
1445750 5839985
