279 -3072595 7390083
743
9971631 -7750196
8712967 2028673
2105726 4541900
-3161542 1680468
-6205046 2316840
-2587387 -3362556
9872295 378885
-5789062 -9344450
-5738509 4078361
-782718 3506293
-7191159 8149332
-2327751 9916980
-4345047 -1373203
-1878762 8172056
-4900539 -6502952
-4253148 8027673
56346 -4928907
2129345 6976171
-1343361 4678424
-3004736 8967804
8121600 2451594
5346831 -3075770
-2420220 7993895
-5411392 9557769
-4419585 1841272
-7493044 3805890
3722870 -1610744
-467594 179205
-1648738 1894176
5391224 169996
-1802330 -4032925
-6445480 -8861924
630599 770368
7965145 5683866
-2831978 9287238
-5744816 -5039591
1884639 -4710378
5799870 9602015
1676137 1980772
6338396 -9611522
-3289279 7256552
8162160 8845352
-975442 2949943
-5155881 -9789082
380915 -107828
5859247 2751695
-3593877 1094937
-8134695 1930120
-2386014 7036722
6323961 2346802
7307212 4782008
2587982 3095497
2697513 -8291797
-3794673 -1612148
-8707317 6890002
4146554 5060075
3905428 -9480244
3469699 -5174934
-4964015 5446338
7854862 8313819
-6418134 -2066748
9028189 3714109
8160581 -12010
-2975288 3409846
-4243351 -4225433
3072927 5865025
-1039477 5580213
-195232 -4339090
-3434886 4174388
1064390 6010096
1070171 -9625851
-9106095 7727296
-7447638 7491951
-4545359 4363605
-4806224 -9895301
-1962049 -6690497
-460035 -1224358
1279984 9582492
2992339 -2299454
3475114 8304697
-3313926 1265340
9361905 9064393
-5274697 5646597
-179015 -833327
7693121 -6193230
6697271 -9114625
8612671 -8720355
8771596 7591177
-5528866 3681386
3786085 6742590
-9947907 -335090
956904 -8175963
3922881 -407942
7292605 4753241
3057938 -3084780
696912 -6715929
4864816 9744012
-2093038 58817
1741843 9590120
5913242 7727947
1129675 -565036
714609 2610513
-7281958 -257654
5940084 -7997442
8745148 -2810824
-629562 -273830
-5933441 1313593
-9094348 -9672657
5080584 7989440
7421013 714609
-3484968 -9345126
2915238 -1882075
693095 -8620152
3486320 -9177800
1066500 -7565062
1869902 -8084086
4526428 -7803825
-5545127 5100864
-380226 -239178
6949999 -9605042
121128 -9118726
2194867 -3679563
9164132 -3295961
7209831 -4383129
-1152168 -3238932
-2584058 4630844
5265122 -2120784
-740935 2847533
-3813915 -4041783
-1606845 5261737
7177652 7252585
9448760 2779409
-2119727 -5779568
3981254 -6096366
-5701408 16399
897673 -6552395
-231957 -3063928
-3843537 5608893
-8774236 -8551473
-1790404 -6633706
7997139 73597
7952813 -1858110
-9010577 -4221387
1736830 9728230
-2493680 -2824491
-5571906 2646337
-4574254 -5316028
-8579244 6393207
-9703159 -4177628
5838771 -2081638
1365968 7111785
6564209 9252797
4861690 3650363
5098890 -7279328
8603318 -1396194
8677403 -6691514
1450377 6600457
4895422 -853431
-8608849 -5043848
-5351987 -3367748
9278589 -1102529
-3902205 -923892
7985667 7220688
-6956940 -9965097
-2046734 8282508
5394293 1398183
-6832668 1835586
-4514051 -5525146
-2804474 8029022
-3367171 3101191
6409678 -4201156
4915654 7826584
9489505 -9623593
7848911 -188924
-1040319 -9119343
-7705520 -7503075
-5910615 -9245378
7975310 -9091372
-9056469 -7924948
2873912 3534722
7449258 -8586851
3248735 -9215443
-4740589 -9383410
1161965 8734684
1835876 -5028711
770133 7794794
-1862270 -9238094
3654665 8202139
-9470432 -2372764
-8975755 1503576
-3483147 -7994399
-7239777 5835077
6743705 606238
-4802358 3251886
9302960 7687237
9100386 8071554
8856111 6752218
7368809 -5134526
-6399842 -5884478
-913189 -1469226
8841920 -2047614
-8769356 2373297
-6908212 -3020350
-2876762 4885309
8905238 -6378644
-4373043 -1852517
-6017439 -4577909
-1455318 -9096467
4155419 -9273734
929855 3742324
1813879 3458379
-7273050 -7453406
-2587932 669990
-2698135 2612111
3659237 1012226
1480965 -1094972
3794677 2501157
1997159 -4772039
-9886729 6886466
3024174 9120398
-2732119 1534861
6956952 1167484
2071017 -6233206
-5506939 -4498366
9243959 8742788
-5282481 -2060732
485862 -6425810
-3239468 -2555531
-9943420 7897930
-8573491 4062397
5483778 -3767831
8733326 2907474
8135435 -721545
8681273 -6753162
-7632764 765058
-7700081 1705448
5389284 -7848531
-4081736 1773224
7274858 -2539699
8719441 -7072323
866945 -964831
-4874289 -6563040
-6602218 -8647192
9250738 1886244
8464993 -6545638
-313468 -9322753
-3898927 3948771
5743579 -9063790
6699400 6752861
-2482081 4424852
8646652 9066636
3734458 -7665809
-3376233 4035936
-8503763 9652722
-7419601 6414977
-4549853 2732030
6168991 -4036304
-2683496 575858
4978454 9566773
5537487 9083595
9760842 3443448
-2607781 7740371
1192934 8378268
5131129 -6864202
77003 -2107666
-3041029 5165400
7499591 -1276345
-7240408 -9306571
2862503 -5876642
-9461664 6772181
-495788 -2040746
3922950 8504835
-8402955 8189555
272680 3755807
2839402 6575500
18948 -4189833
-6449461 -4883404
-6505136 -72481
-4420330 -2740175
5152159 1142345
-3692254 5656673
6896680 4627482
5320911 6323689
-9552952 2172624
-1055194 -9300234
-1340980 3501736
-5477077 965370
-8328723 5098323
-1145870 8636320
-2271828 1943957
7754124 4209884
9326480 263472
-9809008 3821015
-8919160 5337697
-3519958 8287014
-3539961 -1250648
-6623166 2787788
-888522 -6643281
5529344 1214098
1913864 -7925122
-1907034 6990502
-9527776 3089237
-1812440 -4867759
-6231439 -7856499
4087458 -441958
-6232074 1496734
-8239794 -5642066
695302 5610758
948455 4467550
2754564 -5707506
3041846 -55150
-7267362 9214603
5087675 6418681
-2367221 -5639532
8951698 -6866629
2640225 2062995
-4847768 9561016
-5306743 -4371199
-2227698 -4143856
5414186 -9021829
-5008743 4376112
1250398 1698464
-2690777 9267815
3735366 -8054300
-3761805 774030
-9281120 9006282
737238 1796393
-1784926 5967871
2844691 8341265
-8525364 -1635795
-9572799 1796390
-6126242 4114861
2260014 8095785
6468282 -8916632
-7938461 -9967684
-3075220 -5601180
6097285 9569148
8836963 8175178
2637231 5922860
-3303110 -4911319
-5905036 1391778
-6811829 9932123
5899994 -2651446
-4310181 1403246
2283803 -8738963
3057427 -2835545
3795668 -4772644
-6676858 -552462
530906 -3944318
8604350 2307776
6706596 -4891203
-5322055 8045482
6220660 -4679767
-8756907 -6485092
-1396410 -8625757
2766021 -9543664
-9611541 -4785094
2563460 5954193
9873791 -1195195
65842 8253279
7934086 2157594
7384951 5639622
-4912840 -5753894
-7181860 3224445
8048573 5618066
-9273137 3938842
1984324 4755169
2591755 -4595192
-8563932 -9278664
-7904420 3834848
-3192464 39658
-2229084 4861601
-6667854 -2804005
6000800 -9665624
1104007 -6794063
-2120116 -3933357
-8293735 -8445555
8316903 7781187
-6478016 -3206575
4927843 -8864957
5073885 -8429443
-1157922 -1828942
-3907782 9574561
-9704102 -8566167
-2214966 -2471714
7567945 -7608522
7253079 4592570
-8211434 7855213
8189590 3101578
6307515 305718
6372361 -8190051
5880747 6703751
4484938 594978
-95245 4197650
-2150954 8006922
9577479 7348950
-4479992 5439283
5013845 -1580442
-7630257 1612226
9140513 5309743
7701221 154777
-5252652 -775190
-2919977 -2529348
-9427770 9052266
-8125664 7785965
2112267 -603902
-3900151 8246698
-8641972 -2006986
4707016 -9415212
8591710 1262784
-1388266 -7443938
7995346 685542
1621452 -3351905
8260321 3009191
-1681066 3991195
-5854027 -82814
9141996 -3979845
3490807 -8590327
-9538061 8738372
-959311 -3420610
5975488 -7663725
3099325 -8847044
-8337678 -7924663
5176477 -3026294
752842 6369339
8925401 -3715460
6970082 1880928
8529023 6920747
-7553710 -8892114
5099081 -694303
9222883 765224
-698269 1761406
3171079 881232
-380396 5308891
-8111719 -3850630
-8998002 8660293
2329602 380121
2455458 -3382325
3591381 3991924
361263 -2368064
3916476 -5655777
-1258496 -8196983
1240116 -6597090
-5489204 -2729473
6576224 3686407
6967983 9609877
1371284 5799108
-3319660 8786067
4094958 7058715
-6791914 -1183704
9992941 -1500409
8879712 6726436
-6655889 -5161105
8830820 -6148478
1483458 -548155
3796068 -8291565
6027804 7916286
-8680804 5053924
-7675548 -2732079
3470680 8346344
7956222 1417028
-2783864 -7044985
-8258918 -8156142
8902573 -3587172
-2254524 5836040
6851983 4627011
1353447 -2261582
-4906335 5731695
9583218 -2786089
6665756 -6075515
8149273 -6416972
-8500685 -7021824
8032101 4177077
3961350 5334863
3681208 -9643447
1773581 9948382
-7096602 -5846218
8513992 1506070
435250 -5355520
2996873 -67083
-5440071 8180727
8435497 -151144
8096904 -1570272
5643639 -6470838
9970000 196474
3779502 2309395
5287572 635625
7329054 -2204831
5646385 -4163975
-3807422 1290405
-6244861 -672407
-4002273 482511
4504933 -3341463
1303018 -5488281
4444636 -5059816
5637263 -5700109
-3334901 1520917
2466998 4072760
118274 -5237997
4958477 -1889363
2936385 -7395374
3240251 -8745668
-950499 -9259691
-3423666 569306
4376063 -5304114
-3460169 -4714736
5767775 8131202
-5210260 2537558
-434371 272709
-2270755 -1390890
-4574647 -5989734
-1952465 -6633492
-44380 2090452
-631192 -9485467
-8858477 2590246
5194873 -5672715
8097969 4077908
-2665431 -1564876
9004430 9663823
-5640291 3910903
1712519 -4103155
-5971952 -6584107
-1530197 -2519706
269355 -8665860
-7540398 8035433
4562051 514952
3881460 -2115045
2491759 -7390414
-6875880 6353432
-1056321 -8139433
8704205 -5734357
859903 -5861448
-4909972 6802174
6465997 710824
7138079 -5905541
-7492344 3342059
6757952 -1149402
-1152756 -3464296
-9613804 -4772245
5779540 9116600
-7852096 -7154202
-6752895 341591
2951178 -1454283
-5100851 5738865
7599432 -1408350
-4626355 -3640820
497732 6303637
3105812 6233548
-3055628 5587761
2198572 -7911839
5430220 -5917549
-4550599 4706228
3758285 -5295476
-67720 4296645
-4070403 -3339167
-7977016 8228172
-1430236 -1922498
6623219 -4729911
3525306 -8479058
-7371056 4038720
-9602099 -6358909
9944728 -1997411
-5763863 -6588015
1516098 -4433108
-2344946 -6303139
-9704336 6231022
937251 5601626
-9693849 -4254935
2558062 7211888
6389073 -7245217
-9017045 8487660
-3434838 8412057
6198499 -447281
-6409987 5704733
-256547 -7759843
-4118752 -3781043
4221546 -7342294
8586044 -4174023
-6090779 974035
-2812752 102142
-3666835 -5919373
9682254 9999264
-4255671 -213232
9515008 2504757
5259540 8302392
-693596 5904081
-3167509 -1241153
8311567 5871566
-5907349 5547342
7787499 4417932
3153242 -3647544
-989837 -6331252
-7988923 9891140
865176 -2403793
214701 -4079702
-7482722 568776
568041 6547866
8850986 4715884
-2779359 -1171278
-2868886 8365994
-3213572 -7519819
1239028 6437518
-5174564 -3864729
-8317387 -7933053
-998768 -8565561
-2213104 1986464
5655212 -7845526
-7954386 -686589
-574030 182641
-1380708 -4572858
-1487729 9640671
-1295110 1136570
-4147546 9080312
-2090966 -2444124
8438223 3073095
-1930372 -2443499
6510371 7741003
-6123726 1825008
-3591692 3852160
5286599 -4441113
7545351 5409540
80366 5589847
-5096742 -4283084
5899557 -5357668
-7414173 4329228
-3513748 7035201
-1828229 1098098
178410 5191142
5263370 -3459423
2130024 603796
676649 3701593
1442596 -9800348
-5458987 9703373
3555533 -2164778
3394109 949321
-3641139 -8641516
6948332 -6544187
-8310919 6439227
3597911 -8148410
-1302829 104990
-2859808 6183738
-2718164 5183423
374565 5311963
-8147459 -23402
3096747 -4362065
1855881 -3501083
-3301430 -6226604
-6523231 5814829
-6349948 -6244065
4705256 -451346
907139 -439487
3016326 3580469
-7463952 -2144529
-7776587 -2778241
7326750 6133959
2317698 920584
-3895993 -5533058
2295257 2115886
-7907515 -1005076
-2850788 4147798
3163068 5189232
1478980 9005093
-2663726 9861638
6133925 -2527898
7020756 986326
3063192 839181
6936002 -9555753
-1700282 8595870
-4182370 9472050
-1877639 -6960516
3960068 -6855620
-2388678 2956411
-4927702 2580428
-8424648 9906579
-3429270 -2835217
4870367 -1275436
-9753991 9733798
2111788 8865699
-3662199 -2417716
1084962 -1754287
1601246 -6641442
-6197195 -5851846
-7255975 -8946400
3042002 -5381124
-9825288 -1438345
-5777613 -8835637
-3362873 -3348868
9231560 -5649939
-5743360 1709425
1390560 3323265
4564181 -6656278
5593872 8777279
7642978 4810191
4908827 -2294340
-1532275 -6019220
9855690 -4006211
-7341704 2585323
-3844725 6174847
3310075 7918673
-3519672 9197277
2877993 3484787
-9864080 -6780933
-2430872 9515120
-6259103 1883832
-4792903 -5657880
-2314157 5131457
-3574912 9771279
-2902178 -6720285
-6498272 -5931934
-9434802 -7993351
-9483210 -5514195
-412519 2937240
-887912 -6824914
-8906241 5742756
-2543614 4938515
-1576697 -9909561
-6690494 -9665621
2365851 -8924425
2959407 -6605014
-2262893 6106748
-6245443 682857
-7029512 5422950
1219017 -7304003
-3235937 68310
-5408689 -2762903
1722903 9845614
2782854 -4891899
-9200460 3826736
-7914156 4411294
-650190 -8106701
4500091 -457770
-7607039 289465
1365040 7809597
-8795416 4758812
-6618088 6840799
-9959992 -1058309
6880993 9652821
-7651182 -6989504
-4404842 -1899990
-2146540 -8370766
-8525152 186469
-2189077 9576363
-4080549 -3225946
